199201010101
199201010102
199201010103
199201010104
199201010105
199201010106
199201010107
199201010108
199201010109
199201010110
199201010111
199201010201
199201010202
199201010203
199201010204
199201010205
199201010206
199201010207
199201010208
199201010209
199201010210
199201010211
199201010301
199201010302
199201010303
199201010304
199201010305
199201010306
199201010307
199201010308
199201010309
199201010310
199201010311
199201010401
199201010402
199201010403
199201010404
199201010405
199201010406
199201010407
199201010408
199201010409
199201010410
199201010501
199201010502
199201010503
199201010504
199201010505
199201010506
199201010507
199201010508
199201010509
199201010510
199201010601
199201010602
199201010603
199201010604
199201010605
199201010606
199201010607
199201010608
199201010701
199201010702
199201010703
199201010704
199201010705
199201010706
199201010707
199201010708
199201010709
199201010710
199201010801
199201010802
199201010803
199201010804
199201010805
199201010806
199201010807
199201010808
199201010809
199201010810
199201010811
199201010812
199201020101
199201020102
199201020103
199201020104
199201020105
199201020106
199201020107
199201020108
199201020109
199201020110
199201020111
199201020201
199201020202
199201020203
199201020204
199201020205
199201020206
199201020207
199201020208
199201020209
199201020210
199201020211
199201020301
199201020302
199201020303
199201020304
199201020305
199201020306
199201020307
199201020308
199201020309
199201020310
199201020311
199201020401
199201020402
199201020403
199201020404
199201020405
199201020406
199201020407
199201020408
199201020409
199201020410
199201020411
199201020412
199201020501
199201020502
199201020503
199201020504
199201020505
199201020506
199201020507
199201020508
199201020509
199201020510
199201020511
199201020601
199201020602
199201020603
199201020604
199201020605
199201020606
199201020607
199201020608
199201020609
199201020610
199201020701
199201020702
199201020703
199201020704
199201020705
199201020706
199201020707
199201020708
199201020709
199201020710
199201020711
199201020712
199201020801
199201020802
199201020803
199201020804
199201020805
199201020806
199201020807
199201020808
199201020809
199201020810