199202010101
199202010102
199202010103
199202010104
199202010105
199202010106
199202010107
199202010108
199202010109
199202010110
199202010201
199202010202
199202010203
199202010204
199202010205
199202010206
199202010207
199202010208
199202010301
199202010302
199202010303
199202010304
199202010305
199202010306
199202010307
199202010308
199202010401
199202010402
199202010403
199202010404
199202010405
199202010406
199202010407
199202010408
199202010409
199202010410
199202010501
199202010502
199202010503
199202010504
199202010505
199202010506
199202010507
199202010508
199202010509
199202010510
199202010511
199202010601
199202010602
199202010603
199202010604
199202010605
199202010606
199202010607
199202010608
199202010609
199202010610
199202010701
199202010702
199202010703
199202010704
199202010705
199202010706
199202010707
199202010708
199202010709
199202010801
199202010802
199202010803
199202010804
199202010805
199202010806
199202010807
199202010808
199202010809
199202020101
199202020102
199202020103
199202020104
199202020105
199202020106
199202020107
199202020108
199202020109
199202020110
199202020201
199202020202
199202020203
199202020204
199202020205
199202020206
199202020207
199202020208
199202020209
199202020210
199202020301
199202020302
199202020303
199202020304
199202020305
199202020306
199202020307
199202020308
199202020309
199202020401
199202020402
199202020403
199202020404
199202020405
199202020406
199202020407
199202020408
199202020409
199202020501
199202020502
199202020503
199202020504
199202020505
199202020506
199202020507
199202020701
199202020702
199202020703
199202020704
199202020705
199202020706
199202020707
199202020708
199202020709
199202020801
199202020802
199202020803
199202020804
199202020805
199202020806
199202020807
199202020808
199202020809
199202020810