199203010101
199203010102
199203010103
199203010104
199203010105
199203010106
199203010107
199203010108
199203010109
199203010201
199203010202
199203010203
199203010204
199203010205
199203010206
199203010207
199203010208
199203010209
199203010210
199203010211
199203010212
199203010301
199203010302
199203010303
199203010304
199203010305
199203010306
199203010307
199203010308
199203010309
199203010310
199203010311
199203010401
199203010402
199203010403
199203010404
199203010405
199203010406
199203010407
199203010408
199203010409
199203010410
199203010501
199203010502
199203010503
199203010504
199203010505
199203010506
199203010507
199203010508
199203010509
199203010510
199203010511
199203010512
199203010601
199203010602
199203010603
199203010604
199203010605
199203010606
199203010607
199203010608
199203010609
199203010610
199203010611
199203010701
199203010702
199203010703
199203010704
199203010705
199203010706
199203010707
199203010708
199203010709
199203010710
199203010711
199203010712
199203010801
199203010802
199203010803
199203010804
199203010805
199203010806
199203010807
199203010808
199203010809
199203010810
199203010811
199203010812
199203020101
199203020102
199203020103
199203020104
199203020105
199203020106
199203020107
199203020108
199203020109
199203020110
199203020201
199203020202
199203020203
199203020204
199203020205
199203020206
199203020207
199203020208
199203020209
199203020210
199203020301
199203020302
199203020303
199203020304
199203020305
199203020306
199203020307
199203020308
199203020309
199203020310
199203020311
199203020312
199203020401
199203020402
199203020403
199203020404
199203020405
199203020406
199203020407
199203020408
199203020409
199203020410
199203020411
199203020412
199203020501
199203020502
199203020503
199203020504
199203020505
199203020506
199203020507
199203020508
199203020509
199203020510
199203020601
199203020602
199203020603
199203020604
199203020605
199203020606
199203020607
199203020608
199203020701
199203020702
199203020703
199203020704
199203020705
199203020706
199203020707
199203020708
199203020709
199203020710
199203020801
199203020802
199203020803
199203020804
199203020805
199203020806
199203020807
199203020808
199203020809
199203020810
199203020811
199203030101
199203030102
199203030103
199203030104
199203030105
199203030106
199203030107
199203030108
199203030109
199203030110
199203030111
199203030112
199203030201
199203030202
199203030203
199203030204
199203030205
199203030301
199203030302
199203030303
199203030304
199203030305
199203030306
199203030307
199203030308
199203030309
199203030401
199203030402
199203030403
199203030404
199203030405
199203030406
199203030407
199203030408
199203030409
199203030410
199203030411
199203030501
199203030502
199203030503
199203030504
199203030505
199203030506
199203030507
199203030508
199203030509
199203030510
199203030601
199203030602
199203030603
199203030604
199203030605
199203030606
199203030607
199203030608
199203030609
199203030610
199203030611
199203030701
199203030702
199203030703
199203030704
199203030705
199203030706
199203030707
199203030708
199203030709
199203030710
199203030711
199203030801
199203030802
199203030803
199203030804
199203030805
199203030806
199203030807
199203030808
199203030809
199203030810
199203030811