199206010101
199206010102
199206010103
199206010104
199206010105
199206010106
199206010107
199206010108
199206010109
199206010110
199206010111
199206010201
199206010202
199206010203
199206010204
199206010205
199206010206
199206010207
199206010208
199206010209
199206010210
199206010211
199206010212
199206010301
199206010302
199206010303
199206010304
199206010305
199206010306
199206010307
199206010308
199206010309
199206010310
199206010311
199206010312
199206010401
199206010402
199206010403
199206010404
199206010405
199206010406
199206010407
199206010408
199206010409
199206010410
199206010501
199206010502
199206010503
199206010504
199206010505
199206010506
199206010507
199206010508
199206010509
199206010510
199206010511
199206010601
199206010602
199206010603
199206010604
199206010605
199206010606
199206010607
199206010608
199206010609
199206010610
199206010611
199206010612
199206010701
199206010702
199206010703
199206010704
199206010705
199206010706
199206010707
199206010708
199206010709
199206010710
199206010801
199206010802
199206010803
199206010804
199206010805
199206010806
199206010807
199206010808
199206010809
199206010810
199206010811
199206020101
199206020102
199206020103
199206020104
199206020105
199206020106
199206020107
199206020108
199206020109
199206020110
199206020111
199206020112
199206020201
199206020202
199206020203
199206020204
199206020205
199206020206
199206020207
199206020208
199206020209
199206020210
199206020211
199206020301
199206020302
199206020303
199206020304
199206020305
199206020306
199206020307
199206020308
199206020309
199206020310
199206020311
199206020312
199206020401
199206020402
199206020403
199206020404
199206020405
199206020406
199206020407
199206020408
199206020409
199206020410
199206020411
199206020412
199206020501
199206020502
199206020503
199206020504
199206020505
199206020506
199206020507
199206020508
199206020509
199206020510
199206020601
199206020602
199206020603
199206020604
199206020605
199206020606
199206020607
199206020608
199206020609
199206020610
199206020701
199206020702
199206020703
199206020704
199206020705
199206020706
199206020707
199206020708
199206020709
199206020710
199206020711
199206020712
199206020801
199206020802
199206020803
199206020804
199206020805
199206020806
199206020807
199206020808
199206020809
199206020810
199206020811
199206030101
199206030102
199206030103
199206030104
199206030105
199206030106
199206030107
199206030108
199206030109
199206030110
199206030111
199206030112
199206030201
199206030202
199206030203
199206030204
199206030205
199206030206
199206030207
199206030208
199206030209
199206030210
199206030211
199206030212
199206030301
199206030302
199206030303
199206030304
199206030305
199206030306
199206030307
199206030308
199206030401
199206030402
199206030403
199206030404
199206030405
199206030406
199206030407
199206030408
199206030409
199206030410
199206030501
199206030502
199206030503
199206030504
199206030505
199206030506
199206030507
199206030508
199206030509
199206030510
199206030511
199206030512
199206030601
199206030602
199206030603
199206030604
199206030605
199206030606
199206030607
199206030608
199206030609
199206030610
199206030611
199206030612
199206030701
199206030702
199206030703
199206030704
199206030705
199206030706
199206030707
199206030708
199206030709
199206030710
199206030711
199206030801
199206030802
199206030803
199206030804
199206030805
199206030806
199206030807
199206030808
199206030809
199206030810
199206040101
199206040102
199206040103
199206040104
199206040105
199206040106
199206040107
199206040108
199206040109
199206040110
199206040111
199206040112
199206040201
199206040202
199206040203
199206040204
199206040205
199206040206
199206040207
199206040208
199206040209
199206040210
199206040211
199206040301
199206040302
199206040303
199206040304
199206040305
199206040306
199206040307
199206040308
199206040309
199206040310
199206040311
199206040312
199206040401
199206040402
199206040403
199206040404
199206040405
199206040406
199206040407
199206040408
199206040409
199206040410
199206040411
199206040501
199206040502
199206040503
199206040504
199206040505
199206040506
199206040507
199206040508
199206040509
199206040510
199206040511
199206040601
199206040602
199206040603
199206040604
199206040605
199206040606
199206040607
199206040608
199206040609
199206040610
199206040611
199206040612
199206040701
199206040702
199206040703
199206040704
199206040705
199206040706
199206040707
199206040708
199206040709
199206040710
199206040711
199206040712
199206040801
199206040802
199206040803
199206040804
199206040805
199206040806
199206040807
199206040808
199206040809
199206040810
199206040811
199206040812
199206050101
199206050102
199206050103
199206050104
199206050105
199206050106
199206050107
199206050108
199206050109
199206050110
199206050111
199206050201
199206050202
199206050203
199206050204
199206050205
199206050206
199206050207
199206050208
199206050209
199206050210
199206050211
199206050301
199206050302
199206050303
199206050304
199206050305
199206050306
199206050307
199206050308
199206050309
199206050310
199206050311
199206050312
199206050401
199206050402
199206050403
199206050404
199206050405
199206050406
199206050407
199206050408
199206050409
199206050410
199206050411
199206050412
199206050501
199206050502
199206050503
199206050504
199206050505
199206050506
199206050507
199206050508
199206050509
199206050510
199206050511
199206050601
199206050602
199206050603
199206050604
199206050605
199206050606
199206050607
199206050608
199206050609
199206050610
199206050611
199206050701
199206050702
199206050703
199206050704
199206050705
199206050706
199206050707
199206050708
199206050709
199206050710
199206050711
199206050801
199206050802
199206050803
199206050804
199206050805
199206050806
199206050807
199206050808
199206050809
199206050810