199207010101
199207010102
199207010103
199207010104
199207010105
199207010106
199207010107
199207010108
199207010109
199207010201
199207010202
199207010203
199207010204
199207010205
199207010206
199207010207
199207010208
199207010209
199207010210
199207010301
199207010302
199207010303
199207010304
199207010305
199207010306
199207010307
199207010308
199207010309
199207010310
199207010311
199207010401
199207010402
199207010403
199207010404
199207010405
199207010406
199207010407
199207010408
199207010409
199207010501
199207010502
199207010503
199207010504
199207010505
199207010506
199207010507
199207010508
199207010509
199207010510
199207010511
199207010512
199207010601
199207010602
199207010603
199207010604
199207010605
199207010606
199207010607
199207010608
199207010609
199207010610
199207010701
199207010702
199207010703
199207010704
199207010705
199207010706
199207010707
199207010708
199207010709
199207010710
199207010711
199207020101
199207020102
199207020103
199207020104
199207020105
199207020106
199207020107
199207020108
199207020109
199207020110
199207020111
199207020201
199207020202
199207020203
199207020204
199207020205
199207020206
199207020207
199207020208
199207020209
199207020210
199207020211
199207020212
199207020301
199207020302
199207020303
199207020304
199207020305
199207020306
199207020307
199207020308
199207020309
199207020310
199207020311
199207020401
199207020402
199207020403
199207020404
199207020405
199207020406
199207020407
199207020408
199207020409
199207020410
199207020411
199207020412
199207020501
199207020502
199207020503
199207020504
199207020505
199207020506
199207020507
199207020508
199207020509
199207020510
199207020511
199207020512
199207020601
199207020602
199207020603
199207020604
199207020605
199207020606
199207020607
199207020608
199207020609
199207020610
199207020611
199207020701
199207020702
199207020703
199207020704
199207020705
199207020706
199207020707
199207020708
199207020709
199207020710
199207020711
199207020801
199207020802
199207020803
199207020804
199207020805
199207020806
199207020807
199207020808
199207020809
199207020810
199207020811
199207020812
199207030101
199207030102
199207030103
199207030104
199207030105
199207030106
199207030107
199207030108
199207030109
199207030110
199207030111
199207030112
199207030201
199207030202
199207030203
199207030204
199207030205
199207030206
199207030207
199207030208
199207030209
199207030210
199207030211
199207030212
199207030301
199207030302
199207030303
199207030304
199207030305
199207030306
199207030307
199207030308
199207030309
199207030310
199207030311
199207030312
199207030401
199207030402
199207030403
199207030404
199207030405
199207030406
199207030407
199207030408
199207030409
199207030501
199207030502
199207030503
199207030504
199207030505
199207030506
199207030507
199207030508
199207030509
199207030510
199207030511
199207030601
199207030602
199207030603
199207030604
199207030605
199207030606
199207030607
199207030608
199207030609
199207030610
199207030611
199207030701
199207030702
199207030703
199207030704
199207030705
199207030706
199207030707
199207030708
199207030709
199207030710
199207030711
199207030712
199207030801
199207030802
199207030803
199207030804
199207030805
199207030806
199207030807
199207030808
199207030809
199207030810
199207030811