199208010103
199208010104
199208010106
199208010108
199208010109
199208010110
199208010112
199208010206
199208010211
199208010302
199208010304
199208010308
199208010310
199208010311
199208010402
199208010403
199208010406
199208010407
199208010409
199208010410
199208010411
199208010506
199208010511
199208010512
199208010606
199208010608
199208010609
199208010611
199208010701
199208010704
199208010709
199208010710
199208010711
199208010803
199208010805
199208010808
199208010812
199208020111
199208020203
199208020204
199208020208
199208020209
199208020210
199208020211
199208020303
199208020307
199208020309
199208020310
199208020312
199208020401
199208020404
199208020409
199208020411
199208020412
199208020509
199208020510
199208020604
199208020706
199208020707
199208020709
199208020710
199208020801
199208020802
199208020805
199208020806
199208020807
199208020808
199208020809
199208020810
199208030101
199208030105
199208030108
199208030109
199208030110
199208030111
199208030202
199208030204
199208030208
199208030210
199208030211
199208030302
199208030303
199208030312
199208030402
199208030411
199208030503
199208030504
199208030506
199208030511
199208030512
199208030606
199208030607
199208030608
199208030609
199208030610
199208030611
199208030702
199208030704
199208030705
199208030706
199208030707
199208030712
199208030801
199208030807
199208030809
199208040103
199208040104
199208040106
199208040108
199208040109
199208040110
199208040111
199208040203
199208040206
199208040207
199208040209
199208040210
199208040307
199208040308
199208040309
199208040403
199208040406
199208040410
199208040411
199208040503
199208040506
199208040603
199208040606
199208040609
199208040610
199208040611
199208040710
199208040711
199208040712
199208040802
199208040806
199208040808
199208040809
199208040810
199208040812
199208050102
199208050107
199208050108
199208050110
199208050111
199208050112
199208050203
199208050204
199208050208
199208050210
199208050302
199208050303
199208050304
199208050309
199208050401
199208050403
199208050404
199208050406
199208050407
199208050408
199208050410
199208050502
199208050506
199208050510
199208050511
199208050512
199208050608
199208050609
199208050610
199208050611
199208050701
199208050702
199208050704
199208050705
199208050706
199208050707
199208050710
199208050711
199208050802
199208050803
199208050805
199208050810