199209010101
199209010102
199209010103
199209010104
199209010105
199209010106
199209010107
199209010108
199209010109
199209010110
199209010111
199209010112
199209010201
199209010202
199209010203
199209010204
199209010205
199209010206
199209010207
199209010208
199209010209
199209010210
199209010211
199209010301
199209010302
199209010303
199209010304
199209010305
199209010306
199209010307
199209010308
199209010309
199209010310
199209010311
199209010401
199209010402
199209010403
199209010404
199209010405
199209010406
199209010407
199209010501
199209010502
199209010503
199209010504
199209010505
199209010506
199209010507
199209010508
199209010509
199209010510
199209010601
199209010602
199209010603
199209010604
199209010605
199209010606
199209010607
199209010608
199209010609
199209010610
199209010611
199209010701
199209010702
199209010703
199209010704
199209010705
199209010706
199209010707
199209010708
199209010709
199209010710
199209010711
199209010801
199209010802
199209010803
199209010804
199209010805
199209010806
199209010807
199209010808
199209010809
199209010810
199209010811
199209020101
199209020102
199209020103
199209020104
199209020105
199209020106
199209020107
199209020108
199209020109
199209020201
199209020202
199209020203
199209020204
199209020205
199209020206
199209020207
199209020208
199209020209
199209020210
199209020301
199209020302
199209020303
199209020304
199209020305
199209020306
199209020307
199209020308
199209020309
199209020310
199209020311
199209020312
199209020401
199209020402
199209020403
199209020404
199209020405
199209020406
199209020407
199209020408
199209020409
199209020410
199209020411
199209020501
199209020502
199209020503
199209020504
199209020505
199209020506
199209020507
199209020508
199209020509
199209020601
199209020602
199209020603
199209020604
199209020605
199209020606
199209020607
199209020608
199209020609
199209020610
199209020701
199209020702
199209020703
199209020704
199209020705
199209020706
199209020707
199209020708
199209020709
199209020710
199209020711
199209020712
199209020801
199209020802
199209020803
199209020804
199209020805
199209020806
199209020807
199209020808
199209020809
199209030101
199209030102
199209030103
199209030104
199209030105
199209030106
199209030107
199209030108
199209030109
199209030110
199209030111
199209030112
199209030201
199209030202
199209030203
199209030204
199209030205
199209030206
199209030207
199209030208
199209030209
199209030210
199209030211
199209030212
199209030301
199209030302
199209030303
199209030304
199209030305
199209030306
199209030307
199209030308
199209030309
199209030310
199209030311
199209030312
199209030401
199209030402
199209030403
199209030404
199209030405
199209030406
199209030407
199209030408
199209030409
199209030410
199209030411
199209030501
199209030502
199209030503
199209030504
199209030505
199209030601
199209030602
199209030603
199209030604
199209030605
199209030606
199209030607
199209030608
199209030609
199209030610
199209030611
199209030612
199209030701
199209030702
199209030703
199209030704
199209030705
199209030706
199209030801
199209030802
199209030803
199209030804
199209030805
199209030806
199209030807
199209030808
199209030809
199209030810
199209030811
199209040101
199209040102
199209040103
199209040104
199209040105
199209040106
199209040107
199209040108
199209040109
199209040110
199209040111
199209040201
199209040202
199209040203
199209040204
199209040205
199209040206
199209040207
199209040208
199209040209
199209040210
199209040211
199209040212
199209040301
199209040302
199209040303
199209040304
199209040305
199209040306
199209040307
199209040308
199209040309
199209040310
199209040311
199209040401
199209040402
199209040403
199209040404
199209040405
199209040406
199209040407
199209040408
199209040409
199209040410
199209040501
199209040502
199209040503
199209040504
199209040505
199209040506
199209040507
199209040508
199209040509
199209040510
199209040511
199209040512
199209040601
199209040602
199209040603
199209040604
199209040605
199209040606
199209040701
199209040702
199209040703
199209040704
199209040705
199209040706
199209040707
199209040708
199209040709
199209040710
199209040711
199209040712
199209040801
199209040802
199209040803
199209040804
199209040805
199209040806
199209040807
199209040808
199209040809
199209040810
199209040811
199209040812
199209050101
199209050102
199209050103
199209050104
199209050105
199209050106
199209050107
199209050108
199209050109
199209050110
199209050111
199209050112
199209050201
199209050202
199209050203
199209050204
199209050205
199209050206
199209050207
199209050208
199209050209
199209050210
199209050211
199209050301
199209050302
199209050303
199209050304
199209050305
199209050306
199209050307
199209050308
199209050309
199209050310
199209050311
199209050401
199209050402
199209050403
199209050404
199209050405
199209050406
199209050407
199209050408
199209050409
199209050410
199209050411
199209050501
199209050502
199209050503
199209050504
199209050505
199209050506
199209050507
199209050508
199209050509
199209050510
199209050511
199209050512
199209050601
199209050602
199209050603
199209050604
199209050605
199209050606
199209050607
199209050608
199209050609
199209050610
199209050701
199209050702
199209050703
199209050704
199209050705
199209050706
199209050707
199209050708
199209050709
199209050710
199209050711
199209050712
199209050801
199209050802
199209050803
199209050804
199209050805
199209050806
199209050807
199209050808
199209050809
199209050810