197504010101
197504010102
197504010103
197504010104
197504010105
197504010106
197504010107
197504010108
197504010109
197504010110
197504010201
197504010202
197504010203
197504010204
197504010205
197504010206
197504010207
197504010208
197504010209
197504010210
197504010211
197504010501
197504010502
197504010503
197504010504
197504010505
197504010506
197504020301
197504020302
197504020303
197504020304
197504020305
197504020306
197504020307
197504020308
197504020309
197504020401
197504020402
197504020403
197504020404
197504020405
197504020406
197504020407
197504020408
197504020409
197504020410
197504020701
197504020702
197504020703
197504020704
197504020705
197504020706
197504020707
197504020708