197506010101
197506010102
197506010103
197506010104
197506010105
197506010106
197506010201
197506010202
197506010203
197506010204
197506010205
197506010206
197506010207
197506010401
197506010402
197506010403
197506010404
197506010405
197506010406
197506010407
197506010408
197506010409
197506010410
197506010601
197506010602
197506010603
197506010604
197506010605
197506010606
197506010607
197506010608
197506010609
197506010610
197506010611
197506020101
197506020102
197506020103
197506020104
197506020105
197506020106
197506020201
197506020202
197506020203
197506020204
197506020205
197506020206
197506020207
197506020401
197506020402
197506020403
197506020404
197506020405
197506020406
197506020407
197506020408
197506020501
197506020502
197506020503
197506020504
197506020505
197506020506
197506020507
197506020508
197506020509
197506020510
197506020511
197506020512
197506020601
197506020602
197506020701
197506020702
197506020703
197506020704
197506020705
197506020706
197506020707
197506030101
197506030102
197506030401
197506030402
197506030403
197506030404
197506030405
197506030406
197506030407
197506030408
197506030409
197506030410
197506030411
197506040601
197506040602
197506040603
197506040604
197506040605
197506040606
197506040607
197506040608
197506040609
197506040610
197506040701
197506040702
197506040703
197506040704
197506040705
197506040706
197506040707
197506040708
197506040709
197506040710
197506040801
197506040802
197506040803
197506040804
197506040805
197506040806
197506040807
197506040808
197506040809
197506040810
197506050101
197506050102
197506050103
197506050104
197506050105
197506050106
197506050107
197506050108
197506050109
197506050110
197506050111
197506050112
197506050301
197506050302
197506050303
197506050304
197506050305
197506050306
197506050307
197506050308
197506050309
197506050310
197506050311
197506050312
197506050401
197506050402
197506050403
197506050404
197506050405
197506050406
197506050407
197506050408
197506050409
197506050410
197506050501
197506050502
197506050503
197506050504
197506050505
197506050506
197506050507
197506050508
197506050509
197506050510
197506050601
197506050602
197506050603
197506050604
197506050605
197506050606
197506050607
197506050608
197506050609
197506050610
197506050701
197506050702
197506050703
197506050704
197506050705
197506050706
197506050707
197506050708
197506050709
197506050710
197506050711
197506050712
197506050801
197506050802
197506050803
197506050804
197506050805
197506050806
197506050807
197506050808