197508010501
197508010502
197508010503
197508010504
197508010505
197508010506
197508010507
197508010508
197508010509
197508010510
197508020101
197508020102
197508020103
197508020104
197508020105
197508020106
197508020107
197508020108
197508020109
197508020110
197508020111
197508020401
197508020402
197508020403
197508020404
197508020405
197508020406
197508020407
197508020408
197508020409
197508030201
197508030202
197508030203
197508030204
197508030205
197508030206
197508030207
197508030208
197508030209
197508030701
197508030702
197508030703
197508030704
197508030705
197508030706
197508030707
197508040101
197508040102
197508040103
197508040104
197508040105
197508040106
197508040107
197508040108
197508040109
197508040701
197508040702
197508040703
197508040704
197508040705
197508040706
197508040707
197508040708
197508040709
197508040801
197508040802
197508040803
197508040804
197508040805
197508040806
197508040807
197508040808
197508040809
197508050201
197508050202
197508050203
197508050204
197508050301
197508050302
197508050303
197508050304
197508050305
197508050306
197508050307
197508050308
197508050309
197508050310
197508050311
197508050401
197508050402
197508050403
197508050404
197508050405
197508050406
197508050407
197508050408
197508050501
197508050502
197508050503
197508050504
197508050505
197508050506
197508050507
197508050508
197508050509
197508050510
197508050511
197508050512
197508050601
197508050602
197508050603
197508050604
197508050605
197508050606