201430042304
201430042308
201430042312
201430042402
201430042406
201430042409
201430042410
201430042411
201430042907
201430042910
201430050503
201430050509
201430050510
201430050606
201430050607
201430050609
201430050610
201430051403
201430051408
201430051505
201430051510
201430051511
201430052111
201430052209
201430052210
201430052211
201430052803
201430052804
201430052805
201430052808
201430052810
201430052811
201430052903
201430052909
201430060302
201430060307
201430060309
201430060403
201430060508
201430060509
201430060510
201430061106
201430061110
201430061206
201430061207
201430061208
201430061210
201430061211
201430061212
201430061711
201430061712
201430061803
201430061807
201430061904
201430061906
201430061907
201430061908
201430061909
201430061910
201430062501
201430062503
201430062507
201430062508
201430062510
201430062604
201430062605
201430062609
201430062611
201430070102
201430070104
201430070207
201430070209
201430070210
201430070212
201430070305
201430070306
201430070307
201430070308
201430070310
201430070311
201430070903
201430070906
201430071006
201430071007
201430071008
201430071009
201430071011
201430071509
201430071511
201430071601
201430071606
201430071610
201430071707
201430071708
201430071709
201430071710
201430071712
201430072202
201430072206
201430072207
201430072305
201430072307
201430072310
201430072403
201430072406
201430072409
201430072410
201430072411
201430072904
201430072909
201430073005
201430073006
201430073009
201430073011
201430073104
201430073107
201430073108
201430073109
201430073110
201430080502
201430080505
201430080507
201430080508
201430080510
201430080511
201430080608
201430080610
201430080611
201430080701
201430080704
201430080705
201430080707
201430080709
201430080710
201430081203
201430081206
201430081212
201430081305
201430081309
201430081311
201430081403
201430081404
201430081406
201430081408
201430081409
201430081410
201430081411
201430081412
201430081904
201430081906
201430081907
201430081908
201430082007
201430082010
201430082106
201430082110
201430082111
201430082605
201430082609
201430082612
201430082710
201430082802
201430082806
201430082807
201430082808
201430082809
201430082810
201430082811
201430090202
201430090203
201430090208
201430090307
201430090308
201430090309
201430090311
201430090401
201430090404
201430090406
201430090408
201430090409
201430090410
201430090906
201430090907
201430090911
201430090912
201430091005
201430091009
201430091010
201430091102
201430091104
201430091105
201430091109
201430091110
201430091111
201430091602
201430091603
201430091607
201430091608
201430091609
201430091704
201430091706
201430091708
201430091710
201430091801
201430091802
201430091810
201430091811
201430091812
201430092309
201430092310
201430092402
201430092403
201430092404
201430092410
201430092411
201430092501
201430092502
201430092506
201430092507
201430092509
201430092510
201430092511
201430093002
201430093006
201430093007
201430093008
201430100102
201430100103
201430100108
201430100109
201430100201
201430100204
201430100209
201430100210
201430100211
201430100702
201430100705
201430100710
201430100711
201430100801
201430100803
201430100804
201430100808
201430100810
201430100811
201430100902
201430100903
201430100909
201430100910
201430100911
201430101401
201430101404
201430101407
201430101408
201430101502
201430101509
201430101510
201430101511
201430101603
201430101605
201430101608
201430101610
201430101612
201430102105
201430102106
201430102109
201430102110
201430102111
201430102206
201430102208
201430102210
201430102301
201430102302
201430102304
201430102307
201430102309
201430102310
201430102801
201430102802
201430102803
201430102804
201430102806
201430102807
201430102809
201430102811
201430102901
201430102902
201430102903
201430102910
201430102911
201430103007
201430103008
201430103009
201430103011
201430110407
201430110408
201430110410
201430110411
201430110501
201430110503
201430110505
201430110507
201430110508
201430110510
201430110512
201430110602
201430110605
201430110606
201430110609
201430110611
201430111101
201430111103
201430111104
201430111106
201430111109
201430111202
201430111207
201430111211
201430111212
201430111304
201430111305
201430111308
201430111310
201430111311