201435050306
201435050404
201435050409
201435050504
201435050508
201435051005
201435051006
201435051110
201435051705
201435051708
201435051711
201435051803
201435051807
201435051810
201435051905
201435051910
201435052504
201435052508
201435052510
201435052604
201435052609
201435052610
201435053101
201435053109
201435060102
201435060105
201435060106
201435060110
201435060209
201435060210
201435060805
201435060810
201435060904
201435071305
201435071309
201435071310
201435071408
201435071411
201435072009
201435072010
201435072109
201435072112
201435072604
201435072608
201435072609
201435072710
201435072808
201435080206
201435080308
201435080309
201435081303
201435081304
201435081306
201435081308
201435081309
201435081406
201435081411
201435081505
201435081603
201435081710
201435092001
201435092008
201435092104
201435092210
201435092709
201435092802
201435092805
201435092811
201435092909
201435092910
201435100504
201435100508
201435100509
201435100606
201435100610
201435101107
201435101211
201435101309
201435101311
201435101801
201435101802
201435101808
201435101810
201435101811
201435101905
201435102001
201435102008
201435102506
201435102507
201435102510
201435102604
201435102609
201435102610
201435102708
201435110101
201435110103
201435110104
201435110110
201435110210
201435110308
201435110309
201435110310
201435110311
201435110803
201435110806
201435110808
201435110908
201435110910
201435111006