201436010201
201436010202
201436010203
201436010204
201436010205
201436010206
201436010207
201436010208
201436010209
201436010210
201436010211
201436010301
201436010302
201436010303
201436010304
201436010305
201436010306
201436010307
201436010308
201436010309
201436010310
201436010311
201436010401
201436010402
201436010403
201436010404
201436010405
201436010406
201436010407
201436010408
201436010409
201436010410
201436010411
201436010501
201436010502
201436010503
201436010504
201436010505
201436010506
201436010507
201436010508
201436010509
201436010510
201436010511
201436011101
201436011102
201436011103
201436011104
201436011105
201436011106
201436011107
201436011108
201436011109
201436011110
201436011111
201436011201
201436011202
201436011203
201436011204
201436011205
201436011206
201436011207
201436011208
201436011209
201436011210
201436011211
201436011301
201436011302
201436011303
201436011304
201436011305
201436011306
201436011307
201436011308
201436011309
201436011310
201436011311
201436032201
201436032202
201436032203
201436032204
201436032205
201436032206
201436032207
201436032208
201436032209
201436032210
201436032301
201436032302
201436032303
201436032304
201436032305
201436032306
201436032307
201436032308
201436032309
201436032310
201436032401
201436032402
201436032403
201436032404
201436032405
201436032406
201436032407
201436032408
201436032409
201436032410
201436032901
201436032902
201436032903
201436032904
201436032905
201436032906
201436032907
201436032908
201436032909
201436032910
201436033001
201436033002
201436033003
201436033004
201436033005
201436033006
201436033007
201436033008
201436033009
201436033010
201436033101
201436033102
201436033103
201436033104
201436033105
201436033106
201436033107
201436033108
201436033109
201436033110
201436040501
201436040502
201436040503
201436040504
201436040505
201436040506
201436040507
201436040508
201436040509
201436040510
201436040511
201436040601
201436040602
201436040603
201436040604
201436040605
201436040606
201436040607
201436040608
201436040609
201436040610
201436040611
201436040701
201436040702
201436040703
201436040704
201436040705
201436040706
201436040707
201436040708
201436040709
201436040710
201436040711
201436041201
201436041202
201436041203
201436041204
201436041205
201436041206
201436041207
201436041208
201436041209
201436041210
201436041211
201436041301
201436041302
201436041303
201436041304
201436041305
201436041306
201436041307
201436041308
201436041309
201436041310
201436041311
201436041401
201436041402
201436041403
201436041404
201436041405
201436041406
201436041407
201436041408
201436041409
201436041410
201436041411
201436041901
201436041902
201436041903
201436041904
201436041905
201436041906
201436041907
201436041908
201436041909
201436041910
201436041911
201436042001
201436042002
201436042003
201436042004
201436042005
201436042006
201436042007
201436042008
201436042009
201436042010
201436042011
201436042101
201436042102
201436042103
201436042104
201436042105
201436042106
201436042107
201436042108
201436042109
201436042110
201436042111
201436042601
201436042602
201436042603
201436042604
201436042605
201436042606
201436042607
201436042608
201436042609
201436042610
201436042611
201436042701
201436042702
201436042703
201436042704
201436042705
201436042706
201436042707
201436042708
201436042709
201436042710
201436042711
201436042801
201436042802
201436042803
201436042804
201436042805
201436042806
201436042807
201436042808
201436042809
201436042810
201436042811
201436061401
201436061402
201436061403
201436061404
201436061405
201436061406
201436061407
201436061408
201436061409
201436061410
201436061411
201436061501
201436061502
201436061503
201436061504
201436061505
201436061506
201436061507
201436061508
201436061509
201436061510
201436061511
201436061512
201436061601
201436061602
201436061603
201436061604
201436061605
201436061606
201436061607
201436061608
201436061609
201436061610
201436061611
201436062101
201436062102
201436062103
201436062104
201436062105
201436062106
201436062107
201436062108
201436062109
201436062110
201436062111
201436062201
201436062202
201436062203
201436062204
201436062205
201436062206
201436062207
201436062208
201436062209
201436062210
201436062211
201436062212
201436062301
201436062302
201436062303
201436062304
201436062305
201436062306
201436062307
201436062308
201436062309
201436062310
201436062311
201436062801
201436062802
201436062803
201436062804
201436062805
201436062806
201436062807
201436062808
201436062809
201436062810
201436062811
201436062901
201436062902
201436062903
201436062904
201436062905
201436062906
201436062907
201436062908
201436062909
201436062910
201436062911
201436062912
201436063001
201436063002
201436063003
201436063004
201436063005
201436063006
201436063007
201436063008
201436063009
201436063010
201436063011
201436070501
201436070502
201436070503
201436070504
201436070505
201436070506
201436070507
201436070508
201436070509
201436070510
201436070511
201436070601
201436070602
201436070603
201436070604
201436070605
201436070606
201436070607
201436070608
201436070609
201436070610
201436070611
201436070612
201436070701
201436070702
201436070703
201436070704
201436070705
201436070706
201436070707
201436070708
201436070709
201436070710
201436070711
201436082301
201436082302
201436082303
201436082304
201436082305
201436082306
201436082307
201436082308
201436082309
201436082310
201436082311
201436082401
201436082402
201436082403
201436082404
201436082405
201436082406
201436082407
201436082408
201436082409
201436082410
201436082411
201436082501
201436082502
201436082503
201436082504
201436082505
201436082506
201436082507
201436082508
201436082509
201436082510
201436082511
201436083001
201436083002
201436083003
201436083004
201436083005
201436083006
201436083007
201436083008
201436083009
201436083010
201436083011
201436083101
201436083102
201436083103
201436083104
201436083105
201436083106
201436083107
201436083108
201436083109
201436083110
201436083111
201436090101
201436090102
201436090103
201436090104
201436090105
201436090106
201436090107
201436090108
201436090109
201436090110
201436090111
201436090601
201436090602
201436090603
201436090604
201436090605
201436090606
201436090607
201436090608
201436090609
201436090610
201436090611
201436090701
201436090702
201436090703
201436090704
201436090705
201436090706
201436090707
201436090708
201436090709
201436090710
201436090711
201436090801
201436090802
201436090803
201436090804
201436090805
201436090806
201436090807
201436090808
201436090809
201436090810
201436090811
201436091301
201436091302
201436091303
201436091304
201436091305
201436091306
201436091307
201436091308
201436091309
201436091310
201436091311
201436091401
201436091402
201436091403
201436091404
201436091405
201436091406
201436091407
201436091408
201436091409
201436091410
201436091411
201436091501
201436091502
201436091503
201436091504
201436091505
201436091506
201436091507
201436091508
201436091509
201436091510
201436091511
201436111501
201436111502
201436111503
201436111504
201436111505
201436111506
201436111507
201436111508
201436111509
201436111510
201436111511
201436111601
201436111602
201436111603
201436111604
201436111605
201436111606
201436111607
201436111608
201436111609
201436111610
201436111611
201436111701
201436111702
201436111703
201436111704
201436111705
201436111706
201436111707
201436111708
201436111709
201436111710
201436111711
201436112201
201436112202
201436112203
201436112204
201436112205
201436112206
201436112207
201436112208
201436112209
201436112210
201436112211
201436112301
201436112302
201436112303
201436112304
201436112305
201436112306
201436112307
201436112308
201436112309
201436112310
201436112311
201436112401
201436112402
201436112403
201436112404
201436112405
201436112406
201436112407
201436112408
201436112409
201436112410
201436112411
201436112901
201436112902
201436112903
201436112904
201436112905
201436112906
201436112907
201436112908
201436112909
201436112910
201436112911
201436113001
201436113002
201436113003
201436113004
201436113005
201436113006
201436113007
201436113008
201436113009
201436113010
201436113011
201436120101
201436120102
201436120103
201436120104
201436120105
201436120106
201436120107
201436120108
201436120109
201436120110
201436120111
201436120601
201436120602
201436120603
201436120604
201436120605
201436120606
201436120607
201436120608
201436120609
201436120610
201436120611
201436120701
201436120702
201436120703
201436120704
201436120705
201436120706
201436120707
201436120708
201436120709
201436120710
201436120711
201436120801
201436120802
201436120803
201436120804
201436120805
201436120806
201436120807
201436120808
201436120809
201436120810
201436120811
201436121301
201436121302
201436121303
201436121304
201436121305
201436121306
201436121307
201436121308
201436121309
201436121310
201436121311
201436121401
201436121402
201436121403
201436121404
201436121405
201436121406
201436121407
201436121408
201436121409
201436121410
201436121411
201436121501
201436121502
201436121503
201436121504
201436121505
201436121506
201436121507
201436121508
201436121509
201436121510
201436121511
201436122001
201436122002
201436122003
201436122004
201436122005
201436122006
201436122007
201436122008
201436122009
201436122010
201436122011
201436122101
201436122102
201436122103
201436122104
201436122105
201436122106
201436122107
201436122108
201436122109
201436122110
201436122111
201436122201
201436122202
201436122203
201436122204
201436122205
201436122206
201436122207
201436122208
201436122209
201436122210
201436122211
201436122701
201436122702
201436122703
201436122704
201436122705
201436122706
201436122707
201436122708
201436122709
201436122710
201436122801
201436122802
201436122803
201436122804
201436122805
201436122806
201436122807
201436122808
201436122809
201436122810
201436122901
201436122902
201436122903
201436122904
201436122905
201436122906
201436122907
201436122908
201436122909
201436122910
201436123001
201436123002
201436123003
201436123004
201436123005
201436123006
201436123007
201436123008
201436123009
201436123010
201436123101
201436123102
201436123103
201436123104
201436123105
201436123106
201436123107
201436123108
201436123109
201436123110