201445010102
201445010104
201445010105
201445010109
201445010112
201445010206
201445010207
201445010209
201445010211
201445010305
201445010308
201445010310
201445010311
201445010312
201445010403
201445010410
201445010411
201445012705
201445012706
201445012709
201445012710
201445012711
201445012712
201445012803
201445012804
201445012807
201445012811
201445012812
201445012901
201445012905
201445012909
201445012910
201445012911
201445013006
201445013009
201445013010
201445013101
201445013104
201445013105
201445013108
201445013111
201445030301
201445030307
201445030309
201445030311
201445030408
201445030410
201445030411
201445030507
201445030509
201445030511
201445030512
201445030604
201445030606
201445030608
201445030701
201445030703
201445030711
201445041407
201445041502
201445041503
201445041509
201445041510
201445041604
201445041608
201445041612
201445041704
201445041705
201445041706
201445041801
201445041804
201445051906
201445052002
201445052004
201445052005
201445052006
201445052007
201445052009
201445052011
201445052207
201445052302
201445052303
201445052304
201445060905
201445060907
201445060908
201445060909
201445061001
201445061004
201445061007
201445061009
201445061110
201445061111
201445061201
201445061210
201445061302
201445061305
201445063004
201445070103
201445070107
201445070109
201445070211
201445070301
201445070306
201445070307
201445070310
201445070408
201445070409
201445070410
201445072205
201445072209
201445072303
201445072307
201445072309
201445072310
201445072408
201445072410
201445072507
201445072511
201445081805
201445081809
201445081904
201445081909
201445081911
201445082004
201445082008
201445082009
201445082010
201445082109
201445082208
201445082209
201445090502
201445090503
201445090504
201445090506
201445090508
201445090808
201445090809
201445090910
201445101303
201445101305
201445101307
201445101403
201445101406
201445101409
201445101511
201445101512
201445101607
201445101610
201445101611
201445101612
201445101703
201445101706
201445101709
201445101710
201445101712
201445110304
201445110308
201445110309
201445110310
201445110409
201445110503
201445110504
201445110505
201445110509
201445110510
201445110511
201445110605
201445110609
201445110704
201445110711
201445121504
201445121505
201445121506
201445121508
201445121512
201445121603
201445121604
201445121610
201445121611
201445121612
201445121704
201445121710
201445121804
201445121806
201445121811
201445121906
201445121907
201445121909
201445121911