201446032301
201446032302
201446032303
201446032304
201446032305
201446032306
201446032307
201446032308
201446032309
201446032310
201446032311
201446032501
201446032502
201446032503
201446032504
201446032505
201446040601
201446040602
201446040603
201446040604
201446040605
201446040606
201446040607
201446040608
201446040609
201446041501
201446041502
201446041503
201446041504
201446041505
201446041506
201446041507
201446041508
201446041509
201446041510
201446042201
201446042202
201446042203
201446042204
201446042205
201446042206
201446042207
201446042208
201446042209
201446042210
201446042901
201446042902
201446042903
201446042904
201446042905
201446042906
201446042907
201446042908
201446042909
201446042910
201446050401
201446050402
201446050403
201446050404
201446050405
201446050406
201446050407
201446050408
201446050409
201446050410
201446050411
201446050601
201446050602
201446050603
201446051301
201446051302
201446051303
201446051304
201446051305
201446051306
201446051307
201446051308
201446051309
201446051310
201446051801
201446051802
201446051803
201446051804
201446051805
201446052001
201446052002
201446052501
201446052502
201446052503
201446052504
201446052505
201446052506
201446052701
201446052702
201446052703
201446052704
201446060801
201446060802
201446060803
201446061001
201446061002
201446061003
201446061004
201446061005
201446061006
201446061007
201446061008
201446061009
201446061501
201446061502
201446061503
201446061504
201446061505
201446061506
201446061507
201446061701
201446061702
201446061703
201446061704
201446061705
201446061706
201446061707
201446062201
201446062202
201446062203
201446062401
201446062402
201446062403
201446062404
201446062405
201446062406
201446062407
201446062408
201446062409
201446062901
201446062902
201446062903
201446062904
201446062905
201446062906
201446062907
201446062908
201446070101
201446070102
201446070103
201446070104
201446070105
201446070106
201446070107
201446070108
201446070109
201446070110
201446070111
201446071301
201446071302
201446071303
201446071304
201446071305
201446071306
201446071307
201446071501
201446071502
201446071503
201446071504
201446071505
201446071506
201446071507
201446071508
201446071509
201446071510
201446071511
201446072201
201446072202
201446072203
201446072204
201446072205
201446072206
201446072207
201446072208
201446072209
201446072210
201446072901
201446072902
201446072903
201446072904
201446072905
201446072906
201446072907
201446081001
201446081002
201446081003
201446081004
201446081005
201446081006
201446081007
201446081008
201446081009
201446081010
201446081011
201446081012
201446081101
201446081102
201446081103
201446081104
201446081105
201446081106
201446081107
201446081108
201446081109
201446081110
201446081111
201446081112
201446081201
201446081202
201446081203
201446081204
201446081205
201446081901
201446081902
201446081903
201446081904
201446081905
201446081906
201446081907
201446081908
201446081909
201446081910
201446082601
201446082602
201446082603
201446082604
201446083101
201446083102
201446083103
201446090201
201446090202
201446090203
201446090204
201446090205
201446090206
201446090901
201446090902
201446090903
201446090904
201446090905
201446090906
201446091401
201446092101
201446092102
201446092103
201446092104
201446092105
201446092106
201446092301
201446092302
201446092303
201446092304
201446092305
201446092306
201446092307
201446092308
201446092309
201446092310
201446092311
201446093001
201446093002
201446093003
201446093004
201446093005
201446093006
201446093007
201446093008
201446093009
201446093010
201446100501
201446100502
201446100503
201446100504
201446100505
201446100506
201446100507
201446100508
201446100509
201446100701
201446100702
201446100703
201446100704
201446100705
201446100706
201446100707
201446100708
201446100709
201446100710
201446101201
201446101202
201446101203
201446101204
201446101401
201446101402
201446101403
201446101404
201446101405
201446101406
201446101407
201446101408
201446101409
201446101410
201446101411
201446101901
201446102101
201446102102
201446102103
201446102104
201446102105
201446102106
201446102107
201446102108
201446102601
201446102602
201446102603
201446102604
201446102605
201446102606
201446102801
201446110201
201446110401
201446110402
201446110403
201446110404
201446110405
201446110406
201446110407
201446110408
201446110409
201446110410
201446110411
201446110901
201446110902
201446110903
201446110904
201446110905
201446110906
201446111101
201446111102
201446111103
201446111104
201446111105
201446111106
201446111107
201446111108
201446111109
201446111110
201446111601
201446111602
201446111603
201446111604
201446111605
201446111606
201446111607
201446111608
201446111609
201446111610
201446111801
201446111802
201446111803
201446111804
201446111805
201446111806
201446111807
201446112301
201446112302
201446112303
201446112304
201446112305
201446112306
201446112501
201446112502
201446112503
201446112504
201446112505
201446112506
201446113001
201446113002
201446113003
201446113004
201446113005
201446113006
201446113007
201446113008
201446120201
201446120202
201446120203
201446120204
201446120205
201446120206
201446120207
201446120208
201446120209
201446120210
201446120211
201446120301
201446120302
201446120303
201446120304
201446120305
201446120306
201446120307
201446120308
201446120309
201446120310
201446120311
201446120701
201446120702
201446120703
201446120704
201446120705
201446120801
201446120802
201446120803
201446120804
201446120805
201446120901
201446120902
201446120903
201446120904
201446120905
201446120906
201446120907
201446120908
201446120909
201446120910
201446121401
201446121402
201446121403
201446121404
201446121501
201446121502
201446121503
201446121504
201446121601
201446121602
201446121603
201446121604
201446121605
201446121606
201446121607
201446122101
201446122102
201446122103
201446122104
201446122105
201446122106
201446122107
201446122108
201446122109
201446122201
201446122202
201446122203
201446122204
201446122205
201446122501
201446122502
201446122503
201446122504
201446122505
201446122506
201446122507
201446122508