201454010101
201454010102
201454010103
201454010104
201454010105
201454010106
201454010107
201454010108
201454010109
201454010110
201454011201
201454011202
201454011203
201454011204
201454011205
201454011206
201454011207
201454011208
201454011209
201454011210
201454011301
201454011302
201454011303
201454011304
201454011305
201454011306
201454011307
201454011308
201454011309
201454011310
201454011501
201454011502
201454011503
201454011504
201454011505
201454011506
201454011507
201454011508
201454011509
201454011510
201454011901
201454011902
201454011903
201454011904
201454011905
201454011906
201454011907
201454011908
201454011909
201454011910
201454012501
201454012502
201454012503
201454012504
201454012505
201454012506
201454012507
201454012508
201454012509
201454012510
201454012601
201454012602
201454012603
201454012604
201454012605
201454012606
201454012607
201454012608
201454012609
201454012610
201454012611
201454012612
201454020101
201454020102
201454020103
201454020104
201454020105
201454020106
201454020107
201454020108
201454020109
201454020110
201454020111
201454020112
201454020201
201454020202
201454020203
201454020204
201454020205
201454020206
201454020207
201454020208
201454020209
201454020210
201454020211
201454020212
201454020801
201454020802
201454020803
201454020804
201454020805
201454020806
201454020807
201454020808
201454020809
201454020810
201454020811
201454020901
201454020902
201454020903
201454020904
201454020905
201454020906
201454020907
201454020908
201454020909
201454020910
201454020911
201454020912
201454021501
201454021502
201454021503
201454021504
201454021505
201454021506
201454021507
201454021508
201454021509
201454021510
201454021511
201454021512
201454021601
201454021602
201454021603
201454021604
201454021605
201454021606
201454021607
201454021608
201454021609
201454021610
201454021611
201454021612
201454022201
201454022202
201454022203
201454022204
201454022205
201454022206
201454022207
201454022208
201454022209
201454022301
201454022302
201454022303
201454022304
201454022305
201454022306
201454022307
201454022308
201454022309
201454022310
201454030101
201454030102
201454030103
201454030104
201454030105
201454030106
201454030107
201454030108
201454030109
201454030110
201454030111
201454030201
201454030202
201454030203
201454030204
201454030205
201454030206
201454030207
201454030208
201454030209
201454030210
201454030401
201454030402
201454030403
201454030404
201454030405
201454030406
201454030407
201454030408
201454030409
201454030410
201454030501
201454030502
201454030503
201454030504
201454030505
201454030506
201454030507
201454030508
201454030509
201454030801
201454030802
201454030803
201454030804
201454030805
201454030806
201454030807
201454030808
201454030809
201454030901
201454030902
201454030903
201454030904
201454030905
201454030906
201454030907
201454030908
201454031601
201454031602
201454031603
201454031604
201454031605
201454031606
201454031607
201454031608
201454031609
201454031610
201454031611
201454031701
201454031702
201454031703
201454031704
201454031705
201454031706
201454031707
201454031708
201454031709
201454031710
201454031711
201454031712
201454031801
201454031802
201454031803
201454031804
201454031805
201454031806
201454031807
201454031808
201454031809
201454031810
201454031811
201454032301
201454032302
201454032303
201454032304
201454032305
201454032306
201454032307
201454032308
201454032309
201454032310
201454032311
201454032312
201454032901
201454032902
201454032903
201454032904
201454032905
201454032906
201454032907
201454032908
201454032909
201454032910
201454032911
201454032912
201454033001
201454033002
201454033003
201454033004
201454033005
201454033006
201454033007
201454033008
201454033009
201454033010
201454040501
201454040502
201454040503
201454040504
201454040505
201454040506
201454040507
201454040508
201454040509
201454040510
201454040511
201454040512
201454040601
201454040602
201454040603
201454040604
201454040605
201454040606
201454040607
201454040608
201454040609
201454040610
201454040611
201454040612
201454041201
201454041202
201454041203
201454041204
201454041205
201454041206
201454041207
201454041208
201454041209
201454041210
201454041211
201454041212
201454041301
201454041302
201454041303
201454041304
201454041305
201454041306
201454041307
201454041308
201454041309
201454041310
201454041311
201454041312
201454041901
201454041902
201454041903
201454041904
201454041905
201454041906
201454041907
201454041908
201454041909
201454041910
201454041911
201454042601
201454042602
201454042603
201454042604
201454042605
201454042606
201454042607
201454042608
201454042609
201454042610
201454042611
201454042612
201454042701
201454042702
201454042703
201454042704
201454042705
201454042706
201454042707
201454042708
201454042709
201454042710
201454042711
201454042801
201454042802
201454042803
201454042804
201454042805
201454042806
201454042807
201454042808
201454042809
201454042810
201454050401
201454050402
201454050403
201454050404
201454050405
201454050406
201454050407
201454050408
201454050409
201454050410
201454050501
201454050502
201454050503
201454050504
201454050505
201454050506
201454050507
201454050508
201454050509
201454050510
201454050511
201454050512
201454050601
201454050602
201454050603
201454050604
201454050605
201454050606
201454050607
201454050608
201454050609
201454050610
201454051701
201454051702
201454051703
201454051704
201454051705
201454051706
201454051707
201454051708
201454051709
201454051710
201454051711
201454051712
201454051801
201454051802
201454051803
201454051804
201454051805
201454051806
201454051807
201454051808
201454051809
201454051810
201454051811
201454051812
201454052401
201454052402
201454052403
201454052404
201454052405
201454052406
201454052407
201454052408
201454052409
201454052410
201454052411
201454052412
201454052501
201454052502
201454052503
201454052504
201454052505
201454052506
201454052507
201454052508
201454052509
201454052510
201454052511
201454052512
201454053101
201454053102
201454053103
201454053104
201454053105
201454053106
201454053107
201454053108
201454053109
201454053110
201454053111
201454053112
201454060101
201454060102
201454060103
201454060104
201454060105
201454060106
201454060107
201454060108
201454060109
201454060110
201454060111
201454060701
201454060702
201454060703
201454060704
201454060705
201454060706
201454060707
201454060708
201454060709
201454060710
201454060711
201454060712
201454060801
201454060802
201454060803
201454060804
201454060805
201454060806
201454060807
201454060808
201454060809
201454060810
201454060811
201454061401
201454061402
201454061403
201454061404
201454061405
201454061406
201454061407
201454061408
201454061409
201454061410
201454061501
201454061502
201454061503
201454061504
201454061505
201454061506
201454061507
201454061508
201454061509
201454061510
201454061511
201454061701
201454061702
201454061703
201454061704
201454061705
201454061706
201454061707
201454061708
201454061709
201454061710
201454061711
201454061712
201454062801
201454062802
201454062803
201454062804
201454062805
201454062806
201454062807
201454062808
201454062809
201454062810
201454062811
201454062812
201454062901
201454062902
201454062903
201454062904
201454062905
201454062906
201454062907
201454062908
201454062909
201454062910
201454062911
201454062912
201454070501
201454070502
201454070503
201454070504
201454070505
201454070506
201454070507
201454070508
201454070509
201454070510
201454070511
201454070512
201454070601
201454070602
201454070603
201454070604
201454070605
201454070606
201454070607
201454070608
201454070609
201454070610
201454070611
201454070612
201454071201
201454071202
201454071203
201454071204
201454071205
201454071206
201454071207
201454071208
201454071209
201454071210
201454071211
201454071212
201454071301
201454071302
201454071303
201454071304
201454071305
201454071306
201454071307
201454071308
201454071309
201454071310
201454071311
201454071312
201454072001
201454072002
201454072003
201454072004
201454072005
201454072006
201454072007
201454072008
201454072009
201454072010
201454072011
201454072012
201454072101
201454072102
201454072103
201454072104
201454072105
201454072106
201454072107
201454072108
201454072109
201454072110
201454072111
201454072112
201454072601
201454072602
201454072603
201454072604
201454072605
201454072606
201454072607
201454072608
201454072609
201454072610
201454072611
201454072612
201454072701
201454072702
201454072703
201454072704
201454072705
201454072706
201454072707
201454072708
201454072709
201454072710
201454072711
201454072712
201454080201
201454080202
201454080203
201454080204
201454080205
201454080206
201454080207
201454080208
201454080209
201454080210
201454080211
201454080212
201454080301
201454080302
201454080303
201454080304
201454080305
201454080306
201454080307
201454080308
201454080309
201454080310
201454080311
201454080312
201454081001
201454081002
201454081003
201454081004
201454081005
201454081006
201454081007
201454081008
201454081009
201454081010
201454081011
201454081012
201454081601
201454081602
201454081603
201454081604
201454081605
201454081606
201454081607
201454081608
201454081609
201454081610
201454081611
201454081612
201454081701
201454081702
201454081703
201454081704
201454081705
201454081706
201454081707
201454081708
201454081709
201454081710
201454081711
201454081712
201454082301
201454082302
201454082303
201454082304
201454082305
201454082306
201454082307
201454082308
201454082309
201454082310
201454082311
201454082312
201454082401
201454082402
201454082403
201454082404
201454082405
201454082406
201454082407
201454082408
201454082409
201454082410
201454082411
201454082412
201454083001
201454083002
201454083003
201454083004
201454083005
201454083006
201454083007
201454083008
201454083009
201454083010
201454083011
201454083012
201454083101
201454083102
201454083103
201454083104
201454083105
201454083106
201454083107
201454083108
201454083109
201454083110
201454083111
201454083112
201454090601
201454090602
201454090603
201454090604
201454090605
201454090606
201454090607
201454090608
201454090609
201454090610
201454090611
201454090612
201454090701
201454090702
201454090703
201454090704
201454090705
201454090706
201454090707
201454090708
201454090709
201454090710
201454090711
201454090712
201454091401
201454091402
201454091403
201454091404
201454091405
201454091406
201454091407
201454091408
201454091409
201454091410
201454091411
201454091412
201454091501
201454091502
201454091503
201454091504
201454091505
201454091506
201454091507
201454091508
201454091509
201454091510
201454091511
201454091512
201454092101
201454092102
201454092103
201454092104
201454092105
201454092106
201454092107
201454092108
201454092109
201454092110
201454092111
201454092112
201454092301
201454092302
201454092303
201454092304
201454092305
201454092306
201454092307
201454092308
201454092309
201454092310
201454092311
201454092312
201454100401
201454100402
201454100403
201454100404
201454100405
201454100406
201454100407
201454100408
201454100409
201454100410
201454100411
201454100412
201454100501
201454100502
201454100503
201454100504
201454100505
201454100506
201454100507
201454100508
201454100509
201454100510
201454100511
201454100512
201454101201
201454101202
201454101203
201454101204
201454101205
201454101206
201454101207
201454101208
201454101209
201454101210
201454101211
201454101212
201454101401
201454101402
201454101403
201454101404
201454101405
201454101406
201454101407
201454101408
201454101409
201454101410
201454101411
201454101412
201454101801
201454101802
201454101803
201454101804
201454101805
201454101806
201454101807
201454101808
201454101809
201454101810
201454101811
201454101812
201454101901
201454101902
201454101903
201454101904
201454101905
201454101906
201454101907
201454101908
201454101909
201454101910
201454101911
201454101912
201454102501
201454102502
201454102503
201454102504
201454102505
201454102506
201454102507
201454102508
201454102509
201454102510
201454102511
201454102512
201454102601
201454102602
201454102603
201454102604
201454102605
201454102606
201454102607
201454102608
201454102609
201454102610
201454102611
201454110101
201454110102
201454110103
201454110104
201454110105
201454110106
201454110107
201454110108
201454110109
201454110110
201454110111
201454110112
201454110201
201454110202
201454110203
201454110204
201454110205
201454110206
201454110207
201454110208
201454110209
201454110210
201454110211
201454110212
201454110801
201454110802
201454110803
201454110804
201454110805
201454110806
201454110807
201454110808
201454110809
201454110810
201454110811
201454110901
201454110902
201454110903
201454110904
201454110905
201454110906
201454110907
201454110908
201454110909
201454110910
201454110911
201454110912
201454111501
201454111502
201454111503
201454111504
201454111505
201454111506
201454111507
201454111508
201454111509
201454111510
201454111511
201454111512
201454111601
201454111602
201454111603
201454111604
201454111605
201454111606
201454111607
201454111608
201454111609
201454111610
201454111611
201454111612
201454112301
201454112302
201454112303
201454112304
201454112305
201454112306
201454112307
201454112308
201454112309
201454112310
201454112311
201454112312
201454112401
201454112402
201454112403
201454112404
201454112405
201454112406
201454112407
201454112408
201454112409
201454112410
201454112411
201454112412
201454120601
201454120602
201454120603
201454120604
201454120605
201454120606
201454120607
201454120608
201454120609
201454120610
201454120611
201454120612
201454120701
201454120702
201454120703
201454120704
201454120705
201454120706
201454120707
201454120708
201454120709
201454120710
201454120711
201454120712
201454121301
201454121302
201454121303
201454121304
201454121305
201454121306
201454121307
201454121308
201454121309
201454121310
201454121311
201454121312
201454121401
201454121402
201454121403
201454121404
201454121405
201454121406
201454121407
201454121408
201454121409
201454121410
201454121411
201454121412
201454122001
201454122002
201454122003
201454122004
201454122005
201454122006
201454122007
201454122008
201454122009
201454122010
201454122011
201454122012
201454122101
201454122102
201454122103
201454122104
201454122105
201454122106
201454122107
201454122108
201454122109
201454122110
201454122111
201454122112
201454122301
201454122302
201454122303
201454122304
201454122305
201454122306
201454122307
201454122308
201454122309
201454122310
201454122311
201454122312
201454122801
201454122802
201454122803
201454122804
201454122805
201454122806
201454122807
201454122808
201454122809
201454122810
201454122811
201454122812
201454123101
201454123102
201454123103
201454123104
201454123105
201454123106
201454123107
201454123108
201454123109
201454123110
201454123111
201454123112