201455010201
201455010202
201455010203
201455010204
201455010205
201455010206
201455010207
201455010208
201455010209
201455010210
201455010301
201455010302
201455010303
201455010304
201455010305
201455010306
201455010307
201455010308
201455010309
201455010310
201455010401
201455010402
201455010403
201455010404
201455010405
201455010406
201455010407
201455010408
201455010409
201455010410
201455010501
201455010502
201455010503
201455010504
201455010505
201455010506
201455010507
201455010508
201455010509
201455010510
201455011301
201455011302
201455011303
201455011304
201455011305
201455011306
201455011307
201455011308
201455011309
201455011801
201455011802
201455011803
201455011804
201455011805
201455011806
201455011807
201455011808
201455011809
201455011810
201455011901
201455011902
201455011903
201455011904
201455011905
201455011906
201455011907
201455011908
201455011909
201455011910
201455012501
201455012502
201455012503
201455012504
201455012505
201455012506
201455012507
201455012508
201455012509
201455012510
201455012601
201455012602
201455012603
201455012604
201455012605
201455012606
201455012607
201455012608
201455012609
201455012610
201455012611
201455020101
201455020102
201455020103
201455020104
201455020105
201455020106
201455020107
201455020108
201455020109
201455020201
201455020202
201455020203
201455020204
201455020205
201455020206
201455020207
201455020208
201455020209
201455020210
201455020801
201455020802
201455020803
201455020804
201455020805
201455020806
201455020807
201455020808
201455020809
201455020810
201455020901
201455020902
201455020903
201455020904
201455020905
201455020906
201455020907
201455020908
201455020909
201455020910
201455020911
201455021101
201455021102
201455021103
201455021104
201455021105
201455021106
201455021107
201455021108
201455021109
201455021110
201455021301
201455021302
201455021303
201455021304
201455021305
201455021306
201455021307
201455021308
201455021309
201455021310
201455021311
201455021501
201455021502
201455021503
201455021504
201455021505
201455021506
201455021507
201455021508
201455021509
201455021510
201455021511
201455021601
201455021602
201455021603
201455021604
201455021605
201455021606
201455021607
201455021608
201455021609
201455021610
201455021611
201455022201
201455022202
201455022203
201455022204
201455022205
201455022206
201455022207
201455022208
201455022209
201455022210
201455022301
201455022302
201455022303
201455022304
201455022305
201455022306
201455022307
201455022308
201455022309
201455022310
201455022311
201455030101
201455030102
201455030103
201455030104
201455030105
201455030106
201455030107
201455030108
201455030109
201455030110
201455030111
201455030201
201455030202
201455030203
201455030204
201455030205
201455030206
201455030207
201455030208
201455030209
201455030210
201455030801
201455030802
201455030803
201455030804
201455030805
201455030806
201455030807
201455030808
201455030809
201455030810
201455030811
201455030901
201455030902
201455030903
201455030904
201455030905
201455030906
201455030907
201455030908
201455030909
201455030910
201455030911
201455031601
201455031602
201455031603
201455031604
201455031605
201455031606
201455031607
201455031608
201455031609
201455031610
201455031611
201455031701
201455031702
201455031703
201455031704
201455031705
201455031706
201455031707
201455031708
201455031709
201455031710
201455031711
201455032101
201455032102
201455032103
201455032104
201455032105
201455032106
201455032107
201455032108
201455032109
201455032110
201455032111
201455032201
201455032202
201455032203
201455032204
201455032205
201455032206
201455032207
201455032208
201455032209
201455032210
201455032211
201455032301
201455032302
201455032303
201455032304
201455032305
201455032306
201455032307
201455032308
201455032309
201455032310
201455032311
201455040501
201455040502
201455040503
201455040504
201455040505
201455040506
201455040507
201455040508
201455040509
201455040510
201455040601
201455040602
201455040603
201455040604
201455040605
201455040606
201455040607
201455040608
201455040609
201455040610
201455041201
201455041202
201455041203
201455041204
201455041205
201455041206
201455041207
201455041208
201455041209
201455041210
201455041301
201455041302
201455041303
201455041304
201455041305
201455041306
201455041307
201455041308
201455041309
201455041310
201455041901
201455041902
201455041903
201455041904
201455041905
201455041906
201455041907
201455041908
201455041909
201455041910
201455042001
201455042002
201455042003
201455042004
201455042005
201455042006
201455042007
201455042008
201455042009
201455042010
201455042601
201455042602
201455042603
201455042604
201455042605
201455042606
201455042607
201455042608
201455042609
201455042610
201455042611
201455042701
201455042702
201455042703
201455042704
201455042705
201455042706
201455042707
201455042708
201455042709
201455042710
201455042711
201455050301
201455050302
201455050303
201455050304
201455050305
201455050306
201455050307
201455050308
201455050309
201455050310
201455050311
201455050401
201455050402
201455050403
201455050404
201455050405
201455050406
201455050407
201455050408
201455050409
201455050410
201455050411
201455050501
201455050502
201455050503
201455050504
201455050505
201455050506
201455050507
201455050508
201455050509
201455050510
201455050511
201455051001
201455051002
201455051003
201455051004
201455051005
201455051006
201455051007
201455051008
201455051009
201455051010
201455051011
201455051101
201455051102
201455051103
201455051104
201455051105
201455051106
201455051107
201455051108
201455051109
201455051110
201455051111
201455051701
201455051702
201455051703
201455051704
201455051705
201455051706
201455051707
201455051708
201455051709
201455051710
201455051711
201455051801
201455051802
201455051803
201455051804
201455051805
201455051806
201455051807
201455051808
201455051809
201455051810
201455051811
201455052401
201455052402
201455052403
201455052404
201455052405
201455052406
201455052407
201455052408
201455052409
201455052410
201455052411
201455052501
201455052502
201455052503
201455052504
201455052505
201455052506
201455052507
201455052508
201455052509
201455052510
201455052511
201455053101
201455053102
201455053103
201455053104
201455053105
201455053106
201455053107
201455053108
201455053109
201455053110
201455053111
201455060101
201455060102
201455060103
201455060104
201455060105
201455060106
201455060107
201455060108
201455060109
201455060110
201455060111
201455060701
201455060702
201455060703
201455060704
201455060705
201455060706
201455060707
201455060708
201455060709
201455060710
201455060711
201455060801
201455060802
201455060803
201455060804
201455060805
201455060806
201455060807
201455060808
201455060809
201455060810
201455060811
201455060812
201455061401
201455061402
201455061403
201455061404
201455061405
201455061406
201455061407
201455061408
201455061409
201455061410
201455061411
201455061501
201455061502
201455061503
201455061504
201455061505
201455061506
201455061507
201455061508
201455061509
201455061510
201455061511
201455062101
201455062102
201455062103
201455062104
201455062105
201455062106
201455062107
201455062108
201455062109
201455062110
201455062111
201455062201
201455062202
201455062203
201455062204
201455062205
201455062206
201455062207
201455062208
201455062209
201455062210
201455062211
201455062212
201455062801
201455062802
201455062803
201455062804
201455062805
201455062806
201455062807
201455062808
201455062809
201455062810
201455062811
201455062901
201455062902
201455062903
201455062904
201455062905
201455062906
201455062907
201455062908
201455062909
201455062910
201455070501
201455070502
201455070503
201455070504
201455070505
201455070506
201455070507
201455070508
201455070509
201455070510
201455070511
201455070601
201455070602
201455070603
201455070604
201455070605
201455070606
201455070607
201455070608
201455070609
201455070610
201455070611
201455070612
201455071201
201455071202
201455071203
201455071204
201455071205
201455071206
201455071207
201455071208
201455071209
201455071210
201455071211
201455071301
201455071302
201455071303
201455071304
201455071305
201455071306
201455071307
201455071308
201455071309
201455071310
201455071311
201455071901
201455071902
201455071903
201455071904
201455071905
201455071906
201455071907
201455071908
201455071909
201455071910
201455072001
201455072002
201455072003
201455072004
201455072005
201455072006
201455072007
201455072008
201455072009
201455072010
201455072101
201455072102
201455072103
201455072104
201455072105
201455072106
201455072107
201455072108
201455072109
201455072110
201455072601
201455072602
201455072603
201455072604
201455072605
201455072606
201455072607
201455072608
201455072609
201455072610
201455072701
201455072702
201455072703
201455072704
201455072705
201455072706
201455072707
201455072708
201455072709
201455072710
201455080201
201455080202
201455080203
201455080204
201455080205
201455080206
201455080207
201455080208
201455080209
201455080210
201455080211
201455080301
201455080302
201455080303
201455080304
201455080305
201455080306
201455080307
201455080308
201455080309
201455080310
201455080311
201455080901
201455080902
201455080903
201455080904
201455080905
201455080906
201455080907
201455080908
201455080909
201455080910
201455080911
201455081001
201455081002
201455081003
201455081004
201455081005
201455081006
201455081007
201455081008
201455081009
201455081010
201455081011
201455081601
201455081602
201455081603
201455081604
201455081605
201455081606
201455081607
201455081608
201455081609
201455081610
201455081611
201455081701
201455081702
201455081703
201455081704
201455081705
201455081706
201455081707
201455081708
201455081709
201455081710
201455081711
201455081901
201455081902
201455081903
201455081904
201455081905
201455081906
201455081907
201455081908
201455081909
201455081910
201455081911
201455082401
201455082402
201455082403
201455082404
201455082405
201455082406
201455082407
201455082408
201455082409
201455082410
201455082411
201455083001
201455083002
201455083003
201455083004
201455083005
201455083006
201455083007
201455083008
201455083009
201455083010
201455083011
201455083101
201455083102
201455083103
201455083104
201455083105
201455083106
201455083107
201455083108
201455083109
201455083110
201455083111
201455090601
201455090602
201455090603
201455090604
201455090605
201455090606
201455090607
201455090608
201455090609
201455090610
201455090611
201455090701
201455090702
201455090703
201455090704
201455090705
201455090706
201455090707
201455090708
201455090709
201455090710
201455090711
201455091301
201455091302
201455091303
201455091304
201455091305
201455091306
201455091307
201455091308
201455091309
201455091310
201455091311
201455091401
201455091402
201455091403
201455091404
201455091405
201455091406
201455091407
201455091408
201455091409
201455091410
201455091411
201455092001
201455092002
201455092003
201455092004
201455092005
201455092006
201455092007
201455092008
201455092009
201455092010
201455092011
201455092101
201455092102
201455092103
201455092104
201455092105
201455092106
201455092107
201455092108
201455092109
201455092110
201455092111
201455092701
201455092702
201455092703
201455092704
201455092705
201455092706
201455092707
201455092708
201455092709
201455092710
201455092711
201455092801
201455092802
201455092803
201455092804
201455092805
201455092806
201455092807
201455092808
201455092809
201455092810
201455092811
201455100401
201455100402
201455100403
201455100404
201455100405
201455100406
201455100407
201455100408
201455100409
201455100410
201455100411
201455100501
201455100502
201455100503
201455100504
201455100505
201455100506
201455100507
201455100508
201455100509
201455100510
201455100511
201455101101
201455101102
201455101103
201455101104
201455101105
201455101106
201455101107
201455101108
201455101109
201455101110
201455101111
201455101201
201455101202
201455101203
201455101204
201455101205
201455101206
201455101207
201455101208
201455101209
201455101210
201455101211
201455101301
201455101302
201455101303
201455101304
201455101305
201455101306
201455101307
201455101308
201455101309
201455101310
201455101311
201455101801
201455101802
201455101803
201455101804
201455101805
201455101806
201455101807
201455101808
201455101809
201455101810
201455101811
201455101901
201455101902
201455101903
201455101904
201455101905
201455101906
201455101907
201455101908
201455101909
201455101910
201455101911
201455102501
201455102502
201455102503
201455102504
201455102505
201455102506
201455102507
201455102508
201455102509
201455102510
201455102511
201455102601
201455102602
201455102603
201455102604
201455102605
201455102606
201455102607
201455102608
201455102609
201455102610
201455102611
201455110101
201455110102
201455110103
201455110104
201455110105
201455110106
201455110107
201455110108
201455110109
201455110110
201455110111
201455110201
201455110202
201455110203
201455110204
201455110205
201455110206
201455110207
201455110208
201455110209
201455110210
201455110211
201455110801
201455110802
201455110803
201455110804
201455110805
201455110806
201455110807
201455110808
201455110809
201455110810
201455110901
201455110902
201455110903
201455110904
201455110905
201455110906
201455110907
201455110908
201455110909
201455110910
201455111501
201455111502
201455111503
201455111504
201455111505
201455111506
201455111507
201455111508
201455111509
201455111510
201455111511
201455111601
201455111602
201455111603
201455111604
201455111605
201455111606
201455111607
201455111608
201455111609
201455111610
201455111611
201455112201
201455112202
201455112203
201455112204
201455112205
201455112206
201455112207
201455112208
201455112209
201455112210
201455112211
201455112301
201455112302
201455112303
201455112304
201455112305
201455112306
201455112307
201455112308
201455112309
201455112310
201455112401
201455112402
201455112403
201455112404
201455112405
201455112406
201455112407
201455112408
201455112409
201455112410
201455112411
201455112901
201455112902
201455112903
201455112904
201455112905
201455112906
201455112907
201455112908
201455112909
201455112910
201455112911
201455113001
201455113002
201455113003
201455113004
201455113005
201455113006
201455113007
201455113008
201455113009
201455113010
201455113011
201455120601
201455120602
201455120603
201455120604
201455120605
201455120606
201455120607
201455120608
201455120609
201455120610
201455120611
201455120701
201455120702
201455120703
201455120704
201455120705
201455120706
201455120707
201455120708
201455120709
201455120710
201455120711
201455121301
201455121302
201455121303
201455121304
201455121305
201455121306
201455121307
201455121308
201455121309
201455121310
201455121401
201455121402
201455121403
201455121404
201455121405
201455121406
201455121407
201455121408
201455121409
201455121410
201455122001
201455122002
201455122003
201455122004
201455122005
201455122006
201455122007
201455122008
201455122009
201455122010
201455122011
201455122101
201455122102
201455122103
201455122104
201455122105
201455122106
201455122107
201455122108
201455122109
201455122110
201455122111
201455122301
201455122302
201455122303
201455122304
201455122305
201455122306
201455122307
201455122308
201455122309
201455122310
201455122311
201455122701
201455122702
201455122703
201455122704
201455122705
201455122706
201455122707
201455122708
201455122709
201455122710
201455122711
201455122801
201455122802
201455122803
201455122804
201455122805
201455122806
201455122807
201455122808
201455122809
201455122810
201455122811