200534070605
200534070611
200534070709
200534070712
200534071206
200534071302
200534071307
200534071309
200534071310
200534071901
200534071911
200534071912
200534072104
200534072109
200534072609
200534072611
200534072705
200534072709
200534072811
200534080201
200534080208
200534080210
200534080306
200534080307
200534080309
200534080311
200534080409
200534080901
200534080907
200534080909
200534081002
200534081010
200534081012
200534081608
200534081709
200534081711
200534081712
200534081808
200534082301
200534082305
200534082311
200534082402
200534082410
200534082511
200534083001
200534083107
200534083109
200534090104
200534090105
200534090108
200534090111
200534090601
200534090605
200534090607
200534090705
200534090710
200534090711
200534090808
200534090811
200534091303
200534091307
200534091308
200534091312
200534091408
200534091409
200534091410
200534091411
200534091412
200534091501
200534091508
200534092006
200534092008
200534092011
200534092012
200534092106
200534092111
200534092202
200534092204
200534092208
200534092210
200534092211
200534092701
200534092710
200534092711
200534092801
200534092802
200534092804
200534092809
200534092909
200534100401
200534100407
200534100410
200534100411
200534100508
200534100509
200534100510
200534100601
200534100610
200534101104
200534101106
200534101111
200534101207
200534101210