200536010201
200536010202
200536010203
200536010204
200536010205
200536010206
200536010207
200536010301
200536010302
200536010303
200536010304
200536010305
200536010306
200536010307
200536010401
200536010402
200536010403
200536010404
200536010405
200536010406
200536010407
200536010408
200536010409
200536010801
200536010802
200536010803
200536010901
200536010902
200536010903
200536010904
200536010905
200536010906
200536010907
200536010908
200536010909
200536010910
200536010911
200536011001
200536011002
200536011003
200536011004
200536011005
200536040201
200536040202
200536040203
200536040204
200536040205
200536040206
200536040207
200536040208
200536040209
200536040210
200536040301
200536040302
200536040303
200536040304
200536040305
200536040306
200536040307
200536040308
200536040309
200536040401
200536040402
200536040403
200536040404
200536040405
200536040406
200536040407
200536040408
200536040409
200536040410
200536040411
200536040901
200536040902
200536040903
200536040904
200536041001
200536041002
200536041003
200536041004
200536041005
200536041006
200536041007
200536041008
200536041009
200536041010
200536041011
200536041101
200536041102
200536041103
200536041104
200536041105
200536041106
200536041107
200536041108
200536041109
200536041110
200536041111
200536041601
200536041602
200536041603
200536041604
200536041605
200536041606
200536041607
200536041608
200536041609
200536041610
200536041701
200536041702
200536041703
200536041704
200536041705
200536041706
200536041707
200536041708
200536041709
200536041801
200536041802
200536041803
200536041804
200536041805
200536041806
200536041807
200536042301
200536042302
200536042303
200536042304
200536042305
200536042306
200536042307
200536042308
200536042309
200536042401
200536042402
200536042403
200536042404
200536042405
200536042406
200536042407
200536042408
200536042409
200536042410
200536042411
200536042501
200536042502
200536042503
200536042504
200536042505
200536042506
200536042507
200536042508
200536042509
200536042510
200536042511
200536042901
200536042902
200536042903
200536042904
200536042905
200536042906
200536042907
200536042908
200536042909
200536043001
200536043002
200536043003
200536043004
200536043005
200536043006
200536043007
200536050301
200536050302
200536050303
200536050401
200536050402
200536050403
200536050404
200536050405
200536050406
200536050407
200536050408
200536050409
200536050410
200536050501
200536050502
200536050503
200536050504
200536050505
200536050506
200536050507
200536050508
200536050509
200536061101
200536061102
200536061103
200536061104
200536061105
200536061106
200536061107
200536061108
200536061201
200536061202
200536061203
200536061204
200536061205
200536061206
200536061207
200536061208
200536061209
200536061301
200536061302
200536061303
200536061304
200536061305
200536061306
200536061801
200536061802
200536061803
200536061804
200536061805
200536061806
200536061807
200536061808
200536061809
200536061901
200536061902
200536061903
200536061904
200536061905
200536061906
200536061907
200536062001
200536062002
200536062003
200536062004
200536062005
200536062006
200536062007
200536062008
200536062009
200536062010
200536062011
200536062501
200536062502
200536062503
200536062504
200536062505
200536062506
200536062507
200536062508
200536062509
200536062510
200536062511
200536062601
200536062602
200536062603
200536062604
200536062605
200536062606
200536062607
200536062608
200536062609
200536062610
200536062701
200536062702
200536062703
200536062704
200536062705
200536062706
200536070201
200536070202
200536070203
200536070204
200536070205
200536070206
200536070207
200536070208
200536070209
200536070210
200536070401
200536070402
200536070403
200536070404
200536070405
200536070406
200536070407
200536070408
200536070409
200536070410
200536082001
200536082002
200536082003
200536082004
200536082005
200536082006
200536082007
200536082008
200536082009
200536082010
200536082101
200536082102
200536082103
200536082104
200536082105
200536082106
200536082107
200536082108
200536082109
200536082110
200536082201
200536082202
200536082203
200536082204
200536082205
200536082206
200536082207
200536082208
200536082209
200536082210
200536082211
200536082701
200536082702
200536082703
200536082704
200536082705
200536082706
200536082707
200536082708
200536082709
200536082801
200536082802
200536082803
200536082804
200536082805
200536082806
200536082807
200536082808
200536082809
200536082810
200536082901
200536082902
200536082903
200536082904
200536082905
200536082906
200536082907
200536082908
200536082909
200536090401
200536090402
200536090403
200536090404
200536090405
200536090406
200536090407
200536090408
200536090409
200536090410
200536090411
200536090501
200536090502
200536090503
200536090504
200536090505
200536090506
200536090507
200536090508
200536091001
200536091002
200536091003
200536091004
200536091005
200536091006
200536091007
200536091008
200536091009
200536091010
200536091101
200536091102
200536091103
200536091104
200536091105
200536091106
200536091107
200536091108
200536091109
200536091201
200536091202
200536091203
200536091204
200536091205
200536091206
200536091207
200536111201
200536111202
200536111203
200536111204
200536111205
200536111206
200536111207
200536111208
200536111209
200536111301
200536111302
200536111303
200536111304
200536111401
200536111402
200536111403
200536111404
200536111405
200536111406
200536111407
200536111408
200536111409
200536111410
200536111901
200536111902
200536111903
200536111904
200536111905
200536111906
200536111907
200536111908
200536111909
200536111910
200536112001
200536112002
200536112003
200536112004
200536112005
200536112006
200536112007
200536112008
200536112009
200536112101
200536112102
200536112103
200536112104
200536112105
200536112106
200536112107
200536112108
200536112109
200536112110
200536112111
200536112601
200536112602
200536112603
200536112604
200536112605
200536112606
200536112701
200536112702
200536112703
200536112704
200536112705
200536112706
200536112707
200536112708
200536112709
200536112710
200536112801
200536112802
200536112803
200536112804
200536112805
200536112806
200536112807
200536112808
200536112809
200536112810
200536120301
200536120302
200536120303
200536120304
200536120305
200536120306
200536120307
200536120308
200536120309
200536120401
200536120402
200536120403
200536120404
200536120405
200536120406
200536120407
200536120408
200536120409
200536120410
200536120501
200536120502
200536120503
200536120504
200536120505
200536120506
200536120507
200536120508
200536120509
200536120510
200536120511
200536121001
200536121002
200536121003
200536121004
200536121005
200536121101
200536121102
200536121103
200536121104
200536121105
200536121106
200536121107
200536121108
200536121201
200536121202
200536121203
200536121204
200536121205
200536121206
200536121207
200536121208
200536121209
200536121701
200536121702
200536121703
200536121704
200536121705
200536121706
200536121707
200536121708
200536121709
200536121710
200536121711
200536121801
200536121802
200536121803
200536121804
200536121805
200536121806
200536121807
200536121808
200536121809
200536121810
200536122201
200536122202
200536122203
200536122204
200536122205
200536122206
200536122207
200536122208
200536122209
200536122210
200536122301
200536122302
200536122303
200536122304
200536122305
200536122306
200536122307
200536122308
200536122309
200536122310
200536122401
200536122402
200536122403
200536122404
200536122405
200536122406
200536122407
200536122408
200536122409
200536122501
200536122502
200536122503
200536122504
200536122505
200536122901
200536122902
200536122903
200536122904
200536122905
200536122906
200536122907
200536122908
200536122909
200536122910
200536123001
200536123002
200536123003
200536123004
200536123005
200536123006
200536123007
200536123008
200536123009
200536123010
200536123101
200536123102
200536123103
200536123104
200536123105
200536123106
200536123107
200536123108
200536123109
200536123110