200540011001
200540011002
200540011003
200540011004
200540011005
200540011006
200540011007
200540011008
200540012201
200540012202
200540012203
200540012204
200540012205
200540012206
200540012207
200540012208
200540012209
200540012210
200540022001
200540022002
200540022003
200540022004
200540022005
200540022006
200540022007
200540022008
200540022009
200540022010
200540031301
200540031302
200540031303
200540031304
200540031305
200540031306
200540031307
200540031308
200540031309
200540031310
200540031311