200542011103
200542011308
200542011310
200542011405
200542021502
200542021507
200542021610
200542021705
200542021710
200542030202
200542030209
200542030407
200542041211
200542041306
200542041310
200542041506
200542051608
200542051810
200542051904
200542051910
200542061709
200542062103
200542062108
200542071810
200542072002
200542072006
200542072007
200542080802
200542080809
200542080903
200542080910
200542092601
200542092610
200542092707
200542092807
200542092810
200542092906
200542092910
200542101708
200542102006
200542102009
200542102010
200542102105
200542112906
200542112907
200542112910
200542113001
200542113008
200542113010
200542120108
200542120109
200542120110