200543010202
200543010401
200543010405
200543010409
200543010410
200543010411
200543021802
200543021809
200543022111
200543022205
200543022206
200543022207
200543022209
200543022306
200543022310
200543031404
200543031411
200543031509
200543031609
200543031610
200543031705
200543031712
200543031806
200543031809
200543031810
200543042207
200543042707
200543042710
200543042712
200543050510
200543050603
200543050604
200543050606
200543053111
200543060104
200543060110
200543060205
200543060211
200543060308
200543062202
200543062207
200543062308
200543062411
200543062412
200543072107
200543072209
200543072507
200543072510
200543072511
200543072608
200543072611
200543082502
200543082505
200543082506
200543082510
200543082602
200543082610
200543092010
200543092101
200543092104
200543092209
200543092301
200543092306
200543092310
200543092311
200543102501
200543102504
200543102607
200543102807
200543102808
200543112101
200543112201
200543112209
200543112305
200543112309
200543112408
200543112410
200543112508
200543121203
200543121206
200543121211
200543121302
200543121404
200543121408
200543121502
200543121510
200543121601
200543121611