200544010601
200544010602
200544010603
200544010604
200544010605
200544010606
200544010607
200544010608
200544010609
200544010610
200544010611
200544010612
200544010701
200544010702
200544010703
200544010704
200544010705
200544010706
200544010707
200544010708
200544010709
200544010710
200544011701
200544011702
200544011703
200544011704
200544011705
200544011706
200544011801
200544011802
200544011803
200544011804
200544011805
200544011806
200544011807
200544011808
200544011809
200544011901
200544011902
200544011903
200544011904
200544011905
200544011906
200544011907
200544011908
200544011909
200544011910
200544011911
200544012001
200544012002
200544012003
200544012004
200544012005
200544012006
200544012007
200544012008
200544012009
200544012010
200544012101
200544012102
200544012103
200544012104
200544012105
200544012106
200544012107
200544012108
200544012109
200544012110
200544012111
200544020101
200544020102
200544020103
200544020104
200544020105
200544020106
200544020107
200544020108
200544020109
200544020110
200544020301
200544020302
200544020303
200544020304
200544020305
200544020306
200544020307
200544020308
200544020309
200544020310
200544020311
200544020401
200544020402
200544020403
200544020404
200544020405
200544020406
200544020407
200544020408
200544020409
200544030701
200544030702
200544030703
200544030704
200544030705
200544030706
200544030707
200544030708
200544030801
200544030802
200544030803
200544030804
200544030805
200544030806
200544030807
200544030808
200544030809
200544030810
200544030811
200544030901
200544030902
200544030903
200544030904
200544030905
200544030906
200544030907
200544030908
200544030909
200544030910
200544030911
200544031001
200544031002
200544031003
200544031004
200544031005
200544031006
200544031007
200544031008
200544031009
200544031010
200544031011
200544031101
200544031102
200544031103
200544031104
200544031105
200544031106
200544031107
200544031108
200544031109
200544031110
200544031111
200544032101
200544032102
200544032103
200544032104
200544032105
200544032106
200544032107
200544032108
200544032109
200544032110
200544032201
200544032202
200544032203
200544032204
200544032205
200544032206
200544032207
200544032208
200544032209
200544032210
200544032301
200544032302
200544032303
200544032304
200544032305
200544032306
200544032401
200544032402
200544032403
200544032404
200544032405
200544032406
200544032407
200544032408
200544032501
200544032502
200544032503
200544032504
200544032505
200544032506
200544032507
200544032508
200544032509
200544032510
200544040201
200544040202
200544040501
200544040502
200544040601
200544040602
200544040603
200544040604
200544040605
200544040606
200544040607
200544040608
200544040609
200544040610
200544040611
200544040701
200544040702
200544040703
200544040704
200544040705
200544040706
200544040707
200544040708
200544040709
200544040801
200544040802
200544040803
200544040804
200544040805
200544040806
200544040807
200544040808
200544040809
200544040810
200544050801
200544050802
200544050803
200544050804
200544050805
200544050806
200544050807
200544050901
200544050902
200544050903
200544050904
200544050905
200544050906
200544050907
200544051001
200544051002
200544051003
200544051004
200544051005
200544051006
200544051007
200544051008
200544051009
200544051010
200544051101
200544051102
200544051103
200544051104
200544051105
200544051106
200544051107
200544051108
200544051109
200544051110
200544051111
200544051201
200544051202
200544051203
200544051204
200544051205
200544051206
200544051207
200544051208
200544051209
200544051210
200544051301
200544051302
200544051303
200544051304
200544051305
200544051306
200544051307
200544051308
200544052601
200544052602
200544052603
200544052604
200544052701
200544052702
200544052703
200544052704
200544052705
200544052706
200544052707
200544052708
200544052709
200544052710
200544052711
200544052712
200544052801
200544052802
200544052803
200544052804
200544052805
200544052806
200544052807
200544052808
200544052809
200544052810
200544052811
200544053001
200544053002
200544053003
200544053004
200544053005
200544053006
200544053007
200544053008
200544053009
200544060501
200544060502
200544060503
200544060504
200544060505
200544060506
200544060507
200544060508
200544060601
200544060602
200544060603
200544060604
200544060605
200544060606
200544060607
200544060608
200544060609
200544060610
200544060701
200544060702
200544060703
200544060704
200544060705
200544060706
200544060707
200544060708
200544060709
200544060710
200544060801
200544060802
200544060803
200544060804
200544060805
200544060806
200544060807
200544060808
200544060809
200544060810
200544060901
200544060902
200544060903
200544060904
200544060905
200544060906
200544060907
200544061001
200544061002
200544061003
200544061004
200544061005
200544061006
200544061007
200544062601
200544062602
200544062603
200544062604
200544062605
200544062606
200544062607
200544062608
200544062609
200544062610
200544062801
200544062802
200544062803
200544062804
200544062805
200544062806
200544062807
200544062808
200544062809
200544062810
200544062901
200544062902
200544062903
200544062904
200544062905
200544062906
200544062907
200544062908
200544062909
200544062910
200544063001
200544063002
200544063003
200544063004
200544063005
200544063006
200544063007
200544063008
200544063009
200544070101
200544070102
200544070103
200544070104
200544070105
200544070106
200544070107
200544071001
200544071002
200544071003
200544071004
200544071005
200544071006
200544071007
200544071008
200544071009
200544071010
200544071101
200544071102
200544071103
200544071104
200544071105
200544071106
200544071107
200544071108
200544071109
200544071201
200544071202
200544071203
200544071204
200544071205
200544071206
200544071207
200544071208
200544071209
200544071301
200544071302
200544071303
200544071304
200544071305
200544071306
200544071307
200544071308
200544071309
200544071401
200544071402
200544071403
200544071404
200544071405
200544071406
200544071407
200544071408
200544071409
200544071501
200544071502
200544071503
200544071504
200544071505
200544071506
200544071507
200544073101
200544073102
200544073103
200544073104
200544073105
200544073106
200544073107
200544073108
200544080101
200544080102
200544080103
200544080104
200544080105
200544080106
200544080107
200544080108
200544080109
200544080110
200544080201
200544080202
200544080203
200544080204
200544080205
200544080206
200544080207
200544080208
200544080209
200544080210
200544080301
200544080302
200544080303
200544080304
200544080305
200544080306
200544080307
200544080308
200544080309
200544080401
200544080402
200544080403
200544080404
200544080405
200544080406
200544080407
200544080408
200544080501
200544080502
200544080503
200544080504
200544080505
200544080506
200544080507
200544080508
200544080509
200544081101
200544081102
200544081103
200544081104
200544081105
200544081106
200544081107
200544081108
200544081109
200544081201
200544081202
200544081203
200544081204
200544081205
200544081206
200544081207
200544081208
200544081301
200544081302
200544081303
200544081304
200544081305
200544081306
200544081307
200544081308
200544081401
200544081402
200544081403
200544081404
200544081405
200544081406
200544081407
200544081408
200544081409
200544081501
200544081502
200544081503
200544081504
200544081505
200544081506
200544081507
200544081508
200544081509
200544081510
200544081511
200544081601
200544081602
200544081603
200544081604
200544081605
200544081606
200544081607
200544081608
200544082801
200544082802
200544082803
200544082804
200544082805
200544082806
200544082807
200544082808
200544082809
200544082810
200544082901
200544082902
200544082903
200544082904
200544082905
200544082906
200544082907
200544082908
200544082909
200544082910
200544082911
200544083001
200544083002
200544083003
200544083004
200544083005
200544083006
200544083007
200544083008
200544083009
200544083010
200544083101
200544083102
200544083103
200544083104
200544083105
200544083106
200544083107
200544083108
200544083109
200544083110
200544083111
200544090101
200544090102
200544090103
200544090104
200544090105
200544090106
200544090107
200544090108
200544090109
200544090110
200544090201
200544090202
200544090203
200544090204
200544090205
200544090206
200544090207
200544091101
200544091102
200544091103
200544091104
200544091105
200544091106
200544091107
200544091108
200544091109
200544091110
200544091201
200544091202
200544091203
200544091204
200544091205
200544091206
200544091207
200544091208
200544091209
200544091210
200544091301
200544091302
200544091401
200544091402
200544091403
200544091404
200544091405
200544091406
200544091407
200544091408
200544091409
200544091410
200544091411
200544091501
200544091502
200544091503
200544091504
200544091505
200544091506
200544091507
200544091508
200544091509
200544091510
200544091511
200544091601
200544091602
200544091603
200544091604
200544091605
200544091606
200544091607
200544091608
200544091609
200544100201
200544100202
200544100203
200544100204
200544100205
200544100206
200544100207
200544100208
200544100301
200544100302
200544100303
200544100304
200544100305
200544100306
200544100307
200544100308
200544100309
200544100310
200544100401
200544100402
200544100403
200544100404
200544100405
200544100406
200544100407
200544100408
200544100409
200544100410
200544100501
200544100502
200544100503
200544100504
200544100505
200544100506
200544100507
200544100508
200544100509
200544100510
200544100601
200544100602
200544100603
200544100604
200544100605
200544100606
200544100607
200544100608
200544100609
200544100701
200544100702
200544100703
200544100704
200544100705
200544100706
200544100707
200544100708
200544100709
200544103001
200544103002
200544103003
200544103004
200544103005
200544103006
200544103007
200544103008
200544103009
200544103010
200544103011
200544103101
200544103102
200544103103
200544103104
200544103105
200544103106
200544103107
200544103108
200544103109
200544103110
200544103111
200544110101
200544110102
200544110103
200544110104
200544110105
200544110106
200544110107
200544110108
200544110109
200544110110
200544110201
200544110202
200544110203
200544110204
200544110205
200544110206
200544110207
200544110208
200544110209
200544110210
200544110211
200544110301
200544110302
200544110303
200544110304
200544110305
200544110306
200544110307
200544110308
200544110309
200544110401
200544110402
200544110403
200544110404
200544110405
200544110406
200544110407
200544110408
200544110409
200544110410
200544110411
200544111401
200544111402
200544111403
200544111404
200544111405
200544111406
200544111407
200544111408
200544111501
200544111502
200544111503
200544111504
200544111505
200544111506
200544111507
200544111508
200544111509
200544111510
200544111511
200544111512
200544111601
200544111602
200544111603
200544111604
200544111605
200544111606
200544111607
200544111608
200544111609
200544111701
200544111702
200544111703
200544111704
200544111705
200544111706
200544111707
200544111708
200544111709
200544111710
200544111801
200544111802
200544111803
200544111804
200544111805
200544111806
200544111807
200544111808
200544111809
200544111810
200544120501
200544120502
200544120503
200544120504
200544120505
200544120506
200544120507
200544120508
200544120509
200544120510
200544120511
200544120601
200544120602
200544120603
200544120604
200544120605
200544120606
200544120607
200544120608
200544120609
200544120610
200544120701
200544120702
200544120703
200544120704
200544120705
200544120706
200544120707
200544120708
200544120709
200544120710
200544120801
200544120802
200544120803
200544120804
200544120805
200544120806
200544120807
200544120808
200544120809
200544120810
200544120811
200544120812
200544120901
200544120902
200544120903
200544120904
200544120905
200544120906
200544122601
200544122602
200544122603
200544122604
200544122605
200544122606
200544122607
200544122608
200544122609
200544122610
200544122611
200544122701
200544122702
200544122703
200544122704
200544122705
200544122706
200544122707
200544122708
200544122709
200544122710
200544122711
200544122712
200544122801
200544122802
200544122803
200544122804
200544122805
200544122806
200544122807
200544122808
200544122809
200544122810
200544122811
200544122812
200544122901
200544122902
200544122903
200544122904
200544122905
200544122906
200544122907
200544122908
200544122909
200544122910
200544123001
200544123002
200544123003
200544123004
200544123005
200544123006
200544123007
200544123008
200544123009
200544123010
200544123011
200544123012
200544123101
200544123102
200544123103
200544123104
200544123105
200544123106
200544123107
200544123108
200544123109
200544123110
200544123111
200544123112