200547011001
200547011002
200547011003
200547011004
200547011005
200547011006
200547011007
200547011008
200547011009
200547011010
200547011101
200547011102
200547011103
200547011104
200547011201
200547011202
200547011203
200547011204
200547011205
200547011206
200547011207
200547011208
200547011209
200547012301
200547012302
200547012303
200547012304
200547012305
200547012306
200547012307
200547012308
200547012309
200547012310
200547012601
200547012602
200547012603
200547012604
200547012605
200547012606
200547012607
200547012608
200547012609
200547012701
200547012702
200547012703
200547012704
200547012705
200547012706
200547012707
200547012708
200547012709
200547012801
200547012802
200547012803
200547012804
200547012805
200547020601
200547020602
200547020603
200547020604
200547020605
200547020606
200547020607
200547020608
200547020609
200547020610
200547020901
200547020902
200547020903
200547020904
200547020905
200547020906
200547020907
200547020908
200547020909
200547020910
200547021001
200547021002
200547021003
200547021004
200547021005
200547021006
200547021007
200547021008
200547021009
200547022001
200547022002
200547022003
200547022004
200547022005
200547022006
200547022007
200547022008
200547022009
200547022010
200547022101
200547022102
200547022103
200547022104
200547022105
200547022106
200547022301
200547022302
200547022303
200547022304
200547022305
200547022306
200547022307
200547022308
200547022309
200547022310
200547022311
200547022401
200547022402
200547022403
200547022404
200547022405
200547022406
200547022407
200547022408
200547022409
200547022410
200547022501
200547022502
200547030601
200547030602
200547030603
200547030604
200547030605
200547030606
200547030607
200547030608
200547030901
200547030902
200547030903
200547030904
200547030905
200547030906
200547030907
200547030908
200547030909
200547030910
200547031001
200547031002
200547031003
200547031004
200547031005
200547031006
200547031007
200547031008
200547031009
200547031101
200547031102
200547031103
200547031104
200547031105
200547031106
200547031107
200547031108
200547031109
200547031110
200547040301
200547040302
200547040303
200547040304
200547040305
200547040306
200547040307
200547040308
200547040309
200547040310
200547040601
200547040602
200547040603
200547040604
200547040605
200547040606
200547040607
200547040608
200547040609
200547040701
200547040702
200547040801
200547040802
200547040803
200547040804
200547042701
200547042702
200547042703
200547042704
200547042705
200547042706
200547042707
200547042708
200547042709
200547042710
200547042901
200547042902
200547042903
200547042904
200547042905
200547042906
200547043001
200547043002
200547043003
200547043004
200547043005
200547043006
200547043007
200547043008
200547043009
200547043010
200547051501
200547051502
200547051503
200547051504
200547051505
200547051506
200547051801
200547051802
200547051803
200547051804
200547051805
200547051806
200547051807
200547051808
200547051809
200547051901
200547051902
200547051903
200547051904
200547051905
200547051906
200547051907
200547051908
200547051909
200547052001
200547052002
200547052003
200547052004
200547052005
200547052006
200547053001
200547053002
200547053003
200547053004
200547053005
200547053006
200547053007
200547060101
200547060102
200547060103
200547060104
200547060105
200547060106
200547060107
200547060108
200547060109
200547060110
200547060201
200547061901
200547061902
200547061903
200547061904
200547061905
200547061906
200547061907
200547061908
200547062201
200547062202
200547062203
200547062204
200547062205
200547062206
200547062207
200547062208
200547062209
200547062210
200547062301
200547062302
200547062303
200547062304
200547062305
200547062306
200547062401
200547062402
200547062403
200547062404
200547071001
200547071002
200547071003
200547071004
200547071005
200547071006
200547071007
200547071008
200547071009
200547071010
200547071101
200547071102
200547071103
200547071104
200547071105
200547071106
200547071107
200547071108
200547071109
200547071201
200547071202
200547071203
200547071204
200547071205
200547071206
200547071207
200547071208
200547071401
200547071402
200547071403
200547071404
200547071501
200547071502
200547071503
200547071504
200547071505
200547072401
200547072402
200547072403
200547072404
200547072405
200547072406
200547072407
200547072408
200547072601
200547072602
200547072603
200547072604
200547072901
200547072902
200547072903
200547072904
200547072905
200547072906
200547072907
200547072908
200547072909
200547072910
200547081501
200547081502
200547081503
200547081601
200547081602
200547081603
200547081604
200547081605
200547081606
200547081607
200547081608
200547081701
200547081702
200547081703
200547081704
200547081705
200547081706
200547081901
200547081902
200547081903
200547081904
200547081905
200547083101
200547083102
200547083103
200547083104
200547083105
200547083106
200547083107
200547090101
200547090102
200547090201
200547090202
200547090203
200547090204
200547092001
200547092002
200547092003
200547092004
200547092005
200547092006
200547092007
200547092008
200547092009
200547092201
200547092202
200547092203
200547092204
200547092205
200547092206
200547092207
200547092208
200547092209
200547092301
200547092302
200547092303
200547092304
200547092305
200547092306
200547100901
200547100902
200547100903
200547100904
200547100905
200547100906
200547101001
200547101002
200547101003
200547101004
200547101101
200547101102
200547101103
200547101104
200547101105
200547101106
200547101107
200547101201
200547101202
200547101203
200547101204
200547101205
200547101206
200547101207
200547101208
200547102401
200547102402
200547102403
200547102404
200547102501
200547102502
200547102503
200547102504
200547102505
200547102506
200547102507
200547102508
200547102509
200547102510
200547102601
200547102602
200547102603
200547102604
200547102605
200547102606
200547102607
200547102608
200547102701
200547102702
200547102703
200547102704
200547102705
200547102706
200547102707
200547102801
200547102802
200547102803
200547102804
200547102805
200547110801
200547110802
200547110803
200547110804
200547110805
200547110806
200547110807
200547110808
200547110809
200547110901
200547110902
200547110903
200547110904
200547110905
200547110906
200547110907
200547110908
200547111001
200547111002
200547111003
200547111004
200547111005
200547111006
200547111007
200547111101
200547111102
200547111103
200547111104
200547111105
200547111106
200547111107
200547111108
200547111109
200547111110
200547112201
200547112202
200547112203
200547112204
200547112205
200547112206
200547112207
200547112208
200547112209
200547112210
200547112301
200547112302
200547112303
200547112304
200547112305
200547112306
200547112307
200547112401
200547112402
200547112403
200547112404
200547112405
200547112406
200547112407
200547112501
200547112502
200547112503
200547112504
200547112505
200547112506
200547112507
200547112508
200547121201
200547121202
200547121203
200547121204
200547121205
200547121206
200547121207
200547121208
200547121209
200547121301
200547121302
200547121303
200547121304
200547121305
200547121306
200547121307
200547121308
200547121309
200547121310
200547121401
200547121402
200547121403
200547121404
200547121405
200547121406
200547121407
200547121408
200547121501
200547121502
200547121503
200547121504
200547121505
200547121506
200547121507
200547121508
200547121601
200547121602
200547121603
200547121604
200547121605
200547122701
200547122702
200547122703
200547122704
200547122705
200547122706
200547122707
200547122708
200547122801
200547122802
200547122803
200547122804
200547122805
200547122806
200547122807
200547122808
200547122809
200547123001
200547123002
200547123003
200547123004
200547123005
200547123006
200547123007
200547123008