200551022201
200551022202
200551022203
200551022204
200551022205
200551022206
200551022207
200551022208
200551022209
200551022301
200551022302
200551022303
200551022304
200551022305
200551022306
200551022307
200551022308
200551022309
200551022310
200551022311
200551022401
200551022402
200551022403
200551022404
200551022405
200551022406
200551022407
200551022408
200551022409
200551030101
200551030102
200551030103
200551030104
200551030105
200551030106
200551030107
200551030108
200551030201
200551030202
200551030203
200551030204
200551030205
200551030206
200551030207
200551030208
200551030209
200551030210
200551030211
200551030301
200551030302
200551030303
200551030304
200551030305
200551030306
200551030307
200551030308
200551030309
200551030310
200551030311
200551030801
200551030802
200551030803
200551030804
200551030805
200551030806
200551030807
200551030808
200551030809
200551030810
200551030901
200551030902
200551030903
200551030904
200551030905
200551030906
200551030907
200551030908
200551030909
200551030910
200551030911
200551031501
200551031502
200551031503
200551031504
200551031505
200551031506
200551031601
200551031602
200551031603
200551031604
200551031605
200551031606
200551031607
200551031608
200551031609
200551031610
200551031701
200551031702
200551031703
200551031704
200551031705
200551031706
200551031707
200551031708
200551031709
200551032101
200551032102
200551032103
200551032104
200551032105
200551032106
200551032107
200551032108
200551032109
200551032110
200551032111
200551032301
200551032302
200551032303
200551032304
200551032305
200551032306
200551032307
200551032308
200551032309
200551032401
200551032402
200551032403
200551032404
200551032405
200551032406
200551032407
200551032901
200551032902
200551032903
200551032904
200551032905
200551032906
200551032907
200551032908
200551032909
200551032910
200551033001
200551033002
200551033003
200551033004
200551033005
200551033006
200551033007
200551033008
200551033009
200551033010
200551033011
200551033012
200551083101
200551083102
200551083103
200551090101
200551090102
200551090103
200551090104
200551090105
200551090106
200551090107
200551090108
200551090109
200551090801
200551090802
200551090803
200551090804
200551090805
200551090806
200551090807
200551090808
200551090809
200551090810
200551090901
200551090902
200551090903
200551090904
200551090905
200551090906
200551090907
200551090908
200551090909
200551091401
200551091402
200551091403
200551091404
200551091405
200551091406
200551091407
200551091408
200551091409
200551091501
200551091502
200551091503
200551091504
200551092101
200551092102
200551092103
200551092104
200551092105
200551092106
200551092107
200551092108
200551092109
200551092110
200551092301
200551092302
200551092303
200551092304
200551092305
200551092306
200551092307
200551092308
200551092309