200555010201
200555010202
200555010203
200555010204
200555010205
200555010206
200555010207
200555010208
200555010209
200555010301
200555010302
200555010303
200555010304
200555010305
200555010306
200555010307
200555010308
200555010401
200555010402
200555010403
200555010404
200555010405
200555010406
200555010407
200555010408
200555010409
200555010801
200555010802
200555010803
200555010804
200555010805
200555010806
200555010901
200555010902
200555010903
200555010904
200555010905
200555010906
200555010907
200555010908
200555010909
200555011501
200555011502
200555011503
200555011504
200555011505
200555011506
200555011507
200555011508
200555011509
200555011510
200555011601
200555011602
200555011603
200555011604
200555011605
200555011606
200555011607
200555011608
200555011609
200555011610
200555011701
200555011702
200555011703
200555011704
200555011705
200555011706
200555011707
200555011708
200555012201
200555012202
200555012203
200555012204
200555012205
200555012206
200555012207
200555012208
200555012901
200555012902
200555012903
200555012904
200555012905
200555012906
200555012907
200555012908
200555012909
200555012910
200555013001
200555013002
200555013003
200555013004
200555013005
200555013006
200555013007
200555013008
200555013009
200555013010
200555013101
200555013102
200555013103
200555013104
200555013105
200555013106
200555013107
200555013108
200555013109
200555020501
200555020502
200555020503
200555020504
200555020505
200555020506
200555020507
200555020508
200555020509
200555020510
200555020601
200555020602
200555020603
200555020604
200555020605
200555020606
200555020607
200555020608
200555021101
200555021102
200555021103
200555021104
200555021105
200555021106
200555021107
200555021108
200555021109
200555021110
200555021201
200555021202
200555021203
200555021204
200555021205
200555021206
200555021207
200555021208
200555021209
200555021301
200555021302
200555021303
200555021304
200555021305
200555021306
200555021307
200555021308
200555021309
200555021310
200555021901
200555021902
200555021903
200555021904
200555021905
200555021906
200555021907
200555022001
200555022002
200555022003
200555022004
200555022005
200555022006
200555022007
200555022008
200555022009
200555022101
200555022102
200555022103
200555022104
200555022105
200555022106
200555022107
200555022108
200555022109
200555022110
200555022601
200555022602
200555022603
200555022604
200555022605
200555022606
200555022607
200555022608
200555022609
200555022610
200555022701
200555022702
200555022703
200555022704
200555022705
200555022706
200555022707
200555022708
200555022709
200555022710
200555022801
200555022802
200555022803
200555022804
200555022805
200555022806
200555022807
200555022808
200555022809
200555030601
200555030602
200555030603
200555030604
200555030605
200555030606
200555030607
200555030608
200555030609
200555030610
200555030701
200555030702
200555030703
200555030704
200555030705
200555030706
200555030707
200555030708
200555031201
200555031202
200555031203
200555031204
200555031205
200555031206
200555031301
200555031302
200555031303
200555031304
200555031305
200555031306
200555031307
200555031308
200555031309
200555031401
200555031402
200555031403
200555031404
200555031405
200555031406
200555032001
200555032002
200555032003
200555032004
200555032005
200555032006
200555032007
200555032008
200555032009
200555032101
200555032102
200555032103
200555032104
200555032105
200555032106
200555032701
200555032702
200555032703
200555032704
200555032705
200555032706
200555032707
200555032708
200555032709
200555032710
200555032801
200555032802
200555032803
200555032804
200555032805
200555032806
200555032807
200555032808
200555032809
200555041001
200555041002
200555041003
200555041004
200555041005
200555041601
200555041602
200555041603
200555041604
200555041605
200555041606
200555041607
200555041608
200555041609
200555041610
200555041701
200555041702
200555041703
200555041704
200555041705
200555041706
200555041707
200555041708
200555041709
200555042301
200555042302
200555042303
200555042304
200555042305
200555042306
200555042307
200555042401
200555042402
200555042403
200555042404
200555042405
200555042406
200555042407
200555042408
200555042409
200555042901
200555042902
200555042903
200555042904
200555042905
200555042906
200555042907
200555050301
200555050302
200555050303
200555050304
200555050305
200555050306
200555050307
200555050308
200555050309
200555050401
200555050501
200555050502
200555050503
200555050504
200555050505
200555050506
200555050507
200555050508
200555050509
200555052201
200555052202
200555052203
200555052204
200555052205
200555052206
200555052207
200555052208
200555052209
200555052801
200555052802
200555052803
200555052804
200555052805
200555052806
200555052807
200555052808
200555052809
200555052901
200555060501
200555060502
200555060503
200555060504
200555060505
200555060506
200555060507
200555060508
200555061201
200555061202
200555061203
200555061204
200555061205
200555061206
200555061207
200555061208
200555061209
200555061801
200555061802
200555061803
200555061804
200555061805
200555061806
200555061807
200555061808
200555061809
200555062501
200555062502
200555062503
200555062504
200555062505
200555062506
200555062507
200555070301
200555070302
200555070303
200555070304
200555070305
200555070306
200555070307
200555070308
200555070309
200555070901
200555070902
200555070903
200555070904
200555070905
200555070906
200555070907
200555070908
200555070909
200555071801
200555071802
200555071803
200555071804
200555071805
200555071806
200555071807
200555071808
200555071809
200555072301
200555072302
200555072303
200555073001
200555073002
200555081501
200555081502
200555081503
200555081504
200555081505
200555081506
200555081507
200555081508
200555081509
200555081601
200555081602
200555081603
200555081604
200555081605
200555081606
200555081607
200555081608
200555081609
200555082801
200555082802
200555082803
200555082804
200555082805
200555082806
200555082807
200555082808
200555082809
200555082810
200555090301
200555090302
200555090303
200555090304
200555090305
200555090306
200555090307
200555090308
200555090309
200555091901
200555091902
200555091903
200555091904
200555091905
200555091906
200555092301
200555092302
200555092303
200555092304
200555092305
200555092306
200555092307
200555092308
200555092309
200555100201
200555101501
200555101502
200555101503
200555101504
200555101505
200555101506
200555101507
200555101508
200555101509
200555101510
200555101601
200555101602
200555101603
200555101604
200555101605
200555101606
200555101607
200555101608
200555101609
200555102301
200555102302
200555102303
200555102304
200555102305
200555102306
200555103001
200555103002
200555103003
200555110601
200555110602
200555110603
200555110604
200555110605
200555110606
200555110607
200555110608
200555111201
200555111202
200555111203
200555111204
200555111205
200555111206
200555111207
200555112001
200555112002
200555112003
200555112004
200555112701
200555112702
200555112703
200555112704
200555112705
200555112706
200555120401
200555120402
200555120403
200555120404
200555120405
200555120406
200555120407
200555121101
200555121102
200555121103
200555121104
200555121105
200555121106
200555121701
200555121702
200555121703
200555121704
200555121705
200555121706
200555121707
200555121708
200555122301
200555122302
200555122303
200555122304
200555122401
200555122402
200555122403
200555122404
200555122405
200555122406
200555122407
200555122408
200555122409