200558042001
200558042002
200558042003
200558042004
200558042005
200558042006
200558042007
200558042008
200558042009
200558042010
200558042011
200558042101
200558042102
200558042103
200558042104
200558042105
200558042106
200558042107
200558042108
200558042109
200558042110
200558042601
200558042602
200558042603
200558042604
200558042605
200558042606
200558042607
200558042701
200558042702
200558042703
200558042704
200558042705
200558042706
200558042707
200558042708
200558042709
200558042801
200558042802
200558042803
200558042804
200558042805
200558042806
200558042807
200558042808
200558042809
200558042810
200558050301
200558050302
200558050303
200558050304
200558050305
200558050306
200558050307
200558050308
200558050309
200558050401
200558050402
200558050403
200558050404
200558050405
200558050406
200558050407
200558050408
200558050409
200558050410
200558050501
200558050502
200558050503
200558050504
200558050505
200558050506
200558050507
200558050508
200558050509
200558050510
200558050511
200558051001
200558051002
200558051003
200558051004
200558051005
200558051006
200558051007
200558051008
200558051009
200558051101
200558051102
200558051103
200558051104
200558051105
200558051106
200558051107
200558051108
200558051109
200558051110
200558051201
200558051202
200558051203
200558051204
200558051205
200558051206
200558051207
200558051208
200558051209
200558051210
200558051701
200558051702
200558051703
200558051704
200558051705
200558051706
200558051707
200558051708
200558051709
200558051801
200558051802
200558051803
200558051804
200558051805
200558051806
200558051807
200558051901
200558051902
200558051903
200558051904
200558051905
200558051906
200558052401
200558052402
200558052403
200558052404
200558052405
200558052406
200558052407
200558052408
200558052409
200558052410
200558052501
200558052502
200558052503
200558052504
200558052505
200558052506
200558052507
200558052508
200558052509
200558052510
200558052511
200558052601
200558052602
200558053101
200558053102
200558053103
200558060101
200558060102
200558060103
200558060104
200558060105
200558060106
200558060107
200558060108
200558060109
200558060110
200558060201
200558060202
200558060203
200558060204
200558060205
200558060206
200558060207
200558060208
200558060209
200558060210
200558060211
200558060701
200558060702
200558060703
200558060704
200558060705
200558060706
200558060707
200558060708
200558060709
200558060710
200558060711
200558060712
200558060801
200558060802
200558060803
200558060804
200558060805
200558060806
200558060807
200558060808
200558060809
200558060810
200558060811
200558060812
200558060901
200558060902
200558060903
200558060904
200558060905
200558060906
200558060907
200558060908
200558060909
200558061401
200558061402
200558061403
200558061404
200558061405
200558061406
200558061407
200558061408
200558061409
200558061410
200558061501
200558061502
200558061503
200558061504
200558061505
200558061506
200558061507
200558061508
200558061509
200558061510
200558061511
200558061601
200558061602
200558061603
200558061604
200558061605
200558061606
200558061607
200558061608
200558061609
200558061610
200558061611
200558061612
200558062101
200558062102
200558062103
200558062104
200558062105
200558062106
200558062107
200558062108
200558062109
200558062110
200558062111
200558062112
200558062201
200558062202
200558062203
200558062204
200558062205
200558062206
200558062207
200558062208
200558062209
200558062210
200558062211
200558062212
200558062301
200558062302
200558062303
200558062304
200558062305
200558062306
200558062307
200558062308
200558062309
200558062310
200558062801
200558062802
200558062803
200558062804
200558062805
200558062806
200558062807
200558062808
200558062809
200558062901
200558062902
200558062903
200558062904
200558062905
200558062906
200558062907
200558062908
200558062909
200558062910
200558062911
200558063001
200558063002
200558063003
200558063004
200558063005
200558063006
200558063007
200558063008
200558063009
200558063010
200558063011
200558063012