202101010101
202101010102
202101010103
202101010104
202101010105
202101010106
202101010107
202101010108
202101010109
202101010110
202101010111
202101010112
202101010201
202101010202
202101010203
202101010204
202101010205
202101010206
202101010207
202101010208
202101010209
202101010210
202101010211
202101010212
202101010301
202101010302
202101010303
202101010304
202101010305
202101010306
202101010307
202101010308
202101010309
202101010310
202101010311
202101010312
202101010401
202101010402
202101010403
202101010404
202101010405
202101010406
202101010407
202101010408
202101010409
202101010410
202101010411
202101010412
202101010501
202101010502
202101010503
202101010504
202101010505
202101010506
202101010507
202101010508
202101010509
202101010510
202101010511
202101010512
202101010601
202101010602
202101010603
202101010604
202101010605
202101010606
202101010607
202101010608
202101010609
202101010610
202101010611
202101010612