202102010101
202102010102
202102010103
202102010104
202102010105
202102010106
202102010107
202102010108
202102010109
202102010110
202102010111
202102010112
202102010201
202102010202
202102010203
202102010204
202102010205
202102010206
202102010207
202102010208
202102010209
202102010210
202102010211
202102010212
202102010301
202102010302
202102010303
202102010304
202102010305
202102010306
202102010307
202102010308
202102010309
202102010310
202102010311
202102010312
202102010401
202102010402
202102010403
202102010404
202102010405
202102010406
202102010407
202102010408
202102010409
202102010410
202102010411
202102010412
202102010501
202102010502
202102010503
202102010504
202102010505
202102010506
202102010507
202102010508
202102010509
202102010510
202102010511
202102010512
202102010601
202102010602
202102010603
202102010604
202102010605
202102010606
202102010607
202102010608
202102010609
202102010610
202102010611
202102010612