202106010101
202106010102
202106010103
202106010104
202106010105
202106010106
202106010107
202106010108
202106010109
202106010110
202106010111
202106010112
202106010201
202106010202
202106010203
202106010204
202106010205
202106010206
202106010207
202106010208
202106010209
202106010210
202106010211
202106010212
202106010301
202106010302
202106010303
202106010304
202106010305
202106010306
202106010307
202106010308
202106010309
202106010310
202106010311
202106010312
202106010401
202106010402
202106010403
202106010404
202106010405
202106010406
202106010407
202106010408
202106010409
202106010410
202106010411
202106010412
202106010501
202106010502
202106010503
202106010504
202106010505
202106010506
202106010507
202106010508
202106010509
202106010510
202106010511
202106010512
202106010601
202106010602
202106010603
202106010604
202106010605
202106010606
202106010607
202106010608
202106010609
202106010610
202106010611
202106010612
202106010701
202106010702
202106010703
202106010704
202106010705
202106010706
202106010707
202106010708
202106010709
202106010710
202106010711
202106010712
202106010801
202106010802
202106010803
202106010804
202106010805
202106010806
202106010807
202106010808
202106010809
202106010810
202106010811
202106010812
202106020101
202106020102
202106020103
202106020104
202106020105
202106020106
202106020107
202106020108
202106020109
202106020110
202106020111
202106020112
202106020201
202106020202
202106020203
202106020204
202106020205
202106020206
202106020207
202106020208
202106020209
202106020210
202106020211
202106020212
202106020301
202106020302
202106020303
202106020304
202106020305
202106020306
202106020307
202106020308
202106020309
202106020310
202106020311
202106020312
202106020401
202106020402
202106020403
202106020404
202106020405
202106020406
202106020407
202106020408
202106020409
202106020410
202106020411
202106020412
202106020501
202106020502
202106020503
202106020504
202106020505
202106020506
202106020507
202106020508
202106020509
202106020510
202106020511
202106020512
202106020601
202106020602
202106020603
202106020604
202106020605
202106020606
202106020607
202106020608
202106020609
202106020610
202106020611
202106020612
202106020701
202106020702
202106020703
202106020704
202106020705
202106020706
202106020707
202106020708
202106020709
202106020710
202106020711
202106020712
202106020801
202106020802
202106020803
202106020804
202106020805
202106020806
202106020807
202106020808
202106020809
202106020810
202106020811
202106020812
202106030101
202106030102
202106030103
202106030104
202106030105
202106030106
202106030107
202106030108
202106030109
202106030110
202106030111
202106030112
202106030201
202106030202
202106030203
202106030204
202106030205
202106030206
202106030207
202106030208
202106030209
202106030210
202106030211
202106030212
202106030301
202106030302
202106030303
202106030304
202106030305
202106030306
202106030307
202106030308
202106030309
202106030310
202106030311
202106030312
202106030401
202106030402
202106030403
202106030404
202106030405
202106030406
202106030407
202106030408
202106030409
202106030410
202106030411
202106030412
202106030501
202106030502
202106030503
202106030504
202106030505
202106030506
202106030507
202106030508
202106030509
202106030510
202106030511
202106030512
202106030601
202106030602
202106030603
202106030604
202106030605
202106030606
202106030607
202106030608
202106030609
202106030610
202106030611
202106030612
202106030701
202106030702
202106030703
202106030704
202106030705
202106030706
202106030707
202106030708
202106030709
202106030710
202106030711
202106030712
202106030801
202106030802
202106030803
202106030804
202106030805
202106030806
202106030807
202106030808
202106030809
202106030810
202106030811
202106030812