202107010101
202107010102
202107010103
202107010104
202107010105
202107010106
202107010107
202107010108
202107010109
202107010110
202107010111
202107010112
202107010201
202107010202
202107010203
202107010204
202107010205
202107010206
202107010207
202107010208
202107010209
202107010210
202107010211
202107010212
202107010301
202107010302
202107010303
202107010304
202107010305
202107010306
202107010307
202107010308
202107010309
202107010310
202107010311
202107010312
202107010401
202107010402
202107010403
202107010404
202107010405
202107010406
202107010407
202107010408
202107010409
202107010410
202107010411
202107010412
202107010501
202107010502
202107010503
202107010504
202107010505
202107010506
202107010507
202107010508
202107010509
202107010510
202107010511
202107010512
202107010601
202107010602
202107010603
202107010604
202107010605
202107010606
202107010607
202107010608
202107010609
202107010610
202107010611
202107010612
202107010701
202107010702
202107010703
202107010704
202107010705
202107010706
202107010707
202107010708
202107010709
202107010710
202107010711
202107010712
202107010801
202107010802
202107010803
202107010804
202107010805
202107010806
202107010807
202107010808
202107010809
202107010810
202107010811
202107010812
202107010901
202107010902
202107010903
202107010904
202107010905
202107010906
202107010907
202107010908
202107010909
202107010910
202107010911
202107010912
202107011001
202107011002
202107011003
202107011004
202107011005
202107011006
202107011007
202107011008
202107011009
202107011010
202107011011
202107011012
202107011101
202107011102
202107011103
202107011104
202107011105
202107011106
202107011107
202107011108
202107011109
202107011110
202107011111
202107011112
202107011201
202107011202
202107011203
202107011204
202107011205
202107011206
202107011207
202107011208
202107011209
202107011210
202107011211
202107011212
202107020101
202107020102
202107020103
202107020104
202107020105
202107020106
202107020107
202107020108
202107020109
202107020110
202107020111
202107020112
202107020201
202107020202
202107020203
202107020204
202107020205
202107020206
202107020207
202107020208
202107020209
202107020210
202107020211
202107020212
202107020301
202107020302
202107020303
202107020304
202107020305
202107020306
202107020307
202107020308
202107020309
202107020310
202107020311
202107020312
202107020401
202107020402
202107020403
202107020404
202107020405
202107020406
202107020407
202107020408
202107020409
202107020410
202107020411
202107020412
202107020501
202107020502
202107020503
202107020504
202107020505
202107020506
202107020507
202107020508
202107020509
202107020510
202107020511
202107020512
202107020601
202107020602
202107020603
202107020604
202107020605
202107020606
202107020607
202107020608
202107020609
202107020610
202107020611
202107020612
202107030101
202107030102
202107030103
202107030104
202107030105
202107030106
202107030107
202107030108
202107030109
202107030110
202107030111
202107030112
202107030201
202107030202
202107030203
202107030204
202107030205
202107030206
202107030207
202107030208
202107030209
202107030210
202107030211
202107030212
202107030301
202107030302
202107030303
202107030304
202107030305
202107030306
202107030307
202107030308
202107030309
202107030310
202107030311
202107030312
202107030401
202107030402
202107030403
202107030404
202107030405
202107030406
202107030407
202107030408
202107030409
202107030410
202107030411
202107030412
202107030501
202107030502
202107030503
202107030504
202107030505
202107030506
202107030507
202107030508
202107030509
202107030510
202107030511
202107030512
202107030601
202107030602
202107030603
202107030604
202107030605
202107030606
202107030607
202107030608
202107030609
202107030610
202107030611
202107030612
202107030701
202107030702
202107030703
202107030704
202107030705
202107030706
202107030707
202107030708
202107030709
202107030710
202107030711
202107030712
202107030801
202107030802
202107030803
202107030804
202107030805
202107030806
202107030807
202107030808
202107030809
202107030810
202107030811
202107030812
202107040101
202107040102
202107040103
202107040104
202107040105
202107040106
202107040107
202107040108
202107040109
202107040110
202107040111
202107040112
202107040201
202107040202
202107040203
202107040204
202107040205
202107040206
202107040207
202107040208
202107040209
202107040210
202107040211
202107040212
202107040301
202107040302
202107040303
202107040304
202107040305
202107040306
202107040307
202107040308
202107040309
202107040310
202107040311
202107040312
202107040401
202107040402
202107040403
202107040404
202107040405
202107040406
202107040407
202107040408
202107040409
202107040410
202107040411
202107040412