201403010101
201403010102
201403010103
201403010106
201403010108
201403010109
201403010110
201403010111
201403010112
201403010202
201403010204
201403010205
201403010206
201403010207
201403010209
201403010211
201403010212
201403010302
201403010304
201403010306
201403010307
201403010309
201403010310
201403010311
201403010312
201403010402
201403010403
201403010404
201403010405
201403010407
201403010408
201403010410
201403010411
201403010412
201403010501
201403010502
201403010503
201403010504
201403010508
201403010509
201403010510
201403010511
201403010512
201403010602
201403010603
201403010604
201403010605
201403010606
201403010608
201403010610
201403010611
201403020103
201403020106
201403020108
201403020109
201403020111
201403020202
201403020204
201403020205
201403020207
201403020208
201403020210
201403020211
201403020212
201403020301
201403020302
201403020304
201403020306
201403020307
201403020308
201403020310
201403020311
201403020312
201403020401
201403020402
201403020403
201403020406
201403020408
201403020409
201403020410
201403020411
201403020412
201403020503
201403020505
201403020506
201403020507
201403020508
201403020509
201403020510
201403020512
201403020602
201403020603
201403020604
201403020606
201403020607
201403020608
201403020609
201403020610
201403020611
201403020701
201403020703
201403020705
201403020707
201403020708
201403020709
201403020710
201403020711
201403020712
201403020808
201403020809
201403020810
201403020811
201403030103
201403030104
201403030106
201403030107
201403030108
201403030109
201403030110
201403030111
201403030112
201403030202
201403030203
201403030204
201403030206
201403030208
201403030209
201403030210
201403030211
201403030212
201403030303
201403030306
201403030307
201403030308
201403030309
201403030310
201403030311
201403030312
201403030401
201403030403
201403030405
201403030406
201403030407
201403030408
201403030410
201403030411
201403030412
201403030501
201403030503
201403030505
201403030506
201403030507
201403030508
201403030509
201403030511
201403030512
201403030603
201403030604
201403030605
201403030606
201403030609
201403030610
201403030611
201403030612
201403040102
201403040104
201403040106
201403040107
201403040108
201403040109
201403040110
201403040111
201403040112
201403040202
201403040203
201403040204
201403040205
201403040207
201403040208
201403040209
201403040210
201403040212
201403040301
201403040302
201403040305
201403040307
201403040308
201403040309
201403040310
201403040311
201403040402
201403040405
201403040407
201403040408
201403040411
201403040412