201409010101
201409010103
201409010104
201409010105
201409010107
201409010108
201409010109
201409010111
201409010201
201409010202
201409010206
201409010207
201409010209
201409010210
201409010211
201409010212
201409010302
201409010304
201409010305
201409010306
201409010307
201409010309
201409010311
201409010312
201409010401
201409010403
201409010405
201409010406
201409010408
201409010409
201409010412
201409010501
201409010503
201409010504
201409010505
201409010507
201409010509
201409010510
201409010511
201409010512
201409010601
201409010604
201409010607
201409010608
201409010610
201409010611
201409010612
201409010701
201409010704
201409010705
201409010707
201409010708
201409010710
201409010711
201409010712
201409010801
201409010802
201409010803
201409010804
201409010806
201409010807
201409010809
201409010810
201409010811
201409010812
201409020101
201409020104
201409020106
201409020107
201409020109
201409020201
201409020203
201409020205
201409020206
201409020207
201409020209
201409020210
201409020211
201409020212
201409020301
201409020303
201409020304
201409020306
201409020307
201409020311
201409020312
201409020401
201409020404
201409020407
201409020408
201409020409
201409020410
201409020411
201409020412
201409020501
201409020502
201409020504
201409020505
201409020507
201409020508
201409020510
201409020511
201409020512
201409020601
201409020603
201409020606
201409020608
201409020609
201409020610
201409020611
201409020701
201409020702
201409020703
201409020704
201409020705
201409020707
201409020708
201409020710
201409020711
201409020712
201409020801
201409020804
201409020805
201409020806
201409020807
201409020809
201409020811
201409020812
201409030101
201409030102
201409030106
201409030109
201409030110
201409030111
201409030112
201409030201
201409030203
201409030205
201409030206
201409030207
201409030209
201409030211
201409030212
201409030301
201409030306
201409030307
201409030308
201409030309
201409030310
201409030311
201409030312
201409030401
201409030403
201409030404
201409030405
201409030408
201409030409
201409030410
201409030411
201409030501
201409030502
201409030503
201409030505
201409030506
201409030508
201409030509
201409030510
201409030511
201409030512
201409030601
201409030602
201409030605
201409030606
201409030607
201409030608
201409030609
201409030610
201409030703
201409030704
201409030705
201409030706
201409030707
201409030709
201409030710
201409030711
201409030802
201409030806
201409030807
201409030809
201409030811
201409030812
201409040102
201409040104
201409040105
201409040107
201409040108
201409040109
201409040110
201409040111
201409040112
201409040201
201409040202
201409040203
201409040206
201409040207
201409040208
201409040209
201409040211
201409040212
201409040303
201409040304
201409040305
201409040306
201409040310
201409040311
201409040312
201409040402
201409040403
201409040404
201409040406
201409040407
201409040408
201409040410
201409040411
201409040412
201409040501
201409040502
201409040503
201409040507
201409040509
201409040510
201409040511
201409040512
201409040602
201409040604
201409040606
201409040607
201409040609
201409040610
201409040611
201409040612
201409040702
201409040703
201409040704
201409040705
201409040706
201409040710
201409040712
201409040803
201409040806
201409040807
201409040809
201409040810
201409040811
201409040812
201409050101
201409050103
201409050104
201409050105
201409050106
201409050110
201409050112
201409050202
201409050203
201409050205
201409050206
201409050207
201409050211
201409050212
201409050301
201409050303
201409050308
201409050309
201409050310
201409050311
201409050312
201409050401
201409050406
201409050407
201409050408
201409050409
201409050410
201409050411
201409050412
201409050501
201409050503
201409050505
201409050506
201409050508
201409050510
201409050512
201409050604
201409050605
201409050606
201409050608
201409050609
201409050610
201409050612
201409050701
201409050704
201409050709
201409050710
201409050711
201409050712
201409050802
201409050804
201409050806
201409050807
201409050808
201409050810
201409050811
201409050812