201436010201
201436010407
201436010411
201436010506
201436010510
201436010511
201436011208
201436011305
201436011309
201436032209
201436032306
201436032907
201436032910
201436033004
201436033010
201436033103
201436040506
201436040606
201436040610
201436040711
201436041205
201436041208
201436041210
201436041211
201436041307
201436041410
201436041905
201436042001
201436042101
201436042108
201436042110
201436042607
201436042708
201436042709
201436042710
201436042807
201436042809
201436061501
201436061508
201436062104
201436062109
201436062207
201436062210
201436062805
201436062907
201436062908
201436062911
201436070505
201436070511
201436070610
201436070704
201436070710
201436082403
201436082404
201436082505
201436082510
201436083009
201436083105
201436090103
201436090109
201436090610
201436090706
201436090809
201436090810
201436091311
201436091406
201436091407
201436091409
201436111502
201436111503
201436111510
201436111511
201436111611
201436111705
201436111708
201436112210
201436112304
201436112307
201436112311
201436112409
201436112411
201436112904
201436112908
201436113005
201436113008
201436120102
201436120103
201436120110
201436120111
201436120603
201436120705
201436120708
201436120710
201436120802
201436120811
201436121301
201436121303
201436121306
201436121405
201436121408
201436121508
201436121510
201436122002
201436122007
201436122108
201436122110
201436122203
201436122208
201436122211
201436122703
201436122704
201436122705
201436122803
201436122807
201436122905
201436122909
201436123109