201446032311
201446032504
201446032505
201446040604
201446040609
201446041502
201446041503
201446041510
201446042203
201446042210
201446042902
201446042910
201446050405
201446050411
201446050603
201446051302
201446051310
201446051805
201446052002
201446052502
201446052506
201446052701
201446052704
201446060803
201446061009
201446061507
201446061707
201446062203
201446062409
201446062908
201446070106
201446070111
201446071307
201446071507
201446071508
201446071511
201446072207
201446072210
201446072903
201446072904
201446072907
201446081006
201446081007
201446081012
201446081106
201446081107
201446081112
201446081205
201446081910
201446082604
201446083103
201446090206
201446090906
201446091401
201446092106
201446092311
201446093002
201446093010
201446100501
201446100509
201446100709
201446100710
201446101204
201446101411
201446101901
201446102108
201446102606
201446102801
201446110201
201446110404
201446110407
201446110411
201446110906
201446111105
201446111110
201446111603
201446111605
201446111610
201446111807
201446112306
201446112506
201446113002
201446113008
201446120211
201446120311
201446120702
201446120705
201446120802
201446120805
201446120905
201446120909
201446120910
201446121404
201446121504
201446121603
201446121607
201446122105
201446122109
201446122205
201446122504
201446122508