201455010205
201455010207
201455010306
201455010309
201455010403
201455010505
201455010507
201455010510
201455011306
201455011801
201455011808
201455012510
201455020103
201455020108
201455020805
201455020901
201455020911
201455021302
201455021310
201455021608
201455022203
201455022305
201455022310
201455030205
201455030807
201455031605
201455031611
201455031703
201455032209
201455032307
201455040503
201455040504
201455040610
201455042007
201455042010
201455042607
201455042611
201455050501
201455051105
201455051110
201455051701
201455051708
201455053101
201455053103
201455053110
201455061402
201455061404
201455061408
201455062802
201455062810
201455062906
201455062910
201455071208
201455071307
201455072606
201455072708
201455080908
201455081611
201455081901
201455081908
201455082403
201455082406
201455083010
201455083107
201455090607
201455090703
201455092002
201455092008
201455092011
201455092103
201455092807
201455100401
201455100507
201455101109
201455101305
201455101903
201455101906
201455102609
201455110109
201455110801
201455110803
201455110806
201455110901
201455110907
201455112207
201455112210
201455112308
201455112309
201455112405
201455121308
201455121405
201455121407
201455122008
201455122108
201455122708
201455122805