200935051609
200935051610
200935051703
200935051706
200935051707
200935051710
200935051809
200935052306
200935052412
200935052510
200935052511
200935053105
200935053107
200935053110
200935060109
200935060110
200935060605
200935060808
200935060810
200935060811
200935071106
200935071107
200935071209
200935071210
200935071308
200935071310
200935071904
200935071910
200935072009
200935072010
200935072510
200935072610
200935072711
200935080104
200935080109
200935080204
200935080210
200935080911
200935081010
200935081404
200935081409
200935081411
200935081510
200935081608
200935081710
200935092001
200935092010
200935092102
200935092110
200935092201
200935092202
200935092702
200935092709
200935092710
200935092711
200935092807
200935092809
200935092811
200935100301
200935100308
200935100404
200935100405
200935100501
200935100509
200935100510
200935101003
200935101005
200935101006
200935101110
200935101111
200935101210
200935101211
200935101702
200935101809
200935101810
200935101905
200935101908
200935101909
200935102404
200935102407
200935102408
200935102502
200935102504
200935102509
200935102604