200936010201
200936010202
200936010203
200936010204
200936010205
200936010206
200936010207
200936010208
200936010209
200936010301
200936010302
200936010303
200936010304
200936010305
200936010306
200936010401
200936010402
200936010403
200936010404
200936010405
200936010406
200936010407
200936010408
200936010409
200936010410
200936011001
200936011002
200936011003
200936011004
200936011201
200936011202
200936011203
200936011204
200936011205
200936011206
200936011207
200936011208
200936011209
200936011210
200936011211
200936032001
200936032002
200936032003
200936032004
200936032005
200936032006
200936032007
200936032008
200936032009
200936032010
200936032101
200936032102
200936032103
200936032104
200936032105
200936032106
200936032107
200936032108
200936032109
200936032110
200936032111
200936032201
200936032202
200936032203
200936032204
200936032205
200936032206
200936032301
200936032302
200936032303
200936032901
200936032902
200936032903
200936032904
200936032905
200936032906
200936032907
200936032908
200936032909
200936032910
200936040501
200936040502
200936040503
200936040504
200936040505
200936040506
200936040507
200936040508
200936040509
200936040510
200936040511
200936040512
200936040601
200936040602
200936040603
200936040604
200936040605
200936040606
200936040607
200936040608
200936040609
200936040610
200936040611
200936041201
200936041202
200936041203
200936041301
200936041302
200936041303
200936041304
200936041305
200936041306
200936041307
200936041308
200936041309
200936041310
200936041311
200936041801
200936041802
200936041803
200936041804
200936041805
200936041806
200936041807
200936041808
200936041809
200936041810
200936041811
200936041901
200936041902
200936041903
200936041904
200936041905
200936041906
200936041907
200936041908
200936041909
200936041910
200936041911
200936041912
200936042001
200936042002
200936042003
200936042004
200936042005
200936042006
200936042007
200936042008
200936042501
200936042502
200936042503
200936042504
200936042505
200936042506
200936042701
200936042702
200936042703
200936042704
200936042705
200936042706
200936042707
200936042708
200936042709
200936042710
200936050301
200936050302
200936050303
200936050304
200936050305
200936050306
200936050307
200936050308
200936050309
200936050310
200936050401
200936050402
200936050403
200936050404
200936050405
200936050406
200936050407
200936050408
200936050409
200936050410
200936050501
200936050502
200936050503
200936050504
200936050505
200936050506
200936050507
200936050508
200936050509
200936050510
200936050601
200936050602
200936050603
200936050604
200936050605
200936050606
200936050607
200936050608
200936050609
200936050610
200936051001
200936051002
200936051003
200936051004
200936051005
200936051006
200936051101
200936051102
200936051103
200936051104
200936051105
200936051106
200936051107
200936051108
200936051109
200936051110
200936051111
200936061301
200936061302
200936061303
200936061304
200936061305
200936061306
200936061307
200936061308
200936061309
200936061310
200936061311
200936061401
200936061402
200936062201
200936062202
200936062203
200936062204
200936062205
200936062206
200936062207
200936062208
200936062209
200936062210
200936062211
200936062701
200936062702
200936062703
200936062704
200936062705
200936062706
200936062707
200936062708
200936062709
200936062710
200936062801
200936062802
200936062803
200936062804
200936062805
200936062806
200936062807
200936062808
200936062809
200936062810
200936062811
200936062901
200936062902
200936070401
200936070402
200936070403
200936070404
200936070405
200936070406
200936070407
200936070408
200936070409
200936070601
200936070602
200936070603
200936070604
200936070605
200936070606
200936070607
200936070608
200936070609
200936070610
200936070611
200936082201
200936082202
200936082203
200936082204
200936082205
200936082206
200936082207
200936082208
200936082209
200936082210
200936082211
200936082301
200936082302
200936082303
200936082304
200936082305
200936082306
200936082307
200936082401
200936082402
200936082403
200936082404
200936082405
200936082406
200936082407
200936082408
200936082409
200936082410
200936082411
200936082412
200936082901
200936082902
200936082903
200936082904
200936082905
200936082906
200936082907
200936082908
200936083001
200936083002
200936083003
200936083004
200936083005
200936083006
200936083007
200936083008
200936083009
200936083010
200936083101
200936083102
200936083103
200936083104
200936083105
200936083106
200936083107
200936083108
200936083109
200936083110
200936083111
200936090501
200936090502
200936090503
200936090504
200936090505
200936090506
200936090507
200936090508
200936090509
200936090510
200936090601
200936090602
200936090603
200936090604
200936090605
200936090606
200936090607
200936091201
200936091202
200936091203
200936091204
200936091205
200936091206
200936091207
200936091208
200936091209
200936091210
200936091401
200936091402
200936091403
200936091404
200936091405
200936091406
200936091407
200936091408
200936091409
200936091410
200936091411
200936110101
200936110102
200936110103
200936110104
200936110105
200936110106
200936110107
200936110108
200936110109
200936110301
200936110302
200936110303
200936110304
200936110305
200936110306
200936110307
200936110308
200936110701
200936110702
200936110703
200936110704
200936110705
200936110706
200936110707
200936110708
200936110709
200936110710
200936110801
200936110802
200936110803
200936110804
200936110805
200936110806
200936110901
200936110902
200936110903
200936110904
200936110905
200936110906
200936110907
200936110908
200936110909
200936110910
200936110911
200936111501
200936111502
200936111503
200936111504
200936111505
200936111506
200936111507
200936111508
200936111509
200936111601
200936111602
200936111603
200936111604
200936111605
200936111606
200936111607
200936111608
200936111609
200936111610
200936112101
200936112102
200936112103
200936112104
200936112105
200936112106
200936112107
200936112108
200936112109
200936112110
200936112111
200936112201
200936112202
200936112203
200936112204
200936112205
200936112206
200936112207
200936112208
200936112209
200936112301
200936112302
200936112303
200936112304
200936112305
200936112306
200936112307
200936112308
200936112309
200936112310
200936112311
200936112801
200936112802
200936112803
200936112804
200936112805
200936112806
200936112807
200936112808
200936112901
200936112902
200936112903
200936112904
200936112905
200936113001
200936113002
200936113003
200936113004
200936113005
200936113006
200936113007
200936113008
200936113009
200936113010
200936120501
200936120502
200936120503
200936120504
200936120505
200936120506
200936120601
200936120602
200936120603
200936120604
200936120605
200936120701
200936120702
200936120703
200936120704
200936120705
200936120706
200936120707
200936120708
200936120709
200936120710
200936121201
200936121202
200936121203
200936121204
200936121205
200936121206
200936121207
200936121208
200936121301
200936121302
200936121303
200936121304
200936121305
200936121306
200936121307
200936121308
200936121309
200936121401
200936121402
200936121403
200936121404
200936121405
200936121406
200936121407
200936122001
200936122002
200936122003
200936122004
200936122005
200936122006
200936122007
200936122008
200936122009
200936122101
200936122102
200936122103
200936122104
200936122105
200936122701
200936122702
200936122703
200936122704
200936122705
200936122706
200936122901
200936122902
200936122903
200936122904
200936122905
200936122906
200936122907
200936122908
200936123001
200936123002
200936123003
200936123004
200936123005
200936123006
200936123007
200936123008
200936123009