200943010601
200943010602
200943010606
200943010607
200943010701
200943010704
200943010707
200943010709
200943010710
200943010711
200943010804
200943010806
200943010808
200943010809
200943010901
200943010903
200943010908
200943010910
200943010911
200943020201
200943020202
200943020205
200943020208
200943020209
200943020210
200943020303
200943020306
200943020310
200943020311
200943020403
200943020406
200943020409
200943020410
200943020502
200943020508
200943020510
200943020601
200943020603
200943020607
200943020610
200943030907
200943030911
200943030912
200943031003
200943031004
200943031009
200943031011
200943031102
200943031104
200943031106
200943031108
200943031110
200943031202
200943031204
200943031210
200943031304
200943031309
200943031312
200943040101
200943040103
200943040106
200943040110
200943040205
200943040208
200943040210
200943040302
200943040306
200943040311
200943050404
200943050405
200943050409
200943050503
200943050505
200943050507
200943050510
200943050605
200943050607
200943050608
200943050709
200943050710
200943050801
200943050802
200943050805
200943050809
200943060804
200943060807
200943060808
200943060811
200943060906
200943060910
200943060911
200943061011
200943061102
200943061105
200943061109
200943061110
200943061201
200943061206
200943061207
200943061209
200943073001
200943073004
200943073008
200943073011
200943073111
200943080302
200943080308
200943080405
200943080406
200943080408
200943083105
200943083107
200943083109
200943083111
200943090103
200943090106
200943090108
200943090110
200943090209
200943090211
200943090302
200943090305
200943090307
200943090308
200943090309
200943092206
200943092208
200943092211
200943092302
200943092305
200943092307
200943092308
200943092310
200943092311
200943092503
200943092507
200943092508
200943092510
200943102603
200943102605
200943102607
200943102609
200943102610
200943102703
200943102705
200943102708
200943102709
200943102802
200943102805
200943102808
200943102902
200943102906
200943102908
200943102910
200943102911
200943103003
200943103005
200943103009
200943103011
200943111602
200943111606
200943111607
200943111608
200943111609
200943111610
200943111611
200943111704
200943111705
200943111706
200943111708
200943111711
200943111803
200943111805
200943111806
200943111810
200943111901
200943111904
200943111906
200943111908
200943111909
200943111910
200943112007
200943112011
200943120702
200943120703
200943120708
200943120711
200943120802
200943120804
200943120810
200943120811
200943120903
200943120906
200943120907
200943120908
200943120910
200943120911
200943121005
200943121006
200943121008
200943121009
200943121106