200944011901
200944011902
200944011903
200944011904
200944011905
200944011906
200944011907
200944011908
200944011909
200944011910
200944011911
200944011912
200944012001
200944012002
200944012003
200944012004
200944012005
200944012006
200944012007
200944012008
200944012009
200944012010
200944012011
200944012012
200944012101
200944012102
200944012103
200944012104
200944012105
200944012106
200944012107
200944012108
200944012109
200944012110
200944012111
200944012112
200944012201
200944012202
200944012203
200944012204
200944012205
200944012206
200944012207
200944012208
200944012209
200944012210
200944012211
200944012301
200944012302
200944012303
200944012304
200944012305
200944012306
200944012307
200944012308
200944012309
200944012310
200944012311
200944012312
200944021601
200944021602
200944021603
200944021604
200944021605
200944021606
200944021607
200944021608
200944021609
200944021610
200944021611
200944021612
200944021701
200944021702
200944021703
200944021704
200944021705
200944021706
200944021707
200944021708
200944021709
200944021710
200944021801
200944021802
200944021803
200944021804
200944021805
200944021806
200944021807
200944021808
200944021809
200944021810
200944021811
200944021812
200944021901
200944021902
200944021903
200944021904
200944021905
200944021906
200944021907
200944021908
200944021909
200944021910
200944021911
200944021912
200944022001
200944022002
200944022003
200944022004
200944022005
200944022006
200944022007
200944022008
200944022009
200944030201
200944030202
200944030203
200944030204
200944030205
200944030206
200944030301
200944030302
200944030303
200944030304
200944030305
200944030306
200944030307
200944030308
200944030309
200944030310
200944030311
200944030401
200944030402
200944030403
200944030404
200944030405
200944030406
200944030407
200944030408
200944030409
200944030410
200944030411
200944030412
200944030501
200944030502
200944030503
200944030504
200944030505
200944030506
200944030507
200944030508
200944030509
200944030510
200944030511
200944030601
200944030602
200944030603
200944030604
200944030605
200944030606
200944030607
200944030608
200944030609
200944030610
200944030611
200944030612
200944032301
200944032302
200944032303
200944032304
200944032305
200944032306
200944032307
200944032308
200944032309
200944032310
200944032311
200944032401
200944032402
200944032403
200944032404
200944032405
200944032406
200944032407
200944032408
200944032409
200944032410
200944032411
200944032412
200944032501
200944032502
200944032503
200944032504
200944032505
200944032506
200944032507
200944032508
200944032509
200944032601
200944032602
200944032603
200944032604
200944032605
200944032606
200944032607
200944032608
200944032609
200944032610
200944032611
200944032701
200944032702
200944032703
200944032704
200944032705
200944032706
200944032707
200944032708
200944032709
200944032710
200944040601
200944040602
200944040603
200944040604
200944040605
200944040606
200944040607
200944040608
200944040701
200944040702
200944040703
200944040704
200944040705
200944040706
200944040707
200944040708
200944040709
200944040710
200944040711
200944040801
200944040802
200944040803
200944040804
200944040805
200944040806
200944040807
200944040808
200944040809
200944040810
200944040811
200944040812
200944040901
200944040902
200944040903
200944040904
200944040905
200944040906
200944040907
200944040908
200944040909
200944041001
200944041002
200944041003
200944041004
200944041005
200944041006
200944041007
200944041008
200944041009
200944041010
200944042001
200944042002
200944042003
200944042004
200944042005
200944042006
200944042007
200944042008
200944042009
200944042010
200944042011
200944042012
200944042101
200944042102
200944042103
200944042104
200944042105
200944042106
200944042107
200944042108
200944042109
200944042110
200944042111
200944042112
200944042201
200944042202
200944042203
200944042204
200944042205
200944042206
200944042207
200944042208
200944042209
200944042210
200944042211
200944042212
200944042301
200944042302
200944042303
200944042304
200944042305
200944042306
200944042307
200944042308
200944042309
200944042310
200944042401
200944042402
200944042403
200944051001
200944051002
200944051003
200944051004
200944051005
200944051006
200944051007
200944051008
200944051009
200944051010
200944051101
200944051102
200944051103
200944051104
200944051105
200944051106
200944051107
200944051108
200944051109
200944051110
200944051201
200944051202
200944051203
200944051204
200944051205
200944051206
200944051207
200944051208
200944051209
200944051210
200944051211
200944051301
200944051302
200944051303
200944051304
200944051305
200944051306
200944051307
200944051308
200944051309
200944051310
200944051311
200944051401
200944051402
200944051403
200944051404
200944051405
200944051406
200944051407
200944051408
200944051409
200944051410
200944051411
200944051501
200944051502
200944051503
200944051504
200944051505
200944051506
200944051507
200944051508
200944051509
200944053101
200944053102
200944053103
200944053104
200944053105
200944053106
200944053107
200944053108
200944060101
200944060102
200944060103
200944060104
200944060105
200944060106
200944060107
200944060108
200944060201
200944060202
200944060203
200944060204
200944060205
200944060206
200944060207
200944060208
200944060209
200944060210
200944060301
200944060302
200944060303
200944060304
200944060305
200944060306
200944060307
200944060308
200944060309
200944060310
200944060311
200944060401
200944060402
200944060403
200944060404
200944060405
200944060406
200944060407
200944060408
200944060409
200944060410
200944060411
200944060501
200944060502
200944060503
200944060504
200944060505
200944060506
200944060507
200944060508
200944060509
200944060510
200944060511
200944062101
200944062102
200944062103
200944062104
200944062105
200944062106
200944062107
200944062108
200944062109
200944062110
200944062201
200944062202
200944062203
200944062204
200944062205
200944062206
200944062207
200944062208
200944062301
200944062302
200944062303
200944062304
200944062401
200944062402
200944062403
200944062404
200944062405
200944062406
200944062407
200944062408
200944062409
200944062410
200944062411
200944062412
200944062501
200944062502
200944062503
200944062504
200944062505
200944062506
200944062507
200944062508
200944062601
200944062602
200944062603
200944062604
200944062605
200944062606
200944062607
200944062608
200944062609
200944062610
200944062611
200944070501
200944070502
200944070503
200944070504
200944070505
200944070506
200944070507
200944070508
200944070509
200944070510
200944070601
200944070602
200944070603
200944070604
200944070605
200944070606
200944070701
200944070702
200944070703
200944070704
200944070705
200944070706
200944070707
200944070708
200944070709
200944070801
200944070802
200944070803
200944070804
200944070805
200944070806
200944070807
200944070808
200944070809
200944070810
200944070811
200944070812
200944070901
200944070902
200944070903
200944070904
200944070905
200944070906
200944070907
200944070908
200944070909
200944070910
200944071001
200944071002
200944071003
200944071004
200944071005
200944071006
200944071007
200944072001
200944072002
200944072003
200944072004
200944072005
200944072006
200944072007
200944072008
200944072009
200944072101
200944072102
200944072103
200944072104
200944072105
200944072106
200944072107
200944072108
200944072109
200944072110
200944072111
200944072201
200944072202
200944072203
200944072204
200944072205
200944072206
200944072207
200944072208
200944072209
200944072210
200944072211
200944072301
200944072302
200944072303
200944072304
200944072305
200944072306
200944072307
200944072308
200944072309
200944072310
200944072401
200944072402
200944072403
200944072404
200944072405
200944072406
200944072407
200944072408
200944081001
200944081002
200944081003
200944081004
200944081005
200944081006
200944081007
200944081008
200944081009
200944081010
200944081101
200944081102
200944081103
200944081104
200944081105
200944081106
200944081107
200944081108
200944081109
200944081110
200944081111
200944081201
200944081202
200944081203
200944081204
200944081205
200944081206
200944081207
200944081208
200944081209
200944081210
200944081301
200944081401
200944081402
200944081403
200944081404
200944081405
200944081406
200944081407
200944081408
200944081409
200944081410
200944081411
200944081501
200944082301
200944082302
200944082303
200944082304
200944082401
200944082402
200944082403
200944082404
200944082405
200944082406
200944082407
200944082408
200944082409
200944082501
200944082502
200944082503
200944082504
200944082505
200944082506
200944082507
200944082508
200944082509
200944082510
200944082511
200944082601
200944082602
200944082603
200944082604
200944082605
200944082606
200944082607
200944082608
200944082701
200944082702
200944082703
200944082704
200944082705
200944082706
200944082707
200944082708
200944082709
200944082710
200944082711
200944082801
200944082802
200944082803
200944082804
200944082805
200944082806
200944082807
200944082808
200944082809
200944082810
200944091301
200944091302
200944091303
200944091304
200944091305
200944091306
200944091307
200944091308
200944091309
200944091310
200944091401
200944091402
200944091403
200944091404
200944091405
200944091406
200944091407
200944091408
200944091409
200944091410
200944091501
200944091502
200944091503
200944091504
200944091505
200944091506
200944091507
200944091601
200944091602
200944091603
200944091604
200944091605
200944091606
200944091607
200944091608
200944091609
200944091610
200944091611
200944091701
200944091702
200944091703
200944091704
200944091705
200944091706
200944091707
200944091708
200944091709
200944091801
200944091802
200944091803
200944091804
200944091805
200944091806
200944091807
200944091808
200944091809
200944092801
200944092802
200944092803
200944092804
200944092805
200944092806
200944092807
200944092808
200944092809
200944092810
200944092811
200944092812
200944092901
200944092902
200944092903
200944092904
200944092905
200944092906
200944092907
200944092908
200944092909
200944092910
200944092911
200944092912
200944093001
200944093002
200944093003
200944093004
200944093005
200944093006
200944093007
200944093008
200944093009
200944093010
200944093011
200944093012
200944100101
200944100102
200944100103
200944100104
200944100105
200944100106
200944100107
200944100108
200944100109
200944100110
200944100111
200944100112
200944100201
200944100202
200944100203
200944100204
200944100205
200944100206
200944100207
200944100208
200944100209
200944101901
200944101902
200944101903
200944101904
200944101905
200944101906
200944101907
200944101908
200944101909
200944101910
200944101911
200944101912
200944102001
200944102002
200944102003
200944102004
200944102005
200944102006
200944102007
200944102008
200944102009
200944102010
200944102011
200944102012
200944102101
200944102102
200944102103
200944102104
200944102105
200944102106
200944102107
200944102108
200944102109
200944102110
200944102111
200944102112
200944102201
200944102202
200944102203
200944102204
200944102205
200944102206
200944102207
200944102208
200944102209
200944102301
200944102302
200944102303
200944102304
200944102305
200944102306
200944102307
200944102308
200944102309
200944102310
200944102311
200944110201
200944110202
200944110203
200944110204
200944110205
200944110206
200944110207
200944110208
200944110209
200944110210
200944110301
200944110302
200944110303
200944110304
200944110305
200944110306
200944110307
200944110308
200944110309
200944110310
200944110401
200944110402
200944110403
200944110404
200944110405
200944110406
200944110501
200944110502
200944110503
200944110504
200944110505
200944110506
200944110507
200944110508
200944110509
200944110510
200944110511
200944110601
200944110602
200944110603
200944110604
200944110605
200944110606
200944110607
200944110608
200944110609
200944110610
200944110611
200944110701
200944110702
200944110703
200944110704
200944110705
200944110706
200944110707
200944110708
200944110709
200944110710
200944113001
200944113002
200944113003
200944113004
200944113005
200944113006
200944113007
200944113008
200944113009
200944113010
200944113011
200944113012
200944120101
200944120102
200944120103
200944120104
200944120105
200944120106
200944120107
200944120108
200944120109
200944120110
200944120111
200944120112
200944120201
200944120202
200944120203
200944120204
200944120205
200944120206
200944120207
200944120208
200944120209
200944120210
200944120211
200944120212
200944120301
200944120302
200944120303
200944120304
200944120305
200944120306
200944120307
200944120308
200944120309
200944120310
200944120311
200944120312
200944120401
200944120402
200944120403
200944120404
200944120405
200944120406
200944120407
200944120408
200944120409
200944120410
200944120411
200944120412
200944122801
200944122802
200944122803
200944122804
200944122805
200944122806
200944122807
200944122808
200944122809
200944122810
200944122811
200944122812
200944122901
200944122902
200944122903
200944122904
200944122905
200944122906
200944122907
200944122908
200944122909
200944122910
200944122911
200944123001
200944123002
200944123003
200944123004
200944123005
200944123006
200944123007
200944123008
200944123009
200944123010
200944123011
200944123012
200944123101
200944123102
200944123103
200944123104
200944123105
200944123106
200944123107
200944123108
200944123109
200944123110
200944123111