200945010101
200945010102
200945010103
200945010104
200945010105
200945010106
200945010107
200945010108
200945010109
200945010110
200945010111
200945010112
200945010201
200945010202
200945010203
200945010204
200945010205
200945010206
200945010207
200945010208
200945010209
200945010210
200945010211
200945010212
200945010301
200945010302
200945010303
200945010304
200945010305
200945010306
200945010307
200945010308
200945010401
200945010402
200945010403
200945010404
200945012601
200945012602
200945012603
200945012604
200945012605
200945012606
200945012607
200945012608
200945012609
200945012701
200945012702
200945012703
200945012704
200945012705
200945012706
200945012707
200945012708
200945012709
200945012710
200945012801
200945012802
200945012803
200945012804
200945012805
200945012806
200945012807
200945012808
200945012809
200945012810
200945012811
200945012901
200945012902
200945012903
200945012904
200945012905
200945012906
200945012907
200945012908
200945012909
200945012910
200945022301
200945022302
200945022303
200945022304
200945022305
200945022306
200945022307
200945022308
200945022309
200945022401
200945022402
200945022403
200945022404
200945022405
200945022406
200945022407
200945022408
200945022409
200945022410
200945022411
200945022501
200945022502
200945022503
200945022504
200945022505
200945022506
200945022507
200945022508
200945022509
200945022510
200945022601
200945022602
200945022603
200945022604
200945022605
200945022606
200945022607
200945022608
200945022609
200945022610
200945022611
200945022701
200945022702
200945022703
200945022704
200945022705
200945022706
200945022707
200945022708
200945022709
200945022710
200945022711
200945032901
200945032902
200945032903
200945032904
200945032905
200945032906
200945032907
200945033001
200945033002
200945033003
200945033004
200945033005
200945033006
200945033007
200945033008
200945033101
200945033102
200945033103
200945033104
200945033105
200945033106
200945033107
200945033108
200945033109
200945033110
200945033111
200945041301
200945041302
200945041303
200945041304
200945041305
200945041306
200945041307
200945041401
200945041402
200945041403
200945041404
200945041405
200945041406
200945041407
200945041408
200945041501
200945041502
200945041503
200945041504
200945041505
200945041506
200945041507
200945041508
200945041509
200945041510
200945041601
200945041602
200945041603
200945041604
200945041605
200945041606
200945041607
200945041608
200945041609
200945041701
200945041702
200945041703
200945041704
200945041705
200945041706
200945041707
200945041708
200945041709
200945051801
200945051802
200945051803
200945051804
200945051805
200945051806
200945051807
200945051901
200945051902
200945051903
200945051904
200945051905
200945051906
200945051907
200945051908
200945051909
200945051910
200945052001
200945052002
200945052003
200945052004
200945052005
200945052006
200945052007
200945052008
200945052009
200945052010
200945052011
200945052101
200945052201
200945052202
200945052203
200945052204
200945052205
200945052206
200945052207
200945052208
200945052209
200945052210
200945061501
200945061502
200945061503
200945061504
200945061505
200945061601
200945061602
200945061603
200945061604
200945061605
200945061606
200945061607
200945061608
200945061609
200945061701
200945061702
200945061703
200945061704
200945061705
200945061706
200945061707
200945061708
200945061709
200945061710
200945061711
200945061801
200945061802
200945061803
200945061804
200945061805
200945061806
200945061807
200945061901
200945061902
200945061903
200945061904
200945061905
200945061906
200945061907
200945061908
200945071301
200945071302
200945071303
200945071304
200945071305
200945071306
200945071307
200945071308
200945071309
200945071310
200945071401
200945071402
200945071403
200945071404
200945071405
200945071406
200945071407
200945071501
200945071502
200945071503
200945071504
200945071505
200945071506
200945071507
200945071508
200945071509
200945071510
200945071511
200945071601
200945071602
200945071603
200945071604
200945071605
200945071606
200945071607
200945071608
200945071609
200945071610
200945071701
200945071702
200945071703
200945071704
200945071705
200945071706
200945071707
200945071708
200945071709
200945071710
200945072701
200945072702
200945072703
200945072704
200945072705
200945072706
200945072707
200945072708
200945072801
200945072802
200945072803
200945072804
200945072805
200945072806
200945072807
200945072808
200945072809
200945072810
200945072811
200945072901
200945072902
200945072903
200945072904
200945072905
200945072906
200945072907
200945072908
200945081701
200945081702
200945081703
200945081704
200945081705
200945081706
200945081707
200945081708
200945081709
200945081801
200945081802
200945081803
200945081804
200945081805
200945081806
200945081807
200945081808
200945081809
200945081810
200945081901
200945081902
200945081903
200945081904
200945081905
200945081906
200945081907
200945081908
200945081909
200945081910
200945081911
200945082001
200945082002
200945082003
200945082004
200945082005
200945082006
200945082007
200945082008
200945082009
200945082010
200945082101
200945082102
200945082103
200945082104
200945082105
200945082106
200945082107
200945082108
200945082109
200945082110
200945090401
200945090402
200945090403
200945090404
200945090405
200945090406
200945090407
200945090408
200945090409
200945090701
200945090702
200945090703
200945090704
200945090705
200945090706
200945090707
200945090708
200945090709
200945090801
200945090802
200945090803
200945090804
200945090805
200945090806
200945090807
200945090808
200945090809
200945090810
200945090811
200945100501
200945100502
200945100503
200945100504
200945100505
200945100506
200945100507
200945100508
200945100509
200945100510
200945100601
200945100602
200945100603
200945100604
200945100605
200945100606
200945100607
200945100608
200945100609
200945100610
200945100701
200945100702
200945100703
200945100704
200945100705
200945100706
200945100707
200945100708
200945100801
200945100802
200945100803
200945100804
200945100805
200945100806
200945100807
200945100808
200945100809
200945100810
200945100901
200945100902
200945100903
200945110901
200945110902
200945110903
200945110904
200945110905
200945110906
200945110907
200945111001
200945111002
200945111003
200945111004
200945111005
200945111006
200945111007
200945111008
200945111009
200945111101
200945111102
200945111103
200945111104
200945111105
200945111106
200945111107
200945111108
200945111109
200945111110
200945111201
200945111202
200945111203
200945111204
200945111205
200945111206
200945111207
200945111208
200945111209
200945111210
200945111211
200945111301
200945111302
200945111303
200945111304
200945111305
200945111306
200945111307
200945111308
200945111309
200945111310
200945121401
200945121402
200945121403
200945121404
200945121405
200945121406
200945121407
200945121408
200945121409
200945121410
200945121501
200945121502
200945121503
200945121504
200945121505
200945121601
200945121602
200945121603
200945121604
200945121605
200945121606
200945121607
200945121608
200945121609
200945121610
200945121701
200945121702
200945121703
200945121704
200945121705
200945121706
200945121801
200945121802
200945121803
200945121804
200945121805
200945121806
200945121807
200945121808
200945121809
200945121810