200947010101
200947010105
200947010602
200947010603
200947010609
200947010708
200947010804
200947010901
200947011803
200947011805
200947011809
200947012007
200947012102
200947012110
200947012210
200947012306
200947020802
200947020810
200947021009
200947021101
200947021106
200947021206
200947021310
200947022202
200947022205
200947022208
200947022404
200947022409
200947022510
200947022606
200947022610
200947022706
200947022709
200947030803
200947030810
200947031004
200947031008
200947031010
200947031102
200947031103
200947031105
200947031108
200947031209
200947040209
200947040305
200947040309
200947040310
200947040903
200947040905
200947041008
200947042704
200947042710
200947042809
200947042903
200947042904
200947042905
200947043001
200947050104
200947051104
200947051110
200947051307
200947051308
200947051402
200947051404
200947051405
200947051503
200947051508
200947052606
200947052611
200947052710
200947052801
200947052902
200947052903
200947052906
200947060901
200947060902
200947060904
200947060910
200947061002
200947061007
200947061008
200947061110
200947062305
200947062310
200947062403
200947062404
200947062408
200947062502
200947062505
200947062507
200947072001
200947072202
200947072206
200947072305
200947072308
200947072311
200947072406
200947072409
200947080704
200947080705
200947081705
200947081710
200947081901
200947081905
200947081907
200947081910
200947082003
200947082006
200947090804
200947090807
200947090810
200947090905
200947090909
200947091003
200947091110
200947092201
200947092202
200947092206
200947092207
200947092208
200947092212
200947092303
200947092306
200947092409
200947100506
200947100511
200947100705
200947100708
200947100710
200947100711
200947100802
200947100803
200947100909
200947102602
200947102604
200947102605
200947102607
200947102808
200947102809
200947102903
200947102904
200947102905
200947102910
200947103010
200947110901
200947110902
200947110909
200947111005
200947111008
200947111101
200947111104
200947111108
200947111109
200947111202
200947111306
200947111308
200947112301
200947112303
200947112402
200947112405
200947112407
200947112506
200947112509
200947112510
200947112601
200947112605
200947112607
200947112707
200947121407
200947121409
200947121506
200947121605
200947121609
200947121701
200947121704
200947121709
200947121710
200947121805
200947122808
200947123005
200947123008
200947123102
200947123104
200947123106
200947123108