200948010111
200948010206
200948011201
200948011203
200948011205
200948011209
200948011211
200948011310
200948011509
200948012602
200948012607
200948012608
200948012708
200948012908
200948013005
200948020104
200948020108
200948020207
200948020209
200948020410
200948020609
200948021507
200948021510
200948021605
200948021607
200948021709
200948022010
200948030107
200948030204
200948030210
200948030510
200948030606
200948031608
200948031710
200948032507
200948032509
200948032609
200948041502
200948041511
200948041512
200948042108
200948042212
200948050410
200948050610
200948050710
200948051905
200948051909
200948052010
200948052011
200948060102
200948060111
200948060210
200948060511
200948061604
200948061608
200948061710
200948061711
200948061712
200948070105
200948070108
200948070110
200948070303
200948070305
200948070909
200948081009
200948081010
200948081207
200948081304
200948082511
200948082709
200948082804
200948090110
200948090111
200948090210
200948090211
200948091510
200948091611
200948091612
200948091810
200948093001
200948093006
200948093011
200948093012
200948100212
200948101201
200948101210
200948101301
200948101303
200948101310
200948102003
200948102010
200948110203
200948110205
200948110301
200948110308
200948110309
200948110310
200948110409
200948110504
200948110507
200948110511
200948110611
200948111601
200948111701
200948111703
200948111802
200948111805
200948111910
200948112003
200948112007
200948113009
200948120103
200948120107
200948120205
200948120208
200948120309
200948120408
200948120410
200948120803
200948120807
200948120907
200948120910
200948121104
200948121105
200948122109
200948122307
200948122310
200948122403
200948122406
200948122411
200948122505
200948122510
200948122511