200950010101
200950010102
200950010103
200950010104
200950010105
200950010106
200950010107
200950010108
200950010109
200950010110
200950010201
200950010202
200950010203
200950010204
200950010205
200950010206
200950010207
200950010301
200950010302
200950010303
200950010304
200950010305
200950010306
200950010307
200950010308
200950010309
200950010310
200950010311
200950010701
200950010702
200950010703
200950010704
200950010705
200950010706
200950010801
200950010802
200950010803
200950010804
200950010805
200950010806
200950010807
200950010808
200950010809
200950010810
200950011201
200950011202
200950011203
200950011204
200950011205
200950011206
200950011207
200950011208
200950011209
200950011210
200950011301
200950011302
200950011303
200950011304
200950011305
200950011306
200950011401
200950011402
200950011403
200950011404
200950011405
200950011406
200950011407
200950011408
200950011409
200950011410
200950011501
200950011502
200950011503
200950011504
200950011505
200950011506
200950011507
200950011508
200950011509
200950011510
200950011511
200950012001
200950012002
200950012003
200950012004
200950012005
200950012006
200950012007
200950012008
200950012009
200950012010
200950012011
200950012101
200950012102
200950012103
200950012104
200950012105
200950012106
200950012107
200950012201
200950012202
200950012203
200950012204
200950012205
200950012206
200950012207
200950012208
200950012209
200950012210
200950012211
200950012212
200950012701
200950012702
200950012703
200950012704
200950012705
200950012706
200950012707
200950012708
200950012709
200950012710
200950012711
200950012801
200950012802
200950012803
200950012804
200950012805
200950012806
200950012807
200950012808
200950012809
200950012810
200950012901
200950012902
200950012903
200950012904
200950012905
200950012906
200950012907
200950012908
200950012909
200950012910
200950012911
200950012912
200950013001
200950013002
200950013003
200950013004
200950013005
200950013006
200950013007
200950013008
200950013009
200950013010
200950020301
200950020302
200950020303
200950020304
200950020305
200950020306
200950020307
200950020308
200950020309
200950020310
200950020401
200950020402
200950020403
200950020404
200950020405
200950020406
200950020407
200950020408
200950020409
200950020410
200950020411
200950020501
200950020502
200950020503
200950020504
200950020505
200950020506
200950020507
200950020508
200950020509
200950020510
200950020511
200950020512
200950021001
200950021002
200950021003
200950021004
200950021005
200950021006
200950021007
200950021008
200950021009
200950021010
200950021011
200950021101
200950021102
200950021103
200950021104
200950021105
200950021106
200950021107
200950021108
200950021109
200950021110
200950021201
200950021202
200950021203
200950021204
200950021205
200950021206
200950021207
200950021208
200950021209
200950021210
200950021211
200950021701
200950021702
200950021703
200950021704
200950021705
200950021706
200950021707
200950021708
200950021709
200950021710
200950021711
200950021801
200950021802
200950021803
200950021901
200950021902
200950021903
200950021904
200950021905
200950021906
200950021907
200950021908
200950021909
200950021910
200950021911
200950022401
200950022402
200950022403
200950022404
200950022405
200950022406
200950022407
200950022408
200950022409
200950022410
200950022411
200950022501
200950022502
200950022503
200950022504
200950022505
200950022506
200950022507
200950022508
200950022509
200950022510
200950022511
200950022601
200950022602
200950022603
200950022604
200950022605
200950022606
200950022607
200950022608
200950022609
200950022610
200950030301
200950030302
200950030303
200950030401
200950030402
200950030403
200950030404
200950030405
200950030406
200950030407
200950030408
200950030501
200950030502
200950030503
200950030504
200950030505
200950030506
200950030507
200950030508
200950030509
200950030510
200950030511
200950031001
200950031002
200950031003
200950031004
200950031005
200950031006
200950031007
200950031008
200950031009
200950031010
200950031011
200950031101
200950031102
200950031103
200950031104
200950031105
200950031106
200950031107
200950031108
200950031109
200950031110
200950031111
200950031112
200950031201
200950031202
200950031203
200950031701
200950031702
200950031703
200950031704
200950031705
200950031706
200950031707
200950031708
200950031709
200950031710
200950031711
200950031712
200950031801
200950031802
200950031803
200950031804
200950031805
200950031806
200950031807
200950031808
200950031809
200950031810
200950031811
200950031901
200950031902
200950031903
200950031904
200950031905
200950031906
200950031907
200950031908
200950031909
200950032001
200950032002
200950032003
200950032004
200950032005
200950032006
200950032007
200950032401
200950032402
200950032403
200950032404
200950032405
200950032406
200950032407
200950032408
200950032501
200950032502
200950032503
200950032504
200950032505
200950032506
200950032601
200950032602
200950032603
200950032604
200950032605
200950032606
200950032701
200950032702
200950032703
200950032704
200950032705
200950032706
200950032707
200950032708
200950032709
200950032710
200950040201
200950040202
200950040203
200950040204
200950040205
200950040206
200950040207
200950040208
200950040209
200950040210
200950040211
200950040212
200950040301
200950040302
200950040303
200950040304
200950040305
200950040306
200950040307
200950040308
200950040309
200950040310
200950040311
200950040701
200950040702
200950040703
200950040704
200950040705
200950040706
200950040707
200950040708
200950040709
200950040710
200950040711
200950040712
200950040801
200950040802
200950040803
200950040804
200950040805
200950040806
200950040807
200950040808
200950040809
200950040810
200950040811
200950040901
200950040902
200950040903
200950040904
200950040905
200950040906
200950040907
200950040908
200950040909
200950040910
200950040911
200950041401
200950041402
200950041403
200950041404
200950041405
200950041406
200950041407
200950041408
200950041409
200950041501
200950041502
200950041503
200950041504
200950041505
200950041506
200950041507
200950041508
200950041509
200950041601
200950041602
200950041603
200950041604
200950042101
200950042102
200950042103
200950042104
200950042105
200950042106
200950042107
200950042108
200950042201
200950042202
200950042203
200950042204
200950042205
200950042206
200950042207
200950042208
200950042209
200950042210
200950042211
200950042301
200950042302
200950042303
200950042304
200950042305
200950042306
200950042307
200950042308
200950042309
200950042801
200950042802
200950042803
200950042804
200950042805
200950042806
200950042807
200950042808
200950042901
200950042902
200950042903
200950042904
200950042905
200950042906
200950042907
200950042908
200950042909
200950042910
200950042911
200950042912
200950043001
200950043002
200950043003
200950043004
200950050401
200950050402
200950050403
200950050404
200950050405
200950050406
200950050407
200950050408
200950050409
200950050410
200950050501
200950050502
200950050503
200950050504
200950050505
200950050506
200950050507
200950050508
200950050509
200950050510
200950050601
200950050602
200950050603
200950050604
200950050605
200950050606
200950050607
200950050608
200950050609
200950050610
200950050701
200950050702
200950050703
200950050704
200950050705
200950050706
200950050707
200950050708
200950050709
200950050710
200950050711
200950051201
200950051202
200950051203
200950051204
200950051205
200950051206
200950051207
200950051208
200950051209
200950051301
200950051302
200950051303
200950051304
200950051305
200950051306
200950051307
200950051308
200950051309
200950051310
200950051401
200950051402
200950051403
200950051404
200950063001
200950063002
200950063003
200950063004
200950063005
200950063006
200950063007
200950070101
200950070102
200950070103
200950070104
200950070105
200950070106
200950070107
200950070108
200950070109
200950070110
200950070201
200950070202
200950070203
200950070204
200950070205
200950070206
200950070207
200950070208
200950070801
200950070802
200950070803
200950070804
200950070805
200950070806
200950070807
200950070808
200950070809
200950070810
200950070811
200950070901
200950070902
200950070903
200950070904
200950070905
200950070906
200950070907
200950070908
200950070909
200950070910
200950070911
200950070912
200950071401
200950071402
200950071403
200950071404
200950071405
200950071406
200950071407
200950071408
200950071409
200950071501
200950071502
200950071503
200950071504
200950071505
200950071506
200950071507
200950071508
200950071509
200950071510
200950071511
200950071601
200950071602
200950071603
200950071604
200950071605
200950071606
200950071607
200950071608
200950072001
200950072002
200950072003
200950072004
200950072005
200950072006
200950072007
200950072008
200950072009
200950072010
200950072011
200950072101
200950072102
200950072103
200950072104
200950072105
200950072106
200950072107
200950072108
200950072109
200950072110
200950072201
200950072202
200950072203
200950072204
200950072205
200950072206
200950072207
200950072208
200950072209
200950072210
200950072211
200950072212
200950072801
200950072901
200950072902
200950072903
200950072904
200950072905
200950072906
200950072907
200950072908
200950072909
200950073001
200950073002
200950073003
200950073004
200950073005
200950073006
200950073007
200950073008
200950073009
200950073010
200950073011
200950080401
200950080402
200950080403
200950080404
200950080405
200950080406
200950080407
200950080501
200950080502
200950080503
200950080504
200950080505
200950080506
200950080507
200950080508
200950080509
200950080510
200950080511
200950080601
200950080602
200950080603
200950080604
200950080605
200950080606
200950080607
200950080608
200950081201
200950081202
200950081203
200950081204
200950081205
200950081206
200950081207
200950081208
200950081209
200950081210
200950081301
200950081302
200950081303
200950081304
200950081305
200950081306
200950081307
200950081308
200950081309
200950081310
200950081311
200950081401
200950081402
200950081403
200950081404
200950081405
200950081406
200950081407
200950081408
200950081409
200950081410
200950081411
200950081801
200950081901
200950081902
200950081903
200950081904
200950081905
200950081906
200950081907
200950081908
200950081909
200950081910
200950081911
200950082001
200950082002
200950082003
200950082004
200950082005
200950082006
200950082007
200950082008
200950082009
200950082010
200950082011
200950082501
200950082502
200950082503
200950082504
200950082601
200950082602
200950082603
200950082604
200950082605
200950082606
200950082607
200950082608
200950082609
200950082610
200950082611
200950082701
200950082702
200950082703
200950082704
200950082705
200950082706
200950082707
200950082708
200950082709
200950082710
200950082711
200950090101
200950090102
200950090103
200950090104
200950090105
200950090106
200950090107
200950090108
200950090109
200950090110
200950090201
200950090202
200950090203
200950090204
200950090205
200950090206
200950090207
200950090208
200950090209
200950090301
200950090302
200950090303
200950090304
200950090305
200950090306
200950090307
200950090801
200950090802
200950090803
200950090804
200950090901
200950090902
200950090903
200950090904
200950090905
200950090906
200950090907
200950090908
200950090909
200950091501
200950091502
200950091503
200950091504
200950091505
200950091506
200950091507
200950091508
200950091601
200950091602
200950091603
200950091604
200950091605
200950091606
200950091607
200950091608
200950091609
200950091610
200950091701
200950091702
200950091703
200950091704
200950091705
200950091706
200950091707
200950091708
200950091709
200950092201
200950092202
200950092203
200950092204
200950092205
200950092206
200950092207
200950092208
200950092209
200950092301
200950092302
200950092303
200950092401
200950092402
200950092403
200950092404
200950092405
200950092406
200950092407
200950092408
200950092409
200950092410
200950092411
200950092901
200950092902
200950092903
200950092904
200950092905
200950092906
200950092907
200950092908
200950093001
200950093002
200950093003
200950093004
200950093005
200950093006
200950093007
200950093008
200950093009
200950093010
200950100101
200950100102
200950100103
200950100104
200950100105
200950100106
200950100107
200950100108
200950100109
200950100110
200950100601
200950100602
200950100603
200950100604
200950100605
200950100606
200950100607
200950100608
200950100609
200950100610
200950100701
200950100702
200950100703
200950100704
200950100705
200950100706
200950100707
200950100708
200950100709
200950100710
200950100711
200950100801
200950100802
200950100803
200950100804
200950100805
200950100806
200950100807
200950100808
200950100809
200950100810
200950100811
200950101201
200950101202
200950101203
200950101204
200950101205
200950101206
200950101207
200950101208
200950101209
200950101301
200950101302
200950101303
200950101304
200950101305
200950101306
200950101307
200950101308
200950101309
200950101310
200950101311
200950101401
200950101402
200950101403
200950101404
200950101405
200950101406
200950101407
200950101408
200950101409
200950101410
200950101411
200950101501
200950101502
200950101503
200950101504
200950101505
200950101506
200950101507
200950101508
200950101509
200950101510
200950101511
200950102001
200950102002
200950102003
200950102004
200950102005
200950102006
200950102007
200950102008
200950102009
200950102101
200950102102
200950102103
200950102104
200950102105
200950102106
200950102107
200950102108
200950102109
200950102110
200950102111
200950102201
200950102202
200950102203
200950102204
200950102205
200950102206
200950102207
200950102701
200950102702
200950102703
200950102704
200950102705
200950102706
200950102707
200950102708
200950102709
200950102710
200950102711
200950102712
200950102801
200950102802
200950102803
200950102804
200950102805
200950102806
200950102807
200950102808
200950102809
200950102810
200950102811
200950102901
200950102902
200950102903
200950102904
200950102905
200950102906
200950102907
200950102908
200950102909
200950102910
200950102911
200950102912
200950110301
200950110302
200950110303
200950110304
200950110305
200950110401
200950110402
200950110403
200950110404
200950110405
200950110406
200950110407
200950110408
200950110409
200950110501
200950110502
200950110503
200950110504
200950110505
200950110506
200950110507
200950110508
200950110509
200950110510
200950111001
200950111002
200950111003
200950111004
200950111005
200950111006
200950111007
200950111008
200950111009
200950111010
200950111011
200950111101
200950111102
200950111103
200950111104
200950111105
200950111106
200950111107
200950111108
200950111109
200950111110
200950111111
200950111201
200950111202
200950111203
200950111204
200950111205
200950111206
200950111207
200950111208
200950111209
200950111210
200950111211
200950111701
200950111702
200950111703
200950111704
200950111705
200950111706
200950111707
200950111708
200950111709
200950111710
200950111711
200950111801
200950111802
200950111803
200950111804
200950111805
200950111806
200950111807
200950111808
200950111809
200950111810
200950111811
200950111812
200950111901
200950111902
200950111903
200950111904
200950111905
200950111906
200950111907
200950111908
200950111909
200950111910
200950111911
200950112301
200950112302
200950112303
200950112304
200950112305
200950112306
200950112307
200950112308
200950112309
200950112310
200950112401
200950112402
200950112403
200950112404
200950112405
200950112406
200950112407
200950112408
200950112409
200950112410
200950112411
200950112501
200950112502
200950112503
200950112504
200950112505
200950112506
200950112507
200950112508
200950112509
200950112510
200950112511
200950112601
200950112602
200950112603
200950112604
200950112605
200950112606
200950112607
200950112608
200950120101
200950120102
200950120103
200950120104
200950120105
200950120106
200950120107
200950120108
200950120109
200950120110
200950120111
200950120201
200950120202
200950120203
200950120204
200950120205
200950120206
200950120207
200950120208
200950120209
200950120210
200950120211
200950120301
200950120302
200950120303
200950120304
200950120305
200950120306
200950120307
200950120308
200950120309
200950120310
200950120801
200950120802
200950120803
200950120804
200950120805
200950120806
200950120807
200950120808
200950120809
200950120901
200950120902
200950120903
200950120904
200950120905
200950120906
200950120907
200950120908
200950120909
200950120910
200950120911
200950120912
200950121001
200950121002
200950121003
200950121501
200950121502
200950121503
200950121504
200950121505
200950121506
200950121507
200950121508
200950121601
200950121602
200950121603
200950121604
200950121605
200950121606
200950121607
200950121608
200950121609
200950121610
200950121611
200950121701
200950121702
200950121703
200950121704
200950121705
200950121706
200950121707
200950121708
200950121709
200950121710
200950121711
200950122201
200950122202
200950122203
200950122204
200950122205
200950122206
200950122207
200950122208
200950122209
200950122301
200950122302
200950122303
200950122304
200950122305
200950122306
200950122401
200950122402
200950122403
200950122404
200950122405
200950122406
200950122407
200950122408
200950122409
200950122410
200950122901
200950122902
200950122903
200950122904
200950122905
200950122906
200950122907
200950122908
200950122909
200950122910
200950123001
200950123002
200950123003
200950123004
200950123005
200950123006
200950123101
200950123102
200950123103
200950123104
200950123105
200950123106