200951052001
200951052002
200951052003
200951052004
200951052005
200951052006
200951052007
200951052008
200951052009
200951052101
200951052102
200951052103
200951052104
200951052105
200951052106
200951052107
200951052108
200951052109
200951052110
200951052601
200951052602
200951052603
200951052604
200951052605
200951052606
200951052607
200951052801
200951052802
200951052803
200951052804
200951052805
200951052806
200951052807
200951052808
200951060201
200951060202
200951060203
200951060204
200951060205
200951060206
200951060207
200951060208
200951060209
200951060301
200951060302
200951060303
200951060304
200951060305
200951060306
200951060307
200951060401
200951060402
200951060403
200951060404
200951060405
200951060406
200951060407
200951060408
200951060409
200951060410
200951060411
200951060901
200951060902
200951060903
200951060904
200951060905
200951060906
200951060907
200951060908
200951061001
200951061002
200951061003
200951061004
200951061005
200951061006
200951061007
200951061008
200951061009
200951061010
200951061701
200951061702
200951061703
200951061704
200951061705
200951061801
200951061802
200951061803
200951061804
200951061805
200951061806
200951061807
200951062301
200951062302
200951062303
200951062304
200951062305
200951062306
200951062307
200951062401
200951062402
200951062403
200951062404
200951062405
200951062406
200951062501
200951062502
200951062503
200951062504
200951062505
200951062506
200951062507
200951062508
200951062509
200951062510
200951062511