200953010301
200953010302
200953010303
200953010304
200953010305
200953010306
200953010307
200953010308
200953010309
200953010401
200953011201
200953011202
200953011203
200953011204
200953011205
200953011206
200953011207
200953011208
200953011701
200953011702
200953011703
200953011704
200953011705
200953011706
200953011801
200953011802
200953011803
200953011804
200953011805
200953011806
200953011807
200953011808
200953011809
200953011810
200953011811
200953013101
200953013102
200953013103
200953013104
200953013105
200953013106
200953013107
200953013108
200953020101
200953020102
200953020103
200953020104
200953020105
200953020106
200953020107
200953020108
200953020109
200953020110
200953020111
200953020701
200953020702
200953020703
200953021401
200953021402
200953021501
200953021502
200953021503
200953021504
200953021505
200953021506
200953021507
200953021508
200953021509
200953021510
200953021511
200953022201
200953022202
200953022203
200953022204
200953022205
200953022206
200953022207
200953022208
200953022209
200953022210
200953022801
200953022802
200953022803
200953022804
200953030101
200953030102
200953030103
200953030104
200953030105
200953030106
200953030107
200953030108
200953030109
200953030110
200953030111
200953030801
200953030802
200953030803
200953030804
200953030805
200953030806
200953032001
200953032002
200953032003
200953032004
200953032005
200953032006
200953032007
200953032008
200953032009
200953032010
200953032101
200953032102
200953032103
200953032104
200953032105
200953032106
200953032107
200953032201
200953032202
200953032203
200953032204
200953032205
200953032206
200953032207
200953032208
200953032209
200953032210
200953041201
200953041202
200953041203
200953041204
200953041205
200953041206
200953041207
200953041208
200953041209
200953041210
200953041801
200953041802
200953041803
200953050301
200953050302
200953050303
200953050304
200953050401
200953050402
200953050403
200953050404
200953050405
200953050406
200953050407
200953050408
200953050409
200953051001
200953051002
200953051701
200953051702
200953051703
200953051704
200953051705
200953051706
200953051707
200953051708
200953051709
200953051710
200953052301
200953052302
200953052303
200953060601
200953060602
200953060603
200953060701
200953061401
200953061402
200953061403
200953062101
200953062102
200953062701
200953062702
200953062703
200953062704
200953062705
200953062706
200953062801
200953062802
200953062803
200953062804
200953062805
200953070401
200953070402
200953070403
200953070404
200953070405
200953070501
200953070502
200953070503
200953070504
200953070505
200953070506
200953071201
200953071202
200953071203
200953071204
200953072001
200953072002
200953072003
200953072004
200953072005
200953072006
200953072007
200953080201
200953080202
200953080203
200953080204
200953080205
200953080206
200953080207
200953080208
200953080209
200953081401
200953081402
200953081403
200953081404
200953081405
200953081501
200953081502
200953081503
200953081504
200953090601
200953090602
200953090603
200953090604
200953090605
200953090606
200953090607
200953090608
200953092201
200953092202
200953092203
200953092204
200953092701
200953092702
200953092703
200953092704
200953092705
200953092706
200953092707
200953092708
200953092709
200953101101
200953101102
200953101103
200953101104
200953101105
200953101106
200953101107
200953101108
200953101109
200953101801
200953101802
200953101803
200953101804
200953101805
200953101806
200953101807
200953101808
200953101809
200953102601
200953102602
200953102603
200953102604
200953102605
200953102606
200953102607
200953102608
200953102609
200953102610
200953110101
200953110102
200953110103
200953110104
200953110105
200953110106
200953110107
200953110108
200953110109
200953110801
200953110802
200953110803
200953110804
200953110805
200953110806
200953110807
200953110808
200953111401
200953111402
200953111403
200953111404
200953111405
200953111501
200953111502
200953111503
200953111504
200953111505
200953111506
200953112201
200953112202
200953112203
200953112204
200953112205
200953112206
200953112207
200953112208
200953112301
200953112302
200953112303
200953112801
200953112901
200953112902
200953112903
200953112904
200953112905
200953120501
200953120502
200953120503
200953120504
200953120505
200953120506
200953120507
200953120508
200953120509
200953120601
200953120602
200953120603
200953121201
200953121202
200953121203
200953121204
200953121205
200953121206
200953121207
200953121208
200953121209
200953121210
200953121301
200953122001
200953122002
200953122003
200953122301
200953122302
200953122303
200953122304
200953122701