200954011201
200954011202
200954011203
200954011204
200954011205
200954011206
200954011207
200954011208
200954011209
200954032001
200954032002
200954032003
200954032004
200954032005
200954032006
200954032007
200954032008
200954032009
200954032010
200954061301
200954061302
200954061303
200954061304
200954062601
200954062602
200954062603
200954062604
200954062605
200954062606
200954062607
200954062608
200954062609
200954062610
200954071001
200954071002
200954071003
200954071004
200954072501
200954072502
200954080801
200954082101
200954090401
200954090402
200954090403
200954090404
200954092701
200954092702
200954092703
200954092704
200954092705
200954100901
200954100902
200954100903
200954100904
200954100905
200954100906
200954100907
200954100908
200954100909
200954100910
200954101601
200954101801
200954101802
200954101803
200954101804
200954101805
200954101806
200954101807
200954101808
200954102301
200954102302
200954102303
200954102304
200954102305
200954102306
200954102307
200954102308
200954102309
200954102310
200954102401
200954102402
200954102403
200954102404
200954110701
200954110702
200954110703
200954110704
200954110705
200954110706
200954110707
200954110708
200954111401
200954111402
200954111403
200954111404
200954111405
200954111406
200954111407
200954111408
200954112901
200954112902
200954112903
200954112904
200954112905
200954112906
200954112907
200954120701
200954120702
200954120703
200954120704
200954121901
200954121902
200954121903
200954122001
200954122002