200955010401
200955010402
200955010403
200955010404
200955010405
200955010406
200955010407
200955010408
200955010409
200955010410
200955011101
200955011102
200955011103
200955011104
200955011105
200955011106
200955011201
200955011202
200955011203
200955011204
200955011205
200955011206
200955011207
200955011208
200955011701
200955011702
200955011703
200955011704
200955011705
200955011706
200955011707
200955011708
200955012501
200955012502
200955012503
200955012504
200955012505
200955012506
200955012507
200955012508
200955012509
200955013101
200955013102
200955013103
200955013104
200955013105
200955013106
200955013107
200955013108
200955020701
200955020702
200955020703
200955020704
200955020705
200955020706
200955020707
200955020708
200955021101
200955021102
200955021103
200955021104
200955021105
200955021106
200955021107
200955021108
200955021109
200955021110
200955021501
200955021502
200955021503
200955021504
200955021505
200955021506
200955021507
200955030701
200955030702
200955030703
200955030704
200955030705
200955030706
200955030707
200955030801
200955030802
200955030803
200955030804
200955030805
200955030806
200955030807
200955032001
200955032002
200955032003
200955032004
200955032005
200955032006
200955032007
200955032008
200955032009
200955032010
200955032101
200955032102
200955032103
200955032104
200955032105
200955032106
200955032107
200955040501
200955040502
200955040503
200955040504
200955040505
200955040506
200955040507
200955040508
200955040509
200955041801
200955041802
200955041803
200955041804
200955041805
200955041806
200955041807
200955041808
200955041901
200955041902
200955041903
200955041904
200955041905
200955041906
200955041907
200955041908
200955050401
200955050402
200955050403
200955050404
200955050405
200955050406
200955050407
200955050408
200955051601
200955051602
200955051603
200955051604
200955051605
200955051606
200955051607
200955051608
200955051609
200955051610
200955053101
200955053102
200955053103
200955053104
200955053105
200955053106
200955053107
200955053108
200955053109
200955053110
200955070501
200955070502
200955070503
200955070504
200955070505
200955070506
200955070507
200955070508
200955070509
200955070510
200955081701
200955081702
200955081703
200955081704
200955081705
200955081706
200955081707
200955081708
200955081709
200955092201
200955092202
200955092203
200955092204
200955092205
200955092206
200955092207
200955092208
200955092209
200955100401
200955100402
200955100403
200955100404
200955100405
200955100406
200955100407
200955100408
200955100409
200955100410
200955101101
200955101102
200955101103
200955101104
200955102401
200955102402
200955102403
200955102404
200955102405
200955102501
200955102502
200955102503
200955102504
200955102505
200955102506
200955102507
200955102508
200955102509
200955102510
200955110801
200955110802
200955110803
200955110804
200955110805
200955110806
200955110807
200955111401
200955111402
200955111403
200955111404
200955120501
200955120502
200955120503
200955120504
200955120505
200955120506
200955120601
200955120602
200955120603
200955120604
200955120605
200955120606
200955120607
200955120608
200955120609
200955121301
200955121302
200955121303
200955121304
200955121305
200955121306
200955121307
200955121308
200955122601
200955122602
200955122603
200955122604
200955122605
200955122606