200956010101
200956010102
200956010103
200956010104
200956010105
200956010106
200956010107
200956010108
200956010109
200956010110
200956011401
200956011402
200956011403
200956011404
200956011405
200956011406
200956011407
200956011408
200956011409
200956011410
200956012001
200956012002
200956012003
200956012004
200956012005
200956012006
200956012007
200956012801
200956012802
200956012803
200956012804
200956012805
200956012806
200956012807
200956012808
200956012809
200956012810
200956020301
200956020302
200956020303
200956020304
200956020305
200956020306
200956020307
200956020308
200956020309
200956020310
200956020311
200956021001
200956021002
200956021003
200956021701
200956021702
200956021703
200956021704
200956021705
200956021706
200956021707
200956021708
200956021709
200956021710
200956021711
200956022501
200956022502
200956030301
200956030302
200956030303
200956030304
200956030305
200956030401
200956030402
200956030403
200956030404
200956030405
200956030406
200956030407
200956031701
200956031702
200956031703
200956031704
200956031705
200956031706
200956031707
200956031708
200956031709
200956032801
200956032802
200956032803
200956032804
200956032805
200956032806
200956032807
200956032808
200956032809
200956032901
200956032902
200956032903
200956032904
200956032905
200956032906
200956032907
200956041101
200956041201
200956041202
200956041203
200956041204
200956041205
200956041206
200956041207
200956041208
200956041209
200956042201
200956042202
200956042203
200956042204
200956042205
200956042206
200956042207
200956042208
200956042209
200956042301
200956042302
200956042303
200956042304
200956042305
200956042306
200956042307
200956042308
200956042309
200956042310
200956042901
200956042902
200956042903
200956042904
200956050201
200956050301
200956050302
200956050303
200956050304
200956050305
200956050306
200956050307
200956050308
200956050309
200956050310
200956050901
200956050902
200956050903
200956050904
200956050905
200956052101
200956052102
200956052103
200956052104
200956052105
200956052106
200956052107
200956052108
200956052109
200956052110
200956052801
200956052802
200956052803
200956052804
200956052805
200956052806
200956052807
200956060401
200956060402
200956060403
200956060404
200956060405
200956060406
200956060407
200956060408
200956060409
200956060410
200956061001
200956061002
200956061003
200956061004
200956061701
200956061702
200956061703
200956061704
200956061705
200956061706
200956061707
200956061708
200956061709
200956061710
200956061711
200956061801
200956061802
200956061803
200956070101
200956070102
200956070103
200956070104
200956070105
200956070106
200956070107
200956070108
200956070109
200956070110
200956070111
200956070112
200956070201
200956070202
200956070203
200956070204
200956070205
200956070206
200956070207
200956070208
200956070209
200956070210
200956070211
200956070212
200956071501
200956071502
200956071503
200956071504
200956071505
200956071506
200956071507
200956071508
200956071509
200956071510
200956071801
200956071802
200956071803
200956071804
200956071805
200956071806
200956071807
200956071808
200956073001
200956073002
200956073003
200956073004
200956073005
200956073006
200956080801
200956080802
200956080803
200956080804
200956080901
200956080902
200956080903
200956080904
200956080905
200956080906
200956080907
200956080908
200956080909
200956080910
200956081301
200956081302
200956081303
200956081304
200956081305
200956081306
200956081307
200956081308
200956081309
200956081310
200956082201
200956082202
200956082203
200956082204
200956082205
200956082206
200956082207
200956082208
200956082209
200956082301
200956082302
200956082303
200956082304
200956082305
200956082306
200956082307
200956082308
200956082309
200956082310
200956082701
200956082702
200956082703
200956082704
200956082705
200956090901
200956090902
200956090903
200956090904
200956090905
200956090906
200956090907
200956090908
200956090909
200956090910
200956091901
200956091902
200956091903
200956091904
200956091905
200956091906
200956091907
200956092001
200956092002
200956092003
200956092004
200956092005
200956092006
200956092007
200956092601
200956092602
200956092701
200956092702
200956092703
200956092704
200956092705
200956092706
200956092707
200956092708
200956100801
200956100802
200956100803
200956100804
200956100805
200956100806
200956100807
200956100808
200956100809
200956100810
200956100811
200956101401
200956101402
200956101403
200956101501
200956101502
200956101503
200956101504
200956101505
200956101506
200956101507
200956102101
200956102102
200956102103
200956102104
200956102105
200956102106
200956102107
200956102108
200956102109
200956102701
200956102702
200956110301
200956110302
200956110303
200956110304
200956110305
200956110401
200956110402
200956110403
200956110404
200956110405
200956110406
200956110407
200956110408
200956110409
200956110410
200956110411
200956111201
200956111202
200956111203
200956111204
200956111205
200956111206
200956111207
200956111208
200956111209
200956111210
200956111211
200956111901
200956111902
200956111903
200956111904
200956111905
200956111906
200956112301
200956112302
200956112303
200956112304
200956112305
200956112306
200956112307
200956112601
200956112602
200956112603
200956112604
200956112605
200956112606
200956112607
200956112608
200956112609
200956120301
200956120302
200956120303
200956120304
200956120305
200956120306
200956120307
200956121001
200956121002
200956121003
200956121004
200956121005
200956121006
200956121007
200956121008
200956121009
200956121601
200956121701
200956121702
200956121703
200956121704
200956121705
200956121706
200956121707
200956122301
200956122302
200956122303
200956122304
200956122305
200956122306
200956122307
200956122308
200956122309
200956122310
200956122311
200956122901
200956122902
200956122903
200956122904
200956122905
200956122906
200956122907
200956122908
200956123001
200956123002
200956123003
200956123004
200956123005
200956123006
200956123007
200956123008
200956123009
200956123101
200956123102
200956123103
200956123104
200956123105
200956123106
200956123107
200956123108
200956123109
200956123110
200956123111