201209010101
201209010103
201209010105
201209010106
201209010108
201209010111
201209010112
201209010203
201209010205
201209010206
201209010207
201209010208
201209010210
201209010211
201209010212
201209010301
201209010302
201209010304
201209010306
201209010307
201209010308
201209010309
201209010310
201209010311
201209010312
201209010401
201209010404
201209010405
201209010406
201209010407
201209010408
201209010409
201209010410
201209010411
201209010412
201209010501
201209010502
201209010505
201209010506
201209010507
201209010509
201209010510
201209010511
201209010512
201209010601
201209010603
201209010605
201209010606
201209010609
201209010610
201209010611
201209010612
201209010701
201209010704
201209010706
201209010707
201209010710
201209010711
201209010712
201209010801
201209010805
201209010806
201209010807
201209010808
201209010809
201209010810
201209010811
201209020101
201209020102
201209020105
201209020107
201209020108
201209020109
201209020110
201209020111
201209020112
201209020201
201209020206
201209020207
201209020209
201209020210
201209020211
201209020212
201209020301
201209020303
201209020305
201209020306
201209020308
201209020310
201209020311
201209020312
201209020401
201209020403
201209020405
201209020407
201209020408
201209020409
201209020410
201209020411
201209020412
201209020501
201209020503
201209020504
201209020505
201209020506
201209020507
201209020508
201209020509
201209020510
201209020511
201209020512
201209020601
201209020602
201209020603
201209020604
201209020605
201209020606
201209020607
201209020608
201209020609
201209020610
201209020611
201209020701
201209020702
201209020705
201209020706
201209020707
201209020708
201209020709
201209020710
201209020711
201209020712
201209020801
201209020803
201209020805
201209020806
201209020807
201209020808
201209020809
201209020810
201209020811
201209020812
201209030101
201209030102
201209030104
201209030106
201209030107
201209030110
201209030111
201209030112
201209030201
201209030203
201209030204
201209030205
201209030206
201209030208
201209030209
201209030210
201209030211
201209030301
201209030305
201209030306
201209030307
201209030308
201209030309
201209030310
201209030311
201209030312
201209030401
201209030405
201209030406
201209030407
201209030408
201209030409
201209030410
201209030411
201209030501
201209030502
201209030504
201209030509
201209030510
201209030511
201209030601
201209030602
201209030605
201209030606
201209030608
201209030609
201209030610
201209030611
201209030612
201209030701
201209030706
201209030707
201209030708
201209030709
201209030710
201209030711
201209030712
201209030802
201209030804
201209030805
201209030806
201209030807
201209030808
201209030809
201209030810
201209030811
201209030812
201209040101
201209040102
201209040103
201209040104
201209040107
201209040108
201209040109
201209040110
201209040112
201209040201
201209040202
201209040203
201209040205
201209040206
201209040207
201209040209
201209040211
201209040301
201209040303
201209040304
201209040305
201209040306
201209040307
201209040310
201209040312
201209040401
201209040402
201209040403
201209040405
201209040406
201209040407
201209040408
201209040410
201209040411
201209040412
201209040501
201209040502
201209040503
201209040504
201209040505
201209040506
201209040507
201209040510
201209040511
201209040512
201209040601
201209040603
201209040605
201209040607
201209040609
201209040610
201209040611
201209040612
201209040703
201209040704
201209040706
201209040707
201209040708
201209040709
201209040710
201209040711
201209040712
201209040801
201209040802
201209040803
201209040804
201209040806
201209040807
201209040809
201209040810
201209040811
201209040812
201209040902
201209040903
201209040905
201209040906
201209040907
201209040908
201209040910
201209040911
201209040912
201209050101
201209050103
201209050104
201209050105
201209050106
201209050107
201209050108
201209050109
201209050110
201209050112
201209050203
201209050204
201209050205
201209050206
201209050207
201209050208
201209050209
201209050210
201209050211
201209050212
201209050302
201209050303
201209050304
201209050307
201209050309
201209050310
201209050311
201209050312
201209050403
201209050405
201209050407
201209050408
201209050409
201209050410
201209050411
201209050412
201209050501
201209050503
201209050504
201209050506
201209050507
201209050508
201209050511
201209050512
201209050606
201209050607
201209050608
201209050609
201209050610
201209050611
201209050612
201209050703
201209050704
201209050705
201209050707
201209050708
201209050709
201209050711
201209050801
201209050803
201209050804
201209050805
201209050806
201209050807
201209050808
201209050809
201209050810
201209050811
201209050812
201209050902
201209050904
201209050907
201209050908
201209050909
201209050910
201209050911
201209050912