201247010904
201247011003
201247011005
201247011007
201247011010
201247011102
201247011105
201247011206
201247011208
201247011304
201247011306
201247011310
201247011311
201247012303
201247012402
201247012404
201247012406
201247012506
201247012507
201247012606
201247012607
201247012705
201247012707
201247012709
201247021303
201247021305
201247021404
201247021405
201247021409
201247021507
201247021509
201247021607
201247021701
201247021704
201247022702
201247022707
201247022808
201247022809
201247022903
201247022904
201247022909
201247030105
201247030107
201247030109
201247030205
201247031304
201247031406
201247031408
201247031409
201247031503
201247031603
201247031606
201247031608
201247031610
201247032609
201247032703
201247032708
201247032709
201247040203
201247040404
201247040409
201247040611
201247042305
201247042704
201247050704
201247050909
201247051106
201247051110
201247052502
201247052507
201247052510
201247061504
201247061505
201247061506
201247061511
201247062910
201247071208
201247071304
201247071609
201247072508
201247072609
201247072705
201247072709
201247072710
201247081610
201247081703
201247081709
201247081712
201247082908
201247083001
201247083009
201247083104
201247083108
201247091209
201247091404
201247091409
201247091410
201247092402
201247100901
201247100904
201247101010
201247101106
201247101110
201247101205
201247101208
201247101210
201247102201
201247102204
201247102206
201247102402
201247102509
201247102609
201247102611
201247110709
201247110802
201247110808
201247110809
201247110811
201247110907
201247110909
201247110911
201247111905
201247112006
201247112108
201247112109
201247112201
201247112208
201247112209
201247112210
201247121008
201247121205
201247121206
201247121208
201247121209
201247121210
201247121402
201247122703
201247122804
201247122908
201247123006
201247123009
201247123106
201247123108