201254010111
201254010709
201254010809
201254010810
201254011502
201254011510
201254011610
201254012208
201254012801
201254012903
201254012908
201254020303
201254021008
201254021110
201254022610
201254022711
201254030309
201254030909
201254031010
201254032006
201254032008
201254032510
201254032609
201254040710
201254042010
201254050703
201254050708
201254051808
201254051809
201254061008
201254061009
201254062303
201254062307
201254070610
201254072209
201254081110
201254081201
201254081808
201254082401
201254082408
201254082410
201254090109
201254092202
201254092209
201254092210
201254092801
201254100709
201254100711
201254100806
201254102011
201254102101
201254102110
201254102801
201254110310
201254110401
201254110407
201254110410
201254111106
201254111711
201254111810
201254111811
201254112406
201254112510
201254120510
201254120511
201254121202
201254121204
201254121209
201254121602
201254122301
201254122311
201254123106
201254123108
201254123110