196703010601
196703010602
196703010603
196703010604
196703010605
196703010606
196703020601
196703020602
196703020603
196703020604
196703020605
196703020606
196703020607
196703020608
196703020609
196703020610
196703020701
196703020702
196703020703
196703020704
196703020705
196703030201
196703030202
196703030203
196703030204
196703030205
196703030301
196703030302
196703030303
196703030304
196703030305
196703030306
196703030307
196703030308
196703030501
196703030502
196703030503
196703030504
196703030505
196703030506
196703030507
196703030508
196703030801
196703030802
196703030803
196703030804
196703030805
196703030806
196703030807