196706010401
196706010402
196706010403
196706010404
196706010801
196706010802
196706010803
196706010804
196706020101
196706020102
196706020103
196706020104
196706020105
196706020106
196706020107
196706020108
196706020109
196706020110
196706020111
196706020112
196706040201
196706040202
196706040203
196706040204
196706040205
196706040206
196706040207
196706060401
196706060402
196706060403
196706060404
196706060405
196706070101
196706070102
196706070103
196706070104
196706070105
196706070106
196706070107
196706070108
196706070109
196706070301
196706070302
196706070303
196706070304
196706070305
196706070306
196706070307
196706070308
196706070309
196706070310
196706080201
196706080202
196706080203
196706080204
196706080205
196706080206
196706080207
196706080501
196706080502
196706080503
196706080504
196706080505
196706080506
196706080507
196706080508
196706080509
196706080510
196706080511
196706080601
196706080602
196706080603
196706080604
196706080605
196706080606
196706080607
196706080701
196706080702
196706080703
196706080704
196706080705
196706080706
196706080707
196706080708
196706080801
196706080802
196706080803
196706080804