196707020101
196707020102
196707020103
196707020104
196707020105
196707020106
196707020107
196707020108
196707020109
196707020110
196707020111
196707020301
196707020302
196707020303
196707020304
196707020305
196707020306
196707020307
196707020308
196707020309
196707020310
196707020701
196707020702
196707020703
196707020704
196707020705
196707020706
196707020707
196707020708
196707020709
196707020710
196707040401
196707040402
196707040403
196707040404
196707040405
196707040406
196707040407
196707040408
196707040409
196707040410
196707040701
196707040702
196707040703
196707040704
196707040705
196707040706
196707040707
196707040708
196707040709
196707040710