196708010201
196708010202
196708010203
196708010204
196708010205
196708010206
196708010207
196708010208
196708010501
196708010502
196708010503
196708010504
196708010505
196708010506
196708010507
196708020301
196708020302
196708020303
196708020701
196708020702
196708020703
196708040201
196708040202
196708040203
196708040204
196708040205
196708040206
196708040207
196708040208
196708040209
196708040210
196708040701
196708040702
196708040703
196708040704
196708040705
196708040706
196708040707
196708040708
196708040709
196708040710
196708040801
196708040802
196708040803
196708040804
196708040805
196708040806
196708040807
196708040808
196708040809
196708040810
196708040811
196708050401
196708050402
196708050403
196708050404
196708050405
196708050406
196708050407
196708050501
196708050502
196708050503
196708050504
196708050505
196708050506
196708050507
196708050508
196708050509
196708050510