201904010201
201904010202
201904010203
201904010204
201904010205
201904010206
201904010207
201904010208
201904010209
201904010210
201904010211
201904010212
201908030401
201908030402
201908030403
201908030404
201908030405
201908030406
201908030407
201908030408
201908030409
201908030410
201908030411
201908030412
201936042901
201936042902
201936042903
201936042904
201936042905
201936042906
201936042907
201936042908
201936042909
201936042910
201936042911
201936042912
201942043001
201942043002
201942043003
201942043004
201942043005
201942043006
201942043007
201942043008
201942043009
201942043010
201942043011
201942043012
201946043001
201946043002
201946043003
201946043004
201946043005
201946043006
201946043007
201946043008
201946043009
201946043010
201946043011
201946043012
201950043001
201950043002
201950043003
201950043004
201950043005
201950043006
201950043007
201950043008
201950043009
201950043010
201950043011
201950043012
201954042901
201954042902
201954042903
201954042904
201954042905
201954042906
201954042907
201954042908
201954042909
201954042910
201954042911
201954042912
201955042901
201955042902
201955042903
201955042904
201955042905
201955042906
201955042907
201955042908
201955042909
201955042910
201955042911
201955042912
201965042901
201965042902
201965042903
201965042904
201965042905
201965042906
201965042907
201965042908
201965042909
201965042910
201965042911
201965043001
201965043002
201965043003
201965043004
201965043005
201965043006
201965043007
201965043008
201965043009
201965043010
