201906050201
201906050202
201906050203
201906050204
201906050205
201906050206
201906050207
201906050208
201906050209
201906050210
201906050211
201906050212
201906050301
201906050302
201906050303
201906050304
201906050305
201906050306
201906050307
201906050308
201906050309
201906050310
201906050311
201906050312
201906050401
201906050402
201906050403
201906050404
201906050405
201906050406
201906050407
201906050408
201906050409
201906050410
201906050411
201906050412
201906050501
201906050502
201906050503
201906050504
201906050505
201906050506
201906050507
201906050508
201906050509
201906050510
201906050511
201906050512
201906050601
201906050602
201906050603
201906050604
201906050605
201906050606
201906050607
201906050608
201906050609
201906050610
201906050611
201906050612
201906050701
201906050702
201906050703
201906050704
201906050705
201906050706
201906050707
201906050708
201906050709
201906050710
201906050711
201906050712
201906050801
201906050802
201906050803
201906050804
201906050805
201906050806
201906050807
201906050808
201906050809
201906050810
201906050811
201906050812
201906050901
201906050902
201906050903
201906050904
201906050905
201906050906
201906050907
201906050908
201906050909
201906050910
201906050911
201906050912
201907040201
201907040202
201907040203
201907040204
201907040205
201907040206
201907040207
201907040208
201907040209
201907040210
201907040211
201907040212
201907040301
201907040302
201907040303
201907040304
201907040305
201907040306
201907040307
201907040308
201907040309
201907040310
201907040311
201907040312
201907040401
201907040402
201907040403
201907040404
201907040405
201907040406
201907040407
201907040408
201907040409
201907040410
201907040411
201907040412
201907040501
201907040502
201907040503
201907040504
201907040505
201907040506
201907040507
201907040508
201907040509
201907040510
201907040511
201907040512
201907040601
201907040602
201907040603
201907040604
201907040605
201907040606
201907040607
201907040608
201907040609
201907040610
201907040611
201907040612
201909050201
201909050202
201909050203
201909050204
201909050205
201909050206
201909050207
201909050208
201909050209
201909050210
201909050211
201909050212
201909050301
201909050302
201909050303
201909050304
201909050305
201909050306
201909050307
201909050308
201909050309
201909050310
201909050311
201909050312
201909050401
201909050402
201909050403
201909050404
201909050405
201909050406
201909050407
201909050408
201909050409
201909050410
201909050411
201909050412
201909050501
201909050502
201909050503
201909050504
201909050505
201909050506
201909050507
201909050508
201909050509
201909050510
201909050511
201909050512
201909050601
201909050602
201909050603
201909050604
201909050605
201909050606
201909050607
201909050608
201909050609
201909050610
201909050611
201909050612
201909050701
201909050702
201909050703
201909050704
201909050705
201909050706
201909050707
201909050708
201909050709
201909050710
201909050711
201909050712
201909050801
201909050802
201909050803
201909050804
201909050805
201909050806
201909050807
201909050808
201909050809
201909050810
201909050811
201909050812
201909050901
201909050902
201909050903
201909050904
201909050905
201909050906
201909050907
201909050908
201909050909
201909050910
201909050911
201909050912
201936120701
201936120702
201936120703
201936120704
201936120705
201936120706
201936120707
201936120708
201936120709
201936120710
201936120711
201936120801
201936120802
201936120803
201936120804
201936120805
201936120806
201936120807
201936120808
201936120809
201936120810
201936120811
201936120901
201936120902
201936120903
201936120904
201936120905
201936120906
201936120907
201936120908
201936120909
201936120910
201936120911
201936121501
201936121502
201936121503
201936121504
201936121505
201936121506
201936121507
201936121508
201936121509
201936121510
201936121511
201936121601
201936121602
201936121603
201936121604
201936121605
201936121606
201936121607
201936121608
201936121609
201936121610
201936121611
201936121701
201936121702
201936121703
201936121704
201936121705
201936121706
201936121707
201936121708
201936121709
201936121710
201936121711
201936122201
201936122202
201936122203
201936122204
201936122205
201936122206
201936122207
201936122208
201936122209
201936122210
201936122301
201936122302
201936122303
201936122304
201936122305
201936122306
201936122307
201936122308
201936122309
201936122310
201936122401
201936122402
201936122403
201936122404
201936122405
201936122406
201936122407
201936122408
201936122409
201936122410
201936123001
201936123002
201936123003
201936123004
201936123005
201936123006
201936123007
201936123008
201936123009
201936123010
201936123101
201936123102
201936123103
201936123104
201936123105
201936123106
201936123107
201936123108
201936123109
201936123110
201942122301
201942122302
201942122303
201942122304
201942122305
201942122306
201942122307
201942122308
201942122309
201942122310
201942122311
201942122312
201942122401
201942122402
201942122403
201942122404
201942122405
201942122406
201942122407
201942122408
201942122409
201942122410
201942122411
201942122412
201942122501
201942122502
201942122503
201942122504
201942122505
201942122506
201942122507
201942122508
201942122509
201942122510
201942122511
201942122512
201943120901
201943120902
201943120903
201943120904
201943120905
201943120906
201943120907
201943120908
201943120909
201943120910
201943120911
201943120912
201943121001
201943121002
201943121003
201943121004
201943121005
201943121006
201943121007
201943121008
201943121009
201943121010
201943121011
201943121012
201943121101
201943121102
201943121103
201943121104
201943121105
201943121106
201943121107
201943121108
201943121109
201943121110
201943121111
201943121112
201943121201
201943121202
201943121203
201943121204
201943121205
201943121206
201943121207
201943121208
201943121209
201943121210
201943121211
201943121212
201943121301
201943121302
201943121303
201943121304
201943121305
201943121306
201943121307
201943121308
201943121309
201943121310
201943121311
201943121312
201944120201
201944120202
201944120203
201944120204
201944120205
201944120206
201944120207
201944120208
201944120209
201944120210
201944120211
201944120212
201944120301
201944120302
201944120303
201944120304
201944120305
201944120306
201944120307
201944120308
201944120309
201944120310
201944120311
201944120312
201944120401
201944120402
201944120403
201944120404
201944120405
201944120406
201944120407
201944120408
201944120409
201944120410
201944120411
201944120412
201944120501
201944120502
201944120503
201944120504
201944120505
201944120506
201944120507
201944120508
201944120509
201944120510
201944120511
201944120512
201944120601
201944120602
201944120603
201944120604
201944120605
201944120606
201944120607
201944120608
201944120609
201944120610
201944120611
201944120612
201944122501
201944122502
201944122503
201944122504
201944122505
201944122506
201944122507
201944122508
201944122509
201944122601
201944122602
201944122603
201944122604
201944122605
201944122606
201944122607
201944122608
201944122609
201944122610
201944122611
201944122612
201944122701
201944122702
201944122703
201944122704
201944122705
201944122706
201944122707
201944122708
201944122709
201944122710
201944122711
201944122712
201944122901
201944122902
201944122903
201944122904
201944122905
201944122906
201944122907
201944122908
201944122909
201944122910
201944122911
201944122912
201944123001
201944123002
201944123003
201944123004
201944123005
201944123006
201944123007
201944123008
201944123009
201944123010
201944123011
201944123012
201944123101
201944123102
201944123103
201944123104
201944123105
201944123106
201944123107
201944123108
201944123109
201944123110
201944123111
201944123112
201945121601
201945121602
201945121603
201945121604
201945121605
201945121606
201945121607
201945121608
201945121609
201945121610
201945121611
201945121612
201945121701
201945121702
201945121703
201945121704
201945121705
201945121706
201945121707
201945121708
201945121709
201945121710
201945121711
201945121712
201945121801
201945121802
201945121803
201945121804
201945121805
201945121806
201945121807
201945121808
201945121809
201945121810
201945121811
201945121812
201945121901
201945121902
201945121903
201945121904
201945121905
201945121906
201945121907
201945121908
201945121909
201945121910
201945121911
201945121912
201945122001
201945122002
201945122003
201945122004
201945122005
201945122006
201945122007
201945122008
201945122009
201945122010
201945122011
201945122012
201946120101
201946120102
201946120103
201946120104
201946120105
201946120106
201946120107
201946120108
201946120109
201946120301
201946120302
201946120303
201946120304
201946120305
201946120306
201946120307
201946120308
201946120309
201946120310
201946120311
201946120801
201946120802
201946120803
201946120804
201946120805
201946120806
201946120807
201946120808
201946120809
201946120810
201946120901
201946120902
201946120903
201946120904
201946120905
201946120906
201946120907
201946120908
201946120909
201946120910
201946121001
201946121002
201946121003
201946121004
201946121005
201946121006
201946121007
201946121008
201946121009
201946121010
201946121701
201946121702
201946121703
201946121704
201946121705
201946121706
201946121707
201946121708
201946121709
201946121710
201946121711
201946121801
201946121802
201946121803
201946121804
201946121805
201946121806
201946121807
201946121808
201946121809
201946121810
201946121811
201946122401
201946122402
201946122403
201946122404
201946122405
201946122406
201946122407
201946122408
201946122409
201946122410
201946122411
201946122701
201946122702
201946122703
201946122704
201946122705
201946122706
201946122707
201946122708
201946122709
201946122710
201946122711
201947120201
201947120202
201947120203
201947120204
201947120205
201947120206
201947120207
201947120208
201947120209
201947120210
201947120301
201947120302
201947120303
201947120304
201947120305
201947120306
201947120307
201947120308
201947120309
201947120310
201947120401
201947120402
201947120403
201947120404
201947120405
201947120406
201947120407
201947120408
201947120409
201947120410
201947120501
201947120502
201947120503
201947120504
201947120505
201947120506
201947120507
201947120508
201947120509
201947120510
201947120601
201947120602
201947120603
201947120604
201947120605
201947120606
201947120607
201947120608
201947120609
201947120610
201947122701
201947122702
201947122703
201947122704
201947122705
201947122706
201947122707
201947122708
201947122709
201947122710
201947122901
201947122902
201947122903
201947122904
201947122905
201947122906
201947122907
201947122908
201947122909
201947122910
201947122911
201947122912
201947123001
201947123002
201947123003
201947123004
201947123005
201947123006
201947123007
201947123008
201947123009
201947123010
201947123011
201947123012
201947123101
201947123102
201947123103
201947123104
201947123105
201947123106
201947123107
201947123108
201947123109
201947123110
201947123111
201948121001
201948121002
201948121003
201948121004
201948121005
201948121006
201948121007
201948121008
201948121009
201948121010
201948121011
201948121101
201948121102
201948121103
201948121104
201948121105
201948121106
201948121107
201948121108
201948121109
201948121110
201948121111
201948121112
201948121201
201948121202
201948121203
201948121204
201948121205
201948121206
201948121207
201948121208
201948121209
201948121210
201948121211
201948121212
201948121301
201948121302
201948121303
201948121304
201948121305
201948121306
201948121307
201948121308
201948121309
201948121310
201948121311
201948121312
201948121801
201948121802
201948121803
201948121804
201948121805
201948121806
201948121807
201948121808
201948121809
201948121810
201948121811
201948121901
201948121902
201948121903
201948121904
201948121905
201948121906
201948121907
201948121908
201948121909
201948121910
201948121911
201948121912
201948122001
201948122002
201948122003
201948122004
201948122005
201948122006
201948122007
201948122008
201948122009
201948122010
201948122011
201948122012
201948122301
201948122302
201948122303
201948122304
201948122305
201948122306
201948122307
201948122308
201948122309
201948122310
201948122311
201948122312
201950120301
201950120302
201950120303
201950120304
201950120305
201950120306
201950120307
201950120308
201950120309
201950120310
201950120311
201950120312
201950120401
201950120402
201950120403
201950120404
201950120405
201950120406
201950120407
201950120408
201950120409
201950120410
201950120411
201950120412
201950120501
201950120502
201950120503
201950120504
201950120505
201950120506
201950120507
201950120508
201950120509
201950120510
201950120511
201950120512
201950121001
201950121002
201950121003
201950121004
201950121005
201950121006
201950121007
201950121008
201950121009
201950121010
201950121011
201950121101
201950121102
201950121103
201950121104
201950121105
201950121106
201950121107
201950121108
201950121109
201950121110
201950121111
201950121201
201950121202
201950121203
201950121204
201950121205
201950121206
201950121207
201950121208
201950121209
201950121210
201950121211
201950121301
201950121302
201950121303
201950121304
201950121305
201950121306
201950121307
201950121308
201950121309
201950121310
201950121311
201950121701
201950121702
201950121703
201950121704
201950121705
201950121706
201950121707
201950121708
201950121709
201950121710
201950121711
201950121712
201950121801
201950121802
201950121803
201950121804
201950121805
201950121806
201950121807
201950121808
201950121809
201950121810
201950121811
201950121812
201950121901
201950121902
201950121903
201950121904
201950121905
201950121906
201950121907
201950121908
201950121909
201950121910
201950121911
201950121912
201950122501
201950122502
201950122503
201950122504
201950122505
201950122506
201950122507
201950122508
201950122509
201950122510
201950122511
201950122601
201950122602
201950122603
201950122604
201950122605
201950122606
201950122607
201950122608
201950122609
201950122610
201950122611
201950122701
201950122702
201950122703
201950122704
201950122705
201950122706
201950122707
201950122708
201950122709
201950122710
201950122711
201950122901
201950122902
201950122903
201950122904
201950122905
201950122906
201950122907
201950122908
201950122909
201950122910
201950122911
201950123001
201950123002
201950123003
201950123004
201950123005
201950123006
201950123007
201950123008
201950123009
201950123010
201950123011
201950123012
201950123101
201950123102
201950123103
201950123104
201950123105
201950123106
201950123107
201950123108
201950123109
201950123110
201950123111
201954120101
201954120102
201954120103
201954120104
201954120105
201954120106
201954120107
201954120108
201954120109
201954120110
201954120111
201954120112
201954120701
201954120702
201954120703
201954120704
201954120705
201954120706
201954120707
201954120708
201954120709
201954120710
201954120711
201954120712
201954120801
201954120802
201954120803
201954120804
201954120805
201954120806
201954120807
201954120808
201954120809
201954120810
201954120811
201954120812
201954121401
201954121402
201954121403
201954121404
201954121405
201954121406
201954121407
201954121408
201954121409
201954121410
201954121411
201954121412
201954121501
201954121502
201954121503
201954121504
201954121505
201954121506
201954121507
201954121508
201954121509
201954121510
201954121511
201954121512
201954122101
201954122102
201954122103
201954122104
201954122105
201954122106
201954122107
201954122108
201954122109
201954122110
201954122111
201954122112
201954122201
201954122202
201954122203
201954122204
201954122205
201954122206
201954122207
201954122208
201954122209
201954122210
201954122211
201954122212
201954122801
201954122802
201954122803
201954122804
201954122805
201954122806
201954122807
201954122808
201954122809
201954122810
201954122811
201954122812
201954122901
201954122902
201954122903
201954122904
201954122905
201954122906
201954122907
201954122908
201954122909
201954122910
201954122911
201954123101
201954123102
201954123103
201954123104
201954123105
201954123106
201954123107
201954123108
201954123109
201954123110
201954123111
201955120101
201955120102
201955120103
201955120104
201955120105
201955120106
201955120107
201955120108
201955120109
201955120110
201955120111
201955120112
201955120701
201955120702
201955120703
201955120704
201955120705
201955120706
201955120707
201955120708
201955120709
201955120710
201955120711
201955120712
201955120801
201955120802
201955120803
201955120804
201955120805
201955120806
201955120807
201955120808
201955120809
201955120810
201955120811
201955120812
201955121501
201955121502
201955121503
201955121504
201955121505
201955121506
201955121507
201955121508
201955121509
201955121510
201955121511
201955121512
201955121701
201955121702
201955121703
201955121704
201955121705
201955121706
201955121707
201955121708
201955121709
201955121710
201955121711
201955121712
201955122101
201955122102
201955122103
201955122104
201955122105
201955122106
201955122107
201955122108
201955122109
201955122110
201955122111
201955122112
201955122201
201955122202
201955122203
201955122204
201955122205
201955122206
201955122207
201955122208
201955122209
201955122210
201955122211
201955122212
201965120101
201965120102
201965120103
201965120104
201965120105
201965120106
201965120107
201965120108
201965120109
201965120110
201965120111
201965120201
201965120202
201965120203
201965120204
201965120205
201965120206
201965120207
201965120208
201965120209
201965120210
201965120211
201965120212
201965120701
201965120702
201965120703
201965120704
201965120705
201965120706
201965120707
201965120708
201965120709
201965120710
201965120711
201965120801
201965120802
201965120803
201965120804
201965120805
201965120806
201965120807
201965120808
201965120809
201965120810
201965120811
201965120901
201965120902
201965120903
201965120904
201965120905
201965120906
201965120907
201965120908
201965120909
201965120910
201965120911
201965120912
201965121401
201965121402
201965121403
201965121404
201965121405
201965121406
201965121407
201965121408
201965121409
201965121410
201965121411
201965121501
201965121502
201965121503
201965121504
201965121505
201965121506
201965121507
201965121508
201965121509
201965121510
201965121511
201965121601
201965121602
201965121603
201965121604
201965121605
201965121606
201965121607
201965121608
201965121609
201965121610
201965121611
201965121612
201965122101
201965122102
201965122103
201965122104
201965122105
201965122106
201965122107
201965122108
201965122109
201965122110
201965122111
201965122201
201965122202
201965122203
201965122204
201965122205
201965122206
201965122207
201965122208
201965122209
201965122210
201965122211
201965122301
201965122302
201965122303
201965122304
201965122305
201965122306
201965122307
201965122308
201965122309
201965122310
201965122311
201965122312
201965122601
201965122602
201965122603
201965122604
201965122605
201965122606
201965122607
201965122608
201965122609
201965122610
201965122611
201965122612
201965122701
201965122702
201965122703
201965122704
201965122705
201965122706
201965122707
201965122708
201965122709
201965122710
201965122711
201965122712
201965122801
201965122802
201965122803
201965122804
201965122805
201965122806
201965122807
201965122808
201965122809
201965122810
201965122811
201965122812
201965122901
201965122902
201965122903
201965122904
201965122905
201965122906
201965122907
201965122908
201965122909
201965122910
201965122911
201965122912
201965123001
201965123002
201965123003
201965123004
201965123005
201965123006
201965123007
201965123008
201965123009
201965123010
201965123011
201965123012
