201906020101
201906020102
201906020103
201906020104
201906020105
201906020106
201906020107
201906020108
201906020109
201906020110
201906020111
201906020112
201906020201
201906020202
201906020203
201906020204
201906020205
201906020206
201906020207
201906020208
201906020209
201906020210
201906020211
201906020212
201909010101
201909010102
201909010103
201909010104
201909010105
201909010106
201909010107
201909010108
201909010109
201909010110
201909010111
201909010112
201909010201
201909010202
201909010203
201909010204
201909010205
201909010206
201909010207
201909010208
201909010209
201909010210
201909010211
201909010212
201910010501
201910010502
201910010503
201910010504
201910010505
201910010506
201910010507
201910010508
201910010509
201910010510
201910010511
201910010512
201910010601
201910010602
201910010603
201910010604
201910010605
201910010606
201910010607
201910010608
201910010609
201910010610
201910010611
201910010612
201943021801
201943021802
201943021803
201943021804
201943021805
201943021806
201943021807
201943021808
201943021809
201943021810
201943021811
201943021812
201943021901
201943021902
201943021903
201943021904
201943021905
201943021906
201943021907
201943021908
201943021909
201943021910
201943021911
201943021912
201943022001
201943022002
201943022003
201943022004
201943022005
201943022006
201943022007
201943022008
201943022009
201943022010
201943022011
201943022012
201943022101
201943022102
201943022103
201943022104
201943022105
201943022106
201943022107
201943022108
201943022109
201943022110
201943022111
201943022112
201943022201
201943022202
201943022203
201943022204
201943022205
201943022206
201943022207
201943022208
201943022209
201943022210
201943022211
201943022212
201945022501
201945022502
201945022503
201945022504
201945022505
201945022506
201945022507
201945022508
201945022509
201945022510
201945022511
201945022512
201945022601
201945022602
201945022603
201945022604
201945022605
201945022606
201945022607
201945022608
201945022609
201945022610
201945022611
201945022612
201945022701
201945022702
201945022703
201945022704
201945022705
201945022706
201945022707
201945022708
201945022709
201945022710
201945022711
201945022712
201945022801
201945022802
201945022803
201945022804
201945022805
201945022806
201945022807
201945022808
201945022809
201945022810
201945022811
201945022812
201947021801
201947021802
201947021803
201947021804
201947021805
201947021806
201947021807
201947021808
201947021809
201947021810
201947021901
201947021902
201947021903
201947021904
201947021905
201947021906
201947021907
201947021908
201947021909
201947021910
201947022001
201947022002
201947022003
201947022004
201947022005
201947022006
201947022007
201947022008
201947022009
201947022010
201947022101
201947022102
201947022103
201947022104
201947022105
201947022106
201947022107
201947022108
201947022109
201947022110
201947022201
201947022202
201947022203
201947022204
201947022205
201947022206
201947022207
201947022208
201947022209
201947022210
201948022601
201948022602
201948022603
201948022604
201948022605
201948022606
201948022607
201948022608
201948022609
201948022610
201948022611
201948022612
201948022701
201948022702
201948022703
201948022704
201948022705
201948022706
201948022707
201948022708
201948022709
201948022710
201948022711
201948022712
201948022801
201948022802
201948022803
201948022804
201948022805
201948022806
201948022807
201948022808
201948022809
201948022810
201948022811
201948022812
201950021901
201950021902
201950021903
201950021904
201950021905
201950021906
201950021907
201950021908
201950021909
201950021910
201950021911
201950022001
201950022002
201950022003
201950022004
201950022005
201950022006
201950022007
201950022008
201950022009
201950022010
201950022011
201950022012
201950022101
201950022102
201950022103
201950022104
201950022105
201950022106
201950022107
201950022108
201950022109
201950022110
201950022111
201950022112
201950022601
201950022602
201950022603
201950022604
201950022605
201950022606
201950022607
201950022608
201950022609
201950022610
201950022611
201950022701
201950022702
201950022703
201950022704
201950022705
201950022706
201950022707
201950022708
201950022709
201950022710
201950022711
201950022712
201950022801
201950022802
201950022803
201950022804
201950022805
201950022806
201950022807
201950022808
201950022809
201950022810
201950022811
201954021901
201954021902
201954021903
201954021904
201954021905
201954021906
201954021907
201954021908
201954021909
201954021910
201954022001
201954022002
201954022003
201954022004
201954022005
201954022006
201954022007
201954022008
201954022009
201954022010
201954022401
201954022402
201954022403
201954022404
201954022405
201954022406
201954022407
201954022408
201954022409
201954022410
201954022411
201954022412
201954022601
201954022602
201954022603
201954022604
201954022605
201954022606
201954022607
201954022608
201954022609
201954022610
201954022701
201954022702
201954022703
201954022704
201954022705
201954022706
201954022707
201954022708
201954022709
201954022710
201954022711
201955021901
201955021902
201955021903
201955021904
201955021905
201955021906
201955021907
201955021908
201955021909
201955021910
201955021911
201955021912
201955022301
201955022302
201955022303
201955022304
201955022305
201955022306
201955022307
201955022308
201955022309
201955022310
201955022311
201955022312
201955022401
201955022402
201955022403
201955022404
201955022405
201955022406
201955022407
201955022408
201955022409
201955022410
201955022411
201955022412
201965021801
201965021802
201965021803
201965021804
201965021805
201965021806
201965021807
201965021808
201965021809
201965021810
201965021811
201965021812
201965022301
201965022302
201965022303
201965022304
201965022305
201965022306
201965022307
201965022308
201965022309
201965022310
201965022311
201965022401
201965022402
201965022403
201965022404
201965022405
201965022406
201965022407
201965022408
201965022409
201965022410
201965022411
201965022501
201965022502
201965022503
201965022504
201965022505
201965022506
201965022507
201965022508
201965022509
201965022510
201965022511
201965022512
