201901010101
201901010102
201901010103
201901010104
201901010105
201901010106
201901010107
201901010108
201901010109
201901010110
201901010111
201901010112
201901010201
201901010202
201901010203
201901010204
201901010205
201901010206
201901010207
201901010208
201901010209
201901010210
201901010211
201901010212
201904020101
201904020102
201904020103
201904020104
201904020105
201904020106
201904020107
201904020108
201904020109
201904020110
201904020111
201904020112
201904020201
201904020202
201904020203
201904020204
201904020205
201904020206
201904020207
201904020208
201904020209
201904020210
201904020211
201904020212
201910020101
201910020102
201910020103
201910020104
201910020105
201910020106
201910020107
201910020108
201910020109
201910020110
201910020111
201910020112
201910020201
201910020202
201910020203
201910020204
201910020205
201910020206
201910020207
201910020208
201910020209
201910020210
201910020211
201910020212
201930072301
201930072302
201930072303
201930072304
201930072305
201930072306
201930072307
201930072308
201930072309
201930072310
201930072311
201930072312
201930072401
201930072402
201930072403
201930072404
201930072405
201930072406
201930072407
201930072408
201930072409
201930072410
201930072411
201930072412
201930072501
201930072502
201930072503
201930072504
201930072505
201930072506
201930072507
201930072508
201930072509
201930072510
201930072511
201930072512
201930073001
201930073002
201930073003
201930073004
201930073005
201930073006
201930073007
201930073008
201930073009
201930073010
201930073011
201930073012
201930073101
201930073102
201930073103
201930073104
201930073105
201930073106
201930073107
201930073108
201930073109
201930073110
201930073111
201930073112
201935072201
201935072202
201935072203
201935072204
201935072205
201935072206
201935072207
201935072208
201935072209
201935072210
201935072211
201935072212
201935072701
201935072702
201935072703
201935072704
201935072705
201935072706
201935072707
201935072708
201935072709
201935072710
201935072801
201935072802
201935072803
201935072804
201935072805
201935072806
201935072807
201935072808
201935072809
201935072810
201935072811
201935072812
201935072901
201935072902
201935072903
201935072904
201935072905
201935072906
201935072907
201935072908
201935072909
201935072910
201935072911
201935072912
201942072401
201942072402
201942072403
201942072404
201942072405
201942072406
201942072407
201942072408
201942072409
201942072410
201942072411
201942072412
201942072501
201942072502
201942072503
201942072504
201942072505
201942072506
201942072507
201942072508
201942072509
201942072510
201942072511
201942072512
201942072601
201942072602
201942072603
201942072604
201942072605
201942072606
201942072607
201942072608
201942072609
201942072610
201942072611
201942072612
201944072801
201944072802
201944072803
201944072804
201944072805
201944072806
201944072807
201944072808
201944072809
201944072810
201944072811
201944072812
201944072901
201944072902
201944072903
201944072904
201944072905
201944072906
201944072907
201944072908
201944072909
201944072910
201944072911
201944072912
201944073001
201944073002
201944073003
201944073004
201944073005
201944073006
201944073007
201944073008
201944073009
201944073010
201944073011
201944073012
201944073101
201944073102
201944073103
201944073104
201944073105
201944073106
201944073107
201944073108
201944073109
201944073110
201944073111
201944073112
201945072201
201945072202
201945072203
201945072204
201945072205
201945072206
201945072207
201945072208
201945072209
201945072210
201945072211
201945072212
201945072301
201945072302
201945072303
201945072304
201945072305
201945072306
201945072307
201945072308
201945072309
201945072310
201945072311
201945072312
201946072301
201946072302
201946072303
201946072304
201946072305
201946072306
201946072307
201946072308
201946072309
201946072310
201946072311
201946072801
201946072802
201946072803
201946072804
201946072805
201946072806
201946072807
201946072808
201946072809
201946072810
201946072811
201946073001
201946073002
201946073003
201946073004
201946073005
201946073006
201946073007
201946073008
201946073009
201946073010
201946073011
201946073012
201948072301
201948072302
201948072303
201948072304
201948072305
201948072306
201948072307
201948072308
201948072309
201948072310
201948072311
201948072312
201948072401
201948072402
201948072403
201948072404
201948072405
201948072406
201948072407
201948072408
201948072409
201948072410
201948072411
201948072412
201948072501
201948072502
201948072503
201948072504
201948072505
201948072506
201948072507
201948072508
201948072509
201948072510
201948072511
201948072512
201948072601
201948072602
201948072603
201948072604
201948072605
201948072606
201948072607
201948072608
201948072609
201948072610
201948072611
201948072612
201950072401
201950072402
201950072403
201950072404
201950072405
201950072406
201950072407
201950072408
201950072409
201950072410
201950072411
201950072501
201950072502
201950072503
201950072504
201950072505
201950072506
201950072507
201950072508
201950072509
201950072510
201950072511
201950072512
201950072601
201950072602
201950072603
201950072604
201950072605
201950072606
201950072607
201950072608
201950072609
201950072610
201950072611
201950072612
201950073101
201950073102
201950073103
201950073104
201950073105
201950073106
201950073107
201950073108
201950073109
201950073110
201950073111
201950073112
201954072701
201954072702
201954072703
201954072704
201954072705
201954072706
201954072707
201954072708
201954072709
201954072710
201954072711
201954072712
201954072801
201954072802
201954072803
201954072804
201954072805
201954072806
201954072807
201954072808
201954072809
201954072810
201954072811
201954072812
201955072701
201955072702
201955072703
201955072704
201955072705
201955072706
201955072707
201955072708
201955072709
201955072710
201955072711
201955072712
201955073001
201955073002
201955073003
201955073004
201955073005
201955073006
201955073007
201955073008
201955073009
201955073010
201955073011
201955073012
201965072201
201965072202
201965072203
201965072204
201965072205
201965072206
201965072207
201965072208
201965072209
201965072210
201965072211
201965072701
201965072702
201965072703
201965072704
201965072705
201965072706
201965072707
201965072708
201965072709
201965072710
201965072711
201965072801
201965072802
201965072803
201965072804
201965072805
201965072806
201965072807
201965072808
201965072809
201965072810
201965072811
201965072901
201965072902
201965072903
201965072904
201965072905
201965072906
201965072907
201965072908
201965072909
201965072910
201965072911
