201904010301
201904010302
201904010303
201904010304
201904010305
201904010306
201904010307
201904010308
201904010309
201904010310
201904010311
201904010312
201904010401
201904010402
201904010403
201904010404
201904010405
201904010406
201904010407
201904010408
201904010409
201904010410
201904010411
201904010412
201904010501
201904010502
201904010503
201904010504
201904010505
201904010506
201904010507
201904010508
201904010509
201904010510
201904010511
201904010512
201904010601
201904010602
201904010603
201904010604
201904010605
201904010606
201904010607
201904010608
201904010609
201904010610
201904010611
201904010612
201904010701
201904010702
201904010703
201904010704
201904010705
201904010706
201904010707
201904010708
201904010709
201904010710
201904010711
201904010712
201904010801
201904010802
201904010803
201904010804
201904010805
201904010806
201904010807
201904010808
201904010809
201904010810
201904010811
201904010812
201905020501
201905020502
201905020503
201905020504
201905020505
201905020506
201905020507
201905020508
201905020509
201905020601
201905020602
201905020603
201905020604
201905020605
201905020606
201905020607
201905020608
201905020609
201905020610
201905020611
201905020612
201905020701
201905020702
201905020703
201905020704
201905020705
201905020706
201905020707
201905020708
201905020709
201905020710
201905020711
201905020712
201905020801
201905020802
201905020803
201905020804
201905020805
201905020806
201905020807
201905020808
201905020809
201905020810
201905020811
201905020812
201905020901
201905020902
201905020903
201905020904
201905020905
201905020906
201905020907
201905020908
201905020909
201905020910
201905020911
201905020912
201905021001
201905021002
201905021003
201905021004
201905021005
201905021006
201905021007
201905021008
201905021009
201905021010
201905021011
201905021012
201905021101
201905021102
201905021103
201905021104
201905021105
201905021106
201905021107
201905021108
201905021109
201905021110
201905021111
201905021112
201905021201
201905021202
201905021203
201905021204
201905021205
201905021206
201905021207
201905021208
201905021209
201905021210
201905021211
201905021212
201908030501
201908030502
201908030503
201908030504
201908030505
201908030506
201908030507
201908030508
201908030509
201908030510
201908030511
201908030512
201908030601
201908030602
201908030603
201908030604
201908030605
201908030606
201908030607
201908030608
201908030609
201908030610
201908030611
201908030612
201908030701
201908030702
201908030703
201908030704
201908030705
201908030706
201908030707
201908030708
201908030709
201908030710
201908030711
201908030712
201908030801
201908030802
201908030803
201908030804
201908030805
201908030806
201908030807
201908030808
201908030809
201908030810
201908030811
201908030812
201908030901
201908030902
201908030903
201908030904
201908030905
201908030906
201908030907
201908030908
201908030909
201908030910
201908030911
201908030912
201908031001
201908031002
201908031003
201908031004
201908031005
201908031006
201908031007
201908031008
201908031009
201908031010
201908031011
201908031012
201908031101
201908031102
201908031103
201908031104
201908031105
201908031106
201908031107
201908031108
201908031109
201908031110
201908031111
201908031112
201908031201
201908031202
201908031203
201908031204
201908031205
201908031206
201908031207
201908031208
201908031209
201908031210
201908031211
201908031212
201930050101
201930050102
201930050103
201930050104
201930050105
201930050106
201930050107
201930050108
201930050109
201930050110
201930050111
201930050112
201930050201
201930050202
201930050203
201930050204
201930050205
201930050206
201930050207
201930050208
201930050209
201930050210
201930050211
201930050212
201930050801
201930050802
201930050803
201930050804
201930050805
201930050806
201930050807
201930050808
201930050809
201930050810
201930050811
201930050812
201930050901
201930050902
201930050903
201930050904
201930050905
201930050906
201930050907
201930050908
201930050909
201930050910
201930050911
201930050912
201930051501
201930051502
201930051503
201930051504
201930051505
201930051506
201930051507
201930051508
201930051509
201930051510
201930051511
201930051512
201930051601
201930051602
201930051603
201930051604
201930051605
201930051606
201930051607
201930051608
201930051609
201930051610
201930051611
201930051612
201930052101
201930052102
201930052103
201930052104
201930052105
201930052106
201930052107
201930052108
201930052109
201930052110
201930052111
201930052112
201930052201
201930052202
201930052203
201930052204
201930052205
201930052206
201930052207
201930052208
201930052209
201930052210
201930052211
201930052212
201930052901
201930052902
201930052903
201930052904
201930052905
201930052906
201930052907
201930052908
201930052909
201930052910
201930052911
201930052912
201930053001
201930053002
201930053003
201930053004
201930053005
201930053006
201930053007
201930053008
201930053009
201930053010
201930053011
201930053012
201935051201
201935051202
201935051203
201935051204
201935051205
201935051206
201935051207
201935051208
201935051209
201935051210
201935051211
201935051301
201935051302
201935051303
201935051304
201935051305
201935051306
201935051307
201935051308
201935051309
201935051310
201935051311
201935051312
201935051401
201935051402
201935051403
201935051404
201935051405
201935051406
201935051407
201935051408
201935051409
201935051410
201935051411
201935051901
201935051902
201935051903
201935051904
201935051905
201935051906
201935051907
201935051908
201935051909
201935051910
201935051911
201935051912
201935052001
201935052002
201935052003
201935052004
201935052005
201935052006
201935052007
201935052008
201935052009
201935052010
201935052011
201935052012
201935052101
201935052102
201935052103
201935052104
201935052105
201935052106
201935052107
201935052108
201935052109
201935052110
201935052111
201935052601
201935052602
201935052603
201935052604
201935052605
201935052606
201935052607
201935052608
201935052609
201935052610
201935052611
201935052701
201935052702
201935052703
201935052704
201935052705
201935052706
201935052707
201935052708
201935052709
201935052710
201935052711
201935052712
201935052801
201935052802
201935052803
201935052804
201935052805
201935052806
201935052807
201935052808
201935052809
201935052810
201935052811
201936050301
201936050302
201936050303
201936050304
201936050305
201936050306
201936050307
201936050308
201936050309
201936050310
201936050311
201936050312
201936050401
201936050402
201936050403
201936050404
201936050405
201936050406
201936050407
201936050408
201936050409
201936050410
201936050411
201936050412
201936050501
201936050502
201936050503
201936050504
201936050505
201936050506
201936050507
201936050508
201936050509
201936050510
201936050511
201936050512
201936050601
201936050602
201936050603
201936050604
201936050605
201936050606
201936050607
201936050608
201936050609
201936050610
201936050611
201936050612
201942050101
201942050102
201942050103
201942050104
201942050105
201942050106
201942050107
201942050108
201942050109
201942050110
201942050111
201942050112
201942050201
201942050202
201942050203
201942050204
201942050205
201942050206
201942050207
201942050208
201942050209
201942050210
201942050211
201942050212
201942050301
201942050302
201942050303
201942050304
201942050305
201942050306
201942050307
201942050308
201942050309
201942050310
201942050311
201942050312
201942052701
201942052702
201942052703
201942052704
201942052705
201942052706
201942052707
201942052708
201942052709
201942052710
201942052711
201942052712
201942052801
201942052802
201942052803
201942052804
201942052805
201942052806
201942052807
201942052808
201942052809
201942052810
201942052811
201942052812
201942052901
201942052902
201942052903
201942052904
201942052905
201942052906
201942052907
201942052908
201942052909
201942052910
201942052911
201942052912
201942053001
201942053002
201942053003
201942053004
201942053005
201942053006
201942053007
201942053008
201942053009
201942053010
201942053011
201942053012
201942053101
201942053102
201942053103
201942053104
201942053105
201942053106
201942053107
201942053108
201942053109
201942053110
201942053111
201942053112
201943050601
201943050602
201943050603
201943050604
201943050605
201943050606
201943050607
201943050608
201943050609
201943050610
201943050611
201943050612
201943050701
201943050702
201943050703
201943050704
201943050705
201943050706
201943050707
201943050708
201943050709
201943050710
201943050711
201943050712
201943050801
201943050802
201943050803
201943050804
201943050805
201943050806
201943050807
201943050808
201943050809
201943050810
201943050811
201943050812
201943050901
201943050902
201943050903
201943050904
201943050905
201943050906
201943050907
201943050908
201943050909
201943050910
201943050911
201943050912
201943051001
201943051002
201943051003
201943051004
201943051005
201943051006
201943051007
201943051008
201943051009
201943051010
201943051011
201943051012
201944052001
201944052002
201944052003
201944052004
201944052005
201944052006
201944052007
201944052008
201944052009
201944052010
201944052011
201944052012
201944052101
201944052102
201944052103
201944052104
201944052105
201944052106
201944052107
201944052108
201944052109
201944052110
201944052111
201944052112
201944052201
201944052202
201944052203
201944052204
201944052205
201944052206
201944052207
201944052208
201944052209
201944052210
201944052211
201944052212
201944052301
201944052302
201944052303
201944052304
201944052305
201944052306
201944052307
201944052308
201944052309
201944052310
201944052311
201944052312
201944052401
201944052402
201944052403
201944052404
201944052405
201944052406
201944052407
201944052408
201944052409
201944052410
201944052411
201944052412
201945051301
201945051302
201945051303
201945051304
201945051305
201945051306
201945051307
201945051308
201945051309
201945051310
201945051311
201945051312
201945051401
201945051402
201945051403
201945051404
201945051405
201945051406
201945051407
201945051408
201945051409
201945051410
201945051411
201945051412
201945051501
201945051502
201945051503
201945051504
201945051505
201945051506
201945051507
201945051508
201945051509
201945051510
201945051511
201945051512
201945051601
201945051602
201945051603
201945051604
201945051605
201945051606
201945051607
201945051608
201945051609
201945051610
201945051611
201945051612
201945051701
201945051702
201945051703
201945051704
201945051705
201945051706
201945051707
201945051708
201945051709
201945051710
201945051711
201945051712
201946050501
201946050502
201946050503
201946050504
201946050505
201946050506
201946050507
201946050508
201946050509
201946050510
201946050511
201946050601
201946050602
201946050603
201946050604
201946050605
201946050606
201946050607
201946050608
201946050609
201946050610
201946050611
201946050612
201946051201
201946051202
201946051203
201946051204
201946051205
201946051206
201946051207
201946051208
201946051209
201946051210
201946051211
201946051401
201946051402
201946051403
201946051404
201946051405
201946051406
201946051407
201946051408
201946051409
201946051410
201946051411
201946051412
201946051901
201946051902
201946051903
201946051904
201946051905
201946051906
201946051907
201946051908
201946051909
201946051910
201946051911
201946052101
201946052102
201946052103
201946052104
201946052105
201946052106
201946052107
201946052108
201946052109
201946052110
201946052111
201946052112
201946052601
201946052602
201946052603
201946052604
201946052605
201946052606
201946052607
201946052608
201946052609
201946052610
201946052611
201946052801
201946052802
201946052803
201946052804
201946052805
201946052806
201946052807
201946052808
201946052809
201946052810
201946052811
201947050701
201947050702
201947050703
201947050704
201947050705
201947050706
201947050707
201947050708
201947050709
201947050710
201947050801
201947050802
201947050803
201947050804
201947050805
201947050806
201947050807
201947050808
201947050809
201947050810
201947050901
201947050902
201947050903
201947050904
201947050905
201947050906
201947050907
201947050908
201947050909
201947050910
201947051001
201947051002
201947051003
201947051004
201947051005
201947051006
201947051007
201947051008
201947051009
201947051010
201947051011
201947052101
201947052102
201947052103
201947052104
201947052105
201947052106
201947052107
201947052108
201947052109
201947052110
201947052201
201947052202
201947052203
201947052204
201947052205
201947052206
201947052207
201947052208
201947052209
201947052210
201947052301
201947052302
201947052303
201947052304
201947052305
201947052306
201947052307
201947052308
201947052309
201947052310
201947052401
201947052402
201947052403
201947052404
201947052405
201947052406
201947052407
201947052408
201947052409
201947052410
201947052411
201948050101
201948050102
201948050103
201948050104
201948050105
201948050106
201948050107
201948050108
201948050109
201948050110
201948050111
201948050112
201948050201
201948050202
201948050203
201948050204
201948050205
201948050206
201948050207
201948050208
201948050209
201948050210
201948050211
201948050212
201948050301
201948050302
201948050303
201948050304
201948050305
201948050306
201948050307
201948050308
201948050309
201948050310
201948050311
201948050312
201948050601
201948050602
201948050603
201948050604
201948050605
201948050606
201948050607
201948050608
201948050609
201948050610
201948050611
201948050612
201948051401
201948051402
201948051403
201948051404
201948051405
201948051406
201948051407
201948051408
201948051409
201948051410
201948051411
201948051501
201948051502
201948051503
201948051504
201948051505
201948051506
201948051507
201948051508
201948051509
201948051510
201948051511
201948051512
201948051601
201948051602
201948051603
201948051604
201948051605
201948051606
201948051607
201948051608
201948051609
201948051610
201948051611
201948051612
201948051701
201948051702
201948051703
201948051704
201948051705
201948051706
201948051707
201948051708
201948051709
201948051710
201948051711
201948051712
201948052801
201948052802
201948052803
201948052804
201948052805
201948052806
201948052807
201948052808
201948052809
201948052810
201948052811
201948052901
201948052902
201948052903
201948052904
201948052905
201948052906
201948052907
201948052908
201948052909
201948052910
201948052911
201948052912
201948053001
201948053002
201948053003
201948053004
201948053005
201948053006
201948053007
201948053008
201948053009
201948053010
201948053011
201948053012
201948053101
201948053102
201948053103
201948053104
201948053105
201948053106
201948053107
201948053108
201948053109
201948053110
201948053111
201948053112
201950050101
201950050102
201950050103
201950050104
201950050105
201950050106
201950050107
201950050108
201950050109
201950050110
201950050111
201950050112
201950050201
201950050202
201950050203
201950050204
201950050205
201950050206
201950050207
201950050208
201950050209
201950050210
201950050211
201950050301
201950050302
201950050303
201950050304
201950050305
201950050306
201950050307
201950050308
201950050309
201950050310
201950050311
201950050312
201950050801
201950050802
201950050803
201950050804
201950050805
201950050806
201950050807
201950050808
201950050809
201950050810
201950050811
201950050901
201950050902
201950050903
201950050904
201950050905
201950050906
201950050907
201950050908
201950050909
201950050910
201950050911
201950051001
201950051002
201950051003
201950051004
201950051005
201950051006
201950051007
201950051008
201950051009
201950051010
201950051501
201950051502
201950051503
201950051504
201950051505
201950051506
201950051507
201950051508
201950051509
201950051510
201950051511
201950051512
201950051601
201950051602
201950051603
201950051604
201950051605
201950051606
201950051607
201950051608
201950051609
201950051610
201950051611
201950051612
201950051701
201950051702
201950051703
201950051704
201950051705
201950051706
201950051707
201950051708
201950051709
201950051710
201950051711
201950051712
201950052201
201950052202
201950052203
201950052204
201950052205
201950052206
201950052207
201950052208
201950052209
201950052210
201950052211
201950052301
201950052302
201950052303
201950052304
201950052305
201950052306
201950052307
201950052308
201950052309
201950052310
201950052311
201950052401
201950052402
201950052403
201950052404
201950052405
201950052406
201950052407
201950052408
201950052409
201950052410
201950052411
201950052901
201950052902
201950052903
201950052904
201950052905
201950052906
201950052907
201950052908
201950052909
201950052910
201950052911
201950052912
201950053001
201950053002
201950053003
201950053004
201950053005
201950053006
201950053007
201950053008
201950053009
201950053010
201950053011
201950053012
201950053101
201950053102
201950053103
201950053104
201950053105
201950053106
201950053107
201950053108
201950053109
201950053110
201950053111
201950053112
201954050201
201954050202
201954050203
201954050204
201954050205
201954050206
201954050207
201954050208
201954050209
201954050210
201954050211
201954050301
201954050302
201954050303
201954050304
201954050305
201954050306
201954050307
201954050308
201954050309
201954050310
201954050311
201954050312
201954051101
201954051102
201954051103
201954051104
201954051105
201954051106
201954051107
201954051108
201954051109
201954051110
201954051111
201954051112
201954051201
201954051202
201954051203
201954051204
201954051205
201954051206
201954051207
201954051208
201954051209
201954051210
201954051211
201954051212
201954051801
201954051802
201954051803
201954051804
201954051805
201954051806
201954051807
201954051808
201954051809
201954051810
201954051811
201954051812
201954051901
201954051902
201954051903
201954051904
201954051905
201954051906
201954051907
201954051908
201954051909
201954051910
201954051911
201954051912
201954052501
201954052502
201954052503
201954052504
201954052505
201954052506
201954052507
201954052508
201954052509
201954052510
201954052511
201954052512
201954052601
201954052602
201954052603
201954052604
201954052605
201954052606
201954052607
201954052608
201954052609
201954052610
201954052611
201954052612
201955050401
201955050402
201955050403
201955050404
201955050405
201955050406
201955050407
201955050408
201955050409
201955050410
201955050411
201955050501
201955050502
201955050503
201955050504
201955050505
201955050506
201955050507
201955050508
201955050509
201955050510
201955050511
201955050601
201955050602
201955050603
201955050604
201955050605
201955050606
201955050607
201955050608
201955050609
201955050610
201955050611
201955051101
201955051102
201955051103
201955051104
201955051105
201955051106
201955051107
201955051108
201955051109
201955051110
201955051111
201955051201
201955051202
201955051203
201955051204
201955051205
201955051206
201955051207
201955051208
201955051209
201955051210
201955051211
201955051801
201955051802
201955051803
201955051804
201955051805
201955051806
201955051807
201955051808
201955051809
201955051810
201955051811
201955051812
201955051901
201955051902
201955051903
201955051904
201955051905
201955051906
201955051907
201955051908
201955051909
201955051910
201955051911
201955051912
201955052501
201955052502
201955052503
201955052504
201955052505
201955052506
201955052507
201955052508
201955052509
201955052510
201955052511
201955052512
201955052601
201955052602
201955052603
201955052604
201955052605
201955052606
201955052607
201955052608
201955052609
201955052610
201955052611
201955052612
201965050401
201965050402
201965050403
201965050404
201965050405
201965050406
201965050407
201965050408
201965050409
201965050410
201965050411
201965050501
201965050502
201965050503
201965050504
201965050505
201965050506
201965050507
201965050508
201965050509
201965050510
201965050511
201965050601
201965050602
201965050603
201965050604
201965050605
201965050606
201965050607
201965050608
201965050609
201965050610
201965050611
201965051101
201965051102
201965051103
201965051104
201965051105
201965051106
201965051107
201965051108
201965051109
201965051110
201965051111
201965051201
201965051202
201965051203
201965051204
201965051205
201965051206
201965051207
201965051208
201965051209
201965051210
201965051211
201965051301
201965051302
201965051303
201965051304
201965051305
201965051306
201965051307
201965051308
201965051309
201965051310
201965051311
201965051801
201965051802
201965051803
201965051804
201965051805
201965051806
201965051807
201965051808
201965051809
201965051810
201965051811
201965051901
201965051902
201965051903
201965051904
201965051905
201965051906
201965051907
201965051908
201965051909
201965051910
201965051911
201965052001
201965052002
201965052003
201965052004
201965052005
201965052006
201965052007
201965052008
201965052009
201965052010
201965052011
201965052501
201965052502
201965052503
201965052504
201965052505
201965052506
201965052507
201965052508
201965052509
201965052510
201965052511
201965052601
201965052602
201965052603
201965052604
201965052605
201965052606
201965052607
201965052608
201965052609
201965052610
201965052701
201965052702
201965052703
201965052704
201965052705
201965052706
201965052707
201965052708
201965052709
201965052710
201965052711
