201903030501
201903030502
201903030503
201903030504
201903030505
201903030506
201903030507
201903030508
201903030509
201903030510
201903030511
201903030512
201903030601
201903030602
201903030603
201903030604
201903030605
201903030606
201903030607
201903030608
201903030609
201903030610
201903030611
201903030612
201905050501
201905050502
201905050503
201905050504
201905050505
201905050506
201905050507
201905050508
201905050509
201905050510
201905050511
201905050512
201905050601
201905050602
201905050603
201905050604
201905050605
201905050606
201905050607
201905050608
201905050609
201905050610
201905050611
201905050612
201905050701
201905050702
201905050703
201905050704
201905050705
201905050706
201905050707
201905050708
201905050709
201905050710
201905050711
201905050712
201905050801
201905050802
201905050803
201905050804
201905050805
201905050806
201905050807
201905050808
201905050809
201905050810
201905050811
201906050101
201906050102
201906050103
201906050104
201906050105
201906050106
201906050107
201906050108
201906050109
201906050110
201906050111
201906050112
201907040101
201907040102
201907040103
201907040104
201907040105
201907040106
201907040107
201907040108
201907040109
201907040110
201907040111
201907040112
201908050501
201908050502
201908050503
201908050504
201908050505
201908050506
201908050507
201908050508
201908050509
201908050510
201908050511
201908050512
201908050601
201908050602
201908050603
201908050604
201908050605
201908050606
201908050607
201908050608
201908050609
201908050610
201908050611
201908050612
201908050701
201908050702
201908050703
201908050704
201908050705
201908050706
201908050707
201908050708
201908050709
201908050710
201908050711
201908050712
201908050801
201908050802
201908050803
201908050804
201908050805
201908050806
201908050807
201908050808
201908050809
201908050810
201908050811
201908050812
201909050101
201909050102
201909050103
201909050104
201909050105
201909050106
201909050107
201909050108
201909050109
201909050110
201909050111
201909050112
201935111101
201935111102
201935111103
201935111104
201935111105
201935111106
201935111107
201935111108
201935111109
201935111110
201935111111
201935111112
201935111601
201935111602
201935111603
201935111604
201935111605
201935111606
201935111607
201935111608
201935111609
201935111610
201935111611
201935111701
201935111702
201935111703
201935111704
201935111705
201935111706
201935111707
201935111708
201935111709
201935111710
201935111711
201935111712
201935111801
201935111802
201935111803
201935111804
201935111805
201935111806
201935111807
201935111808
201935111809
201935111810
201935111811
201935111812
201942112501
201942112502
201942112503
201942112504
201942112505
201942112506
201942112507
201942112508
201942112509
201942112510
201942112511
201942112601
201942112602
201942112603
201942112604
201942112605
201942112606
201942112607
201942112608
201942112609
201942112610
201942112611
201942112701
201942112702
201942112703
201942112704
201942112705
201942112706
201942112707
201942112708
201942112709
201942112710
201942112711
201942112801
201942112802
201942112803
201942112804
201942112805
201942112806
201942112807
201942112808
201942112809
201942112810
201942112811
201942112901
201942112902
201942112903
201942112904
201942112905
201942112906
201942112907
201942112908
201942112909
201942112910
201942112911
201944111101
201944111102
201944111103
201944111104
201944111105
201944111106
201944111107
201944111108
201944111109
201944111110
201944111111
201944111112
201944111201
201944111202
201944111203
201944111204
201944111205
201944111206
201944111207
201944111208
201944111209
201944111210
201944111211
201944111212
201944111301
201944111302
201944111303
201944111304
201944111305
201944111306
201944111307
201944111308
201944111309
201944111310
201944111311
201944111312
201944111401
201944111402
201944111403
201944111404
201944111405
201944111406
201944111407
201944111408
201944111409
201944111410
201944111411
201944111412
201944111501
201944111502
201944111503
201944111504
201944111505
201944111506
201944111507
201944111508
201944111509
201944111510
201944111511
201944111512
201945111701
201945111702
201945111703
201945111704
201945111705
201945111706
201945111707
201945111708
201945111801
201945111802
201945111803
201945111804
201945111805
201945111806
201945111807
201945111808
201945111809
201945111810
201945111811
201945111901
201945111902
201945111903
201945111904
201945111905
201945111906
201945111907
201945111908
201945111909
201945111910
201945111911
201945111912
201945112001
201945112002
201945112003
201945112004
201945112005
201945112006
201945112007
201945112008
201945112009
201945112010
201945112011
201945112012
201945112101
201945112102
201945112103
201945112104
201945112105
201945112106
201945112107
201945112108
201945112109
201945112110
201945112111
201945112112
201945112201
201945112202
201945112203
201945112204
201945112205
201945112206
201945112207
201945112208
201945112209
201945112210
201945112211
201945112212
201946111101
201946111102
201946111103
201946111104
201946111105
201946111106
201946111107
201946111108
201946111109
201946111110
201946111201
201946111202
201946111203
201946111204
201946111205
201946111206
201946111207
201946111208
201946111209
201946111210
201946111801
201946111802
201946111803
201946111804
201946111805
201946111806
201946111807
201946111808
201946111809
201946111810
201946111811
201946111901
201946111902
201946111903
201946111904
201946111905
201946111906
201946111907
201946111908
201946111909
201946111910
201946111911
201946112401
201946112402
201946112403
201946112404
201946112405
201946112406
201946112407
201946112408
201946112409
201946112410
201946112601
201946112602
201946112603
201946112604
201946112605
201946112606
201946112607
201946112608
201946112609
201946112610
201946112611
201947111801
201947111802
201947111803
201947111804
201947111805
201947111806
201947111807
201947111808
201947111809
201947111810
201947111901
201947111902
201947111903
201947111904
201947111905
201947111906
201947111907
201947111908
201947111909
201947111910
201947112001
201947112002
201947112003
201947112004
201947112005
201947112006
201947112007
201947112008
201947112009
201947112010
201947112101
201947112102
201947112103
201947112104
201947112105
201947112106
201947112107
201947112108
201947112109
201947112110
201947112201
201947112202
201947112203
201947112204
201947112205
201947112206
201947112207
201947112208
201947112209
201947112210
201948111201
201948111202
201948111203
201948111204
201948111205
201948111206
201948111207
201948111208
201948111209
201948111210
201948111211
201948111301
201948111302
201948111303
201948111304
201948111305
201948111306
201948111307
201948111308
201948111309
201948111310
201948111311
201948111312
201948111401
201948111402
201948111403
201948111404
201948111405
201948111406
201948111407
201948111408
201948111409
201948111410
201948111411
201948111412
201948111501
201948111502
201948111503
201948111504
201948111505
201948111506
201948111507
201948111508
201948111509
201948111510
201948111511
201948111512
201948112601
201948112602
201948112603
201948112604
201948112605
201948112606
201948112607
201948112608
201948112609
201948112610
201948112611
201948112612
201948112701
201948112702
201948112703
201948112704
201948112705
201948112706
201948112707
201948112708
201948112709
201948112710
201948112711
201948112712
201948112801
201948112802
201948112803
201948112804
201948112805
201948112806
201948112807
201948112808
201948112809
201948112810
201948112811
201948112812
201948112901
201948112902
201948112903
201948112904
201948112905
201948112906
201948112907
201948112908
201948112909
201948112910
201948112911
201948112912
201950111201
201950111202
201950111203
201950111204
201950111205
201950111206
201950111207
201950111208
201950111209
201950111210
201950111211
201950111212
201950111301
201950111302
201950111303
201950111304
201950111305
201950111306
201950111307
201950111308
201950111309
201950111310
201950111311
201950111312
201950111401
201950111402
201950111403
201950111404
201950111405
201950111406
201950111407
201950111408
201950111409
201950111410
201950111411
201950111412
201950111901
201950111902
201950111903
201950111904
201950111905
201950111906
201950111907
201950111908
201950111909
201950111910
201950111911
201950111912
201950112001
201950112002
201950112003
201950112004
201950112005
201950112006
201950112007
201950112008
201950112009
201950112010
201950112011
201950112012
201950112101
201950112102
201950112103
201950112104
201950112105
201950112106
201950112107
201950112108
201950112109
201950112110
201950112111
201950112112
201950112601
201950112602
201950112603
201950112604
201950112605
201950112606
201950112607
201950112608
201950112609
201950112610
201950112611
201950112612
201950112701
201950112702
201950112703
201950112704
201950112705
201950112706
201950112707
201950112708
201950112709
201950112710
201950112711
201950112801
201950112802
201950112803
201950112804
201950112805
201950112806
201950112807
201950112808
201950112809
201950112810
201950112811
201950112812
201954111601
201954111602
201954111603
201954111604
201954111605
201954111606
201954111607
201954111608
201954111609
201954111610
201954111611
201954111612
201954111701
201954111702
201954111703
201954111704
201954111705
201954111706
201954111707
201954111708
201954111709
201954111710
201954111711
201954111712
201954112301
201954112302
201954112303
201954112304
201954112305
201954112306
201954112307
201954112308
201954112309
201954112310
201954112311
201954112312
201954112401
201954112402
201954112403
201954112404
201954112405
201954112406
201954112407
201954112408
201954112409
201954112410
201954112411
201954112412
201954113001
201954113002
201954113003
201954113004
201954113005
201954113006
201954113007
201954113008
201954113009
201954113010
201954113011
201954113012
201955111601
201955111602
201955111603
201955111604
201955111605
201955111606
201955111607
201955111608
201955111609
201955111610
201955111611
201955111612
201955112301
201955112302
201955112303
201955112304
201955112305
201955112306
201955112307
201955112308
201955112309
201955112310
201955112311
201955112312
201955112401
201955112402
201955112403
201955112404
201955112405
201955112406
201955112407
201955112408
201955112409
201955112410
201955112411
201955112412
201955113001
201955113002
201955113003
201955113004
201955113005
201955113006
201955113007
201955113008
201955113009
201955113010
201955113011
201955113012
201965111101
201965111102
201965111103
201965111104
201965111105
201965111106
201965111107
201965111108
201965111109
201965111110
201965111111
201965111601
201965111602
201965111603
201965111604
201965111605
201965111606
201965111607
201965111608
201965111609
201965111610
201965111611
201965111701
201965111702
201965111703
201965111704
201965111705
201965111706
201965111707
201965111708
201965111709
201965111710
201965111711
201965111801
201965111802
201965111803
201965111804
201965111805
201965111806
201965111807
201965111808
201965111809
201965111810
201965111811
201965112301
201965112302
201965112303
201965112304
201965112305
201965112306
201965112307
201965112308
201965112309
201965112310
201965112311
201965112401
201965112402
201965112403
201965112404
201965112405
201965112406
201965112407
201965112408
201965112409
201965112410
201965112411
201965112501
201965112502
201965112503
201965112504
201965112505
201965112506
201965112507
201965112508
201965112509
201965112510
201965112511
201965113001
201965113002
201965113003
201965113004
201965113005
201965113006
201965113007
201965113008
201965113009
201965113010
201965113011
