201809010101
201809010102
201809010103
201809010104
201809010105
201809010110
201809010201
201809010202
201809010203
201809010205
201809010206
201809010209
201809010301
201809010302
201809010303
201809010305
201809010306
201809010307
201809010311
201809010401
201809010402
201809010403
201809010404
201809010405
201809010406
201809010409
201809010501
201809010502
201809010503
201809010504
201809010505
201809010509
201809010601
201809010602
201809010603
201809010604
201809010605
201809010606
201809010611
201809010701
201809010702
201809010703
201809010704
201809010705
201809010706
201809010711
201809010801
201809010802
201809010803
201809010804
201809010805
201809010806
201809020101
201809020102
201809020103
201809020104
201809020105
201809020106
201809020109
201809020111
201809020201
201809020202
201809020203
201809020205
201809020206
201809020207
201809020301
201809020302
201809020303
201809020304
201809020305
201809020309
201809020401
201809020402
201809020403
201809020404
201809020405
201809020501
201809020502
201809020503
201809020504
201809020505
201809020506
201809020601
201809020602
201809020603
201809020604
201809020605
201809020609
201809020611
201809020701
201809020702
201809020703
201809020704
201809020705
201809020706
201809020711
201809020801
201809020802
201809020803
201809020804
201809020805
201809020806
201809030101
201809030102
201809030103
201809030104
201809030105
201809030106
201809030107
201809030108
201809030109
201809030112
201809030201
201809030202
201809030203
201809030205
201809030206
201809030208
201809030209
201809030212
201809030301
201809030302
201809030303
201809030304
201809030305
201809030306
201809030307
201809030308
201809030309
201809030312
201809030401
201809030402
201809030403
201809030405
201809030406
201809030407
201809030408
201809030410
201809030412
201809030501
201809030502
201809030503
201809030504
201809030505
201809030506
201809030507
201809030512
201809030601
201809030602
201809030603
201809030605
201809030606
201809030607
201809030608
201809030609
201809030612
201809030701
201809030702
201809030703
201809030704
201809030705
201809030706
201809030707
201809030708
201809030709
201809030712
201809030801
201809030802
201809030803
201809030804
201809030805
201809030806
201809030807
201809030808
201809030809
201809030812
201809040101
201809040102
201809040103
201809040104
201809040105
201809040106
201809040107
201809040108
201809040111
201809040112
201809040201
201809040202
201809040203
201809040204
201809040205
201809040206
201809040207
201809040208
201809040211
201809040212
201809040301
201809040302
201809040303
201809040304
201809040305
201809040306
201809040307
201809040308
201809040309
201809040310
201809040312
201809040401
201809040402
201809040403
201809040404
201809040405
201809040406
201809040407
201809040408
201809040409
201809040410
201809040411
201809040412
201809040501
201809040502
201809040503
201809040504
201809040505
201809040506
201809040507
201809040508
201809040509
201809040510
201809040512
201809040601
201809040602
201809040603
201809040604
201809040605
201809040606
201809040607
201809040608
201809040609
201809040610
201809040612
201809040701
201809040702
201809040703
201809040704
201809040705
201809040706
201809040707
201809040708
201809040709
201809040711
201809040712
201809040801
201809040802
201809040803
201809040804
201809040805
201809040806
201809040807
201809040808
201809040809
201809040810
201809040811
201809040812
201809040901
201809040902
201809040903
201809040904
201809040905
201809040906
201809040907
201809040908
201809040909
201809040912
201809050101
201809050102
201809050103
201809050104
201809050105
201809050106
201809050107
201809050108
201809050109
201809050110
201809050112
201809050201
201809050202
201809050203
201809050204
201809050205
201809050206
201809050207
201809050208
201809050209
201809050210
201809050211
201809050212
201809050301
201809050302
201809050303
201809050304
201809050305
201809050306
201809050307
201809050308
201809050309
201809050310
201809050312
201809050401
201809050402
201809050403
201809050404
201809050405
201809050406
201809050407
201809050408
201809050410
201809050411
201809050412
201809050501
201809050502
201809050503
201809050504
201809050505
201809050506
201809050507
201809050508
201809050509
201809050510
201809050512
201809050601
201809050602
201809050603
201809050604
201809050605
201809050606
201809050607
201809050608
201809050609
201809050611
201809050612
201809050701
201809050702
201809050703
201809050704
201809050705
201809050706
201809050707
201809050708
201809050709
201809050710
201809050711
201809050712
201809050801
201809050802
201809050803
201809050804
201809050805
201809050806
201809050807
201809050808
201809050809
201809050810
201809050811
201809050812
201809050901
201809050902
201809050903
201809050904
201809050905
201809050906
201809050907
201809050908
201809050909
201809050912