201830041805
201830041808
201830041904
201830042501
201830042505
201830050203
201830050206
201830050302
201830050905
201830050906
201830050907
201830051002
201830051005
201830051006
201830051605
201830051609
201830051702
201830051704
201830051709
201830052205
201830052206
201830052207
201830052301
201830052304
201830052308
201830053007
201830053008
201830053012
201830053103
201830053106
201830053107
201830053110
201830053112
201830060602
201830060604
201830060605
201830060606
201830060702
201830060704
201830060705
201830060706
201830060707
201830060708
201830060710
201830061204
201830061205
201830061303
201830061305
201830061306
201830061307
201830061308
201830061309
201830061310
201830061402
201830061403
201830061405
201830061406
201830061407
201830061408
201830062002
201830062008
201830062012
201830062104
201830062106
201830062602
201830062605
201830062606
201830062607
201830062608
201830062703
201830062704
201830062706
201830062707
201830062708
201830062710
201830062802
201830062803
201830062805
201830062806
201830062807
201830062812
201830070405
201830070406
201830070407
201830070503
201830070504
201830070505
201830070506
201830070508
201830071004
201830071005
201830071006
201830071007
201830071008
201830071104
201830071106
201830071107
201830071108
201830071110
201830071111
201830071205
201830071206
201830071207
201830071702
201830071705
201830071707
201830071708
201830071710
201830071802
201830071803
201830071804
201830071808
201830071809
201830071904
201830071906
201830071908
201830072402
201830072405
201830072406
201830072407
201830072408
201830072409
201830072503
201830072504
201830072505
201830072507
201830072508
201830072603
201830072604
201830072606
201830072607
201830072612
201830073105
201830073107
201830073111
201830080105
201830080107
201830080108
201830080110
201830080204
201830080205
201830080206
201830080207
201830080208
201830080704
201830080705
201830080706
201830080707
201830080708
201830080709
201830080804
201830080806
201830080807
201830080808
201830080809
201830080904
201830080906
201830080907
201830080910
201830081404
201830081407
201830081409
201830081504
201830081506
201830081507
201830081508
201830081509
201830081605
201830081607
201830081609
201830081612
201830082105
201830082106
201830082107
201830082108
201830082202
201830082203
201830082204
201830082206
201830082207
201830082208
201830082210
201830082303
201830082306
201830082307
201830082308
201830082309
201830082311
201830082804
201830082805
201830082806
201830082808
201830082809
201830082901
201830082907
201830082909
201830082910
201830083002
201830083007
201830083008
201830083009
201830083012
201830090402
201830090405
201830090406
201830090407
201830090408
201830090412
201830090503
201830090504
201830090506
201830090507
201830090508
201830090510
201830090603
201830090604
201830090605
201830090607
201830090609
201830090610
201830090612
201830092506
201830092507
201830092509
201830092510
201830092511
201830092602
201830092604
201830092605
201830092606
201830092607
201830092609
201830092611
201830092612
201830092701
201830092703
201830092704
201830092705
201830092706
201830092708
201830092709
201830092710
201830092712
201830100201
201830100203
201830100204
201830100205
201830100206
201830100208
201830100209
201830100210
201830100304
201830100305
201830100306
201830100307
201830100401
201830100402
201830100405
201830100406
201830100407
201830100408
201830100409
201830100901
201830100905
201830100906
201830100907
201830100908
201830100909
201830100911
201830101003
201830101004
201830101005
201830101006
201830101007
201830101009
201830101012
201830101101
201830101104
201830101105
201830101106
201830101107
201830101108
201830101110
201830101111
201830101603
201830101604
201830101605
201830101606
201830101607
201830101608
201830101609
201830101611
201830101704
201830101705
201830101706
201830101708
201830101802
201830101803
201830101805
201830101806
201830101807
201830101808
201830101810
201830102304
201830102305
201830102306
201830102307
201830102308
201830102310
201830102401
201830102402
201830102403
201830102406
201830102407
201830102408
201830102409
201830102410
201830102411
201830102502
201830102503
201830102504
201830102505
201830102506
201830102507
201830102508
201830102509
201830102510
201830103003
201830103005
201830103006
201830103007
201830103008
201830103011
201830103103
201830103106
201830103107
201830103110
201830110102
201830110104
201830110105
201830110106
201830110107
201830110108
201830110111
201830110604
201830110605
201830110606
201830110608
201830110610
201830110701
201830110704
201830110705
201830110706
201830110707
201830110708
201830110709
201830110711
201830110802
201830110803
201830110804
201830110805
201830110806
201830110807
201830110808
201830110809
201830110811
201830111303
201830111304
201830111305
201830111306
201830111307
201830111308
201830111309
201830111310
201830111404
201830111405
201830111406
201830111407
201830111408
201830111409
201830111412
201830111502
201830111504
201830111505
201830111506
201830111507
201830111508
201830111511