201836010601
201836010701
201836010801
201836010802
201836032207
201836032208
201836032506
201836032507
201836032601
201836040111
201836040307
201836040308
201836040707
201836040708
201836040901
201836040902
201836041408
201836041607
201836042107
201836042108
201836042211
201836042301
201836042302
201836060908
201836060910
201836061008
201836061012
201836061107
201836061108
201836061609
201836061611
201836061701
201836061801
201836061802
201836062307
201836062308
201836062412
201836062508
201836062509
201836063009
201836063011
201836070101
201836070102
201836070103
201836070203
201836070204
201836081907
201836081908
201836081909
201836082007
201836082008
201836082107
201836082108
201836082109
201836082501
201836082507
201836082508
201836082601
201836082602
201836082612
201836082701
201836082702
201836082703
201836090101
201836090102
201836090103
201836090104
201836090105
201836090106
201836090107
201836090108
201836090201
201836090202
201836090203
201836090204
201836090205
201836090206
201836090301
201836090302
201836090303
201836090305
201836090306
201836090307
201836090801
201836090803
201836090804
201836090805
201836090806
201836090807
201836090901
201836090902
201836090904
201836090905
201836090906
201836090907
201836090908
201836090910
201836091002
201836091006
201836091007
201836091008
201836091009
201836112401
201836112402
201836112403
201836112404
201836112405
201836112406
201836112407
201836112408
201836112409
201836112501
201836112502
201836112503
201836112504
201836112505
201836112506
201836112508
201836112509
201836112510
201836112602
201836112603
201836112604
201836112605
201836112606
201836112607
201836112608
201836112609
201836112610
201836120103
201836120104
201836120105
201836120106
201836120107
201836120108
201836120109
201836120111
201836120201
201836120202
201836120203
201836120204
201836120205
201836120206
201836120207
201836120208
201836120209
201836120210
201836120301
201836120302
201836120303
201836120304
201836120305
201836120306
201836120307
201836120308
201836120309
201836120311
201836120801
201836120802
201836120803
201836120804
201836120805
201836120806
201836120807
201836120808
201836120901
201836120903
201836120904
201836120905
201836120906
201836120907
201836120908
201836120910
201836121002
201836121003
201836121004
201836121006
201836121010
201836121011
201836121501
201836121503
201836121504
201836121505
201836121506
201836121507
201836121508
201836121509
201836121511
201836121601
201836121602
201836121603
201836121604
201836121605
201836121606
201836121607
201836121608
201836121609
201836121610
201836121701
201836121702
201836121703
201836121704
201836121705
201836121706
201836121707
201836121708
201836121709
201836121710
201836121711
201836122201
201836122202
201836122203
201836122204
201836122205
201836122207
201836122208
201836122209
201836122301
201836122302
201836122303
201836122304
201836122306
201836122307
201836122401
201836122402
201836122403
201836122404
201836122405
201836122406
201836122408