201842010906
201842011002
201842011011
201842021306
201842021308
201842021411
201842021506
201842031901
201842031902
201842032006
201842032206
201842042301
201842042406
201842042606
201842052801
201842052807
201842052907
201842053001
201842053107
201842060102
201842062605
201842062701
201842062702
201842071601
201842071602
201842071605
201842071612
201842071705
201842071707
201842080302
201842080602
201842080605
201842080612
201842080704
201842080710
201842090502
201842090503
201842090510
201842090512
201842090604
201842090605
201842090704
201842090708
201842092404
201842092501
201842092502
201842092509
201842092602
201842092603
201842092604
201842092612
201842092703
201842092704
201842092710
201842092711
201842092712
201842092803
201842092804
201842102203
201842102204
201842102206
201842102207
201842102208
201842102209
201842102301
201842102302
201842102303
201842102305
201842102307
201842102308
201842102310
201842102401
201842102408
201842102410
201842102502
201842102503
201842102506
201842102507
201842102509
201842102605
201842102606
201842102607
201842102609
201842102610
201842111901
201842111902
201842111906
201842111908
201842111911
201842112001
201842112003
201842112005
201842112006
201842112008
201842112009
201842112011
201842112102
201842112103
201842112109
201842112202
201842112206
201842112208
201842112303
201842112306
201842112307
201842112308
201842112309
201842122403
201842122404
201842122405
201842122406
201842122407
201842122410
201842122412
201842122501
201842122504
201842122506
201842122507
201842122509
201842122602
201842122603
201842122604
201842122606
201842122607
201842122608