201843011502
201843011503
201843011704
201843020504
201843020610
201843020707
201843031204
201843031205
201843031406
201843031510
201843040903
201843041002
201843041010
201843041211
201843041308
201843043002
201843050311
201843050403
201843061901
201843061910
201843062008
201843062010
201843062107
201843062210
201843072406
201843072408
201843072502
201843072508
201843072510
201843072602
201843072605
201843072709
201843080801
201843080805
201843080807
201843080901
201843080907
201843081002
201843081003
201843083103
201843083105
201843083106
201843083110
201843090201
201843090204
201843090302
201843090303
201843090309
201843090312
201843090409
201843090410
201843100102
201843100103
201843100104
201843100105
201843100108
201843100109
201843100203
201843100204
201843100205
201843100206
201843100208
201843100209
201843100210
201843100301
201843100306
201843100307
201843100308
201843100309
201843100310
201843100404
201843100405
201843100406
201843100407
201843100408
201843100409
201843100506
201843100510
201843110502
201843110503
201843110505
201843110506
201843110507
201843110508
201843110509
201843110510
201843110602
201843110603
201843110604
201843110605
201843110607
201843110608
201843110609
201843110610
201843110705
201843110706
201843110708
201843110709
201843110711
201843110804
201843110805
201843110806
201843110807
201843110808
201843110809
201843110906
201843110908
201843110909
201843110912
201843121003
201843121005
201843121006
201843121007
201843121008
201843121103
201843121105
201843121106
201843121108
201843121109
201843121110
201843121201
201843121202
201843121205
201843121206
201843121207
201843121208
201843121210
201843121301
201843121302
201843121307
201843121308
201843121309
201843121310
201843121405
201843121406
201843121407
201843121408
201843121409
201843121410
201843121412