199930010201
199930010202
199930010203
199930010204
199930010205
199930010206
199930010207
199930010301
199930010302
199930010303
199930010304
199930010305
199930010306
199930010307
199930010308
199930010309
199930010310
199930041301
199930041302
199930041303
199930041304
199930041305
199930041306
199930041307
199930041308
199930041309
199930041401
199930041402
199930041403
199930041404
199930041405
199930041406
199930041407
199930041408
199930042001
199930042002
199930042003
199930042004
199930042005
199930042006
199930042007
199930042008
199930042101
199930042102
199930042103
199930042104
199930042105
199930042106
199930042107
199930042108
199930042201
199930042202
199930042203
199930042204
199930042205
199930042206
199930042207
199930042701
199930042702
199930042703
199930042704
199930042705
199930042706
199930042707
199930042708
199930042709
199930042801
199930042802
199930042803
199930042804
199930042805
199930042806
199930042807
199930050301
199930050302
199930050303
199930050304
199930050305
199930050306
199930050307
199930050308
199930050309
199930050310
199930050311
199930050401
199930050402
199930050403
199930050404
199930050405
199930050406
199930050407
199930050408
199930050409
199930050501
199930050502
199930050503
199930050504
199930050505
199930050506
199930050507
199930050508
199930051101
199930051102
199930051103
199930051104
199930051105
199930051106
199930051107
199930051108
199930051109
199930051110
199930051201
199930051202
199930051203
199930051204
199930051205
199930051206
199930051207
199930051208
199930051209
199930051210
199930051211
199930051212
199930051301
199930051302
199930090701
199930090702
199930090703
199930091401
199930091402
199930091403
199930091501
199930091502
199930091503
199930091504
199930091505
199930091506
199930091507
199930091508
199930091509
199930091510
199930091601
199930091602
199930091603
199930091604
199930091605
199930091606
199930091607
199930091608
199930091609
199930091610
199930091611
199930091612
199930092101
199930092102
199930092103
199930092104
199930092105
199930092106
199930092107
199930092108
199930092109
199930092201
199930092202
199930092203
199930092204
199930092301
199930092302
199930092303
199930092304
199930092305
199930092306
199930092307
199930092308
199930092309
199930092310
199930092801
199930092802
199930092803
199930092804
199930092805
199930092806
199930092807
199930092808
199930092809
199930092810
199930092811
199930092901
199930092902
199930092903
199930092904
199930092905
199930092906
199930092907
199930092908
199930092909
199930092910
199930092911
199930093001
199930093002
199930093003
199930093004
199930093005
199930093006
199930093007
199930093008
199930093009
199930093010
199930093011
199930111601
199930111701
199930111702
199930111703
199930111704
199930111705
199930111706
199930111707
199930111708
199930111709
199930111710
199930111801
199930111802
199930111803
199930111804
199930112301
199930112302
199930112303
199930112304
199930112401
199930112402
199930112403
199930112404
199930112405
199930112406
199930112407
199930112408
199930112501
199930112502
199930112503
199930112504
199930112505
199930112506
199930112507
199930112508
199930112509
199930113001
199930120101
199930120102
199930120103
199930120104
199930120105
199930120106
199930120107
199930120108
199930120109
199930120201
199930120202
199930120203
199930120204
199930120205
199930120206
199930120207
199930120208
199930120701
199930120702
199930120703
199930120704
199930120705
199930120706
199930120707
199930120708
199930120801
199930120802
199930120803
199930120804
199930120805
199930120806
199930120807
199930120808
199930120901
199930120902
199930120903
199930120904
199930120905
199930120906
199930120907
199930120908
199930120909
199930121501
199930121502
199930121503
199930121504
199930121505
199930121506
199930121507
199930121508
199930122101
199930122102
199930122103
199930122104
199930122105
199930122106
199930122107
199930122201
199930122202
199930122203
199930122301
199930122302
199930122303
199930122304
199930122305
199930122306
199930122307
199930122308
199930122801
199930122802
199930122803
199930122804
199930122805
199930122806
199930122807
199930122901
199930122902
199930123001
199930123002
199930123003
199930123004