199934051801
199934051802
199934051803
199934051804
199934051901
199934051902
199934052501
199934052502
199934052503
199934052504
199934052505
199934052506
199934052507
199934052508
199934052601
199934052602
199934052603
199934052604
199934052605
199934052606
199934052607
199934052608
199934052701
199934052702
199934052703
199934052704
199934052705
199934052706
199934052707
199934052708
199934052709
199934060801
199934060802
199934060803
199934060804
199934060805
199934060806
199934060807
199934060808
199934060809
199934060810
199934060901
199934060902
199934060903
199934060904
199934060905
199934060906
199934060907
199934061001
199934061002
199934061003
199934061004
199934061005
199934061006
199934061007
199934061008
199934061009
199934062201
199934062202
199934062203
199934062204
199934062205
199934062301
199934062302
199934062303
199934062304
199934062305
199934062306
199934062307
199934062308
199934062309
199934062310
199934062401
199934062402
199934062403
199934062404
199934062405
199934062406
199934062407
199934062408
199934062409
199934070101
199934070102
199934070103
199934070104
199934070105
199934070106
199934070107
199934070108
199934070109
199934070601
199934070602
199934070603
199934070604
199934070605
199934070701
199934070702
199934070703
199934070704
199934070705
199934070706
199934070707
199934070708
199934070709
199934070710
199934070801
199934070802
199934070803
199934070804
199934070805
199934070806
199934070807
199934070808
199934070809
199934071401
199934071402
199934071403
199934071404
199934071405
199934072001
199934072002
199934072003
199934072004
199934072005
199934072006
199934072007
199934072008
199934072101
199934072102
199934072103
199934072104
199934072105
199934072106
199934072107
199934072201
199934072202
199934072203
199934072204
199934072205
199934072206
199934072207
199934072208
199934072209
199934072210
199934072801
199934072802
199934072803
199934072804
199934072805
199934072806
199934072807
199934072808
199934080401
199934080402
199934080403
199934080404
199934080405
199934080406
199934080407
199934080408
199934080409
199934080410
199934080411
199934080501
199934080502
199934080503
199934080504
199934080505
199934080506
199934080507
199934080508
199934080509
199934080510
199934081101
199934081102
199934081103
199934081104
199934081105
199934081201
199934081202
199934081203
199934081204
199934081205
199934081206
199934081601
199934081602
199934081603
199934081604
199934081605
199934081606
199934081607
199934081608
199934081701
199934081702
199934081703
199934081704
199934081705
199934081706
199934081707
199934081708
199934081901
199934081902
199934081903
199934081904
199934081905
199934081906
199934081907
199934081908
199934081909
199934090101
199934090102
199934090103
199934090104
199934090105
199934090106
199934090107
199934090108
199934090201
199934090202
199934090203
199934090204
199934090205
199934090206
199934090207
199934090208
199934090209