199935052301
199935052302
199935060601
199935060602
199935060603
199935060604
199935060605
199935060606
199935060607
199935060608
199935060609
199935060610
199935062001
199935062002
199935062003
199935062101
199935062102
199935062103
199935062104
199935062105
199935062106
199935062107
199935062108
199935062109
199935080701
199935080702
199935080703
199935080704
199935081601
199935081602
199935081603
199935081604
199935081605
199935081606
199935081607
199935081608
199935081609
199935081701
199935081702
199935081703
199935081704
199935081705
199935081706
199935081707
199935081708
199935081709
199935083001
199935083002
199935083003
199935083004
199935083005
199935083006
199935083007
199935083008
199935083009
199935083010
199935100301
199935100302
199935100303
199935100304
199935100305
199935100306
199935100307
199935100308
199935100309
199935100310
199935101101
199935101102
199935101103
199935101104
199935101105
199935101106
199935101107
199935101108
199935101109
199935101110
199935102301
199935102302
199935102303
199935102304
199935102305
199935102306
199935102307
199935102308
199935102309
199935102310
199935102401
199935102402
199935102403
199935102404
199935102405
199935102406
199935102407
199935102408
199935102409
199935102410
199935110301
199935110302
199935110303
199935110304
199935110601
199935110602
199935110603
199935110604
199935110605
199935110606
199935110607
199935110608
199935112101
199935112102
199935112103
199935112104
199935112105
199935112106
199935112107
199935112108
199935112109
199935112110
199935112201
199935112202
199935112203
199935112204
199935112205
199935112301
199935112302
199935112303
199935112304
199935112305
199935112306
199935112307
199935112308
199935112309