199936010201
199936010202
199936010203
199936010204
199936010205
199936010206
199936010207
199936010208
199936010209
199936010210
199936010301
199936010302
199936010303
199936010304
199936010305
199936010306
199936010307
199936010308
199936010309
199936011501
199936011502
199936011503
199936011504
199936011505
199936011506
199936011507
199936011508
199936011509
199936011510
199936041001
199936041002
199936041003
199936041004
199936041005
199936041006
199936041101
199936041102
199936041103
199936041104
199936041105
199936041106
199936041107
199936041108
199936041109
199936042501
199936042502
199936042503
199936042504
199936042505
199936042506
199936042507
199936042508
199936050801
199936050802
199936050803
199936050804
199936050805
199936050806
199936050807
199936050808
199936070501
199936070502
199936070503
199936070504
199936070505
199936070506
199936070507
199936070508
199936070509
199936070510
199936072001
199936072002
199936072003
199936072004
199936072005
199936072006
199936072007
199936072008
199936091301
199936091302
199936091303
199936091304
199936091305
199936091306
199936091307
199936091308
199936091309
199936091310
199936091501
199936091502
199936091503
199936091504
199936091505
199936091506
199936091507
199936091508
199936091509
199936092601
199936092602
199936092603
199936092604
199936092605
199936092606
199936092607
199936092608
199936092609
199936092610
199936120501
199936120502
199936120503
199936120504
199936120505
199936120506
199936120507
199936120508
199936120509
199936121201
199936121202
199936121203
199936121204
199936121205
199936121206
199936121207
199936121208
199936121209
199936122901
199936122902
199936123101
199936123102
199936123103
199936123104
199936123105
199936123106
199936123107