199937041301
199937041302
199937041303
199937041304
199937041305
199937041306
199937041307
199937041308
199937041801
199937041802
199937041803
199937041804
199937041805
199937050401
199937050402
199937050403
199937050404
199937050405
199937050406
199937050407
199937050408
199937050409
199937050410
199937050501
199937050502
199937050503
199937050504
199937050505
199937050506
199937050507
199937050508
199937050509
199937050510
199937051601
199937051602
199937051603
199937051604
199937051605
199937051606
199937051607
199937051608
199937051609
199937051610
199937051801
199937051802
199937051803
199937051804
199937051805
199937051806
199937051807
199937051808
199937053101
199937053102
199937053103
199937053104
199937053105
199937053106
199937053107
199937053108
199937053109
199937053110
199937053111
199937061301
199937061302
199937061303
199937061304
199937061305
199937061501
199937061502
199937061503
199937061504
199937061505
199937062801
199937062802
199937062803
199937062804
199937062805
199937062806
199937062807
199937062808
199937062901
199937062902
199937062903
199937062904
199937062905
199937062906
199937062907
199937062908
199937062909
199937062910
199937062911
199937071201
199937071202
199937071301
199937071302
199937071303
199937071304
199937071305
199937071306
199937071307
199937071308
199937072601
199937072602
199937072603
199937072604
199937072605
199937081601
199937081602
199937081603
199937081604
199937081701
199937081702
199937081703
199937081704
199937081705
199937081706
199937081707
199937081708
199937081709
199937081801
199937081802
199937081803
199937081804
199937081805
199937081806
199937081807
199937090701
199937090702
199937090703
199937090704
199937090705
199937090706
199937090707
199937090708
199937090709
199937090710
199937090711
199937091501
199937091502
199937091503
199937091504
199937091505
199937091506
199937091507
199937091508
199937091901
199937091902
199937091903
199937091904
199937091905
199937091906
199937091907
199937091908
199937091909
199937091910
199937092801
199937100301
199937100302
199937100303
199937100304
199937100305
199937100306
199937100307
199937101801
199937101802
199937101901
199937101902
199937101903
199937101904
199937101905
199937101906
199937101907
199937101908
199937101909
199937101910
199937110101
199937110102
199937110103
199937110104
199937110105
199937110106
199937110107
199937110108
199937110109
199937110301
199937110302
199937110303
199937110304
199937110305
199937110306
199937110307
199937110308
199937110309
199937110310
199937111401
199937111402
199937111403
199937111404
199937111405
199937111406
199937111407
199937111408
199937111409
199937111601
199937111602
199937111603
199937111604
199937111605
199937111606
199937111607
199937111608
199937111609
199937111610
199937111611
199937112301
199937112302
199937112801
199937112802
199937112803
199937112804
199937112805
199937112806
199937112807
199937112808
199937112809
199937113001
199937113002
199937113003
199937113004
199937121201
199937121202
199937121203
199937121204
199937121401
199937121402
199937121403
199937121404
199937121405
199937121406
199937121407
199937121408
199937121409