199939011801
199939011802
199939011803
199939011804
199939011805
199939011806
199939011807
199939011808
199939011809
199939030801
199939030802
199939030803
199939030804
199939030805
199939030806
199939042301
199939042302
199939042303
199939042304
199939042305
199939042306
199939061401
199939061402
199939061403
199939061404
199939061405
199939070701
199939070702
199939070703
199939070704
199939070705
199939070706
199939070707
199939070708
199939070709
199939071201
199939071202
199939071203
199939071204
199939071205
199939071206
199939071207
199939071208
199939071209
199939092301
199939092302
199939092303
199939092304
199939092305
199939092306
199939092307
199939102801
199939102802
199939102803
199939102804
199939102805
199939102806
199939102807
199939121101
199939121102
199939121103
199939121104
199939121105
199939121106
199939121107
199939121108
199939121601
199939121602
199939121603
199939121604
199939121605
199939121606
199939121607
199939121608
199939121609