199940013101
199940013102
199940013103
199940013104
199940013105
199940013106
199940013107
199940013108
199940013109
199940013110
199940050301
199940050302
199940050303
199940050304
199940050305
199940050306
199940050307
199940050308
199940050309
199940050310
199940052901
199940052902
199940052903
199940052904
199940052905
199940052906
199940052907
199940052908
199940062701
199940062702
199940062703
199940062704
199940062705
199940062706
199940062707
199940062708
199940062709
199940062710
199940072201
199940072202
199940072203
199940072204
199940072205
199940072206
199940072207
199940072208
199940072209
199940082901
199940082902
199940082903
199940082904
199940082905
199940082906
199940082907
199940082908
199940082909
199940082910
199940091501
199940091502
199940091503
199940091504
199940091505
199940091506
199940091507
199940091508
199940091509
199940091510
199940110701
199940110702
199940110703
199940110704
199940110705
199940110706
199940110707
199940110708
199940110709
199940110710
199940120501
199940120502
199940120503
199940120504
199940120505
199940120506
199940120507
199940120508
199940120509
199940120510