199941010301
199941010302
199941010303
199941010304
199941010305
199941010306
199941010307
199941010308
199941010309
199941010310
199941011001
199941013101
199941013102
199941013103
199941013104
199941013105
199941013106
199941013107
199941013108
199941013109
199941020101
199941020102
199941020103
199941020104
199941020105
199941020106
199941022101
199941022102
199941022103
199941022104
199941022105
199941022106
199941022201
199941022701
199941022702
199941022703
199941022704
199941022705
199941022706
199941022707
199941022708
199941022709
199941032001
199941032002
199941032003
199941032004
199941032005
199941032006
199941032007
199941032201
199941032202
199941032203
199941032204
199941032205
199941032206
199941032207
199941032208
199941032209
199941032801
199941032802
199941032803
199941032804
199941032805
199941032806
199941032807
199941032808
199941032809
199941041301
199941041302
199941041303
199941041304
199941041305
199941041306
199941041307
199941041601
199941041602
199941041603
199941041604
199941041605
199941041606
199941041607
199941041608
199941041609
199941041610
199941050401
199941050402
199941050403
199941050501
199941050502
199941050503
199941050504
199941050505
199941050506
199941050507
199941050508
199941050509
199941051501
199941051502
199941051503
199941062001
199941062002
199941062003
199941062004
199941062005
199941062006
199941062601
199941062602
199941062603
199941072501
199941072502
199941072503
199941072504
199941072505
199941072506
199941072507
199941072508
199941072509
199941072510
199941081401
199941081402
199941081501
199941081502
199941081503
199941081504
199941081505
199941081506
199941081507
199941092401
199941092402
199941092403
199941092404
199941092405
199941092406
199941092407
199941092408
199941101001
199941101002
199941101003
199941101004
199941101101
199941101102
199941101801
199941101802
199941101803
199941101804
199941101805
199941101806
199941101807
199941101808
199941101809
199941111301
199941111302
199941111303
199941111304
199941111305
199941111306
199941111307
199941111308
199941111309
199941111310
199941121601
199941121602
199941121603
199941121604
199941121605
199941121606
199941121607
199941121608
199941121609
199941123101
199941123102
199941123103
199941123104
199941123105
199941123106
199941123107
199941123108
199941123109
199941123110