199943012501
199943012502
199943012503
199943012504
199943012505
199943012506
199943012507
199943012508
199943012509
199943012510
199943012511
199943012512
199943012601
199943012602
199943012603
199943012604
199943012605
199943012606
199943012607
199943012608
199943012609
199943012610
199943012801
199943012802
199943012803
199943012804
199943012805
199943012806
199943012807
199943012808
199943012809
199943012810
199943012901
199943021201
199943021202
199943021203
199943021204
199943021205
199943021206
199943021207
199943021208
199943021209
199943021210
199943021501
199943021502
199943021503
199943021504
199943021505
199943021506
199943021507
199943021508
199943021509
199943021510
199943021511
199943031501
199943031502
199943031503
199943031504
199943031505
199943031506
199943031507
199943031508
199943031509
199943031510
199943031601
199943031602
199943031603
199943031604
199943031605
199943031606
199943031607
199943031608
199943031609
199943031610
199943031701
199943031702
199943031703
199943031704
199943031705
199943031706
199943031707
199943031708
199943031709
199943031710
199943031801
199943031802
199943031803
199943031804
199943031805
199943031806
199943031807
199943031808
199943031809
199943031810
199943040101
199943040102
199943040103
199943040104
199943040105
199943040106
199943040107
199943040108
199943040109
199943040110
199943040701
199943040702
199943040703
199943040704
199943040705
199943040706
199943040707
199943040708
199943040709
199943040710
199943042601
199943042602
199943042603
199943042604
199943042605
199943042701
199943042702
199943042703
199943042704
199943042705
199943042706
199943042707
199943042708
199943042709
199943042710
199943042711
199943042801
199943042802
199943042803
199943042804
199943042805
199943042806
199943042807
199943042808
199943042809
199943042810
199943042811
199943042901
199943042902
199943052401
199943052402
199943052403
199943052404
199943052501
199943052502
199943052503
199943052504
199943052505
199943052506
199943052507
199943052508
199943052509
199943052510
199943052511
199943052601
199943052602
199943052603
199943052604
199943052605
199943052606
199943052607
199943052608
199943052609
199943052610
199943061601
199943061602
199943061603
199943061604
199943061605
199943061606
199943061607
199943061608
199943061609
199943061610
199943061701
199943061702
199943061703
199943061704
199943061705
199943062101
199943072701
199943072702
199943072703
199943072704
199943072705
199943072706
199943072707
199943072708
199943072709
199943072801
199943072802
199943072803
199943072804
199943072805
199943072806
199943072807
199943072808
199943072809
199943072901
199943072902
199943072903
199943072904
199943072905
199943072906
199943072907
199943072908
199943072909
199943073001
199943073002
199943073003
199943073004
199943081801
199943081802
199943081803
199943081804
199943081805
199943081806
199943081807
199943081808
199943081809
199943081810
199943081811
199943081901
199943082001
199943082002
199943082003
199943082004
199943082005
199943082006
199943082007
199943082008
199943082009
199943082010
199943091301
199943091601
199943091602
199943091603
199943091604
199943091605
199943091606
199943091607
199943091608
199943091609
199943091610
199943091701
199943091702
199943091703
199943091704
199943091705
199943091706
199943091707
199943091708
199943091709
199943091710
199943100401
199943100402
199943100403
199943100404
199943100405
199943100406
199943100407
199943100408
199943100501
199943100502
199943100503
199943100504
199943100505
199943100506
199943100507
199943100508
199943100509
199943100510
199943100601
199943100602
199943100603
199943100604
199943100605
199943100606
199943100607
199943100608
199943100609
199943100610
199943100611
199943100701
199943100702
199943100703
199943100704
199943100705
199943100706
199943100707
199943100708
199943100709
199943100710
199943100711
199943111501
199943111502
199943111503
199943111504
199943111505
199943111506
199943111507
199943111508
199943111509
199943111510
199943111601
199943111602
199943111603
199943111604
199943111605
199943111606
199943111607
199943111701
199943111702
199943111703
199943111704
199943111705
199943111706
199943111707
199943111708
199943111709
199943111710
199943111711
199943111801
199943111802
199943111803
199943111804
199943111805
199943111806
199943111807
199943111808
199943111809
199943111810
199943111901
199943111902
199943111903
199943111904
199943111905
199943111906
199943122701
199943122702
199943122703
199943122704
199943122705
199943122706
199943122707
199943122708
199943122709
199943122710
199943122711
199943122712
199943122801
199943122802
199943122803
199943122804
199943122805
199943122806
199943122807
199943122808
199943122809
199943122810
199943122811
199943122812
199943122901
199943122902
199943122903
199943122904
199943122905
199943122906
199943122907
199943122908
199943122909
199943122910
199943122911
199943123001
199943123002
199943123003
199943123004
199943123005
199943123006
199943123007
199943123008
199943123009
199943123010