199944010301
199944010302
199944010303
199944010304
199944010305
199944010306
199944011901
199944011902
199944011903
199944011904
199944011905
199944011906
199944011907
199944011908
199944011909
199944012001
199944012002
199944012003
199944012004
199944012005
199944012006
199944012007
199944012008
199944012009
199944012010
199944012101
199944012102
199944012103
199944012104
199944012105
199944012106
199944012107
199944012108
199944012109
199944012110
199944012201
199944021001
199944021002
199944021003
199944021004
199944021005
199944021006
199944021007
199944021008
199944021009
199944021010
199944021011
199944021101
199944021102
199944021103
199944021104
199944021105
199944021106
199944021107
199944021108
199944021109
199944022401
199944022402
199944022403
199944022404
199944022405
199944022406
199944022407
199944022408
199944022409
199944022410
199944022411
199944022701
199944022702
199944022801
199944022802
199944022803
199944022804
199944022805
199944022806
199944022807
199944030101
199944030102
199944030103
199944030104
199944030105
199944030106
199944030107
199944030108
199944030109
199944030110
199944032201
199944032202
199944032203
199944032204
199944032205
199944032206
199944032301
199944032302
199944032303
199944032304
199944032305
199944032306
199944032307
199944032308
199944032309
199944032501
199944032502
199944032503
199944032504
199944041201
199944041202
199944041203
199944041204
199944041205
199944041206
199944041207
199944041301
199944041302
199944041303
199944041304
199944041305
199944041306
199944041307
199944041308
199944041309
199944041401
199944041402
199944041403
199944041404
199944041405
199944041406
199944041501
199944041502
199944041503
199944041504
199944041505
199944041506
199944041507
199944041508
199944041509
199944041510
199944050701
199944050702
199944050703
199944050704
199944050705
199944050706
199944050707
199944050801
199944050802
199944050803
199944050804
199944050805
199944050806
199944050807
199944050808
199944050809
199944050810
199944050811
199944050901
199944050902
199944050903
199944050904
199944050905
199944050906
199944050907
199944050908
199944050909
199944050910
199944051001
199944051002
199944051003
199944051004
199944051005
199944051006
199944051007
199944051008
199944051009
199944052701
199944052702
199944052703
199944052704
199944052705
199944052706
199944052707
199944052708
199944052709
199944052710
199944052901
199944052902
199944052903
199944052904
199944052905
199944052906
199944052907
199944052908
199944052909
199944052910
199944060701
199944060702
199944060703
199944060704
199944060705
199944060706
199944060707
199944060708
199944060709
199944060710
199944060901
199944060902
199944060903
199944060904
199944060905
199944060906
199944060907
199944060908
199944060909
199944061001
199944061002
199944061003
199944061004
199944061005
199944061006
199944061007
199944061008
199944061009
199944062201
199944062301
199944062401
199944062601
199944062602
199944062603
199944062604
199944062605
199944062606
199944062607
199944062608
199944062609
199944062610
199944062611
199944062701
199944062702
199944062703
199944062704
199944062705
199944062706
199944062707
199944062708
199944062709
199944062710
199944062711
199944070501
199944070502
199944070503
199944070504
199944070701
199944070702
199944070703
199944070704
199944070705
199944070706
199944070707
199944070708
199944070709
199944070710
199944070801
199944070802
199944070803
199944070804
199944070805
199944070806
199944070807
199944070808
199944070809
199944070810
199944072001
199944072401
199944072402
199944072403
199944072404
199944072405
199944072406
199944072407
199944072408
199944072409
199944072410
199944072411
199944081301
199944081302
199944081303
199944081304
199944081305
199944081306
199944081307
199944081308
199944081309
199944081401
199944081402
199944081403
199944081404
199944081405
199944081406
199944081407
199944081408
199944081409
199944081410
199944081601
199944081602
199944081603
199944081604
199944081605
199944081606
199944081607
199944081608
199944081609
199944081610
199944082301
199944082302
199944082601
199944090901
199944090902
199944090903
199944090904
199944090905
199944090906
199944090907
199944090908
199944090909
199944091201
199944091202
199944091203
199944091204
199944091205
199944091206
199944091207
199944091208
199944091209
199944091210
199944091211
199944092401
199944092402
199944092403
199944092404
199944092405
199944092406
199944092407
199944092408
199944100801
199944100802
199944100803
199944100804
199944100805
199944100806
199944100807
199944100808
199944100809
199944101101
199944101102
199944101103
199944101104
199944101105
199944101106
199944101107
199944101108
199944101109
199944101110
199944101201
199944101202
199944101203
199944101204
199944101205
199944101206
199944101207
199944101208
199944101209
199944101301
199944101302
199944101303
199944101304
199944101305
199944101306
199944101307
199944101308
199944101309
199944102501
199944102502
199944102503
199944102504
199944102505
199944102506
199944102507
199944102508
199944102509
199944102601
199944102602
199944102603
199944102604
199944102701
199944102901
199944110801
199944110802
199944110803
199944110804
199944110805
199944110806
199944110807
199944110808
199944110809
199944110810
199944111001
199944111002
199944111003
199944111004
199944111005
199944111006
199944111007
199944111008
199944111009
199944111010
199944111201
199944111202
199944111203
199944111204
199944111205
199944111206
199944111207
199944111208
199944111209
199944112501
199944112502
199944112503
199944112504
199944112505
199944112506
199944112507
199944112508
199944112509
199944112701
199944112702
199944112703
199944120901
199944120902
199944120903
199944120904
199944120905
199944120906
199944120907
199944120908
199944120909
199944120910
199944121001
199944121002
199944121003
199944121004
199944121005
199944121006
199944121007
199944121008
199944121009
199944121010
199944122701
199944122702
199944122703
199944122704
199944122705
199944122706
199944122707
199944122708
199944122709
199944122801
199944122802
199944122803
199944122804
199944122805
199944122806
199944122807
199944122808
199944122809
199944122901
199944122902
199944122903
199944122904
199944122905
199944122906
199944122907
199944122908
199944122909
199944123001
199944123002
199944123003
199944123004
199944123005
199944123006
199944123007
199944123008
199944123009