199945011001
199945011002
199945011003
199945011004
199945011005
199945011006
199945011007
199945011008
199945020201
199945020202
199945020203
199945020204
199945020205
199945020206
199945020207
199945020208
199945020209
199945020210
199945020301
199945020302
199945020303
199945020304
199945020305
199945020306
199945020307
199945020308
199945020309
199945020310
199945020401
199945020402
199945020403
199945020404
199945020405
199945020406
199945020407
199945020408
199945020409
199945020410
199945020411
199945030201
199945030202
199945030203
199945030204
199945030205
199945030206
199945030207
199945030208
199945030301
199945030302
199945030303
199945030304
199945030305
199945030306
199945032601
199945032602
199945032603
199945033101
199945033102
199945033103
199945033104
199945033105
199945033106
199945033107
199945033108
199945033109
199945033110
199945051901
199945051902
199945051903
199945051904
199945051905
199945051906
199945051907
199945051908
199945051909
199945051910
199945061501
199945061502
199945061503
199945061504
199945061505
199945061506
199945061507
199945061508
199945061509
199945061510
199945061601
199945061602
199945061603
199945061604
199945062901
199945062902
199945062903
199945062904
199945062905
199945062906
199945062907
199945062908
199945062909
199945062910
199945062911
199945070101
199945070102
199945070201
199945070202
199945070203
199945070204
199945070205
199945070206
199945070207
199945070208
199945070209
199945070210
199945071501
199945071502
199945071503
199945071504
199945071505
199945071506
199945071507
199945071508
199945071509
199945071510
199945071601
199945071602
199945071603
199945071604
199945071605
199945071606
199945071607
199945071608
199945071609
199945071610
199945071611
199945071901
199945071902
199945071903
199945071904
199945071905
199945071906
199945071907
199945071908
199945071909
199945071910
199945080801
199945080802
199945080803
199945080804
199945081001
199945081002
199945082801
199945082802
199945082901
199945082902
199945082903
199945082904
199945082905
199945082906
199945082907
199945082908
199945082909
199945083101
199945083102
199945083103
199945083104
199945083105
199945083106
199945083107
199945083108
199945083109
199945083110
199945092901
199945092902
199945092903
199945100101
199945100102
199945100103
199945100104
199945102001
199945102002
199945102101
199945102102
199945102103
199945102104
199945102105
199945102106
199945102107
199945102108
199945102109
199945102110
199945102301
199945102302
199945102303
199945102304
199945112101
199945112401
199945112402
199945112403
199945112404
199945112405
199945112406
199945112407
199945112408
199945112409
199945112410
199945120201
199945120501
199945120502
199945120503
199945122201
199945122202
199945122203
199945122204
199945122205
199945122206
199945122207
199945122208
199945122209
199945122210
199945122301
199945122302
199945122303
199945122304
199945122305
199945122306
199945122307
199945122308
199945122309
199945122310