199947010201
199947010202
199947010203
199947010204
199947010205
199947010206
199947010207
199947011001
199947011002
199947011003
199947011004
199947011005
199947011201
199947012601
199947012602
199947012603
199947012604
199947012801
199947012802
199947012803
199947012804
199947012805
199947012806
199947012807
199947020701
199947020702
199947020703
199947020704
199947020705
199947021001
199947021002
199947021003
199947021004
199947021005
199947021006
199947021007
199947021008
199947021009
199947021010
199947021101
199947021102
199947021103
199947021104
199947021201
199947021202
199947021203
199947021204
199947021205
199947021206
199947022801
199947022802
199947022803
199947030201
199947030202
199947030203
199947030204
199947030205
199947030206
199947030207
199947030208
199947030209
199947031401
199947031402
199947031403
199947031601
199947031602
199947031603
199947031604
199947031605
199947031606
199947040801
199947040802
199947040803
199947040804
199947040805
199947040901
199947040902
199947040903
199947040904
199947040905
199947040906
199947042801
199947042802
199947042803
199947042804
199947042805
199947051801
199947051802
199947051803
199947051804
199947051901
199947051902
199947051903
199947051904
199947060701
199947060702
199947060703
199947060704
199947060901
199947060902
199947060903
199947060904
199947060905
199947060906
199947060907
199947060908
199947062301
199947062302
199947062303
199947062304
199947062501
199947062502
199947062503
199947062504
199947062505
199947062506
199947062507
199947071501
199947071502
199947071503
199947071504
199947071801
199947071802
199947071803
199947071804
199947071805
199947071806
199947071807
199947073001
199947073002
199947073003
199947073004
199947073005
199947073006
199947073007
199947081001
199947081002
199947081003
199947081004
199947081005
199947081006
199947081007
199947081008
199947081401
199947081402
199947081403
199947081404
199947081405
199947081406
199947082301
199947082302
199947082303
199947082304
199947082305
199947082306
199947082501
199947082502
199947082503
199947082504
199947082505
199947091201
199947091202
199947091203
199947091204
199947091205
199947091206
199947091207
199947091208
199947091209
199947091401
199947091402
199947091403
199947091404
199947091405
199947091406
199947091407
199947091408
199947091409
199947091501
199947091502
199947091503
199947091504
199947092801
199947092802
199947092803
199947092804
199947100101
199947100102
199947100103
199947100104
199947101401
199947101402
199947101403
199947101404
199947101405
199947101406
199947101407
199947101408
199947101409
199947101901
199947101902
199947101903
199947101904
199947101905
199947101906
199947101907
199947111001
199947111002
199947112401
199947112402
199947112403
199947112404
199947112405
199947112406
199947112407
199947112408
199947112501
199947112502
199947112503
199947112504
199947112505
199947121601
199947121602
199947121603
199947121604
199947121605
199947121606
199947121701