199950060201
199950060202
199950060203
199950060204
199950060205
199950061601
199950061602
199950061603
199950061604
199950081201
199950081202
199950081203
199950081204
199950081205
199950081206
199950081207
199950090901
199950090902
199950090903
199950090904
199950090905
199950090906
199950090907
199950092701
199950092702
199950092703
199950092704
199950092901
199950092902
199950092903
199950092904
199950092905
199950092906
199950092907
199950092908
199950092909
199950092910
199950100101
199950100102
199950101301
199950101302
199950101303
199950101304
199950101305
199950101401
199950101402
199950101403
199950101404
199950112401
199950112402
199950112403
199950112404
199950112405
199950112406
199950112407
199950112408
199950112409
199950112410
199950120201
199950120202
199950120203
199950120204
199950120205
199950120206
199950120207
199950121501
199950121502
199950121503
199950122401
199950122402
199950122403
199950122404
199950123001
199950123002
199950123003
199950123004
199950123005
199950123006
199950123007
199950123008
199950123009
199950123010