199951070201
199951070202
199951070203
199951072101
199951072102
199951072103
199951072104
199951072105
199951072201
199951072202
199951072203
199951072204
199951072205
199951072206
199951072207
199951102701
199951102702
199951102703
199951102704
199951102705
199951102801
199951102802
199951102803
199951102804
199951102805
199951102806
199951102807
199951102808
199951102809
199951102810
199951110901
199951110902
199951110903
199951110904
199951110905
199951110906
199951111701
199951111702
199951111703