199957022801
199957022802
199957022803
199957022804
199957022805
199957022806
199957022807
199957022808
199957022809
199957022810
199957032101
199957032102
199957032103
199957032104
199957032105
199957032106
199957032107
199957032108
199957032109
199957041701
199957041702
199957041703
199957041704
199957041705
199957041706
199957041707
199957041708
199957041709
199957050801
199957050802
199957050803
199957050804
199957050805
199957050806
199957050807
199957050808
199957050809
199957052901
199957052902
199957052903
199957052904
199957052905
199957052906
199957052907
199957052908
199957052909
199957052910
199957061901
199957061902
199957061903
199957061904
199957061905
199957061906
199957061907
199957061908
199957071001
199957071002
199957071003
199957071004
199957071005
199957071006
199957071007
199957071008
199957073101
199957073102
199957073103
199957073104
199957073105
199957073106
199957073107
199957073108
199957081601
199957081602
199957081603
199957081604
199957081605
199957081606
199957081607
199957081608
199957081609
199957081610
199957091901
199957091902
199957091903
199957091904
199957091905
199957091906
199957091907
199957091908
199957091909
199957091910
199957101101
199957101102
199957101103
199957101104
199957101105
199957101106
199957101107
199957101701
199957101702
199957101703
199957101704
199957101705
199957101706
199957101707
199957101708
199957101709
199957101710
199957103001
199957103002
199957103003
199957103004
199957103005
199957103006
199957103007
199957103008
199957103009
199957103010