199958101201
199958101202
199958101203
199958101204
199958101205
199958101206
199958101207
199958101208
199958101209
199958101210
199958101211
199958101301
199958101302
199958101303
199958101304
199958101305
199958101306
199958101307
199958101308
199958101309
199958101310
199958101901
199958101902
199958101903
199958101904
199958102701
199958102702
199958102703
199958102801
199958102802
199958110301
199958110302
199958110303
199958110304
199958110305
199958110306
199958110307
199958110308
199958110309
199958110310
199958111001
199958111002
199958111003
199958111004
199958111005
199958111006
199958111007
199958111008
199958111009
199958111101