199960010101
199960010102
199960010103
199960010104
199960010105
199960010106
199960010107
199960010108
199960010109
199960010110
199960050201
199960050202
199960050203
199960050204
199960050205
199960050206
199960050207
199960050208
199960050301
199960050302
199960050303
199960050304
199960050305
199960050306
199960050307
199960050308
199960050401
199960050402
199960050403
199960050404
199960050405
199960050406
199960053101
199960053102
199960053103
199960053104
199960053105
199960053106
199960053107
199960053108
199960062701
199960071101
199960071201