199961010401
199961010402
199961010403
199961010404
199961010405
199961010406
199961010407
199961010408
199961010409
199961010410
199961010411
199961010701
199961010702
199961010703
199961010704
199961010705
199961010706
199961010707
199961010708
199961010709
199961010710
199961010801
199961010802
199961010803
199961010804
199961010805
199961010806
199961010807
199961010808
199961010809
199961010810
199961123101
199961123102
199961123103
199961123104
199961123105
199961123106
199961123107
199961123108
199961123109
199961123110