200135052101
200135052102
200135052103
200135052104
200135052105
200135052106
200135052107
200135052108
200135071501
200135071502
200135071503
200135071504
200135071505
200135071506
200135071507
200135071508
200135071601
200135071602
200135071603
200135071604
200135071605
200135071606
200135071607
200135071608
200135072001
200135072002
200135072003
200135072004
200135072005
200135072006
200135072007
200135072008
200135072009
200135072010
200135072201
200135072202
200135072203
200135072204
200135072801
200135072802
200135072803
200135072804
200135072805
200135072806
200135072807
200135072808
200135072809
200135072901
200135072902
200135072903
200135072904
200135072905
200135072906
200135072907
200135072908
200135072909
200135072910
200135073001
200135080501
200135080502
200135080503
200135080504
200135080505
200135080506
200135080507
200135080508
200135080509
200135080510
200135080601
200135080602
200135080603
200135080604
200135080605
200135080606
200135080607
200135080608
200135080609
200135080610
200135081501
200135081502
200135081503
200135081504
200135081505
200135081506
200135081507
200135081508
200135081509
200135081510
200135081601
200135081602
200135081603
200135081604
200135081605
200135081606
200135081607
200135081608
200135081609
200135081801
200135081901
200135081902
200135081903
200135092301
200135092302
200135092303
200135092304
200135092305
200135092306
200135092307
200135092401
200135092402
200135092403
200135092404
200135092405
200135092406
200135092407
200135092408
200135092409
200135092410
200135093001
200135093002
200135093003
200135093004
200135093005
200135093006
200135093007
200135093008
200135093009
200135093010
200135100101
200135100102
200135100103
200135100104
200135100105
200135100106
200135100107
200135100108
200135100109
200135100110
200135100601
200135100602
200135100603
200135100801
200135100802
200135100803
200135100804
200135100805
200135100806
200135100807
200135100808
200135100809
200135100810
200135102001
200135102002
200135102003
200135102004
200135102005
200135102006
200135102007
200135102008
200135102009
200135102010
200135110301
200135110302
200135110303
200135110304
200135110305
200135110306
200135110307
200135110308
200135110309
200135110310
200135110311
200135110401
200135110402
200135110403
200135110404
200135110405
200135110406
200135110407
200135110408
200135110409
200135110410
200135111001
200135111002
200135111003
200135111101
200135111102
200135111103
200135111104
200135111105
200135111106
200135111107
200135111108
200135111109
200135111110
200135111701
200135111702
200135111703
200135111704
200135111705
200135111706
200135111707
200135111708
200135111709
200135111710
200135111711
200135111901
200135111902
200135111903
200135111904
200135111905
200135111906
200135111907
200135111908
200135111909
200135111910
200135112501
200135112502
200135112503
200135112504
200135112505