200137042201
200137042202
200137042301
200137042302
200137042303
200137042304
200137042305
200137042306
200137042307
200137042308
200137042309
200137050301
200137050302
200137050303
200137050304
200137050305
200137050306
200137050307
200137050501
200137050502
200137050503
200137050504
200137050505
200137050506
200137050507
200137050508
200137051401
200137051402
200137052001
200137052002
200137052003
200137052004
200137060401
200137060402
200137060403
200137060404
200137060405
200137060406
200137060501
200137060502
200137060503
200137060504
200137060505
200137060506
200137060507
200137060508
200137061701
200137061702
200137061703
200137061704
200137061705
200137061706
200137061707
200137061708
200137061709
200137061710
200137061801
200137061802
200137061803
200137061804
200137061805
200137061806
200137061807
200137061808
200137061809
200137062401
200137062402
200137062403
200137062404
200137062405
200137062406
200137062407
200137062408
200137062409
200137070101
200137070102
200137070103
200137070104
200137070105
200137070106
200137070201
200137070202
200137070203
200137070204
200137070205
200137070206
200137070207
200137070208
200137070209
200137070301
200137070302
200137070303
200137071001
200137071002
200137071003
200137071004
200137071005
200137071601
200137071602
200137071701
200137071702
200137071703
200137071704
200137071705
200137071706
200137071707
200137071708
200137071709
200137072401
200137072402
200137072901
200137072902
200137072903
200137072904
200137072905
200137072906
200137072907
200137072908
200137072909
200137073101
200137073102
200137073103
200137073104
200137073105
200137073106
200137073107
200137073108
200137073109
200137073110
200137081301
200137081302
200137081303
200137081304
200137081401
200137081402
200137081403
200137081404
200137081405
200137081601
200137081602
200137081603
200137081604
200137081605
200137081606
200137081607
200137081608
200137081609
200137081610
200137090201
200137090202
200137090203
200137090204
200137090205
200137090206
200137090207
200137090208
200137090209
200137090301
200137090302
200137090303
200137090304
200137090305
200137090401
200137090402
200137090403
200137090404
200137090405
200137090406
200137090407
200137090408
200137090409
200137091701
200137091702
200137091703
200137093001
200137093002
200137093003
200137093004
200137093005
200137093006
200137093007
200137093008
200137093009
200137100201
200137100202
200137100203
200137100204
200137100205
200137100206
200137100207
200137100208
200137100209
200137100210
200137100211
200137101601
200137101602
200137101603
200137101604
200137101605
200137101606
200137101607
200137101608
200137101609
200137101610
200137102801
200137102802
200137102803
200137102804
200137102805
200137103001
200137103002
200137103003
200137103004
200137103005
200137103006
200137103007
200137111101
200137111102
200137111103
200137111104
200137111105
200137111106
200137111107
200137111108
200137111109
200137112601
200137112602
200137112603
200137112604
200137112605
200137112606
200137112607
200137112608
200137112609
200137120901
200137120902
200137120903
200137120904
200137120905
200137120906
200137120907
200137120908
200137121101
200137121102
200137121103
200137121104