200138052601
200138052602
200138052603
200138052604
200138052605
200138052606
200138052607
200138052608
200138052609
200138052701
200138052702
200138052703
200138052704
200138052705
200138060201
200138060202
200138060203
200138060204
200138060205
200138063001
200138063002
200138063003
200138063004
200138070801
200138070802
200138070803
200138070804
200138081401
200138081402
200138081403
200138081404
200138081405
200138081601
200138081602
200138081603
200138081604
200138081605
200138081606
200138081607
200138081608
200138081609
200138081610
200138081611
200138081612