200139022101
200139022102
200139022103
200139022104
200139022201
200139022202
200139022203
200139022204
200139022205
200139022206
200139022207
200139022208
200139022601
200139022602
200139022603
200139022604
200139022605
200139022606
200139022607
200139022608
200139022609
200139031701
200139031702
200139031703
200139031704
200139031705
200139031706
200139031707
200139031708
200139031709
200139082401
200139082402
200139082701
200139082702
200139082703
200139082704
200139082705
200139082706
200139082707
200139082708
200139100801
200139100802
200139100803
200139100804
200139100805
200139100806
200139100807
200139100808
200139100809
200139100810
200139112501
200139112502
200139112503
200139112504
200139112505
200139112506
200139112507
200139112508
200139112509