200140011101
200140011102
200140011103
200140011104
200140011105
200140011106
200140011107
200140011108
200140011109
200140050401
200140050402
200140050403
200140050404
200140050405
200140050406
200140050407
200140050408
200140050409
200140050410
200140060801
200140062201
200140062202
200140070501
200140070502
200140070503
200140070504
200140081401
200140091301
200140091302
200140091303
200140091304
200140091305
200140091306
200140111101
200140111102
200140111103
200140111104
200140120901
200140120902
200140121001
200140121002
200140121003
200140121004
200140121005
200140121006
200140121007
200140121008
200140121009
200140123101
200140123102
200140123103
200140123104
200140123105
200140123106
200140123107
200140123108
200140123109
200140123110