200141010201
200141012501
200141012502
200141012503
200141012504
200141012505
200141012506
200141012507
200141021801
200141030801
200141030802
200141030803
200141030804
200141030805
200141030806
200141030807
200141030808
200141030809
200141031101
200141031102
200141031103
200141031104
200141031105
200141041501
200141041502
200141041503
200141041504
200141041505
200141041506
200141041507
200141041508
200141050501
200141050502
200141050503
200141050504
200141050505
200141050506
200141050507
200141050508
200141050509
200141051901
200141051902
200141051903
200141051904
200141051905
200141051906
200141080401
200141080402
200141080403
200141080404
200141080405
200141080406
200141080407
200141080408
200141080409
200141080410
200141092201
200141092202
200141092203
200141092204
200141092205
200141092206
200141092207
200141092208
200141101401
200141101402
200141101403
200141101404
200141101405
200141101406
200141101407
200141101408
200141101409
200141101410
200141102101
200141102102
200141102103
200141102104
200141102105
200141102106
200141102107
200141102108
200141102109
200141102110
200141110301
200141110302
200141110303
200141110304
200141110305
200141110306
200141110307
200141110308
200141110309
200141110310
200141111701
200141123101
200141123102
200141123103
200141123104
200141123105
200141123106
200141123107