200142022101
200142022102
200142022103
200142022104
200142022105
200142022106
200142022107
200142022108
200142022109
200142022301
200142022302
200142032101
200142041001
200142041002
200142041003
200142041004
200142041005
200142041006
200142041007
200142041008
200142041101
200142041102
200142041103
200142041104
200142041105
200142041106
200142041107
200142041108
200142041109
200142041110
200142050201
200142050202
200142050301
200142050302
200142050303
200142050304
200142050305
200142050306
200142050307
200142050308
200142050309
200142050310
200142050311
200142052301
200142052302
200142052303
200142052304
200142052305
200142052306
200142052307
200142052308
200142052309
200142052401
200142061201
200142061401
200142061402
200142071801
200142071802
200142080101
200142080102
200142090401
200142090402
200142090403
200142090404
200142090405
200142090406
200142090407
200142090408
200142090409
200142090501
200142090502
200142090503
200142090504
200142090505
200142090506
200142090507
200142090508
200142090509
200142090510
200142090601
200142090602
200142090603
200142090604
200142090605
200142090606
200142090607
200142090608
200142090609
200142090701
200142090702
200142101601
200142101602
200142101603
200142101604
200142101605
200142101606
200142101607
200142101608
200142101609
200142101610
200142101701
200142101702
200142101703
200142101704
200142101705
200142101706
200142101707
200142101708
200142101709
200142101710
200142101801
200142101802
200142101803
200142101804
200142101805
200142101806
200142101807
200142101808
200142101809
200142101810
200142110601
200142110602
200142110603
200142110604
200142110605
200142110606
200142110607
200142110608
200142110609
200142110701
200142110702
200142110703
200142110704
200142110705
200142110706
200142110707
200142110708
200142110709
200142110710
200142110801
200142110802
200142110803
200142110804
200142110901
200142110902
200142110903
200142110904
200142110905
200142110906
200142110907
200142110908
200142110909
200142110910
200142120401
200142120402
200142120403
200142120404
200142120405
200142120406
200142120407
200142120408
200142120409
200142120410
200142120411
200142120501
200142120502
200142120503
200142120504
200142120505
200142120506
200142120507
200142120508
200142120509
200142120510
200142120601
200142120701
200142120702
200142120703
200142120704
200142120705
200142120706
200142120707
200142120708
200142120709
200142120710