200144011401
200144011402
200144011403
200144011404
200144011501
200144011502
200144011503
200144011504
200144011505
200144011506
200144011507
200144011508
200144011509
200144011510
200144011511
200144011601
200144011602
200144011603
200144011604
200144011605
200144011606
200144011607
200144011608
200144011609
200144011610
200144011701
200144011702
200144011703
200144011704
200144011705
200144011706
200144011707
200144011708
200144011709
200144011710
200144013101
200144013102
200144013103
200144013104
200144013105
200144013106
200144013107
200144013108
200144013109
200144013110
200144021301
200144021302
200144021303
200144021304
200144021305
200144021306
200144021307
200144021501
200144021502
200144021503
200144021504
200144021505
200144021506
200144021507
200144021508
200144021509
200144021601
200144021602
200144021603
200144021604
200144021605
200144021606
200144022601
200144022602
200144022603
200144022604
200144022605
200144022606
200144022607
200144022608
200144022609
200144022610
200144022701
200144022702
200144022703
200144022704
200144022705
200144022706
200144022707
200144022708
200144022709
200144022710
200144022801
200144022802
200144022803
200144022804
200144022805
200144022806
200144022807
200144022808
200144022809
200144022810
200144030101
200144030102
200144030103
200144030104
200144030105
200144030106
200144030107
200144030201
200144030202
200144030203
200144030204
200144030205
200144030206
200144030207
200144030208
200144032601
200144032701
200144032702
200144032703
200144032704
200144032705
200144032706
200144032707
200144032708
200144032709
200144033001
200144033002
200144033003
200144033004
200144033005
200144033006
200144033007
200144033008
200144033009
200144041401
200144041402
200144041403
200144041404
200144041405
200144041406
200144041407
200144041408
200144041409
200144041501
200144041502
200144041503
200144041504
200144041601
200144041602
200144041603
200144041604
200144041605
200144041606
200144041607
200144041608
200144041609
200144050901
200144050902
200144050903
200144050904
200144050905
200144050906
200144050907
200144050908
200144050909
200144051001
200144051002
200144051003
200144051004
200144051005
200144051006
200144051007
200144051008
200144051009
200144051010
200144051101
200144051102
200144051103
200144051104
200144051105
200144051106
200144051107
200144051108
200144051901
200144051902
200144051903
200144051904
200144051905
200144051906
200144051907
200144051908
200144052101
200144052102
200144052103
200144052104
200144052201
200144052202
200144052203
200144052204
200144052205
200144052206
200144052207
200144052208
200144052209
200144060601
200144060602
200144060603
200144060604
200144060605
200144060606
200144060607
200144060608
200144060609
200144060801
200144060802
200144060803
200144062601
200144062602
200144062603
200144062604
200144062605
200144062606
200144062607
200144062608
200144062609
200144071301
200144071302
200144071303
200144071304
200144071305
200144071306
200144071307
200144071308
200144071309
200144071310
200144072001
200144072002
200144072003
200144072004
200144072005
200144072006
200144072007
200144072008
200144072009
200144072101
200144072102
200144072103
200144072104
200144072105
200144072106
200144072107
200144072108
200144072109
200144072401
200144072402
200144072403
200144072404
200144072405
200144072406
200144072407
200144072408
200144072409
200144072410
200144080801
200144080802
200144080803
200144080804
200144080805
200144080806
200144080807
200144080808
200144080809
200144080901
200144080902
200144080903
200144080904
200144080905
200144080906
200144080907
200144080908
200144080909
200144081001
200144081002
200144081003
200144081004
200144081005
200144081006
200144081007
200144081008
200144082501
200144082502
200144082503
200144082504
200144082505
200144082506
200144082507
200144082508
200144082801
200144082802
200144082803
200144082804
200144082805
200144082806
200144082807
200144082808
200144082809
200144091101
200144091102
200144091103
200144091104
200144091105
200144091106
200144091107
200144091201
200144091202
200144091203
200144091204
200144091205
200144091206
200144091207
200144091208
200144091209
200144092401
200144092402
200144092403
200144092404
200144092405
200144092406
200144092407
200144092408
200144092501
200144092502
200144092503
200144092504
200144092505
200144092506
200144092507
200144092508
200144092509
200144092701
200144092702
200144092703
200144092704
200144092705
200144092706
200144092707
200144092708
200144092709
200144092801
200144092802
200144092803
200144092804
200144100601
200144100602
200144100603
200144100604
200144100605
200144100606
200144100607
200144100608
200144100701
200144100702
200144100703
200144100901
200144100902
200144100903
200144100904
200144100905
200144100906
200144100907
200144100908
200144102901
200144102902
200144102903
200144102904
200144102905
200144102906
200144102907
200144102908
200144103101
200144103102
200144103103
200144103104
200144103105
200144103106
200144103107
200144103108
200144103109
200144110101
200144110201
200144110202
200144110203
200144110204
200144110205
200144110206
200144110207
200144110208
200144110209
200144110301
200144110302
200144110303
200144110304
200144110305
200144110306
200144110307
200144110308
200144110309
200144110310
200144110311
200144121001
200144121002
200144121003
200144121004
200144121005
200144121101
200144121102
200144121103
200144121104
200144121105
200144121106
200144121107
200144121108
200144121109
200144121110
200144121111
200144121201
200144121202
200144121203
200144121204
200144121205
200144121206
200144121207
200144121208
200144121209
200144121210
200144121401
200144121402
200144121403
200144121404
200144121405
200144121406
200144121501
200144121502
200144121503
200144121504
200144121505
200144121506
200144121507
200144121508
200144121509
200144121510
200144122701
200144122702
200144122801
200144122802
200144122803
200144122804
200144122805
200144122806
200144122807
200144122808
200144122809
200144122901
200144122902
200144122903
200144122904
200144122905
200144122906
200144122907
200144122908
200144122909
200144122910
200144123001
200144123002
200144123003
200144123004
200144123101
200144123102
200144123103
200144123104
200144123105
200144123106