200145010103
200145010108
200145010501
200145010504
200145012406
200145012410
200145012503
200145012509
200145012610
200145012706
200145012711
200145020810
200145020905
200145020909
200145021103
200145021206
200145021209
200145030703
200145030710
200145030711
200145030904
200145042505
200145042508
200145051301
200145051307
200145051308
200145051507
200145051508
200145051609
200145061510
200145061609
200145062009
200145070305
200145070307
200145070309
200145070310
200145070404
200145070509
200145081307
200145081404
200145081407
200145081609
200145082905
200145083006
200145083109
200145091304
200145091508
200145091709
200145091710
200145092907
200145092909
200145093007
200145100207
200145100209
200145100302
200145100306
200145100308
200145100309
200145102203
200145102205
200145102208
200145102209
200145102310
200145102509
200145111203
200145111209
200145111303
200145111306
200145111308
200145111409
200145111610
200145112607
200145112704
200145112708
200145112804
200145112809
200145112909
200145113003
200145113010
200145122405
200145122406
200145122509
200145122909
200145123004
200145123109
200145123110