200146041401
200146041402
200146041403
200146041404
200146041405
200146041406
200146041407
200146041601
200146041602
200146041603
200146042901
200146042902
200146042903
200146042904
200146042905
200146042906
200146042907
200146042908
200146051201
200146051202
200146051203
200146051204
200146051205
200146060201
200146060202
200146060203
200146060204
200146060205
200146060206
200146060207
200146060401
200146060402
200146060403
200146060404
200146060405
200146060406
200146060407
200146060408
200146061701
200146061702
200146061703
200146061704
200146061705
200146063001
200146063002
200146063003
200146063004
200146063005
200146063006
200146063007
200146063008
200146063009
200146063010
200146071401
200146071402
200146071403
200146071404
200146071405
200146071406
200146071407
200146071408
200146071409
200146071410
200146072901
200146072902
200146072903
200146072904
200146072905
200146072906
200146072907
200146072908
200146073001
200146073002
200146073003
200146073004
200146073005
200146073006
200146073007
200146073008
200146073009
200146073010
200146081401
200146081402
200146081403
200146081404
200146081405
200146081406
200146090301
200146090302
200146090303
200146090304
200146090305
200146090306
200146090307
200146090308
200146090309
200146090310
200146092501
200146092502
200146092503
200146092504
200146092505
200146100801
200146100802
200146100803
200146100804
200146100805
200146100806
200146100807
200146100808
200146100809
200146102101
200146102102
200146102103
200146102104
200146102105
200146110501
200146110502
200146110503
200146110504