200150011701
200150011702
200150011703
200150011704
200150011705
200150011706
200150011707
200150011708
200150011709
200150021401
200150021402
200150021403
200150021404
200150021405
200150021406
200150021407
200150021408
200150021409
200150021501
200150021502
200150021503
200150021504
200150021505
200150021506
200150021507
200150022101
200150022102
200150022103
200150022104
200150022105
200150022106
200150022107
200150041301
200150041302
200150041303
200150041304
200150041305
200150041306
200150041901
200150041902
200150041903
200150041904
200150041905
200150041906
200150041907
200150041908
200150043001
200150043002
200150043003
200150043004
200150043005
200150043006
200150043007
200150052201
200150052202
200150052203
200150052204
200150052205
200150052206
200150052207
200150052401
200150052402
200150052403
200150052404
200150052405
200150052406
200150052407
200150052408
200150052409
200150053101
200150053102
200150053103
200150053104
200150053105
200150053106
200150053107
200150061401
200150061402
200150061403
200150061404
200150061405
200150082201
200150082202
200150082203
200150082204
200150082205
200150082206
200150082207
200150082208
200150090401
200150090402
200150090403
200150090404
200150090405
200150090406
200150091901
200150091902
200150091903
200150091904
200150091905
200150091906
200150091907
200150091908
200150091909
200150092001
200150092002
200150092003
200150092004
200150092005
200150092006
200150092007
200150092601
200150092602
200150092603
200150092604
200150092605
200150092606
200150092607
200150092608
200150092609
200150092610
200150100801
200150100802
200150100803
200150100804
200150100805
200150100806
200150101101
200150101102
200150101103
200150101104
200150101105
200150101106
200150101107
200150101108
200150101109
200150112101
200150112102
200150112103
200150112104
200150112105
200150112106
200150112801
200150112802
200150112803
200150112804
200150112805
200150112806
200150112807
200150112808
200150112809
200150112810
200150120601
200150120602
200150120603
200150120604
200150120605
200150120606
200150120607
200150120608
200150120609
200150121301
200150121302
200150121303
200150121304
200150121305
200150121801
200150121802
200150121803
200150121804
200150121805
200150121806
200150122401
200150122402
200150122403
200150122404
200150122405
200150122406
200150122407
200150122408
200150122409
200150122701
200150122702
200150122703
200150122704
200150122705
200150122706
200150122707
200150122708
200150122709
200150122710
200150123001
200150123002
200150123003
200150123004
200150123005
200150123006
200150123007
200150123008
200150123009
200150123010