200151030101
200151030102
200151030103
200151030104
200151030105
200151030106
200151031301
200151031302
200151031303
200151031304
200151031305
200151031306
200151031307
200151032801
200151032802
200151032803
200151032804
200151032805
200151032806
200151032807
200151032808
200151070301
200151072501
200151101601
200151101602
200151101603
200151101604
200151101605
200151102401
200151102402
200151102403
200151102404
200151102405
200151102406
200151102407
200151102408
200151103101
200151103102
200151103103
200151103104
200151103105
200151103106
200151103107
200151103108
200151103109
200151103110
200151110801
200151110802
200151110803
200151110804
200151110805
200151110806
200151111601
200151111602
200151111603
200151111604
200151111605
200151111606
200151111607
200151111608
200151111609
200151111610