200152010401
200152010402
200152010403
200152010404
200152010405
200152010406
200152010407
200152011401
200152011402
200152011403
200152011404
200152011405
200152012101
200152012102
200152012103
200152012104
200152012105
200152031001
200152031002
200152031003
200152031004
200152031005
200152031006
200152031801
200152031802
200152031803
200152031804
200152031805
200152031806
200152040801
200152040802
200152040803
200152040804
200152040805
200152040806
200152040807
200152041401
200152041402
200152041403
200152041404
200152041405
200152041406
200152041407
200152042801
200152042802
200152042803
200152042804
200152042805
200152042806
200152042807
200152050601
200152050602
200152050603
200152050604
200152050605
200152050606
200152050607
200152051301
200152051302
200152051303
200152051304
200152051305
200152051306
200152052001
200152052002
200152052003
200152052004
200152052005
200152052006
200152052007
200152052008
200152060201
200152060202
200152060203
200152060204
200152060205
200152060206
200152061001
200152061002
200152061003
200152061004
200152061005
200152061006
200152061007
200152061008
200152062401
200152062402
200152062403
200152062404
200152062405
200152062406
200152062407
200152062408
200152062409
200152062410
200152070101
200152070102
200152070103
200152070104
200152070105
200152070106
200152070107
200152070108
200152070109
200152071501
200152071502
200152071503
200152071504
200152071505
200152071506
200152071507
200152071508
200152071509
200152072101
200152072102
200152072103
200152072104
200152072105
200152072106
200152072107
200152072108
200152080401
200152080402
200152080403
200152080404
200152080405
200152080406
200152080407
200152081501
200152081502
200152081503
200152081504
200152081505
200152081506
200152081507
200152081508
200152081509
200152081510
200152090801
200152090802
200152090803
200152090804
200152090805
200152090806
200152090807
200152092401
200152092402
200152092403
200152092404
200152092405
200152092406
200152092407
200152092408
200152093001
200152093002
200152093003
200152093004
200152093005
200152093006
200152093007
200152100701
200152100702
200152100703
200152100704
200152100705
200152100706
200152100707
200152100708
200152100709
200152102801
200152102802
200152102803
200152102804
200152102805
200152102806
200152110301
200152110302
200152110303
200152110304
200152110305
200152110306
200152110307
200152120801
200152120802
200152120803
200152120804
200152120805
200152121601
200152121602
200152121603
200152121604
200152121605