200157010201
200157010202
200157010203
200157010204
200157010205
200157010206
200157010207
200157010701
200157010702
200157010703
200157010704
200157010705
200157010706
200157010707
200157020201
200157020202
200157020203
200157020204
200157020205
200157020206
200157020207
200157020208
200157020209
200157020210
200157020211
200157030701
200157030702
200157030703
200157030704
200157030705
200157030706
200157030707
200157030708
200157030709
200157030710
200157031501
200157031502
200157031503
200157031504
200157031505
200157031506
200157031507
200157031508
200157031509
200157031510
200157032201
200157032202
200157032203
200157032204
200157032205
200157032206
200157032207
200157032208