200158042601
200158042602
200158042603
200158042604
200158042605
200158042606
200158042607
200158042608
200158042609
200158050201
200158050202
200158050203
200158050204
200158050205
200158050206
200158050207
200158050208
200158050301
200158050302
200158050303
200158050304
200158050305
200158050306
200158050307
200158050801
200158050802
200158050803
200158050804
200158050805
200158050806
200158050901
200158050902
200158050903
200158050904
200158050905
200158051601
200158051602
200158051603
200158051604
200158051605
200158051606
200158051607
200158051608
200158051701
200158051702
200158051703
200158051704
200158051705
200158051706
200158051707
200158051708
200158051709
200158052201
200158052202
200158052203
200158052204
200158052401
200158052402
200158052403
200158052404
200158052405
200158052406
200158052407
200158052408
200158052901
200158052902
200158052903
200158052904
200158052905
200158052906
200158052907
200158052908
200158053101
200158053102
200158053103
200158053104
200158053105
200158053106
200158053107
200158053108
200158060701
200158060702
200158060703
200158061201
200158061202
200158061203
200158061204
200158061205
200158061206
200158061207
200158061208
200158061301
200158061302
200158061303
200158061304
200158061305
200158061306
200158061307
200158061308
200158061309
200158061401
200158061402
200158061403
200158061404
200158061405
200158061406
200158061407
200158061408
200158061409
200158061410