198001010101
198001010102
198001010103
198001010104
198001010105
198001010106
198001010107
198001010108
198001010301
198001010302
198001010303
198001010304
198001010305
198001010306
198001010307
198001010308
198001010401
198001010501
198001010502
198001010503
198001010504
198001010505
198001010506
198001010601
198001010602
198001010603
198001010604
198001010605
198001010606
198001010701
198001010702
198001010703
198001010704
198001010705
198001010706
198001010707
198001010708
198001010801
198001010802
198001010803
198001010804
198001010805
198001010806
198001010807
198001010808
198001020201
198001020202
198001020203
198001020204
198001020205
198001020206
198001020207
198001020208
198001020601
198001020602
198001020603
198001020604
198001020605
198001020606
198001020701
198001020702
198001020703
198001020704
198001020705
198001020706
198001020707
198001020708
198001020709