198003010501
198003010502
198003020601
198003020602
198003020603
198003020604
198003020605
198003020606
198003020607
198003020608
198003020701
198003020702
198003020703
198003020704
198003020705
198003020706
198003030101
198003030102
198003030103
198003030104
198003030105
198003030106
198003030107
198003030108
198003030109
198003030110
198003030111
198003030201
198003030202
198003030203
198003030204
198003030205
198003030206
198003030207
198003030208
198003030209
198003030401
198003030402
198003030403
198003030404
198003030405
198003030406
198003030407
198003030408
198003030409
198003030410
198003030411
198003030501
198003030502
198003030503
198003030504
198003030505
198003030506
198003030507
198003030508
198003030801
198003030802
198003030803
198003030804
198003030805
198003030806
198003030807
198003030808
198003030809
198003030810
198003030811