198004010101
198004010102
198004010103
198004010104
198004010105
198004010106
198004010501
198004010502
198004010503
198004010504
198004010601
198004010602
198004010603
198004010701
198004010702
198004010703
198004010704
198004010705
198004010801
198004020101
198004020102
198004020103
198004020104
198004020105
198004020106
198004020107
198004020108
198004020109
198004020201
198004020202
198004020203
198004020204
198004020205
198004020206
198004020207
198004020208
198004020209
198004020301
198004020302
198004020303
198004020304
198004020305
198004020501
198004020502
198004020503
198004020504
198004020505
198004020506
198004020507
198004020508
198004020509
198004020601
198004020602
198004020603
198004020604
198004020605
198004020606
198004020607
198004020608
198004020801
198004020802
198004020803
198004020804
198004020805
198004020806
198004020807
198004020808
198004020809
198004030401
198004030402
198004030403
198004030404
198004030405
198004030406
198004030407
198004030408
198004030409
198004030601
198004030602
198004030603
198004030604
198004030605
198004030606
198004030607
198004030608
198004030609
198004030801
198004030802
198004030803
198004030804
198004030805
198004030806