198005010101
198005010102
198005010103
198005010104
198005010201
198005010202
198005010301
198005010302
198005010303
198005010304
198005010305
198005010501
198005010502
198005010503
198005010504
198005010505
198005010506
198005010507
198005010508
198005010509
198005010510
198005010511
198005010601
198005010602
198005010603
198005010604
198005010605
198005010606
198005010701
198005010702
198005010801
198005010802
198005010803
198005010804
198005010805
198005010806
198005010807
198005010808
198005010809
198005010810
198005010811
198005020101
198005020102
198005020103
198005020104
198005020105
198005020106
198005020107
198005020108
198005020109
198005020401
198005020402
198005020801
198005020802
198005020803
198005020804
198005020805
198005020806
198005020807
198005020808
198005020809
198005020810
198005020811
198005030101
198005030102
198005030103
198005030104
198005030105
198005030106
198005030107
198005030108
198005030109
198005030110
198005030301
198005030302
198005030303
198005030304
198005030601
198005030602
198005030603
198005030604
198005030605
198005030606
198005030607
198005030608
198005030609
198005030610
198005030611
198005030801
198005030802
198005030803
198005030804
198005030805
198005030806
198005030807
198005030808
198005030809
198005030810
198005030811
198005040101
198005040102
198005040103
198005040104
198005040105
198005040106
198005040107
198005040108
198005040109
198005040110
198005040301
198005040302
198005040303
198005040304
198005040601
198005040602
198005040603
198005040604
198005040605
198005040606
198005040607
198005040608
198005040701
198005040702
198005040703
198005040704
198005040705
198005040706
198005040707
198005040708
198005040801
198005040802
198005040803
198005040804
198005040805
198005040806
198005040807
198005040808
198005040809
198005040810
198005040811
198005050101
198005050102
198005050103
198005050104
198005050105
198005050106
198005050107
198005050108
198005050109
198005050110
198005050501
198005050502
198005050503
198005050504
198005050505
198005050506
198005050507
198005050508
198005050509
198005050510
198005050601
198005050602
198005050603
198005050604
198005050605
198005050606
198005050607
198005050608
198005050609
198005050610
198005050611
198005050801
198005050802
198005050803
198005050804
198005050805
198005050806
198005050807
198005050808
198005050809