198006010101
198006010102
198006010103
198006010201
198006010202
198006010203
198006010204
198006010205
198006010206
198006010207
198006010208
198006010209
198006010210
198006010211
198006010212
198006010501
198006010502
198006010503
198006010504
198006010701
198006010702
198006010703
198006010704
198006010705
198006010706
198006010707
198006010708
198006010709
198006010710
198006010711
198006010801
198006010802
198006010803
198006010804
198006010805
198006010806
198006010807
198006010808
198006010809
198006010810
198006010811
198006020201
198006020202
198006020203
198006020204
198006020205
198006020206
198006020207
198006020208
198006020209
198006020210
198006020211
198006020212
198006020401
198006020402
198006020403
198006020404
198006020405
198006020406
198006020407
198006020408
198006020409
198006020410
198006020501
198006020502
198006020503
198006020504
198006020601
198006020602
198006020603
198006020604
198006020701
198006020702
198006020703
198006020704
198006020705
198006020706
198006020707
198006020708
198006020709
198006020710
198006020711
198006020801
198006020802
198006020803
198006020804
198006020805
198006020806
198006020807
198006020808
198006020809
198006020810
198006020811
198006020812
198006030101
198006030102
198006030103
198006030104
198006030105
198006030106
198006030107
198006030108
198006030109
198006030110
198006030201
198006030202
198006030203
198006030301
198006030302
198006030303
198006030304
198006030305
198006030306
198006030307
198006030308
198006030309
198006030310
198006030311
198006030401
198006030402
198006030403
198006030701
198006030702
198006030703
198006030704
198006030705
198006030706
198006030707
198006030708
198006030709
198006030710
198006030711
198006030801
198006030802
198006040301
198006040302
198006040303
198006040304
198006040305
198006040306
198006040307
198006040308
198006040309
198006040401
198006040402
198006040403
198006040404
198006040405
198006040406
198006040601
198006040602
198006040603
198006040604
198006040701
198006040702
198006040703
198006040801
198006040802
198006040803
198006040804
198006040805
198006040806
198006040807
198006040808
198006040809
198006040810
198006040811
198006050201
198006050202
198006050203
198006050204
198006050205
198006050206
198006050207
198006050208
198006050209
198006050210
198006050211
198006050301
198006050302
198006050303
198006050304
198006050305
198006050306
198006050307
198006050308
198006050309
198006050310
198006050311
198006050401
198006050402
198006050403
198006050404
198006050405
198006050406
198006050407
198006050408
198006050409
198006050410
198006050411
198006050701
198006050702
198006050703
198006050704
198006050705
198006050706
198006050707
198006050708
198006050709
198006050710
198006050711
198006050801
198006050802
198006050803
198006050804
198006050805
198006050806
198006050807
198006050808
198006050809