198007010101
198007010102
198007010103
198007010104
198007010105
198007010106
198007010107
198007010108
198007010109
198007010110
198007010111
198007010201
198007010202
198007010203
198007010204
198007010205
198007010206
198007010207
198007010208
198007010209
198007010210
198007010211
198007010301
198007010302
198007010303
198007010304
198007010305
198007010306
198007010307
198007010308
198007010309
198007010401
198007010402
198007010403
198007010404
198007010501
198007010502
198007010503
198007010504
198007010505
198007010506
198007010507
198007010508
198007010509
198007010601
198007010602
198007010603
198007010604
198007010605
198007010606
198007010607
198007010608
198007010609
198007010610
198007010611
198007010801
198007010802
198007010803
198007010804
198007010805
198007010806
198007020401
198007020402
198007020403
198007020404
198007020405
198007020406
198007020407
198007020408
198007020409
198007020601
198007020602
198007020603
198007020604
198007020605
198007020606
198007020607
198007020608
198007020609
198007020701
198007020702
198007020703
198007020704
198007020705
198007020706
198007020707
198007020708
198007020709
198007030201
198007030202
198007030203
198007030204
198007030205
198007030206
198007030207
198007030208
198007030209
198007030210
198007030301
198007030302
198007030303
198007030304
198007030305
198007030306
198007030307
198007030308
198007030309
198007030310
198007030311
198007030801
198007030802
198007030803
198007030804
198007030805
198007030806
198007030807
198007030808
198007030809
198007030810
198007040101
198007040102
198007040103
198007040104
198007040105
198007040106
198007040107
198007040108
198007040109
198007040110
198007040111
198007040112
198007040501
198007040502
198007040503
198007040504
198007040505
198007040506
198007040507
198007040601
198007040602
198007040603
198007040604
198007040605
198007040606
198007040607
198007040608
198007040609
198007040610
198007040611
198007040701
198007040702
198007040703
198007040704
198007040705
198007040706
198007040801
198007040802
198007040803
198007040804
198007040805
198007040806
198007040807