198008010201
198008010202
198008010203
198008010204
198008010205
198008010301
198008010302
198008010303
198008010304
198008010305
198008010306
198008010307
198008010308
198008010309
198008010310
198008010311
198008010312
198008010401
198008010402
198008010403
198008010404
198008010405
198008010406
198008010407
198008010408
198008010409
198008010501
198008010502
198008010503
198008010504
198008010505
198008010506
198008010507
198008010508
198008010509
198008010510
198008010511
198008010601
198008010602
198008010603
198008010604
198008010605
198008010606
198008010607
198008010608
198008010609
198008010610
198008010611
198008010801
198008010802
198008010803
198008010804
198008010805
198008010806
198008010807
198008010808
198008010809
198008010810
198008010811
198008020301
198008020302
198008020303
198008020304
198008020305
198008020306
198008020307
198008020308
198008020309
198008020310
198008020311
198008020601
198008020602
198008020603
198008020604
198008020605
198008020606
198008020607
198008020608
198008020609
198008020610
198008020801
198008020802
198008020803
198008020804
198008020805
198008020806
198008020807
198008020808
198008020809