198009010101
198009010102
198009010103
198009010104
198009010105
198009010106
198009010107
198009010108
198009010109
198009010201
198009010202
198009010203
198009010204
198009010205
198009010206
198009010207
198009010208
198009010209
198009010210
198009010211
198009010212
198009010301
198009010302
198009010303
198009010304
198009010305
198009010306
198009010401
198009010402
198009010403
198009010404
198009010405
198009010406
198009010407
198009010601
198009010602
198009010603
198009010604
198009010605
198009010606
198009010607
198009010608
198009010609
198009020101
198009020102
198009020103
198009020104
198009020105
198009020106
198009020107
198009020108
198009020109
198009020110
198009020111
198009020112
198009020201
198009020202
198009020203
198009020204
198009020205
198009020501
198009020502
198009020601
198009020602
198009020603
198009020604
198009030101
198009030102
198009030103
198009030104
198009030105
198009030106
198009030301
198009030302
198009030303
198009030304
198009030305
198009030306
198009030307
198009030308
198009030309
198009030310
198009030311
198009030312
198009050601
198009050602
198009050603
198009050604
198009050605
198009050606
198009050607
198009050608
198009050609
198009050610
198009050611
198009060401
198009060402
198009060403
198009060404
198009060405
198009060406
198009060407
198009060408
198009060409
198009060410
198009060411