198010010201
198010010202
198010010203
198010010204
198010010205
198010010206
198010010207
198010010208
198010010209
198010010210
198010010301
198010010302
198010010303
198010010304
198010010305
198010010306
198010010307
198010010308
198010010309
198010010501
198010010502
198010010503
198010010504
198010010505
198010010506
198010010507
198010010508
198010010509
198010010701
198010010702
198010010703
198010010704
198010010705
198010010706
198010010801
198010010802
198010010803
198010010804
198010010805
198010010806
198010010807
198010010808
198010010809
198010020201
198010020202
198010020203
198010020204
198010020205
198010020301
198010020302
198010020303
198010020304
198010020305
198010020306
198010020307
198010020308
198010020309
198010020601
198010020602
198010020603
198010020604
198010020605
198010020606
198010020607
198010020608
198010020609
198010030301
198010030302
198010030303
198010030304
198010030305
198010030306
198010030307
198010030308
198010030309
198010030501
198010030502
198010030503
198010030504
198010030505
198010030506
198010030507
198010030508
198010030509
198010040101
198010040102
198010040103
198010040104
198010040105
198010040106
198010040107
198010040108
198010040109