199903010101
199903010102
199903010103
199903010107
199903010111
199903010112
199903010202
199903010203
199903010205
199903010207
199903010208
199903010209
199903010210
199903010301
199903010303
199903010305
199903010309
199903010311
199903010312
199903010403
199903010406
199903010409
199903010410
199903010412
199903010501
199903010502
199903010511
199903010512
199903010601
199903010603
199903010605
199903010606
199903010607
199903010609
199903010610
199903010611
199903010612
199903010702
199903010707
199903010708
199903010710
199903010711
199903010712
199903010801
199903010806
199903010807
199903010808
199903010809
199903010810
199903010811
199903020104
199903020105
199903020106
199903020109
199903020110
199903020111
199903020112
199903020203
199903020204
199903020205
199903020206
199903020207
199903020208
199903020209
199903020210
199903020212
199903020301
199903020302
199903020303
199903020304
199903020305
199903020306
199903020308
199903020309
199903020311
199903020403
199903020408
199903020409
199903020411
199903020501
199903020504
199903020506
199903020507
199903020508
199903020509
199903020510
199903020511
199903020512
199903020604
199903020606
199903020608
199903020610
199903020611
199903020701
199903020702
199903020703
199903020707
199903020708
199903020711
199903020712
199903020803
199903020804
199903020805
199903020808
199903020810
199903030102
199903030103
199903030104
199903030109
199903030111
199903030202
199903030203
199903030204
199903030208
199903030210
199903030211
199903030212
199903030303
199903030305
199903030306
199903030307
199903030312
199903030401
199903030406
199903030408
199903030410
199903030411
199903030412
199903030501
199903030503
199903030505
199903030506
199903030510
199903030511
199903030512
199903030602
199903030605
199903030608
199903030611
199903030612
199903030701
199903030703
199903030710
199903030711
199903030712
199903030808
199903030810
199903030811
199903030812