199904010103
199904010105
199904010106
199904010109
199904010112
199904010201
199904010203
199904010205
199904010209
199904010211
199904010212
199904010301
199904010302
199904010305
199904010306
199904010307
199904010311
199904010312
199904010402
199904010410
199904010411
199904010502
199904010506
199904010507
199904010508
199904010511
199904010604
199904010607
199904010608
199904010609
199904010610
199904010612
199904010702
199904010703
199904010708
199904010709
199904010711
199904010801
199904010803
199904010804
199904010807
199904010809
199904010811
199904010812
199904020103
199904020105
199904020106
199904020107
199904020108
199904020109
199904020110
199904020111
199904020201
199904020205
199904020208
199904020211
199904020212
199904020301
199904020303
199904020304
199904020306
199904020307
199904020308
199904020311
199904020312
199904020402
199904020403
199904020404
199904020405
199904020406
199904020408
199904020409
199904020410
199904020411
199904020502
199904020503
199904020506
199904020507
199904020508
199904020509
199904020510
199904020602
199904020604
199904020605
199904020606
199904020609
199904020611
199904020612
199904020702
199904020703
199904020706
199904020709
199904020710
199904020711
199904020712
199904020803
199904020807
199904020811
199904020812
199904030103
199904030104
199904030108
199904030109
199904030110
199904030112
199904030201
199904030203
199904030204
199904030208
199904030210
199904030211
199904030303
199904030306
199904030307
199904030308
199904030310
199904030311
199904030312
199904030403
199904030407
199904030412
199904030502
199904030504
199904030507
199904030509
199904030511
199904030512
199904030602
199904030604
199904030605
199904030608
199904030609
199904030610
199904030611
199904030612
199904030701
199904030702
199904030705
199904030707
199904030708
199904030711
199904030712
199904030802
199904030803
199904030807
199904030808
199904030809
199904030810
199904030811
199904030812