199905010101
199905010103
199905010107
199905010109
199905010110
199905010112
199905010206
199905010207
199905010208
199905010209
199905010210
199905010211
199905010212
199905010301
199905010306
199905010308
199905010309
199905010310
199905010312
199905010404
199905010408
199905010409
199905010410
199905010411
199905010501
199905010504
199905010508
199905010510
199905010511
199905010512
199905010602
199905010604
199905010608
199905010610
199905010612
199905010701
199905010703
199905010706
199905010707
199905010709
199905010710
199905010801
199905010802
199905010806
199905010808
199905010811
199905020104
199905020110
199905020111
199905020203
199905020205
199905020207
199905020208
199905020210
199905020211
199905020212
199905020301
199905020302
199905020303
199905020307
199905020308
199905020309
199905020311
199905020403
199905020404
199905020407
199905020410
199905020411
199905020503
199905020505
199905020506
199905020508
199905020510
199905020512
199905020604
199905020606
199905020609
199905020610
199905020611
199905020612
199905020702
199905020707
199905020708
199905020709
199905020710
199905020711
199905020712
199905020805
199905020806
199905020809
199905020810
199905020811
199905030101
199905030103
199905030104
199905030107
199905030108
199905030111
199905030206
199905030211
199905030212
199905030301
199905030303
199905030304
199905030306
199905030404
199905030407
199905030408
199905030409
199905030410
199905030411
199905030412
199905030504
199905030506
199905030509
199905030510
199905030511
199905030603
199905030605
199905030607
199905030608
199905030609
199905030610
199905030701
199905030702
199905030704
199905030705
199905030706
199905030708
199905030805
199905030806
199905030808
199905030809
199905030810
199905030811
199905040102
199905040106
199905040108
199905040111
199905040112
199905040202
199905040203
199905040206
199905040208
199905040209
199905040210
199905040211
199905040212
199905040303
199905040306
199905040309
199905040311
199905040312
199905040401
199905040404
199905040405
199905040407
199905040408
199905040409
199905040410
199905040411
199905040412
199905040504
199905040506
199905040508
199905040509
199905040510
199905040511
199905040607
199905040608
199905040609
199905040611
199905040612
199905040708
199905040709
199905040711
199905040802
199905040804
199905040807
199905040808
199905040811
199905040812
199905050101
199905050102
199905050104
199905050105
199905050106
199905050109
199905050110
199905050112
199905050206
199905050210
199905050211
199905050301
199905050305
199905050306
199905050307
199905050309
199905050310
199905050311
199905050312
199905050402
199905050403
199905050404
199905050406
199905050410
199905050411
199905050412
199905050501
199905050503
199905050504
199905050506
199905050508
199905050510
199905050606
199905050607
199905050609
199905050610
199905050611
199905050701
199905050703
199905050704
199905050706
199905050708
199905050710
199905050711
199905050801
199905050802
199905050804
199905050806
199905050808
199905050809
199905050810
199905050811