199908010103
199908010105
199908010106
199908010107
199908010108
199908010109
199908010110
199908010111
199908010112
199908010201
199908010204
199908010205
199908010206
199908010208
199908010209
199908010210
199908010211
199908010301
199908010303
199908010305
199908010306
199908010309
199908010311
199908010402
199908010408
199908010409
199908010410
199908010412
199908010501
199908010502
199908010504
199908010507
199908010509
199908010510
199908010512
199908010603
199908010604
199908010605
199908010608
199908010609
199908010611
199908010612
199908010701
199908010702
199908010704
199908010705
199908010706
199908010707
199908010708
199908010709
199908010710
199908010711
199908010712
199908010803
199908010804
199908010807
199908010809
199908010810
199908010811
199908010812
199908020101
199908020102
199908020104
199908020109
199908020110
199908020111
199908020203
199908020204
199908020207
199908020208
199908020209
199908020210
199908020212
199908020301
199908020302
199908020303
199908020310
199908020311
199908020312
199908020403
199908020404
199908020405
199908020406
199908020407
199908020408
199908020409
199908020410
199908020411
199908020412
199908020507
199908020508
199908020509
199908020510
199908020511
199908020512
199908020603
199908020607
199908020608
199908020609
199908020610
199908020611
199908020701
199908020703
199908020704
199908020706
199908020708
199908020709
199908020710
199908020711
199908020712
199908020805
199908020810
199908020811
199908020812
199908030102
199908030103
199908030104
199908030106
199908030109
199908030110
199908030111
199908030203
199908030205
199908030207
199908030208
199908030209
199908030210
199908030211
199908030304
199908030306
199908030307
199908030308
199908030309
199908030312
199908030402
199908030403
199908030404
199908030406
199908030408
199908030409
199908030410
199908030411
199908030503
199908030504
199908030505
199908030509
199908030510
199908030604
199908030606
199908030609
199908030610
199908030612
199908030703
199908030704
199908030706
199908030707
199908030708
199908030709
199908030711
199908030712
199908030801
199908030804
199908030806
199908030810
199908030811
199908030812
199908040101
199908040102
199908040103
199908040106
199908040107
199908040108
199908040109
199908040111
199908040112
199908040202
199908040203
199908040204
199908040205
199908040206
199908040207
199908040208
199908040209
199908040210
199908040211
199908040212
199908040302
199908040304
199908040305
199908040307
199908040309
199908040310
199908040403
199908040404
199908040407
199908040408
199908040409
199908040410
199908040411
199908040412
199908040501
199908040502
199908040504
199908040506
199908040507
199908040509
199908040510
199908040601
199908040603
199908040604
199908040605
199908040606
199908040608
199908040609
199908040610
199908040611
199908040703
199908040704
199908040706
199908040707
199908040708
199908040710
199908040711
199908040712
199908040801
199908040803
199908040806
199908040808
199908040810
199908040811
199908040812
199908050103
199908050104
199908050106
199908050107
199908050108
199908050110
199908050111
199908050112
199908050201
199908050204
199908050206
199908050207
199908050208
199908050210
199908050211
199908050302
199908050306
199908050307
199908050308
199908050310
199908050311
199908050312
199908050401
199908050403
199908050404
199908050407
199908050408
199908050409
199908050410
199908050411
199908050412
199908050503
199908050504
199908050505
199908050507
199908050508
199908050509
199908050511
199908050601
199908050602
199908050604
199908050606
199908050607
199908050608
199908050610
199908050611
199908050701
199908050704
199908050708
199908050709
199908050711
199908050802
199908050803
199908050804
199908050805
199908050808
199908050809
199908050810
199908050811
199908050812