199943012511
199943012609
199943012901
199943021205
199943021210
199943021511
199943031504
199943031510
199943031610
199943031710
199943031810
199943040110
199943040710
199943042711
199943042811
199943042902
199943052511
199943052601
199943052610
199943062101
199943072809
199943072909
199943073004
199943081811
199943081901
199943082004
199943082005
199943082010
199943091602
199943091610
199943091706
199943091710
199943100405
199943100510
199943100602
199943100611
199943100701
199943111707
199943111710
199943111711
199943111806
199943111810
199943111902
199943111906
199943122701
199943122712
199943122810
199943122812
199943122903
199943122911