199944010306
199944011909
199944012008
199944012010
199944012110
199944012201
199944021003
199944021009
199944021011
199944021109
199944022411
199944022702
199944022807
199944030106
199944030110
199944032206
199944032309
199944032504
199944041207
199944041309
199944041406
199944041510
199944050707
199944050811
199944050910
199944051001
199944051009
199944052710
199944052901
199944052910
199944060709
199944060710
199944060909
199944061008
199944061009
199944062201
199944062301
199944062401
199944062611
199944062711
199944070504
199944070709
199944070710
199944070809
199944070810
199944072001
199944072411
199944081308
199944081309
199944081410
199944081610
199944082302
199944082601
199944090909
199944091211
199944092408
199944100801
199944100809
199944101110
199944101202
199944101209
199944101309
199944102509
199944102604
199944102701
199944102901
199944110809
199944110810
199944111010
199944111209
199944112501
199944112509
199944112703
199944120910
199944121002
199944121010
199944122702
199944122709
199944122809
199944122909
199944123009