199945011008
199945020210
199945020305
199945020310
199945020403
199945020411
199945030206
199945030208
199945030306
199945032603
199945033110
199945051910
199945061509
199945061510
199945061603
199945061604
199945062910
199945062911
199945070102
199945070210
199945071510
199945071611
199945071903
199945071910
199945080804
199945081002
199945082802
199945082901
199945082909
199945083110
199945092903
199945100104
199945102002
199945102110
199945102304
199945112101
199945112405
199945112410
199945120201
199945120503
199945122210
199945122310