199001010104
199001010107
199001010207
199001010209
199001010210
199001010404
199001010405
199001010409
199001010507
199001010509
199001010606
199001010607
199001010704
199001010707
199001010808
199001010810
199001020106
199001020109
199001020204
199001020205
199001020208
199001020211
199001020303
199001020304
199001020305
199001020306
199001020307
199001020308
199001020310
199001020405
199001020410
199001020411
199001020504
199001020507
199001020508
199001020609
199001020610
199001020705
199001020706
199001020708
199001020805
199001020808
199001020811
199001020812