199007010208
199007010209
199007010211
199007010311
199007010403
199007010404
199007010409
199007010509
199007010609
199007010611
199007010710
199007010711
199007010806
199007020107
199007020108
199007020111
199007020202
199007020209
199007020211
199007020303
199007020304
199007020305
199007020307
199007020309
199007020311
199007020408
199007020411
199007020412
199007020509
199007020608
199007020610
199007020611
199007020703
199007020709
199007020711
199007020712
199007020801
199007020807
199007020809
199007020811
199007030102
199007030103
199007030111
199007030207
199007030209
199007030210
199007030211
199007030212
199007030311
199007030403
199007030408
199007030411
199007030503
199007030507
199007030508
199007030609
199007030611
199007030710
199007030804
199007030808
199007030809
199007030811
199007040111
199007040112
199007040304
199007040310
199007040404
199007040405
199007040411
199007040504
199007040505
199007040604
199007040605
199007040607
199007040610
199007040611
199007040703
199007040803
199007040805
199007040806
199007040809
199007040811