199008010106
199008010108
199008010111
199008010204
199008010211
199008010212
199008010311
199008010403
199008010504
199008010507
199008010511
199008010603
199008010606
199008010609
199008010610
199008010611
199008010612
199008010704
199008010711
199008010712
199008010807
199008010808
199008020204
199008020207
199008020210
199008020310
199008020312
199008020407
199008020410
199008020501
199008020503
199008020506
199008020507
199008020508
199008020510
199008020511
199008020603
199008020605
199008020607
199008020610
199008020706
199008020709
199008020710
199008020807
199008020808
199008020810
199008020811
199008030103
199008030108
199008030111
199008030204
199008030211
199008030311
199008030403
199008030406
199008030410
199008030411
199008030412
199008030506
199008030507
199008030509
199008030510
199008030610
199008030611
199008030612
199008030703
199008030704
199008030711
199008030811
199008030812
199008040103
199008040111
199008040205
199008040208
199008040210
199008040311
199008040312
199008040402
199008040407
199008040409
199008040410
199008040411
199008040509
199008040511
199008040605
199008040608
199008040610
199008040705
199008040711
199008040810
199008040811
199008040812
199008050103
199008050105
199008050109
199008050110
199008050203
199008050210
199008050304
199008050307
199008050311
199008050407
199008050410
199008050411
199008050504
199008050510
199008050511
199008050603
199008050606
199008050610
199008050705
199008050708
199008050709
199008050710
199008050711
199008050809