200901010101
200901010102
200901010103
200901010104
200901010105
200901010106
200901010107
200901010108
200901010109
200901010110
200901010111
200901010112
200901010201
200901010202
200901010203
200901010204
200901010205
200901010206
200901010207
200901010208
200901010209
200901010210
200901010211
200901010212
200901010301
200901010302
200901010303
200901010304
200901010305
200901010306
200901010307
200901010308
200901010309
200901010310
200901010311
200901010312
200901010401
200901010402
200901010403
200901010404
200901010405
200901010406
200901010407
200901010408
200901010409
200901010410
200901010411
200901010412
200901010501
200901010502
200901010503
200901010504
200901010505
200901010506
200901010507
200901010508
200901010509
200901010510
200901010511
200901010512
200901010601
200901010602
200901010603
200901010604
200901010605
200901010606
200901010607
200901010608
200901010609
200901010610
200901010611
200901010612
200901010701
200901010702
200901010703
200901010704
200901010705
200901010706
200901010707
200901010708
200901010709
200901010710
200901010711
200901010712
200901010801
200901010802
200901010803
200901010804
200901010805
200901010806
200901010807
200901010808
200901010809
200901010810
200901010811
200901010812
200901010901
200901010902
200901010903
200901010904
200901010905
200901010906
200901010907
200901010908
200901010909
200901010910
200901010911
200901010912
200901011001
200901011002
200901011003
200901011004
200901011005
200901011006
200901011007
200901011008
200901011009
200901011010
200901011011
200901011012
200901011101
200901011102
200901011103
200901011104
200901011105
200901011106
200901011107
200901011108
200901011109
200901011110
200901011111
200901011112
200901011201
200901011202
200901011203
200901011204
200901011205
200901011206
200901011207
200901011208
200901011209
200901011210
200901011211
200901011212
200901020101
200901020102
200901020103
200901020104
200901020105
200901020106
200901020107
200901020108
200901020109
200901020110
200901020111
200901020112
200901020201
200901020202
200901020203
200901020204
200901020205
200901020206
200901020207
200901020208
200901020209
200901020210
200901020211
200901020212
200901020301
200901020302
200901020303
200901020304
200901020305
200901020306
200901020307
200901020308
200901020309
200901020310
200901020311
200901020312
200901020401
200901020402
200901020403
200901020404
200901020405
200901020406
200901020407
200901020408
200901020409
200901020410
200901020411
200901020412
200901020501
200901020502
200901020503
200901020504
200901020505
200901020506
200901020507
200901020508
200901020509
200901020510
200901020511
200901020512
200901020601
200901020602
200901020603
200901020604
200901020605
200901020606
200901020607
200901020608
200901020609
200901020610
200901020611
200901020612
200901020701
200901020702
200901020703
200901020704
200901020705
200901020706
200901020707
200901020708
200901020709
200901020710
200901020711
200901020712
200901020801
200901020802
200901020803
200901020804
200901020805
200901020806
200901020807
200901020808
200901020809
200901020810
200901020811
200901020812
200901020901
200901020902
200901020903
200901020904
200901020905
200901020906
200901020907
200901020908
200901020909
200901020910
200901020911
200901020912
200901021001
200901021002
200901021003
200901021004
200901021005
200901021006
200901021007
200901021008
200901021009
200901021010
200901021011
200901021012
200901021101
200901021102
200901021103
200901021104
200901021105
200901021106
200901021107
200901021108
200901021109
200901021110
200901021111
200901021112
200901021201
200901021202
200901021203
200901021204
200901021205
200901021206
200901021207
200901021208
200901021209
200901021210
200901021211
200901021212