200903010101
200903010102
200903010103
200903010104
200903010105
200903010106
200903010107
200903010108
200903010109
200903010110
200903010111
200903010112
200903010201
200903010202
200903010203
200903010204
200903010205
200903010206
200903010207
200903010208
200903010209
200903010210
200903010211
200903010301
200903010302
200903010303
200903010304
200903010305
200903010306
200903010307
200903010308
200903010309
200903010310
200903010311
200903010312
200903010401
200903010402
200903010403
200903010404
200903010405
200903010406
200903010407
200903010408
200903010409
200903010410
200903010411
200903010501
200903010502
200903010503
200903010504
200903010505
200903010506
200903010507
200903010508
200903010509
200903010510
200903010511
200903010512
200903010601
200903010602
200903010603
200903010604
200903010605
200903010606
200903010607
200903010608
200903010609
200903010610
200903010611
200903020101
200903020102
200903020103
200903020104
200903020105
200903020106
200903020107
200903020108
200903020109
200903020110
200903020111
200903020112
200903020201
200903020202
200903020203
200903020204
200903020205
200903020206
200903020207
200903020208
200903020209
200903020210
200903020211
200903020212
200903020301
200903020302
200903020303
200903020304
200903020305
200903020306
200903020307
200903020308
200903020309
200903020310
200903020311
200903020312
200903020401
200903020402
200903020403
200903020404
200903020405
200903020406
200903020407
200903020408
200903020409
200903020410
200903020411
200903020412
200903020501
200903020502
200903020503
200903020504
200903020505
200903020506
200903020507
200903020508
200903020509
200903020510
200903020511
200903020512
200903020601
200903020602
200903020603
200903020604
200903020605
200903020606
200903020607
200903020608
200903020609
200903020610
200903020611
200903020612
200903020701
200903020702
200903020703
200903020704
200903020705
200903020706
200903020707
200903020708
200903020709
200903020710
200903020711
200903020712
200903020801
200903020802
200903020803
200903020804
200903020805
200903020806
200903020807
200903020808
200903020809
200903020810
200903020811
200903020812
200903030101
200903030102
200903030103
200903030104
200903030105
200903030106
200903030107
200903030108
200903030109
200903030110
200903030111
200903030112
200903030201
200903030202
200903030203
200903030204
200903030205
200903030206
200903030207
200903030208
200903030209
200903030210
200903030211
200903030212
200903030301
200903030302
200903030303
200903030304
200903030305
200903030306
200903030307
200903030308
200903030309
200903030310
200903030311
200903030312
200903030401
200903030402
200903030403
200903030404
200903030405
200903030406
200903030407
200903030408
200903030409
200903030410
200903030411
200903030412
200903030501
200903030502
200903030503
200903030504
200903030505
200903030506
200903030507
200903030508
200903030509
200903030510
200903030511
200903030512
200903030601
200903030602
200903030603
200903030604
200903030605
200903030606
200903030607
200903030608
200903030609
200903030610
200903030611
200903030612
200903030701
200903030702
200903030703
200903030704
200903030705
200903030706
200903030707
200903030708
200903030709
200903030710
200903030711
200903030712
200903030801
200903030802
200903030803
200903030804
200903030805
200903030806
200903030807
200903030808
200903030809
200903030810
200903030811
200903030812
200903030901
200903030902
200903030903
200903030904
200903030905
200903030906
200903030907
200903030908
200903030909
200903030910
200903030911
200903030912
200903031001
200903031002
200903031003
200903031004
200903031005
200903031006
200903031007
200903031008
200903031009
200903031010
200903031011
200903031012