200904010101
200904010102
200904010103
200904010104
200904010105
200904010106
200904010107
200904010108
200904010109
200904010110
200904010111
200904010201
200904010202
200904010203
200904010204
200904010205
200904010206
200904010207
200904010208
200904010209
200904010210
200904010211
200904010212
200904010301
200904010302
200904010303
200904010304
200904010305
200904010306
200904010307
200904010308
200904010309
200904010310
200904010311
200904010312
200904010401
200904010402
200904010403
200904010404
200904010405
200904010406
200904010407
200904010408
200904010409
200904010410
200904010411
200904010412
200904010501
200904010502
200904010503
200904010504
200904010505
200904010506
200904010507
200904010508
200904010509
200904010510
200904010511
200904010512
200904010601
200904010602
200904010603
200904010604
200904010605
200904010606
200904010607
200904010608
200904010609
200904010610
200904010611
200904010612
200904010701
200904010702
200904010703
200904010704
200904010705
200904010706
200904010707
200904010708
200904010709
200904010710
200904010711
200904010712
200904010801
200904010802
200904010803
200904010804
200904010805
200904010806
200904010807
200904010808
200904010809
200904010810
200904010811
200904010812
200904020101
200904020102
200904020103
200904020104
200904020105
200904020106
200904020107
200904020108
200904020109
200904020110
200904020111
200904020112
200904020201
200904020202
200904020203
200904020204
200904020205
200904020206
200904020207
200904020208
200904020209
200904020210
200904020211
200904020212
200904020301
200904020302
200904020303
200904020304
200904020305
200904020306
200904020307
200904020308
200904020309
200904020310
200904020311
200904020312
200904020401
200904020402
200904020403
200904020404
200904020405
200904020406
200904020407
200904020408
200904020409
200904020410
200904020411
200904020412
200904020501
200904020502
200904020503
200904020504
200904020505
200904020506
200904020507
200904020508
200904020509
200904020510
200904020511
200904020601
200904020602
200904020603
200904020604
200904020605
200904020606
200904020607
200904020608
200904020609
200904020610
200904020611
200904020612
200904020701
200904020702
200904020703
200904020704
200904020705
200904020706
200904020707
200904020708
200904020709
200904020710
200904020711
200904020712
200904020801
200904020802
200904020803
200904020804
200904020805
200904020806
200904020807
200904020808
200904020809
200904020810
200904020811
200904020812
200904030101
200904030102
200904030103
200904030104
200904030105
200904030106
200904030107
200904030108
200904030109
200904030110
200904030111
200904030201
200904030202
200904030203
200904030204
200904030205
200904030206
200904030207
200904030208
200904030209
200904030210
200904030211
200904030301
200904030302
200904030303
200904030304
200904030305
200904030306
200904030307
200904030308
200904030309
200904030310
200904030311
200904030312
200904030401
200904030402
200904030403
200904030404
200904030405
200904030406
200904030407
200904030408
200904030409
200904030410
200904030411
200904030412
200904030501
200904030502
200904030503
200904030504
200904030505
200904030506
200904030507
200904030508
200904030509
200904030510
200904030511
200904030512
200904030601
200904030602
200904030603
200904030604
200904030605
200904030606
200904030607
200904030608
200904030609
200904030610
200904030611
200904030612
200904030701
200904030702
200904030703
200904030704
200904030705
200904030706
200904030707
200904030708
200904030709
200904030710
200904030711
200904030712
200904030801
200904030802
200904030803
200904030804
200904030805
200904030806
200904030807
200904030808
200904030809
200904030810
200904030811
200904030812
200904040101
200904040102
200904040103
200904040104
200904040105
200904040106
200904040107
200904040108
200904040109
200904040110
200904040111
200904040201
200904040202
200904040203
200904040204
200904040205
200904040206
200904040207
200904040208
200904040209
200904040210
200904040211
200904040301
200904040302
200904040303
200904040304
200904040305
200904040306
200904040307
200904040308
200904040309
200904040310
200904040311
200904040312
200904040401
200904040402
200904040403
200904040404
200904040405
200904040406
200904040407
200904040408
200904040409
200904040410
200904040411
200904040412
200904040501
200904040502
200904040503
200904040504
200904040505
200904040506
200904040507
200904040508
200904040509
200904040510
200904040511
200904040512
200904040601
200904040602
200904040603
200904040604
200904040605
200904040606
200904040607
200904040608
200904040609
200904040610
200904040611
200904040612