200905010101
200905010102
200905010103
200905010104
200905010105
200905010106
200905010107
200905010108
200905010109
200905010110
200905010111
200905010201
200905010202
200905010203
200905010204
200905010205
200905010206
200905010207
200905010208
200905010209
200905010210
200905010211
200905010301
200905010302
200905010303
200905010304
200905010305
200905010306
200905010307
200905010308
200905010309
200905010310
200905010311
200905010312
200905010401
200905010402
200905010403
200905010404
200905010405
200905010406
200905010407
200905010408
200905010409
200905010410
200905010411
200905010412
200905010501
200905010502
200905010503
200905010504
200905010505
200905010506
200905010507
200905010508
200905010509
200905010510
200905010511
200905010512
200905010601
200905010602
200905010603
200905010604
200905010605
200905010606
200905010607
200905010608
200905010609
200905010610
200905010611
200905010612
200905010701
200905010702
200905010703
200905010704
200905010705
200905010706
200905010707
200905010708
200905010709
200905010710
200905010711
200905010801
200905010802
200905010803
200905010804
200905010805
200905010806
200905010807
200905010808
200905010809
200905010810
200905010811
200905010812
200905020101
200905020102
200905020103
200905020104
200905020105
200905020106
200905020107
200905020108
200905020109
200905020110
200905020111
200905020112
200905020201
200905020202
200905020203
200905020204
200905020205
200905020206
200905020207
200905020208
200905020209
200905020210
200905020211
200905020212
200905020301
200905020302
200905020303
200905020304
200905020305
200905020306
200905020307
200905020308
200905020309
200905020310
200905020311
200905020312
200905020401
200905020402
200905020403
200905020404
200905020405
200905020406
200905020407
200905020408
200905020409
200905020410
200905020411
200905020412
200905020501
200905020502
200905020503
200905020504
200905020505
200905020506
200905020507
200905020508
200905020509
200905020510
200905020511
200905020512
200905020601
200905020602
200905020603
200905020604
200905020605
200905020606
200905020607
200905020608
200905020609
200905020610
200905020611
200905020612
200905020701
200905020702
200905020703
200905020704
200905020705
200905020706
200905020707
200905020708
200905020709
200905020710
200905020711
200905020712
200905020801
200905020802
200905020803
200905020804
200905020805
200905020806
200905020807
200905020808
200905020809
200905020810
200905020811
200905020812
200905030101
200905030102
200905030103
200905030104
200905030105
200905030106
200905030107
200905030108
200905030109
200905030110
200905030111
200905030112
200905030201
200905030202
200905030203
200905030204
200905030205
200905030206
200905030207
200905030208
200905030209
200905030210
200905030211
200905030212
200905030301
200905030302
200905030303
200905030304
200905030305
200905030306
200905030307
200905030308
200905030309
200905030310
200905030311
200905030312
200905030401
200905030402
200905030403
200905030404
200905030405
200905030406
200905030407
200905030408
200905030409
200905030410
200905030411
200905030412
200905030501
200905030502
200905030503
200905030504
200905030505
200905030506
200905030507
200905030508
200905030509
200905030510
200905030511
200905030512
200905030601
200905030602
200905030603
200905030604
200905030605
200905030606
200905030607
200905030608
200905030609
200905030610
200905030611
200905030612
200905030701
200905030702
200905030703
200905030704
200905030705
200905030706
200905030707
200905030708
200905030709
200905030710
200905030711
200905030712
200905030801
200905030802
200905030803
200905030804
200905030805
200905030806
200905030807
200905030808
200905030809
200905030810
200905030811
200905030812
200905040101
200905040102
200905040103
200905040104
200905040105
200905040106
200905040107
200905040108
200905040109
200905040110
200905040111
200905040112
200905040201
200905040202
200905040203
200905040204
200905040205
200905040206
200905040207
200905040208
200905040209
200905040210
200905040211
200905040212
200905040301
200905040302
200905040303
200905040304
200905040305
200905040306
200905040307
200905040308
200905040309
200905040310
200905040311
200905040312
200905040401
200905040402
200905040403
200905040404
200905040405
200905040406
200905040407
200905040408
200905040409
200905040410
200905040411
200905040412
200905040501
200905040502
200905040503
200905040504
200905040505
200905040506
200905040507
200905040508
200905040509
200905040510
200905040511
200905040512
200905040601
200905040602
200905040603
200905040604
200905040605
200905040606
200905040607
200905040608
200905040609
200905040610
200905040611
200905040612
200905040701
200905040702
200905040703
200905040704
200905040705
200905040706
200905040707
200905040708
200905040709
200905040710
200905040711
200905040712
200905040801
200905040802
200905040803
200905040804
200905040805
200905040806
200905040807
200905040808
200905040809
200905040810
200905040811
200905040812
200905050101
200905050102
200905050103
200905050104
200905050105
200905050106
200905050107
200905050108
200905050109
200905050110
200905050111
200905050112
200905050201
200905050202
200905050203
200905050204
200905050205
200905050206
200905050207
200905050208
200905050209
200905050210
200905050211
200905050212
200905050301
200905050302
200905050303
200905050304
200905050305
200905050306
200905050307
200905050308
200905050309
200905050310
200905050311
200905050312
200905050401
200905050402
200905050403
200905050404
200905050405
200905050406
200905050407
200905050408
200905050409
200905050410
200905050411
200905050412
200905050501
200905050502
200905050503
200905050504
200905050505
200905050506
200905050507
200905050508
200905050509
200905050510
200905050511
200905050512
200905050601
200905050602
200905050603
200905050604
200905050605
200905050606
200905050607
200905050608
200905050609
200905050610
200905050611
200905050612
200905050701
200905050702
200905050703
200905050704
200905050705
200905050706
200905050707
200905050708
200905050709
200905050710
200905050711
200905050712
200905050801
200905050802
200905050803
200905050804
200905050805
200905050806
200905050807
200905050808
200905050809
200905050810
200905050811