199401010106
199401010107
199401010108
199401010109
199401010110
199401010111
199401010201
199401010206
199401010207
199401010210
199401010307
199401010310
199401010402
199401010405
199401010407
199401010409
199401010502
199401010507
199401010508
199401010510
199401010511
199401010607
199401010609
199401010610
199401010611
199401010707
199401010709
199401010801
199401010803
199401010809
199401010810
199401020105
199401020106
199401020107
199401020108
199401020110
199401020111
199401020112
199401020209
199401020210
199401020212
199401020301
199401020307
199401020309
199401020402
199401020409
199401020410
199401020411
199401020502
199401020506
199401020508
199401020509
199401020511
199401020607
199401020702
199401020705
199401020709
199401020710
199401020711
199401020712
199401020808
199401020809
199401020811
199401020812
199401030101
199401030106
199401030107
199401030109
199401030110
199401030111
199401030206
199401030207
199401030209
199401030211
199401030303
199401030309
199401030310
199401030311
199401030403
199401030404
199401030406
199401030409
199401030410
199401030411
199401030501
199401030506
199401030508
199401030509
199401030510
199401030511
199401030601
199401030603
199401030605
199401030606
199401030607
199401030609
199401030610
199401030611
199401030702
199401030710
199401030711
199401030804
199401030806
199401030807
199401030809
199401030811