199407010104
199407010108
199407010110
199407010111
199407010112
199407010205
199407010208
199407010210
199407010211
199407010306
199407010308
199407010312
199407010402
199407010408
199407010409
199407010411
199407010503
199407010507
199407010509
199407010510
199407010511
199407010512
199407010602
199407010607
199407010610
199407010701
199407010707
199407010710
199407010711
199407010712
199407010803
199407010807
199407010810
199407010811
199407010812
199407020104
199407020108
199407020111
199407020205
199407020207
199407020208
199407020210
199407020211
199407020304
199407020309
199407020310
199407020311
199407020401
199407020402
199407020406
199407020410
199407020411
199407020412
199407020505
199407020509
199407020510
199407020511
199407020602
199407020604
199407020608
199407020609
199407020611
199407020612
199407020703
199407020706
199407020707
199407020710
199407020711
199407020712
199407020806
199407020808
199407020809
199407020811
199407030101
199407030104
199407030106
199407030107
199407030109
199407030110
199407030111
199407030205
199407030206
199407030207
199407030209
199407030210
199407030211
199407030305
199407030306
199407030312
199407030404
199407030405
199407030406
199407030407
199407030410
199407030411
199407030412
199407030503
199407030506
199407030509
199407030510
199407030511
199407030602
199407030606
199407030611
199407030704
199407030705
199407030709
199407030710
199407030711
199407030712
199407030806
199407030809
199407030810
199407030811
199407040103
199407040202
199407040203
199407040207
199407040210
199407040211
199407040212
199407040305
199407040307
199407040311
199407040403
199407040407
199407040411
199407040412
199407040507
199407040510
199407040511
199407040512
199407040601
199407040604
199407040607
199407040610
199407040611
199407040708
199407040710
199407040711
199407040712
199407040808
199407040809
199407040810
199407040811
199407040812