199409010103
199409010105
199409010108
199409010109
199409010111
199409010112
199409010201
199409010204
199409010206
199409010210
199409010211
199409010212
199409010302
199409010310
199409010311
199409010401
199409010403
199409010404
199409010411
199409010502
199409010504
199409010507
199409010509
199409010511
199409010603
199409010607
199409010610
199409010611
199409010711
199409010804
199409010806
199409010810
199409010811
199409010812
199409020106
199409020107
199409020109
199409020110
199409020111
199409020112
199409020201
199409020202
199409020204
199409020209
199409020210
199409020211
199409020306
199409020307
199409020309
199409020311
199409020312
199409020401
199409020405
199409020406
199409020407
199409020409
199409020504
199409020506
199409020510
199409020602
199409020604
199409020609
199409020610
199409020611
199409020706
199409020708
199409020709
199409020712
199409020811
199409030103
199409030108
199409030111
199409030112
199409030201
199409030204
199409030209
199409030210
199409030211
199409030302
199409030303
199409030304
199409030306
199409030311
199409030312
199409030401
199409030404
199409030405
199409030406
199409030407
199409030410
199409030411
199409030509
199409030511
199409030512
199409030601
199409030605
199409030606
199409030607
199409030608
199409030610
199409030611
199409030702
199409030709
199409030710
199409030711
199409030712
199409030801
199409030806
199409030807
199409030808
199409030809
199409030811
199409030812
199409040104
199409040108
199409040110
199409040202
199409040203
199409040205
199409040209
199409040210
199409040307
199409040309
199409040311
199409040312
199409040402
199409040404
199409040409
199409040410
199409040411
199409040501
199409040504
199409040508
199409040509
199409040510
199409040511
199409040609
199409040610
199409040612
199409040707
199409040710
199409040711
199409040801
199409040809
199409040810
199409040811
199409050102
199409050105
199409050106
199409050107
199409050108
199409050109
199409050111
199409050112
199409050202
199409050209
199409050210
199409050211
199409050301
199409050310
199409050411
199409050412
199409050503
199409050506
199409050509
199409050510
199409050511
199409050512
199409050601
199409050602
199409050604
199409050607
199409050608
199409050609
199409050610
199409050611
199409050702
199409050709
199409050711
199409050804
199409050806
199409050807
199409050808
199409050809
199409050810
199409060102
199409060103
199409060105
199409060108
199409060109
199409060110
199409060111
199409060202
199409060208
199409060209
199409060210
199409060211
199409060303
199409060308
199409060309
199409060310
199409060311
199409060402
199409060403
199409060405
199409060407
199409060409
199409060410
199409060411
199409060502
199409060503
199409060505
199409060511
199409060601
199409060602
199409060603
199409060604
199409060608
199409060609
199409060610
199409060611
199409060612
199409060703
199409060708
199409060710
199409060711
199409060712
199409060806
199409060810
199409060811
199409070102
199409070106
199409070109
199409070110
199409070111
199409070203
199409070205
199409070206
199409070210
199409070211
199409070301
199409070304
199409070307
199409070309
199409070311
199409070312
199409070402
199409070403
199409070407
199409070409
199409070410
199409070411
199409070412
199409070502
199409070504
199409070508
199409070509
199409070510
199409070511
199409070603
199409070604
199409070607
199409070610
199409070611
199409070701
199409070705
199409070706
199409070707
199409070708
199409070709
199409070711
199409070801
199409070804
199409070807
199409070809
199409070810
199409070811
199409070812