199410010102
199410010109
199410010110
199410010112
199410010204
199410010205
199410010207
199410010209
199410010304
199410010306
199410010308
199410010310
199410010411
199410010412
199410010504
199410010506
199410010509
199410010602
199410010603
199410010605
199410010609
199410010610
199410010612
199410010703
199410010707
199410010708
199410010711
199410010809
199410010811
199410010812
199410020105
199410020106
199410020107
199410020110
199410020111
199410020205
199410020210
199410020212
199410020304
199410020308
199410020311
199410020402
199410020407
199410020409
199410020507
199410020508
199410020509
199410020510
199410020511
199410020607
199410020611
199410020703
199410020704
199410020710
199410020802
199410020805
199410020808
199410020811
199410030105
199410030110
199410030111
199410030203
199410030204
199410030210
199410030211
199410030212
199410030302
199410030304
199410030310
199410030403
199410030411
199410030505
199410030510
199410030511
199410030512
199410030606
199410030611
199410030612
199410030712
199410030804
199410030810
199410030811
199410040106
199410040110
199410040111
199410040203
199410040310
199410040311
199410040312
199410040403
199410040407
199410040408
199410040411
199410040412
199410040511
199410040610
199410040612
199410040708
199410040711
199410040712
199410040807
199410040808
199410040810
199410040811