201130042901
201130042902
201130042903
201130042904
201130042905
201130042906
201130042907
201130042908
201130042909
201130042910
201130042911
201130042912
201130050301
201130050302
201130050303
201130050304
201130050305
201130050306
201130050307
201130050308
201130050309
201130050310
201130050401
201130050402
201130050403
201130050404
201130050405
201130050406
201130050407
201130050408
201130050409
201130050410
201130050501
201130050502
201130050503
201130050504
201130050505
201130050506
201130050507
201130050508
201130050509
201130050510
201130051101
201130051102
201130051103
201130051104
201130051105
201130051106
201130051107
201130051108
201130051109
201130051110
201130051111
201130051201
201130051202
201130051203
201130051204
201130051205
201130051206
201130051207
201130051208
201130051209
201130051210
201130051211
201130051801
201130051802
201130051803
201130051804
201130051805
201130051806
201130051807
201130051808
201130051809
201130051810
201130051811
201130051901
201130051902
201130051903
201130051904
201130051905
201130051906
201130051907
201130051908
201130051909
201130051910
201130051911
201130051912
201130052501
201130052502
201130052503
201130052504
201130052505
201130052506
201130052507
201130052508
201130052509
201130052510
201130052511
201130052512
201130052601
201130052602
201130052603
201130052604
201130052605
201130052606
201130052607
201130052608
201130052609
201130052610
201130052611
201130052612
201130060101
201130060102
201130060103
201130060104
201130060105
201130060106
201130060107
201130060108
201130060109
201130060110
201130060111
201130060112
201130060201
201130060202
201130060203
201130060204
201130060205
201130060206
201130060207
201130060208
201130060209
201130060210
201130060211
201130060701
201130060702
201130060703
201130060704
201130060705
201130060706
201130060707
201130060708
201130060709
201130060710
201130060711
201130060712
201130060801
201130060802
201130060803
201130060804
201130060805
201130060806
201130060807
201130060808
201130060809
201130060810
201130060811
201130060812
201130061501
201130061502
201130061503
201130061504
201130061505
201130061506
201130061507
201130061508
201130061509
201130061510
201130061511
201130061512
201130061601
201130061602
201130061603
201130061604
201130061605
201130061606
201130061607
201130061608
201130061609
201130061610
201130061611
201130062101
201130062102
201130062103
201130062104
201130062105
201130062106
201130062107
201130062108
201130062109
201130062110
201130062111
201130062201
201130062202
201130062203
201130062204
201130062205
201130062206
201130062207
201130062208
201130062209
201130062210
201130062211
201130062301
201130062302
201130062303
201130062304
201130062305
201130062306
201130062307
201130062308
201130062309
201130062310
201130062311
201130062901
201130062902
201130062903
201130062904
201130062905
201130062906
201130062907
201130062908
201130062909
201130062910
201130062911
201130063001
201130063002
201130063003
201130063004
201130063005
201130063006
201130063007
201130063008
201130063009
201130063010
201130063011
201130070501
201130070502
201130070503
201130070504
201130070505
201130070506
201130070507
201130070508
201130070509
201130070510
201130070511
201130070601
201130070602
201130070603
201130070604
201130070605
201130070606
201130070607
201130070608
201130070609
201130070610
201130070611
201130070612
201130070701
201130070702
201130070703
201130070704
201130070705
201130070706
201130070707
201130070708
201130070709
201130070710
201130070711
201130071301
201130071302
201130071303
201130071304
201130071305
201130071306
201130071307
201130071308
201130071309
201130071310
201130071311
201130071312
201130071401
201130071402
201130071403
201130071404
201130071405
201130071406
201130071407
201130071408
201130071409
201130071410
201130071901
201130071902
201130071903
201130071904
201130071905
201130071906
201130071907
201130071908
201130071909
201130071910
201130071911
201130072001
201130072002
201130072003
201130072004
201130072005
201130072006
201130072007
201130072008
201130072009
201130072010
201130072011
201130072012
201130072101
201130072102
201130072103
201130072104
201130072105
201130072106
201130072107
201130072108
201130072109
201130072110
201130072111
201130072601
201130072602
201130072603
201130072604
201130072605
201130072606
201130072607
201130072608
201130072609
201130072610
201130072611
201130072701
201130072702
201130072703
201130072704
201130072705
201130072706
201130072707
201130072708
201130072709
201130072710
201130072801
201130072802
201130072803
201130072804
201130072805
201130072806
201130072807
201130072808
201130072809
201130072810
201130072811
201130080201
201130080202
201130080203
201130080204
201130080205
201130080206
201130080207
201130080208
201130080209
201130080210
201130080301
201130080302
201130080303
201130080304
201130080305
201130080306
201130080307
201130080308
201130080309
201130080310
201130080311
201130080401
201130080402
201130080403
201130080404
201130080405
201130080406
201130080407
201130080408
201130080409
201130080410
201130080411
201130080901
201130080902
201130080903
201130080904
201130080905
201130080906
201130080907
201130080908
201130080909
201130080910
201130080911
201130081001
201130081002
201130081003
201130081004
201130081005
201130081006
201130081007
201130081008
201130081009
201130081101
201130081102
201130081103
201130081104
201130081105
201130081106
201130081107
201130081108
201130081109
201130081110
201130081111
201130081112
201130081601
201130081602
201130081603
201130081604
201130081605
201130081606
201130081607
201130081608
201130081609
201130081610
201130081611
201130081612
201130081701
201130081702
201130081703
201130081704
201130081705
201130081706
201130081707
201130081708
201130081709
201130081710
201130081711
201130081801
201130081802
201130081803
201130081804
201130081805
201130081806
201130081807
201130081808
201130081809
201130081810
201130081811
201130081812
201130082301
201130082302
201130082303
201130082304
201130082305
201130082306
201130082307
201130082308
201130082309
201130082310
201130082311
201130082312
201130082401
201130082402
201130082403
201130082404
201130082405
201130082406
201130082407
201130082408
201130082409
201130082410
201130082411
201130082412
201130082501
201130082502
201130082503
201130082504
201130082505
201130082506
201130082507
201130082508
201130082509
201130082510
201130082511
201130082512
201130083001
201130083002
201130083003
201130083004
201130083005
201130083006
201130083007
201130083008
201130083009
201130083010
201130083011
201130083012
201130083101
201130083102
201130083103
201130083104
201130083105
201130083106
201130083107
201130083108
201130083109
201130083110
201130083111
201130090101
201130090102
201130090103
201130090104
201130090105
201130090106
201130090107
201130090108
201130090109
201130090110
201130090111
201130090112
201130090601
201130090602
201130090603
201130090604
201130090605
201130090606
201130090607
201130090608
201130090609
201130090610
201130090611
201130090612
201130090701
201130090702
201130090703
201130090704
201130090705
201130090706
201130090707
201130090708
201130090709
201130090801
201130090802
201130090803
201130090804
201130090805
201130090806
201130090807
201130090808
201130090809
201130090810
201130090811
201130090812
201130091301
201130091302
201130091303
201130091304
201130091305
201130091306
201130091307
201130091308
201130091309
201130091310
201130091401
201130091402
201130091403
201130091404
201130091405
201130091406
201130091407
201130091408
201130091409
201130091410
201130091501
201130091502
201130091503
201130091504
201130091505
201130091506
201130091507
201130091508
201130091509
201130091510
201130091511
201130092001
201130092002
201130092003
201130092004
201130092005
201130092006
201130092007
201130092008
201130092009
201130092010
201130092011
201130092012
201130092101
201130092102
201130092103
201130092104
201130092105
201130092106
201130092107
201130092108
201130092109
201130092110
201130092201
201130092202
201130092203
201130092204
201130092205
201130092206
201130092207
201130092208
201130092209
201130092210
201130092211
201130092212
201130092701
201130092702
201130092703
201130092704
201130092705
201130092706
201130092707
201130092708
201130092709
201130092710
201130092801
201130092802
201130092803
201130092804
201130092805
201130092806
201130092807
201130092808
201130092809
201130092810
201130092811
201130092901
201130092902
201130092903
201130092904
201130092905
201130092906
201130092907
201130092908
201130092909
201130092910
201130100401
201130100402
201130100403
201130100404
201130100405
201130100406
201130100407
201130100408
201130100409
201130100410
201130100411
201130100412
201130100501
201130100502
201130100503
201130100504
201130100505
201130100506
201130100507
201130100508
201130100509
201130100510
201130100511
201130100601
201130100602
201130100603
201130100604
201130100605
201130100606
201130100607
201130100608
201130100609
201130100610
201130100611
201130100612
201130101101
201130101102
201130101103
201130101104
201130101105
201130101106
201130101107
201130101108
201130101109
201130101110
201130101111
201130101112
201130101201
201130101202
201130101203
201130101204
201130101205
201130101206
201130101207
201130101208
201130101209
201130101210
201130101211
201130101212
201130101301
201130101302
201130101303
201130101304
201130101305
201130101306
201130101307
201130101308
201130101309
201130101310
201130101311
201130101801
201130101802
201130101803
201130101804
201130101805
201130101806
201130101807
201130101808
201130101809
201130101810
201130101811
201130101812
201130101901
201130101902
201130101903
201130101904
201130101905
201130101906
201130101907
201130101908
201130101909
201130101910
201130101911
201130102001
201130102002
201130102003
201130102004
201130102005
201130102006
201130102007
201130102008
201130102009
201130102010
201130102011
201130102501
201130102502
201130102503
201130102504
201130102505
201130102506
201130102507
201130102508
201130102509
201130102510
201130102511
201130102601
201130102602
201130102603
201130102604
201130102605
201130102606
201130102607
201130102608
201130102609
201130102610
201130102611
201130102701
201130102702
201130102703
201130102704
201130102705
201130102706
201130102707
201130102708
201130102709
201130102710
201130102711
201130102712
201130110101
201130110102
201130110103
201130110104
201130110105
201130110106
201130110107
201130110108
201130110109
201130110110
201130110111
201130110112
201130110201
201130110202
201130110203
201130110204
201130110205
201130110206
201130110207
201130110208
201130110209
201130110210
201130110211
201130110212
201130110301
201130110302
201130110303
201130110304
201130110305
201130110306
201130110307
201130110308
201130110309
201130110310
201130110311
201130110312
201130110801
201130110802
201130110803
201130110804
201130110805
201130110806
201130110807
201130110808
201130110809
201130110810
201130110811
201130110901
201130110902
201130110903
201130110904
201130110905
201130110906
201130110907
201130110908
201130110909
201130110910
201130110911
201130110912
201130111001
201130111002
201130111003
201130111004
201130111005
201130111006
201130111007
201130111008
201130111009
201130111010
201130111011
201130111501
201130111502
201130111503
201130111504
201130111505
201130111506
201130111507
201130111508
201130111509
201130111510
201130111511
201130111512
201130111601
201130111602
201130111603
201130111604
201130111605
201130111606
201130111607
201130111608
201130111609
201130111610
201130111611
201130111612
201130111701
201130111702
201130111703
201130111704
201130111705
201130111706
201130111707
201130111708
201130111709
201130111710
201130111711
201130111712