201136010201
201136010202
201136010203
201136010204
201136010205
201136010206
201136010207
201136010301
201136010302
201136010303
201136010304
201136010305
201136010306
201136010307
201136010308
201136010309
201136010310
201136010801
201136010802
201136010803
201136010804
201136010805
201136010806
201136010807
201136010808
201136010901
201136010902
201136010903
201136011001
201136011002
201136011003
201136011004
201136011005
201136011006
201136011007
201136011008
201136011009
201136121001
201136121002
201136121003
201136121004
201136121005
201136121006
201136121007
201136121008
201136121009
201136121010
201136121011
201136121101
201136121102
201136121103
201136121104
201136121105
201136121106
201136121107
201136121108
201136121109
201136121110
201136121111
201136121201
201136121202
201136121203
201136121204
201136121205
201136121206
201136121207
201136121208
201136121209
201136121210
201136121211
201136121701
201136121702
201136121703
201136121704
201136121705
201136121706
201136121707
201136121708
201136121709
201136121710
201136121711
201136121801
201136121802
201136121803
201136121804
201136121805
201136121806
201136121807
201136121808
201136121809
201136121810
201136121811
201136121901
201136121902
201136121903
201136121904
201136121905
201136121906
201136121907
201136121908
201136121909
201136121910
201136121911
201136122501
201136122502
201136122503
201136122504
201136122505
201136122506
201136122507
201136122508
201136122509
201136122510
201136122511
201136122601
201136122602
201136122603
201136122604
201136122605
201136122606
201136122607
201136122608
201136122609
201136122610
201136122611
201136123001
201136123002
201136123003
201136123004
201136123005
201136123006
201136123007
201136123008
201136123009
201136123010
201136123011
201136123101
201136123102
201136123103
201136123104
201136123105
201136123106
201136123107
201136123108
201136123109
201136123110
201136123111