201143011701
201143011702
201143011703
201143011704
201143011705
201143011706
201143011707
201143011708
201143011709
201143011710
201143011711
201143011801
201143011802
201143011803
201143011804
201143011805
201143011806
201143011807
201143011808
201143011809
201143011810
201143011811
201143011901
201143011902
201143011903
201143011904
201143011905
201143011906
201143011907
201143011908
201143012001
201143012002
201143012003
201143012004
201143012005
201143012006
201143012007
201143012008
201143012009
201143012010
201143012011
201143012101
201143012102
201143012103
201143012104
201143012105
201143012106
201143012107
201143012108
201143012109
201143022101
201143022102
201143022103
201143022104
201143022105
201143022106
201143022107
201143022108
201143022109
201143022110
201143022111
201143022201
201143022202
201143022203
201143022204
201143022205
201143022206
201143022207
201143022208
201143022209
201143022210
201143022301
201143022302
201143022303
201143022304
201143022305
201143022306
201143022307
201143022308
201143022309
201143022310
201143022311
201143022401
201143022402
201143022403
201143022404
201143022405
201143022406
201143022407
201143022408
201143022409
201143022410
201143022411
201143022501
201143022502
201143022503
201143022504
201143022505
201143022506
201143022507
201143022508
201143022509
201143022510
201143022511
201143050201
201143050202
201143050203
201143050204
201143050205
201143050206
201143050207
201143050208
201143050209
201143050210
201143050211
201143050301
201143050302
201143050303
201143050304
201143050305
201143050306
201143050307
201143050308
201143050309
201143050310
201143050311
201143050312
201143050401
201143050402
201143050403
201143050404
201143050405
201143050406
201143050407
201143050408
201143050501
201143050502
201143050503
201143050504
201143050505
201143050506
201143050507
201143050508
201143050509
201143050510
201143050511
201143050601
201143050602
201143050603
201143050604
201143050605
201143050606
201143050607
201143050608
201143050609
201143062001
201143062002
201143062003
201143062004
201143062005
201143062006
201143062007
201143062008
201143062009
201143062010
201143062011
201143062101
201143062102
201143062103
201143062104
201143062105
201143062106
201143062107
201143062108
201143062109
201143062110
201143062201
201143062202
201143062203
201143062204
201143062205
201143062206
201143062207
201143062208
201143062209
201143062210
201143062211
201143062301
201143062302
201143062303
201143062304
201143062305
201143062306
201143062307
201143062401
201143062402
201143062403
201143062404
201143062405
201143062406
201143062407
201143062408
201143062409
201143062410
201143062411
201143072001
201143072002
201143072003
201143072004
201143072005
201143072006
201143072007
201143072008
201143072009
201143072010
201143072011
201143072012
201143072101
201143072102
201143072103
201143072104
201143072105
201143072106
201143072107
201143072108
201143072109
201143072110
201143072111
201143072112
201143072201
201143072202
201143072203
201143072204
201143072205
201143072206
201143072207
201143072208
201143072209
201143072210
201143072211
201143072212
201143082201
201143082202
201143082203
201143082204
201143082205
201143082206
201143082207
201143082208
201143082209
201143082210
201143082211
201143082301
201143082302
201143082303
201143082304
201143082305
201143082306
201143082307
201143082308
201143082309
201143082310
201143082311
201143082401
201143082402
201143082403
201143082404
201143082405
201143082406
201143082407
201143082408
201143082409
201143082410
201143082411
201143082412
201143092001
201143092002
201143092003
201143092004
201143092005
201143092006
201143092007
201143092008
201143092009
201143092010
201143092011
201143092101
201143092102
201143092103
201143092104
201143092105
201143092106
201143092107
201143092108
201143092109
201143092110
201143092111
201143092201
201143092202
201143092203
201143092204
201143092205
201143092206
201143092207
201143092208
201143092209
201143092210
201143092211
201143092301
201143092302
201143092303
201143092304
201143092305
201143092306
201143092307
201143092308
201143092309
201143092310
201143092311
201143092312
201143102401
201143102402
201143102403
201143102404
201143102405
201143102406
201143102407
201143102408
201143102409
201143102410
201143102501
201143102502
201143102503
201143102504
201143102505
201143102506
201143102507
201143102508
201143102509
201143102510
201143102601
201143102602
201143102603
201143102604
201143102605
201143102606
201143102607
201143102608
201143102609
201143102610
201143102701
201143102702
201143102703
201143102704
201143102705
201143102706
201143102707
201143102708
201143102709
201143102801
201143102802
201143102803
201143102804
201143102805
201143102806
201143102807
201143102808
201143102809
201143102810
201143111401
201143111402
201143111403
201143111404
201143111405
201143111406
201143111407
201143111408
201143111409
201143111410
201143111411
201143111501
201143111502
201143111503
201143111504
201143111505
201143111506
201143111507
201143111508
201143111509
201143111510
201143111601
201143111602
201143111603
201143111604
201143111605
201143111606
201143111607
201143111608
201143111609
201143111610
201143111611
201143111701
201143111702
201143111703
201143111704
201143111705
201143111706
201143111707
201143111708
201143111709
201143111710
201143111711
201143111801
201143111802
201143111803
201143111804
201143111805
201143111806
201143111807
201143111808
201143111809
201143111810
201143120501
201143120502
201143120503
201143120504
201143120505
201143120506
201143120507
201143120508
201143120509
201143120510
201143120511
201143120601
201143120602
201143120603
201143120604
201143120605
201143120606
201143120607
201143120608
201143120609
201143120610
201143120701
201143120702
201143120703
201143120704
201143120705
201143120706
201143120707
201143120708
201143120709
201143120710
201143120801
201143120802
201143120803
201143120804
201143120805
201143120806
201143120807
201143120808
201143120809
201143120810
201143120901
201143120902
201143120903
201143120904
201143120905
201143120906
201143120907
201143120908
201143120909
201143120910