201146010201
201146010202
201146010203
201146010204
201146010205
201146010206
201146010207
201146010301
201146010302
201146010303
201146010304
201146010305
201146010306
201146010307
201146010308
201146010309
201146010401
201146010402
201146010403
201146010404
201146010405
201146010406
201146040301
201146040302
201146040303
201146040304
201146040305
201146040306
201146040307
201146040308
201146040309
201146040501
201146040502
201146040503
201146040504
201146040505
201146040506
201146040507
201146040508
201146040509
201146041201
201146041202
201146041203
201146041204
201146041205
201146041701
201146041702
201146041703
201146041704
201146041705
201146041706
201146041707
201146041708
201146041901
201146041902
201146041903
201146041904
201146041905
201146041906
201146041907
201146041908
201146041909
201146041910
201146041911
201146042601
201146042602
201146042603
201146042604
201146042605
201146042606
201146050401
201146050402
201146050403
201146050404
201146050405
201146050801
201146050802
201146050803
201146050804
201146050805
201146050806
201146050807
201146051001
201146051002
201146051003
201146051004
201146051005
201146051006
201146051007
201146052201
201146052202
201146052203
201146052204
201146052205
201146052206
201146052207
201146052208
201146052209
201146052210
201146052211
201146052401
201146052402
201146052403
201146052404
201146052405
201146052406
201146052407
201146052901
201146060501
201146060502
201146060503
201146060504
201146060505
201146060506
201146060507
201146060508
201146060701
201146060702
201146060703
201146060704
201146060705
201146060706
201146060707
201146060708
201146061201
201146061202
201146061203
201146061204
201146061205
201146061206
201146061207
201146061208
201146061209
201146061401
201146062101
201146062102
201146062103
201146062104
201146062105
201146062106
201146062107
201146062108
201146062109
201146062110
201146070301
201146070302
201146070303
201146070304
201146070305
201146070306
201146070501
201146070502
201146070503
201146070504
201146070505
201146070506
201146070507
201146071201
201146071202
201146071203
201146071204
201146071205
201146071206
201146071207
201146071208
201146071209
201146071701
201146071702
201146071703
201146071704
201146071705
201146071706
201146071707
201146071708
201146071901
201146071902
201146071903
201146071904
201146071905
201146071906
201146071907
201146071908
201146071909
201146071910
201146072601
201146072602
201146072603
201146072604
201146072605
201146072606
201146072607
201146072608
201146072609
201146073101
201146073102
201146073103
201146073104
201146073105
201146073106
201146073107
201146073108
201146073109
201146073110
201146073111
201146073112
201146080201
201146080202
201146080203
201146080204
201146080205
201146080206
201146080207
201146080208
201146080209
201146080210
201146080211
201146080901
201146080902
201146080903
201146081401
201146081402
201146081403
201146081404
201146081405
201146081406
201146081407
201146081408
201146081409
201146081410
201146081601
201146081602
201146081603
201146081604
201146081605
201146081606
201146081607
201146081608
201146082301
201146082302
201146082303
201146082304
201146082305
201146082306
201146082307
201146082308
201146082309
201146082310
201146083001
201146083002
201146083003
201146083004
201146083005
201146083006
201146083007
201146083008
201146083009
201146083010
201146090601
201146090602
201146090603
201146090604
201146090605
201146090606
201146091101
201146091102
201146091103
201146091104
201146091301
201146091302
201146091303
201146091304
201146091305
201146091306
201146091307
201146091308
201146091309
201146091310
201146091801
201146091802
201146091803
201146091804
201146091805
201146091806
201146091807
201146091808
201146091809
201146091810
201146092001
201146092002
201146092003
201146092004
201146092701
201146092702
201146092703
201146092704
201146092705
201146092706
201146092707
201146092708
201146092709
201146092710
201146092711
201146100201
201146100202
201146100203
201146100204
201146100205
201146100206
201146100207
201146100208
201146100209
201146100210
201146100211
201146100401
201146100402
201146100403
201146100404
201146100405
201146100406
201146100407
201146100408
201146100409
201146100410
201146100901
201146100902
201146100903
201146100904
201146100905
201146100906
201146101101
201146101102
201146101103
201146101104
201146101105
201146101106
201146101107
201146101108
201146101109
201146101110
201146101601
201146101602
201146101603
201146101604
201146101605
201146101606
201146101607
201146101608
201146101609
201146101610
201146101801
201146101802
201146101803
201146101804
201146101805
201146101806
201146101807
201146101808
201146101809
201146101810
201146101811
201146102401
201146102402
201146102403
201146102501
201146102502
201146102503
201146102504
201146102505
201146102506
201146102507
201146102508
201146102509
201146102510
201146102511
201146102512
201146102601
201146102602
201146102603
201146102604
201146102605
201146102606
201146102607
201146102608
201146102609
201146102610
201146102611
201146102612
201146110101
201146110102
201146110103
201146110104
201146110105
201146110106
201146110107
201146110108
201146110109
201146110110
201146110111
201146110801
201146110802
201146110803
201146110804
201146110805
201146110806
201146111301
201146111302
201146111303
201146111304
201146111305
201146111306
201146111307
201146111308
201146111309
201146111310
201146111311
201146111501
201146111502
201146111503
201146111504
201146111505
201146111506
201146111507
201146112001
201146112002
201146112003
201146112201
201146112202
201146112203
201146112204
201146112205
201146112206
201146112207
201146112208
201146112209
201146112210
201146112701
201146112702
201146112703
201146112704
201146112705
201146112706
201146112707
201146112901
201146112902
201146112903
201146112904
201146112905
201146112906
201146112907
201146112908
201146112909
201146112910
201146112911
201146120401
201146120402
201146120403
201146120404
201146120601
201146120602
201146120603
201146120604
201146120605
201146120606
201146120607
201146120608
201146120609
201146120610
201146121101
201146121102
201146121103
201146121104
201146121105
201146121106
201146121107
201146121108
201146121301
201146121302
201146121303
201146121304
201146121305
201146121306
201146121307
201146121308
201146121309
201146121801
201146121802
201146121803
201146121804
201146121805
201146121806
201146121807
201146121808
201146121809
201146122001
201146122002
201146122003
201146122004
201146122005
201146122006
201146122007
201146122008
201146122009
201146122010
201146122501
201146122502
201146122503
201146122504
201146122505
201146122506
201146122507
201146122508
201146122509
201146122510
201146122511
201146122601
201146122602
201146122603
201146122604
201146122605
201146122606
201146122607
201146122608
201146122609
201146122610
201146122611
201146122701
201146122702
201146122703
201146122704
201146122705
201146122706
201146122707
201146122708
201146122801
201146122802
201146122803
201146122804
201146122805
201146122806
201146122807
201146122808
201146122809
201146122810