201148010101
201148010102
201148010103
201148010104
201148010105
201148010201
201148010202
201148010203
201148010204
201148010205
201148010206
201148010207
201148010208
201148010209
201148010210
201148010301
201148010302
201148010303
201148010304
201148010305
201148010306
201148010307
201148010308
201148010309
201148010310
201148010311
201148010401
201148010402
201148010403
201148010404
201148010405
201148010406
201148010407
201148010408
201148010409
201148010410
201148011101
201148011102
201148011103
201148011104
201148011105
201148011106
201148011107
201148011108
201148011109
201148011110
201148011201
201148011202
201148011203
201148011204
201148011205
201148011206
201148011207
201148011208
201148011209
201148011210
201148011211
201148011301
201148011302
201148011303
201148011304
201148011305
201148011306
201148011307
201148011308
201148011401
201148011402
201148011403
201148011404
201148011405
201148011406
201148011601
201148011602
201148011603
201148011604
201148011605
201148011606
201148011607
201148011608
201148011609
201148011610
201148012401
201148012402
201148012403
201148012404
201148012405
201148012406
201148012407
201148012408
201148012409
201148012410
201148012411
201148012501
201148012502
201148012503
201148012504
201148012505
201148012506
201148012507
201148012508
201148012509
201148012510
201148012601
201148012602
201148012603
201148012604
201148012605
201148012606
201148012607
201148012608
201148012701
201148012702
201148012703
201148012704
201148012801
201148012802
201148012803
201148012804
201148012805
201148012806
201148012807
201148012808
201148012809
201148012810
201148020701
201148020702
201148020703
201148020704
201148020705
201148020706
201148020707
201148020708
201148020709
201148020801
201148020802
201148020803
201148020804
201148020805
201148020806
201148020807
201148020808
201148020809
201148020810
201148020901
201148020902
201148020903
201148020904
201148020905
201148020906
201148020907
201148020908
201148020909
201148020910
201148021001
201148021002
201148021003
201148021004
201148021005
201148021006
201148021007
201148021008
201148021101
201148021102
201148021103
201148021104
201148021105
201148021106
201148021107
201148021108
201148021109
201148021110
201148022101
201148022102
201148022103
201148022104
201148022105
201148022106
201148022107
201148022108
201148022109
201148022110
201148022111
201148022201
201148022202
201148022203
201148022204
201148022205
201148022301
201148022302
201148022303
201148022304
201148022305
201148022306
201148022307
201148022308
201148022309
201148022310
201148022401
201148022402
201148022403
201148022404
201148022405
201148022406
201148022501
201148022502
201148022503
201148022504
201148022505
201148022506
201148022507
201148022508
201148022509
201148022510
201148030701
201148030702
201148030703
201148030704
201148030705
201148030706
201148030707
201148030708
201148030709
201148030710
201148030711
201148030801
201148030802
201148030803
201148030804
201148030805
201148030806
201148030807
201148030808
201148030809
201148030810
201148030811
201148030901
201148030902
201148030903
201148030904
201148030905
201148030906
201148030907
201148030908
201148030909
201148030910
201148031001
201148031002
201148031003
201148031004
201148031005
201148031006
201148031007
201148031008
201148031009
201148031010
201148031101
201148031102
201148031103
201148031104
201148031105
201148031106
201148031107
201148031108
201148031109
201148031110
201148032101
201148032102
201148032103
201148032104
201148032105
201148032106
201148032107
201148032108
201148032109
201148032110
201148032111
201148032201
201148032202
201148032203
201148032204
201148032205
201148032206
201148032207
201148032208
201148032209
201148032210
201148032301
201148032302
201148032303
201148032304
201148032305
201148032306
201148032307
201148032308
201148032309
201148032401
201148032402
201148032403
201148032404
201148032405
201148032406
201148032407
201148032408
201148032409
201148032501
201148032502
201148032503
201148032504
201148032505
201148032506
201148032507
201148032508
201148032509
201148032801
201148032802
201148032803
201148032804
201148032805
201148032806
201148032807
201148032808
201148032809
201148032810
201148032811
201148032901
201148032902
201148032903
201148032904
201148032905
201148032906
201148032907
201148032908
201148032909
201148032910
201148032911
201148033001
201148033002
201148033003
201148033004
201148033005
201148033006
201148033007
201148033008
201148033009
201148033010
201148033011
201148033101
201148033102
201148033103
201148033104
201148033105
201148033106
201148033107
201148033108
201148033109
201148033110
201148033111
201148033112
201148041101
201148041102
201148041103
201148041104
201148041105
201148041106
201148041107
201148041108
201148041109
201148041110
201148041111
201148041301
201148041302
201148041303
201148041304
201148041305
201148041306
201148041307
201148041308
201148041309
201148041310
201148041311
201148041401
201148041402
201148041403
201148041404
201148041405
201148041406
201148041407
201148041408
201148041409
201148041410
201148041411
201148041501
201148041502
201148041503
201148041504
201148041505
201148041506
201148041507
201148041508
201148041509
201148041510
201148041511
201148041801
201148041802
201148041803
201148041804
201148041805
201148041806
201148041807
201148041808
201148041809
201148041810
201148042001
201148042002
201148042003
201148042004
201148042005
201148042006
201148042007
201148042008
201148042009
201148042010
201148042011
201148042101
201148042102
201148042103
201148042104
201148042105
201148042106
201148042107
201148042108
201148042109
201148042110
201148042201
201148042202
201148042203
201148042204
201148042205
201148042206
201148042207
201148042208
201148042209
201148042210
201148042211
201148042212
201148050201
201148050202
201148050203
201148050204
201148050205
201148050206
201148050207
201148050208
201148050209
201148050210
201148050301
201148050302
201148050303
201148050304
201148050305
201148050306
201148050307
201148050308
201148050309
201148050310
201148050311
201148050401
201148050402
201148050403
201148050404
201148050405
201148050406
201148050407
201148050408
201148050409
201148050501
201148050502
201148050503
201148050504
201148050505
201148050506
201148050507
201148050508
201148050509
201148050510
201148050511
201148050601
201148050602
201148050603
201148050604
201148050605
201148050606
201148050607
201148050608
201148050609
201148050610
201148050611
201148051601
201148051602
201148051603
201148051604
201148051605
201148051606
201148051607
201148051608
201148051609
201148051610
201148051611
201148051801
201148051802
201148051803
201148051804
201148051805
201148051806
201148051807
201148051808
201148051809
201148051810
201148051811
201148051812
201148051901
201148051902
201148051903
201148051904
201148051905
201148051906
201148051907
201148051908
201148051909
201148051910
201148052001
201148052002
201148052003
201148052004
201148052005
201148052006
201148052007
201148052008
201148052009
201148052010
201148060101
201148060102
201148060103
201148060104
201148060105
201148060106
201148060107
201148060108
201148060109
201148060110
201148060201
201148060202
201148060203
201148060204
201148060205
201148060206
201148060207
201148060208
201148060209
201148060210
201148060301
201148060302
201148060303
201148060304
201148060305
201148060306
201148060307
201148060308
201148060309
201148060310
201148060901
201148060902
201148060903
201148060904
201148060905
201148060906
201148060907
201148060908
201148060909
201148060910
201148061001
201148061002
201148061003
201148061004
201148061005
201148061006
201148061007
201148061008
201148061009
201148061010
201148061011
201148062001
201148062002
201148062003
201148062004
201148062005
201148062006
201148062007
201148062008
201148062009
201148062010
201148062201
201148062202
201148062203
201148062204
201148062205
201148062206
201148062207
201148062208
201148062209
201148062210
201148062211
201148062301
201148062302
201148062303
201148062304
201148062305
201148062306
201148062307
201148062308
201148062309
201148062310
201148062311
201148062401
201148062402
201148062403
201148062404
201148062405
201148062406
201148062407
201148062408
201148062409
201148062410
201148062411
201148062412
201148070401
201148070402
201148070403
201148070404
201148070405
201148070406
201148070407
201148070408
201148070409
201148070410
201148070501
201148070502
201148070503
201148070504
201148070505
201148070506
201148070507
201148070508
201148070509
201148070510
201148070601
201148070602
201148070603
201148070604
201148070605
201148070606
201148070607
201148070608
201148070609
201148070610
201148070701
201148070702
201148070703
201148070704
201148070705
201148070706
201148070707
201148070708
201148070709
201148070710
201148070801
201148070802
201148070803
201148070804
201148070805
201148070806
201148070807
201148070808
201148070809
201148070810
201148071901
201148071902
201148071903
201148071904
201148071905
201148071906
201148071907
201148071908
201148071909
201148071910
201148072001
201148072002
201148072003
201148072004
201148072005
201148072006
201148072007
201148072008
201148072009
201148072010
201148072011
201148072101
201148072102
201148072103
201148072104
201148072105
201148072106
201148072107
201148072108
201148072109
201148072110
201148072111
201148072201
201148072202
201148072203
201148072204
201148072205
201148072206
201148072207
201148072208
201148072209
201148072210
201148072211
201148080501
201148080502
201148080503
201148080504
201148080505
201148080506
201148080507
201148080508
201148080509
201148080510
201148080511
201148081001
201148081002
201148081003
201148081004
201148081005
201148081006
201148081007
201148081008
201148081009
201148081010
201148081011
201148081101
201148081102
201148081103
201148081104
201148081105
201148081106
201148081107
201148081108
201148081109
201148081110
201148081111
201148081201
201148081202
201148081203
201148081204
201148081205
201148081206
201148081207
201148081208
201148081209
201148081210
201148081211
201148082401
201148082402
201148082403
201148082404
201148082405
201148082406
201148082407
201148082408
201148082409
201148082410
201148082501
201148082502
201148082503
201148082504
201148082505
201148082506
201148082507
201148082508
201148082509
201148082510
201148082511
201148082601
201148082602
201148082603
201148082604
201148082605
201148082606
201148082607
201148082608
201148082609
201148082610
201148082901
201148082902
201148082903
201148082904
201148082905
201148082906
201148082907
201148082908
201148082909
201148082910
201148083101
201148083102
201148083103
201148083104
201148083105
201148083106
201148083107
201148083108
201148083109
201148090901
201148090902
201148090903
201148090904
201148090905
201148090906
201148090907
201148090908
201148090909
201148090910
201148091201
201148091202
201148091203
201148091204
201148091205
201148091206
201148091207
201148091208
201148091209
201148091210
201148091401
201148091402
201148091403
201148091404
201148091405
201148091406
201148091407
201148091408
201148091409
201148091410
201148091501
201148091502
201148091503
201148091504
201148091505
201148091506
201148091507
201148091508
201148091509
201148091510
201148091601
201148091602
201148091603
201148091604
201148091605
201148091606
201148091607
201148091608
201148091609
201148091610
201148091611
201148092601
201148092602
201148092603
201148092604
201148092605
201148092606
201148092607
201148092608
201148092609
201148092610
201148092611
201148092801
201148092802
201148092803
201148092804
201148092805
201148092806
201148092807
201148092808
201148092809
201148092810
201148092811
201148092901
201148092902
201148092903
201148092904
201148092905
201148092906
201148092907
201148092908
201148092909
201148092910
201148092911
201148093001
201148093002
201148093003
201148093004
201148093005
201148093006
201148093007
201148093008
201148093009
201148093010
201148093011
201148100501
201148100502
201148100503
201148100504
201148100505
201148100506
201148100507
201148100508
201148100509
201148100510
201148100511
201148100601
201148100602
201148100603
201148100604
201148100605
201148100606
201148100607
201148100608
201148100609
201148100610
201148100611
201148100701
201148100702
201148100703
201148100704
201148100705
201148100706
201148100707
201148100708
201148100709
201148100710
201148100711
201148101001
201148101002
201148101003
201148101004
201148101005
201148101006
201148101007
201148101008
201148101009
201148101010
201148101701
201148101702
201148101703
201148101704
201148101705
201148101706
201148101707
201148101708
201148101709
201148101710
201148101801
201148101802
201148101803
201148101804
201148101805
201148101806
201148101807
201148101808
201148101809
201148101810
201148101901
201148101902
201148101903
201148101904
201148101905
201148101906
201148101907
201148101908
201148101909
201148102001
201148102002
201148102003
201148102004
201148102005
201148102006
201148102007
201148102008
201148102009
201148102010
201148102101
201148102102
201148102103
201148102104
201148102105
201148102106
201148102107
201148102108
201148102109
201148102110
201148102701
201148102702
201148102703
201148102704
201148102705
201148102706
201148102707
201148102708
201148102709
201148102710
201148102801
201148102802
201148102803
201148102804
201148102805
201148102806
201148102807
201148102808
201148102809
201148102810
201148110201
201148110202
201148110203
201148110204
201148110205
201148110206
201148110207
201148110208
201148110209
201148110210
201148110301
201148110302
201148110303
201148110304
201148110305
201148110306
201148110307
201148110308
201148110309
201148110310
201148110401
201148110402
201148110403
201148110404
201148110405
201148110406
201148110407
201148110408
201148110409
201148110410
201148110411
201148111401
201148111402
201148111403
201148111404
201148111405
201148111406
201148111407
201148111408
201148111409
201148111410
201148111501
201148111502
201148111503
201148111504
201148111505
201148111506
201148111507
201148111508
201148111509
201148111510
201148111601
201148111602
201148111603
201148111604
201148111605
201148111606
201148111607
201148111608
201148111609
201148111610
201148111701
201148111702
201148111703
201148111704
201148111705
201148111706
201148111707
201148111708
201148111709
201148111710
201148111711
201148111801
201148111802
201148111803
201148111804
201148111805
201148111806
201148111807
201148111808
201148111809
201148111810
201148112801
201148112802
201148112803
201148112804
201148112805
201148112806
201148112807
201148112808
201148112809
201148112810
201148112901
201148112902
201148112903
201148112904
201148112905
201148112906
201148112907
201148112908
201148112909
201148112910
201148113001
201148113002
201148113003
201148113004
201148113005
201148113006
201148113007
201148113008
201148113009
201148113010
201148120101
201148120102
201148120103
201148120104
201148120105
201148120106
201148120107
201148120108
201148120109
201148120201
201148120202
201148120203
201148120204
201148120205
201148120206
201148120207
201148120208
201148120209
201148120210
201148120501
201148120502
201148120503
201148120504
201148120505
201148120506
201148120507
201148120508
201148120509
201148120510
201148120601
201148120602
201148120603
201148120604
201148120605
201148120606
201148120607
201148120608
201148120609
201148120610
201148120701
201148120702
201148120703
201148120704
201148120705
201148120706
201148120707
201148120708
201148120709
201148120710
201148120801
201148120802
201148120803
201148120804
201148120805
201148120806
201148120807
201148120808
201148120809
201148120901
201148120902
201148120903
201148120904
201148120905
201148120906
201148120907
201148120908
201148120909
201148120910
201148121901
201148121902
201148121903
201148121904
201148121905
201148121906
201148121907
201148121908
201148121909
201148121910
201148122001
201148122002
201148122003
201148122004
201148122005
201148122006
201148122007
201148122008
201148122009
201148122010
201148122101
201148122102
201148122103
201148122104
201148122105
201148122106
201148122107
201148122108
201148122109
201148122110
201148122201
201148122202
201148122203
201148122204
201148122205
201148122206
201148122207
201148122208
201148122209
201148122210
201148122301
201148122302
201148122303
201148122304
201148122305
201148122306
201148122307
201148122308
201148122309
201148122310
201148122311