201150010101
201150010102
201150010103
201150010104
201150010105
201150010106
201150010107
201150010108
201150010109
201150010201
201150010202
201150010203
201150010204
201150010205
201150010206
201150010207
201150010208
201150010209
201150010210
201150010211
201150010301
201150010302
201150010303
201150010304
201150010305
201150010306
201150010307
201150010308
201150010309
201150010310
201150011101
201150011102
201150011103
201150011104
201150011105
201150011106
201150011107
201150011108
201150011109
201150011110
201150011201
201150011202
201150011203
201150011204
201150011205
201150011206
201150011207
201150011208
201150011209
201150011210
201150011301
201150011302
201150011303
201150011304
201150011305
201150011306
201150011307
201150011308
201150011309
201150011310
201150011311
201150011801
201150011802
201150011803
201150011804
201150011805
201150011806
201150011807
201150011808
201150011809
201150011810
201150011811
201150011812
201150011901
201150011902
201150011903
201150011904
201150011905
201150011906
201150011907
201150011908
201150011909
201150011910
201150011911
201150011912
201150012001
201150012002
201150012003
201150012004
201150012005
201150012006
201150012007
201150012008
201150012009
201150012010
201150012011
201150012501
201150012502
201150012503
201150012504
201150012505
201150012506
201150012507
201150012508
201150012509
201150012510
201150012511
201150012512
201150012601
201150012602
201150012603
201150012604
201150012605
201150012606
201150012607
201150012608
201150012609
201150012610
201150012611
201150012612
201150012701
201150012702
201150012703
201150012704
201150012705
201150012706
201150012707
201150012708
201150012709
201150012710
201150020101
201150020102
201150020103
201150020104
201150020105
201150020106
201150020107
201150020108
201150020109
201150020110
201150020111
201150020201
201150020202
201150020203
201150020204
201150020205
201150020206
201150020207
201150020208
201150020209
201150020210
201150020301
201150020302
201150020303
201150020304
201150020305
201150020306
201150020307
201150020308
201150020309
201150020801
201150020802
201150020803
201150020804
201150020805
201150020806
201150020807
201150020808
201150020809
201150020810
201150020901
201150020902
201150020903
201150020904
201150020905
201150020906
201150020907
201150020908
201150020909
201150021001
201150021002
201150021003
201150021004
201150021005
201150021006
201150021007
201150021008
201150021009
201150021010
201150021101
201150021102
201150021103
201150021104
201150021105
201150021106
201150021107
201150021108
201150021109
201150021110
201150021111
201150021501
201150021502
201150021503
201150021504
201150021505
201150021506
201150021507
201150021508
201150021509
201150021510
201150021511
201150021601
201150021602
201150021603
201150021604
201150021605
201150021606
201150021607
201150021608
201150021609
201150021610
201150021611
201150021701
201150021702
201150021703
201150021704
201150021705
201150021706
201150021707
201150021708
201150021709
201150021710
201150021711
201150022201
201150022202
201150022203
201150022204
201150022205
201150022206
201150022207
201150022208
201150022209
201150022210
201150022211
201150022301
201150022302
201150022303
201150022304
201150022305
201150022306
201150022307
201150022308
201150022309
201150022310
201150022311
201150022312
201150022401
201150022402
201150022403
201150022404
201150022405
201150022406
201150022407
201150022408
201150022409
201150022410
201150022411
201150022412
201150030101
201150030102
201150030103
201150030104
201150030105
201150030106
201150030107
201150030108
201150030109
201150030110
201150030111
201150030201
201150030202
201150030203
201150030204
201150030205
201150030206
201150030207
201150030208
201150030209
201150030210
201150030211
201150030212
201150030301
201150030302
201150030303
201150030304
201150030305
201150030306
201150030307
201150030308
201150030309
201150030310
201150030311
201150030312
201150030801
201150030802
201150030803
201150030804
201150030805
201150030806
201150030807
201150030808
201150030809
201150030810
201150030901
201150030902
201150030903
201150030904
201150030905
201150030906
201150030907
201150030908
201150030909
201150030910
201150030911
201150031001
201150031002
201150031003
201150031004
201150031005
201150031006
201150031007
201150031008
201150031009
201150031010
201150031011
201150031501
201150031502
201150031503
201150031504
201150031505
201150031506
201150031507
201150031508
201150031509
201150031510
201150031511
201150031601
201150031602
201150031603
201150031604
201150031605
201150031606
201150031607
201150031608
201150031609
201150031610
201150031701
201150031702
201150031703
201150031704
201150031705
201150031706
201150031707
201150031708
201150031709
201150031710
201150031711
201150031712
201150032201
201150032202
201150032203
201150032204
201150032205
201150032206
201150032207
201150032208
201150032209
201150032210
201150032301
201150032302
201150032303
201150032304
201150032305
201150032306
201150032307
201150032308
201150032309
201150032310
201150032401
201150032402
201150032403
201150032404
201150032405
201150032406
201150032407
201150032408
201150032409
201150032410
201150032501
201150032502
201150032503
201150032504
201150032505
201150032506
201150032507
201150032508
201150032509
201150032510
201150032901
201150032902
201150032903
201150032904
201150032905
201150032906
201150032907
201150032908
201150032909
201150032910
201150033001
201150033002
201150033003
201150033004
201150033005
201150033006
201150033007
201150033008
201150033009
201150033010
201150033011
201150033012
201150033101
201150033102
201150033103
201150033104
201150033105
201150033106
201150033107
201150033108
201150033109
201150033110
201150033111
201150033112
201150040501
201150040502
201150040503
201150040504
201150040505
201150040506
201150040507
201150040508
201150040509
201150040510
201150040511
201150040512
201150040601
201150040602
201150040603
201150040604
201150040605
201150040606
201150040607
201150040608
201150040609
201150040610
201150040701
201150040702
201150040703
201150040704
201150040705
201150040706
201150040707
201150040708
201150040709
201150040710
201150040711
201150040712
201150041201
201150041202
201150041203
201150041204
201150041205
201150041206
201150041207
201150041208
201150041209
201150041210
201150041211
201150041212
201150041301
201150041302
201150041303
201150041304
201150041305
201150041306
201150041307
201150041308
201150041309
201150041310
201150041311
201150041312
201150041401
201150041402
201150041403
201150041404
201150041405
201150041406
201150041407
201150041408
201150041409
201150041410
201150041411
201150041412
201150041901
201150041902
201150041903
201150041904
201150041905
201150041906
201150041907
201150041908
201150041909
201150041910
201150041911
201150042001
201150042002
201150042003
201150042004
201150042005
201150042006
201150042007
201150042008
201150042009
201150042010
201150042011
201150042012
201150042101
201150042102
201150042103
201150042104
201150042105
201150042106
201150042107
201150042108
201150042109
201150042110
201150042111
201150042112
201150042601
201150042602
201150042603
201150042604
201150042605
201150042606
201150042607
201150042608
201150042609
201150042610
201150042701
201150042702
201150042703
201150042704
201150042705
201150042706
201150042707
201150042708
201150042709
201150042710
201150042801
201150042802
201150042803
201150042804
201150042805
201150042806
201150042807
201150042808
201150042809
201150042810
201150042901
201150042902
201150042903
201150042904
201150042905
201150042906
201150042907
201150042908
201150042909
201150042910
201150042911
201150050301
201150050302
201150050303
201150050304
201150050305
201150050306
201150050307
201150050308
201150050309
201150050310
201150050311
201150050312
201150050401
201150050402
201150050403
201150050404
201150050405
201150050406
201150050407
201150050408
201150050409
201150050410
201150050411
201150050501
201150050502
201150050503
201150050504
201150050505
201150050506
201150050507
201150050508
201150050509
201150050510
201150050511
201150050512
201150051001
201150051002
201150051003
201150051004
201150051005
201150051006
201150051007
201150051008
201150051009
201150051010
201150051011
201150051101
201150051102
201150051103
201150051104
201150051105
201150051106
201150051107
201150051108
201150051109
201150051110
201150051111
201150051112
201150051201
201150051202
201150051203
201150051204
201150051205
201150051206
201150051207
201150051208
201150051209
201150051210
201150051211
201150051212
201150051701
201150051702
201150051703
201150051704
201150051705
201150051706
201150051707
201150051708
201150051709
201150051710
201150051711
201150051712
201150051801
201150051802
201150051803
201150051804
201150051805
201150051806
201150051807
201150051808
201150051809
201150051810
201150051811
201150051812
201150051901
201150051902
201150051903
201150051904
201150051905
201150051906
201150051907
201150051908
201150051909
201150051910
201150051911
201150052401
201150052402
201150052403
201150052404
201150052405
201150052406
201150052407
201150052408
201150052409
201150052410
201150052411
201150052501
201150052502
201150052503
201150052504
201150052505
201150052506
201150052507
201150052508
201150052509
201150052510
201150052511
201150052512
201150052601
201150052602
201150052603
201150052604
201150052605
201150052606
201150052607
201150052608
201150052609
201150052610
201150052611
201150053101
201150053102
201150053103
201150053104
201150053105
201150053106
201150053107
201150053108
201150053109
201150053110
201150053111
201150060101
201150060102
201150060103
201150060104
201150060105
201150060106
201150060107
201150060108
201150060109
201150060110
201150060111
201150060112
201150060201
201150060202
201150060203
201150060204
201150060205
201150060206
201150060207
201150060208
201150060209
201150060210
201150060211
201150060701
201150060702
201150060703
201150060704
201150060705
201150060706
201150060707
201150060708
201150060709
201150060710
201150060711
201150060801
201150060802
201150060803
201150060804
201150060805
201150060806
201150060807
201150060808
201150060809
201150060810
201150060811
201150060812
201150060901
201150060902
201150060903
201150060904
201150060905
201150060906
201150060907
201150060908
201150060909
201150060910
201150060911
201150061401
201150061402
201150061403
201150061404
201150061405
201150061406
201150061407
201150061408
201150061409
201150061410
201150061411
201150061501
201150061502
201150061503
201150061504
201150061505
201150061506
201150061507
201150061508
201150061509
201150061510
201150061511
201150061512
201150061601
201150061602
201150061603
201150061604
201150061605
201150061606
201150061607
201150061608
201150061609
201150061610
201150061611
201150062101
201150062102
201150062103
201150062104
201150062105
201150062106
201150062107
201150062108
201150062109
201150062201
201150062202
201150062203
201150062204
201150062205
201150062206
201150062207
201150062208
201150062209
201150062210
201150062211
201150062301
201150062302
201150062303
201150062304
201150062305
201150062306
201150062307
201150062308
201150062309
201150062310
201150062311
201150062801
201150062802
201150062803
201150062804
201150062805
201150062806
201150062807
201150062808
201150062809
201150062810
201150062811
201150062901
201150062902
201150062903
201150062904
201150062905
201150062906
201150062907
201150062908
201150062909
201150062910
201150062911
201150063001
201150063002
201150063003
201150063004
201150063005
201150063006
201150063007
201150063008
201150063009
201150063010
201150070501
201150070502
201150070503
201150070504
201150070505
201150070506
201150070507
201150070508
201150070509
201150070510
201150070511
201150070601
201150070602
201150070603
201150070604
201150070605
201150070606
201150070607
201150070608
201150070609
201150070610
201150070611
201150070612
201150070701
201150070702
201150070703
201150070704
201150070705
201150070706
201150070707
201150070708
201150070709
201150070710
201150070711
201150071201
201150071202
201150071203
201150071204
201150071205
201150071206
201150071207
201150071208
201150071209
201150071210
201150071211
201150071301
201150071302
201150071303
201150071304
201150071305
201150071306
201150071307
201150071308
201150071309
201150071310
201150071401
201150071402
201150071403
201150071404
201150071405
201150071406
201150071407
201150071408
201150071801
201150071802
201150071803
201150071804
201150071805
201150071806
201150071807
201150071808
201150071809
201150071810
201150071901
201150071902
201150071903
201150071904
201150071905
201150071906
201150071907
201150071908
201150071909
201150071910
201150072101
201150072102
201150072103
201150072104
201150072105
201150072106
201150072107
201150072108
201150072109
201150072110
201150072201
201150072202
201150072203
201150072204
201150072205
201150072206
201150072207
201150072208
201150072209
201150072210
201150072601
201150072602
201150072603
201150072604
201150072605
201150072606
201150072607
201150072608
201150072609
201150072701
201150072702
201150072703
201150072704
201150072705
201150072706
201150072707
201150072708
201150072709
201150072710
201150072801
201150072802
201150072803
201150072804
201150072805
201150072806
201150072807
201150072808
201150072809
201150072810
201150072811
201150080201
201150080202
201150080203
201150080204
201150080205
201150080206
201150080207
201150080208
201150080209
201150080210
201150080211
201150080301
201150080302
201150080303
201150080304
201150080305
201150080306
201150080307
201150080308
201150080309
201150080310
201150080311
201150080401
201150080402
201150080403
201150080404
201150080405
201150080406
201150080407
201150080408
201150080409
201150080410
201150080411
201150080901
201150080902
201150080903
201150080904
201150080905
201150080906
201150080907
201150080908
201150080909
201150080910
201150081001
201150081002
201150081003
201150081004
201150081005
201150081006
201150081007
201150081008
201150081009
201150081010
201150081011
201150081101
201150081102
201150081103
201150081104
201150081105
201150081106
201150081107
201150081108
201150081109
201150081110
201150081501
201150081502
201150081503
201150081504
201150081505
201150081506
201150081507
201150081508
201150081509
201150081510
201150081601
201150081602
201150081603
201150081604
201150081605
201150081606
201150081607
201150081608
201150081609
201150081610
201150081701
201150081702
201150081703
201150081704
201150081705
201150081706
201150081707
201150081708
201150081709
201150081710
201150081801
201150081802
201150081803
201150081804
201150081805
201150081806
201150081807
201150081808
201150081809
201150082301
201150082302
201150082303
201150082304
201150082305
201150082306
201150082307
201150082308
201150082309
201150082310
201150082401
201150082402
201150082403
201150082404
201150082405
201150082406
201150082407
201150082408
201150082409
201150082410
201150082411
201150082501
201150082502
201150082503
201150082504
201150082505
201150082506
201150082507
201150082508
201150082509
201150082510
201150082511
201150083001
201150083002
201150083003
201150083004
201150083005
201150083006
201150083007
201150083008
201150083009
201150083101
201150083102
201150083103
201150083104
201150083105
201150083106
201150083107
201150083108
201150083109
201150083110
201150083111
201150090101
201150090102
201150090103
201150090104
201150090105
201150090106
201150090107
201150090108
201150090109
201150090110
201150090111
201150090601
201150090602
201150090603
201150090604
201150090605
201150090606
201150090607
201150090608
201150090609
201150090610
201150090701
201150090702
201150090703
201150090704
201150090705
201150090706
201150090707
201150090708
201150090709
201150090710
201150090711
201150090801
201150090802
201150090803
201150090804
201150090805
201150090806
201150090807
201150090808
201150090809
201150090810
201150090811
201150091301
201150091302
201150091303
201150091304
201150091305
201150091306
201150091307
201150091308
201150091309
201150091310
201150091401
201150091402
201150091403
201150091404
201150091405
201150091406
201150091407
201150091408
201150091409
201150091410
201150091501
201150091502
201150091503
201150091504
201150091505
201150091506
201150091507
201150091508
201150091509
201150091510
201150091511
201150092001
201150092002
201150092003
201150092004
201150092005
201150092006
201150092007
201150092008
201150092009
201150092010
201150092101
201150092102
201150092103
201150092104
201150092105
201150092106
201150092107
201150092108
201150092109
201150092110
201150092201
201150092202
201150092203
201150092204
201150092205
201150092206
201150092207
201150092208
201150092209
201150092210
201150092211
201150092301
201150092302
201150092303
201150092304
201150092305
201150092306
201150092307
201150092308
201150092309
201150092310
201150092701
201150092702
201150092703
201150092704
201150092705
201150092706
201150092707
201150092708
201150092709
201150092710
201150092711
201150092801
201150092802
201150092803
201150092804
201150092805
201150092806
201150092807
201150092808
201150092809
201150092810
201150092811
201150092812
201150092901
201150092902
201150092903
201150092904
201150092905
201150092906
201150092907
201150092908
201150092909
201150092910
201150092911
201150092912
201150100401
201150100402
201150100403
201150100404
201150100405
201150100406
201150100407
201150100408
201150100409
201150100410
201150100411
201150100501
201150100502
201150100503
201150100504
201150100505
201150100506
201150100507
201150100508
201150100509
201150100510
201150100511
201150100601
201150100602
201150100603
201150100604
201150100605
201150100606
201150100607
201150100608
201150100609
201150100610
201150100611
201150101101
201150101102
201150101103
201150101104
201150101105
201150101106
201150101107
201150101108
201150101109
201150101110
201150101201
201150101202
201150101203
201150101204
201150101205
201150101206
201150101207
201150101208
201150101209
201150101210
201150101211
201150101301
201150101302
201150101303
201150101304
201150101305
201150101306
201150101307
201150101308
201150101309
201150101310
201150101311
201150101401
201150101402
201150101403
201150101404
201150101405
201150101406
201150101407
201150101408
201150101409
201150101410
201150101411
201150101801
201150101802
201150101803
201150101804
201150101805
201150101806
201150101807
201150101808
201150101809
201150101810
201150101811
201150101901
201150101902
201150101903
201150101904
201150101905
201150101906
201150101907
201150101908
201150101909
201150101910
201150101911
201150101912
201150102001
201150102002
201150102003
201150102004
201150102005
201150102006
201150102007
201150102008
201150102009
201150102010
201150102011
201150102012
201150102501
201150102502
201150102503
201150102504
201150102505
201150102506
201150102507
201150102508
201150102509
201150102510
201150102511
201150102512
201150102601
201150102602
201150102603
201150102604
201150102605
201150102606
201150102607
201150102608
201150102609
201150102610
201150102611
201150102612
201150102701
201150102702
201150102703
201150102704
201150102705
201150102706
201150102707
201150102708
201150102709
201150102710
201150102711
201150102712
201150110101
201150110102
201150110103
201150110104
201150110105
201150110106
201150110107
201150110108
201150110109
201150110110
201150110111
201150110112
201150110201
201150110202
201150110203
201150110204
201150110205
201150110206
201150110207
201150110208
201150110209
201150110210
201150110211
201150110212
201150110301
201150110302
201150110303
201150110304
201150110305
201150110306
201150110307
201150110308
201150110309
201150110310
201150110311
201150110801
201150110802
201150110803
201150110804
201150110805
201150110806
201150110807
201150110808
201150110809
201150110810
201150110811
201150110901
201150110902
201150110903
201150110904
201150110905
201150110906
201150110907
201150110908
201150110909
201150110910
201150110911
201150110912
201150111001
201150111002
201150111003
201150111004
201150111005
201150111006
201150111007
201150111008
201150111009
201150111010
201150111011
201150111012
201150111501
201150111502
201150111503
201150111504
201150111505
201150111506
201150111507
201150111508
201150111509
201150111510
201150111511
201150111512
201150111601
201150111602
201150111603
201150111604
201150111605
201150111606
201150111607
201150111608
201150111609
201150111610
201150111611
201150111612
201150111701
201150111702
201150111703
201150111704
201150111705
201150111706
201150111707
201150111708
201150111709
201150111710
201150111711
201150112201
201150112202
201150112203
201150112204
201150112205
201150112206
201150112207
201150112208
201150112209
201150112210
201150112211
201150112212
201150112301
201150112302
201150112303
201150112304
201150112305
201150112306
201150112307
201150112308
201150112309
201150112310
201150112311
201150112401
201150112402
201150112403
201150112404
201150112405
201150112406
201150112407
201150112408
201150112409
201150112410
201150112411
201150112412
201150112901
201150112902
201150112903
201150112904
201150112905
201150112906
201150112907
201150112908
201150112909
201150112910
201150112911
201150112912
201150113001
201150113002
201150113003
201150113004
201150113005
201150113006
201150113007
201150113008
201150113009
201150113010
201150113011
201150113012
201150120101
201150120102
201150120103
201150120104
201150120105
201150120106
201150120107
201150120108
201150120109
201150120110
201150120111
201150120112
201150120601
201150120602
201150120603
201150120604
201150120605
201150120606
201150120607
201150120608
201150120609
201150120610
201150120611
201150120701
201150120702
201150120703
201150120704
201150120705
201150120706
201150120707
201150120708
201150120709
201150120710
201150120711
201150120712
201150120801
201150120802
201150120803
201150120804
201150120805
201150120806
201150120807
201150120808
201150120809
201150120810
201150120811
201150120812
201150121301
201150121302
201150121303
201150121304
201150121305
201150121306
201150121307
201150121308
201150121309
201150121310
201150121311
201150121312
201150121401
201150121402
201150121403
201150121404
201150121405
201150121406
201150121407
201150121408
201150121409
201150121410
201150121411
201150121501
201150121502
201150121503
201150121504
201150121505
201150121506
201150121507
201150121508
201150121509
201150121510
201150121511
201150122001
201150122002
201150122003
201150122004
201150122005
201150122006
201150122007
201150122008
201150122009
201150122010
201150122101
201150122102
201150122103
201150122104
201150122105
201150122106
201150122107
201150122108
201150122109
201150122110
201150122201
201150122202
201150122203
201150122204
201150122205
201150122206
201150122207
201150122208
201150122209
201150122210
201150122301
201150122302
201150122303
201150122304
201150122305
201150122306
201150122307
201150122308
201150122309
201150122310
201150122801
201150122802
201150122803
201150122804
201150122805
201150122806
201150122807
201150122808
201150122809
201150122810
201150122811
201150122901
201150122902
201150122903
201150122904
201150122905
201150122906
201150122907
201150122908
201150122909
201150122910
201150122911
201150123001
201150123002
201150123003
201150123004
201150123005
201150123006
201150123007
201150123008
201150123009
201150123010
201150123011
201150123101
201150123102
201150123103
201150123104
201150123105
201150123106
201150123107
201150123108
201150123109
201150123110