201153010201
201153010202
201153010203
201153010204
201153010205
201153010206
201153010207
201153010208
201153010209
201153010301
201153010302
201153010303
201153010304
201153010305
201153010901
201153010902
201153010903
201153010904
201153010905
201153010906
201153010907
201153011001
201153011002
201153011003
201153011004
201153011005
201153011006
201153011007
201153011008
201153011009
201153011010
201153011501
201153012201
201153012202
201153012203
201153012204
201153012205
201153012206
201153012207
201153012208
201153012209
201153012210
201153012211
201153012301
201153012302
201153013001
201153013002
201153013003
201153013004
201153013005
201153013006
201153013007
201153020501
201153020502
201153020503
201153020504
201153020505
201153020506
201153020507
201153020508
201153020509
201153020510
201153020511
201153020601
201153020602
201153020603
201153020604
201153020605
201153020606
201153021901
201153021902
201153021903
201153021904
201153021905
201153021906
201153021907
201153021908
201153021909
201153021910
201153022001
201153022002
201153022003
201153022004
201153022005
201153022006
201153022007
201153022008
201153022009
201153022010
201153022701
201153022702
201153022703
201153022704
201153022705
201153022706
201153022707
201153022708
201153022709
201153030501
201153030502
201153030503
201153030504
201153030505
201153030506
201153030507
201153030508
201153030509
201153030510
201153030511
201153030601
201153030602
201153030603
201153030604
201153030605
201153030606
201153030607
201153030608
201153030609
201153030610
201153032001
201153032002
201153032003
201153032004
201153032005
201153032006
201153032007
201153032008
201153032009
201153032010
201153032101
201153032102
201153032103
201153032104
201153032105
201153032106
201153032107
201153032108
201153032109
201153032110
201153032111
201153032701
201153032702
201153032703
201153032704
201153032705
201153032706
201153032707
201153032708
201153032801
201153032802
201153032803
201153032804
201153032805
201153032806
201153032807
201153032808
201153032809
201153032810
201153041001
201153041002
201153041003
201153041004
201153041005
201153041006
201153041007
201153041008
201153041009
201153041010
201153041011
201153041101
201153041102
201153041103
201153041104
201153041105
201153041106
201153041107
201153041108
201153041109
201153041110
201153041111
201153041601
201153041602
201153041603
201153041604
201153041701
201153041702
201153041703
201153041704
201153041705
201153041706
201153041707
201153041708
201153041709
201153041710
201153042301
201153042302
201153042303
201153042304
201153042305
201153042306
201153042307
201153042401
201153042402
201153042403
201153042404
201153042405
201153042406
201153042407
201153042408
201153042409
201153042410
201153042411
201153043001
201153043002
201153043003
201153043004
201153043005
201153050101
201153050102
201153050103
201153050104
201153050105
201153050106
201153050701
201153050702
201153050703
201153050704
201153050705
201153050706
201153050707
201153050708
201153050709
201153050710
201153050801
201153050802
201153050803
201153050804
201153050805
201153050806
201153050807
201153050808
201153050809
201153050810
201153051501
201153051502
201153051503
201153051504
201153051601
201153051602
201153051603
201153051604
201153051605
201153051606
201153051607
201153051608
201153051609
201153051610
201153052201
201153052202
201153052203
201153052204
201153052205
201153052206
201153052207
201153052208
201153052209
201153052210
201153052211
201153052301
201153052302
201153052303
201153052304
201153052305
201153052306
201153052307
201153052308
201153052309
201153060401
201153060402
201153060403
201153060404
201153060405
201153060406
201153060407
201153060408
201153060409
201153060410
201153060411
201153060501
201153060502
201153060503
201153060504
201153060505
201153060506
201153060507
201153060508
201153060509
201153061201
201153061202
201153061203
201153061204
201153061205
201153061206
201153061207
201153061208
201153061301
201153061302
201153061303
201153061304
201153061305
201153061306
201153061307
201153061308
201153061309
201153061310
201153061311
201153061801
201153061802
201153061803
201153061804
201153061805
201153061806
201153061807
201153061808
201153061809
201153061810
201153061811
201153061901
201153061902
201153061903
201153061904
201153061905
201153061906
201153061907
201153061908
201153061909
201153061910
201153061911
201153062601
201153062602
201153062603
201153062604
201153062605
201153062606
201153062607
201153062608
201153062609
201153062610
201153062611
201153062701
201153062702
201153062703
201153062704
201153062705
201153062706
201153062707
201153062708
201153062709
201153070201
201153070202
201153070203
201153070204
201153070205
201153070206
201153070207
201153070208
201153070209
201153070210
201153070211
201153070301
201153070302
201153070303
201153070304
201153070305
201153070306
201153070307
201153070308
201153070309
201153070310
201153071001
201153071002
201153071003
201153071004
201153071005
201153071006
201153071007
201153071008
201153071009
201153071010
201153071011
201153071101
201153071102
201153071103
201153071104
201153071105
201153071106
201153071107
201153071108
201153071109
201153071110
201153071111
201153071601
201153071602
201153071603
201153071604
201153071605
201153071606
201153071607
201153071608
201153071609
201153071610
201153071701
201153071702
201153071703
201153071704
201153071705
201153071706
201153071707
201153071708
201153071709
201153071710
201153072401
201153072402
201153072403
201153072404
201153072405
201153072406
201153072407
201153072408
201153072409
201153072410
201153072501
201153072502
201153072503
201153072504
201153072505
201153072506
201153072507
201153072508
201153072509
201153072510
201153072511
201153073101
201153073102
201153073103
201153073104
201153073105
201153073106
201153073107
201153073108
201153073109
201153073110
201153073111
201153080101
201153080102
201153080103
201153080104
201153080105
201153080106
201153080107
201153080108
201153080109
201153080110
201153080601
201153080602
201153080603
201153080604
201153080605
201153080606
201153080607
201153080608
201153080609
201153080610
201153080701
201153080702
201153080703
201153080704
201153080705
201153080706
201153080707
201153080708
201153080709
201153080710
201153081301
201153081302
201153081303
201153081304
201153081305
201153081306
201153081307
201153081308
201153081309
201153081310
201153081401
201153081402
201153081403
201153081404
201153081405
201153081406
201153081407
201153081408
201153081409
201153081410
201153082001
201153082002
201153082003
201153082004
201153082005
201153082006
201153082007
201153082008
201153082009
201153082010
201153082101
201153082102
201153082103
201153082104
201153082105
201153082106
201153082107
201153082108
201153082801
201153082802
201153082803
201153082804
201153082805
201153082806
201153082807
201153082808
201153082809
201153082901
201153082902
201153082903
201153082904
201153082905
201153082906
201153082907
201153082908
201153082909
201153082910
201153082911
201153090301
201153090302
201153090303
201153090304
201153090305
201153090306
201153090307
201153090308
201153090309
201153090310
201153090401
201153090402
201153090403
201153090404
201153090405
201153090406
201153090407
201153090408
201153090409
201153090501
201153090502
201153090503
201153090504
201153090505
201153090506
201153090507
201153090508
201153090509
201153090510
201153091101
201153091102
201153091103
201153091104
201153091105
201153091106
201153091107
201153091108
201153091109
201153091110
201153091111
201153091201
201153091202
201153091203
201153091204
201153091205
201153091206
201153091207
201153091208
201153091209
201153091210
201153091801
201153091802
201153091803
201153091804
201153091805
201153091806
201153091807
201153091808
201153091809
201153091810
201153091901
201153091902
201153091903
201153091904
201153091905
201153091906
201153091907
201153091908
201153091909
201153091910
201153092501
201153092502
201153092503
201153092504
201153092505
201153092506
201153092507
201153092508
201153092509
201153092510
201153092511
201153092601
201153092602
201153092603
201153092604
201153092605
201153092606
201153092607
201153092608
201153092609
201153092610
201153092611
201153100801
201153100802
201153100803
201153100804
201153100805
201153100806
201153100807
201153100808
201153100809
201153100810
201153100811
201153100901
201153100902
201153100903
201153100904
201153100905
201153100906
201153100907
201153100908
201153100909
201153100910
201153100911
201153101501
201153101502
201153101503
201153101504
201153101505
201153101506
201153101507
201153101508
201153101509
201153101510
201153101511
201153101601
201153101602
201153101603
201153101604
201153101605
201153101606
201153101607
201153101608
201153101609
201153101610
201153102201
201153102202
201153102203
201153102204
201153102205
201153102206
201153102207
201153102208
201153102209
201153102210
201153102301
201153102302
201153102303
201153102304
201153102305
201153102306
201153102307
201153102308
201153102309
201153102310
201153102311
201153103001
201153103002
201153103003
201153103004
201153103005
201153103006
201153103007
201153103008
201153103009
201153103010
201153103011
201153103101
201153103102
201153103103
201153103104
201153103105
201153103106
201153103107
201153103108
201153103109
201153103110
201153103111
201153110601
201153110602
201153110603
201153110604
201153110605
201153110606
201153110607
201153110608
201153110609
201153110610
201153110611
201153110701
201153110702
201153110703
201153110704
201153110705
201153110706
201153110707
201153110708
201153110709
201153110710
201153110711
201153111201
201153111202
201153111203
201153111204
201153111205
201153111206
201153111207
201153111208
201153111209
201153111210
201153111211
201153111301
201153111302
201153111303
201153111304
201153111305
201153111306
201153111307
201153111308
201153111309
201153111310
201153111311
201153111901
201153111902
201153111903
201153111904
201153111905
201153111906
201153111907
201153111908
201153111909
201153111910
201153111911
201153112001
201153112002
201153112003
201153112004
201153112005
201153112006
201153112007
201153112008
201153112009
201153112010
201153112011
201153112601
201153112602
201153112603
201153112604
201153112605
201153112606
201153112607
201153112608
201153112609
201153112610
201153112611
201153112701
201153112702
201153112703
201153112704
201153112705
201153112706
201153112707
201153112708
201153112709
201153112710
201153120301
201153120302
201153120303
201153120304
201153120305
201153120306
201153120307
201153120308
201153120309
201153120310
201153120311
201153120401
201153120402
201153120403
201153120404
201153120405
201153120406
201153120407
201153120408
201153120409
201153120410
201153120411
201153121101
201153121102
201153121103
201153121104
201153121105
201153121106
201153121107
201153121108
201153121109
201153121110
201153121111
201153121201
201153121202
201153121203
201153121204
201153121205
201153121206
201153121207
201153121208
201153121209
201153121210
201153121211
201153121801
201153121802
201153121803
201153121804
201153121805
201153121806
201153121807
201153121808
201153121809
201153121810
201153121811
201153121901
201153121902
201153121903
201153121904
201153121905
201153121906
201153121907
201153121908
201153121909
201153121910
201153121911
201153122401
201153122402
201153122403
201153122404
201153122405
201153122406
201153122407
201153122408
201153122409
201153122410
201153122411
201153122501
201153122502
201153122503
201153122504
201153122505
201153122506
201153122507
201153122508
201153122509
201153122510