201154010101
201154010102
201154010103
201154010801
201154010802
201154010803
201154010804
201154010805
201154010806
201154010807
201154010901
201154010902
201154010903
201154010904
201154010905
201154010906
201154010907
201154010908
201154010909
201154010910
201154011701
201154011702
201154011703
201154011704
201154011705
201154011706
201154011707
201154011708
201154012201
201154012202
201154012203
201154012204
201154012205
201154012301
201154012302
201154012303
201154012304
201154012305
201154012306
201154012307
201154012901
201154012902
201154012903
201154013001
201154013002
201154013003
201154013004
201154013005
201154013006
201154013007
201154020401
201154020402
201154020403
201154020404
201154020405
201154020406
201154020407
201154020408
201154020409
201154020410
201154020411
201154020501
201154020502
201154021201
201154021202
201154021203
201154021204
201154021205
201154021301
201154021302
201154021303
201154021304
201154021305
201154021901
201154021902
201154022001
201154022002
201154022003
201154022004
201154022005
201154022006
201154022007
201154022008
201154022009
201154022010
201154022501
201154022502
201154022503
201154022601
201154022602
201154022603
201154022604
201154022605
201154022606
201154022607
201154022608
201154030501
201154030502
201154030503
201154030504
201154030601
201154030602
201154030603
201154030604
201154030605
201154031401
201154031402
201154031403
201154031404
201154031405
201154031406
201154031407
201154031408
201154031409
201154031410
201154031901
201154031902
201154031903
201154031904
201154031905
201154032001
201154032002
201154032003
201154032004
201154032005
201154032006
201154032007
201154032008
201154032009
201154032010
201154032011
201154032601
201154032602
201154032603
201154032604
201154032605
201154032606
201154032607
201154032608
201154032609
201154032701
201154032702
201154032703
201154032704
201154032705
201154040101
201154040102
201154040103
201154040104
201154040105
201154040106
201154040107
201154040108
201154040109
201154040201
201154040202
201154040203
201154040204
201154040901
201154040902
201154040903
201154040904
201154040905
201154040906
201154040907
201154040908
201154040909
201154041001
201154041002
201154041003
201154041004
201154041005
201154041006
201154041007
201154041008
201154041009
201154041010
201154041601
201154041602
201154041603
201154041604
201154041605
201154041606
201154041607
201154041608
201154041609
201154041610
201154041701
201154041702
201154041703
201154041704
201154041705
201154041706
201154041707
201154041708
201154041709
201154042201
201154042202
201154042203
201154042204
201154042205
201154042206
201154042207
201154042208
201154042209
201154042210
201154042211
201154042301
201154042302
201154042303
201154042304
201154042305
201154042306
201154042307
201154042308
201154042309
201154042310
201154042311
201154043001
201154043002
201154043003
201154043004
201154043005
201154043006
201154043007
201154043008
201154043009
201154043010
201154050101
201154050102
201154050103
201154050104
201154050105
201154050106
201154050107
201154050108
201154050801
201154050802
201154050803
201154050804
201154050805
201154050806
201154050807
201154050808
201154050809
201154050810
201154050811
201154050901
201154050902
201154050903
201154050904
201154050905
201154050906
201154050907
201154050908
201154050909
201154050910
201154051301
201154051302
201154051303
201154051304
201154051305
201154051306
201154051307
201154051308
201154051309
201154051310
201154051401
201154052001
201154052002
201154052003
201154052004
201154052005
201154052006
201154052007
201154052008
201154052009
201154052010
201154052011
201154052101
201154052102
201154052103
201154052104
201154052105
201154052106
201154052107
201154052108
201154052109
201154052110
201154052111
201154052701
201154052702
201154052703
201154052704
201154052705
201154052706
201154052707
201154052708
201154052709
201154052710
201154052801
201154052802
201154052803
201154052804
201154052805
201154052806
201154052807
201154052808
201154052809
201154060401
201154060402
201154060403
201154060404
201154060405
201154060406
201154060407
201154060408
201154060409
201154060410
201154060501
201154060502
201154060503
201154060504
201154060505
201154060506
201154060507
201154060508
201154060509
201154061101
201154061102
201154061103
201154061104
201154061201
201154061202
201154061203
201154061204
201154061205
201154061206
201154061207
201154061208
201154061209
201154061801
201154061802
201154061803
201154061804
201154061805
201154061806
201154061807
201154061808
201154061809
201154061810
201154061901
201154061902
201154061903
201154061904
201154061905
201154061906
201154061907
201154061908
201154061909
201154061910
201154061911
201154062401
201154062402
201154062403
201154062404
201154062405
201154062406
201154062501
201154062502
201154062503
201154062504
201154062505
201154070101
201154070102
201154070103
201154070104
201154070105
201154070106
201154070107
201154070108
201154070109
201154070110
201154070111
201154070201
201154070202
201154070203
201154070204
201154070205
201154070206
201154070207
201154070208
201154070209
201154070210
201154071501
201154071502
201154071503
201154071504
201154071505
201154071506
201154071507
201154071508
201154071509
201154071510
201154071601
201154071602
201154071603
201154071604
201154071605
201154071606
201154071607
201154071608
201154071609
201154071610
201154071611
201154073001
201154073002
201154073003
201154073004
201154073005
201154073006
201154073007
201154073008
201154073009
201154073010
201154080101
201154080102
201154080103
201154080104
201154080105
201154080106
201154080107
201154080108
201154080109
201154080601
201154080602
201154080603
201154080604
201154080605
201154080606
201154080607
201154080608
201154080609
201154080610
201154080701
201154080702
201154080703
201154080704
201154080705
201154080706
201154080707
201154080708
201154080709
201154080710
201154080711
201154082101
201154082102
201154082103
201154082104
201154082201
201154082202
201154082203
201154082204
201154082205
201154082206
201154082207
201154082208
201154082601
201154082602
201154082603
201154082604
201154082605
201154082606
201154082607
201154082608
201154082609
201154082701
201154082702
201154082703
201154082704
201154082705
201154082706
201154082707
201154082708
201154082709
201154082710
201154090301
201154090302
201154090303
201154090304
201154090305
201154090306
201154090307
201154090308
201154090309
201154090310
201154090401
201154090402
201154090403
201154090404
201154090405
201154090406
201154090407
201154090408
201154090901
201154090902
201154090903
201154090904
201154090905
201154090906
201154090907
201154090908
201154090909
201154090910
201154090911
201154091001
201154091002
201154091003
201154091004
201154091005
201154091006
201154091007
201154091008
201154091009
201154091010
201154091011
201154091601
201154091602
201154091603
201154091604
201154091605
201154091606
201154091607
201154091608
201154091609
201154091610
201154091611
201154091701
201154091702
201154091703
201154091704
201154091705
201154091706
201154091707
201154091708
201154091709
201154091710
201154092301
201154092302
201154092303
201154092304
201154092305
201154092306
201154092307
201154092308
201154092309
201154092401
201154092402
201154092403
201154092404
201154092405
201154092406
201154092407
201154092408
201154092409
201154092410
201154092411
201154101401
201154101402
201154101403
201154101404
201154101405
201154101406
201154101407
201154101408
201154101409
201154101410
201154101411
201154101501
201154101502
201154101503
201154101504
201154101505
201154101506
201154101507
201154101508
201154101509
201154101510
201154101511
201154102201
201154102202
201154102203
201154102204
201154102205
201154102206
201154102207
201154102208
201154102209
201154102210
201154102211
201154102301
201154102302
201154102303
201154102304
201154102305
201154102306
201154102307
201154102308
201154102309
201154102310
201154102801
201154102802
201154102803
201154102804
201154102805
201154102806
201154102807
201154102808
201154102809
201154102810
201154102901
201154102902
201154102903
201154102904
201154102905
201154102906
201154102907
201154102908
201154102909
201154102910
201154110501
201154110502
201154110503
201154110504
201154110505
201154110506
201154110507
201154110508
201154110509
201154110510
201154110601
201154110602
201154110603
201154110604
201154110605
201154110606
201154110607
201154110608
201154110609
201154110610
201154110611
201154111201
201154111202
201154111203
201154111204
201154111205
201154111206
201154111207
201154111208
201154111209
201154111210
201154111301
201154111302
201154111303
201154111304
201154111305
201154111306
201154111307
201154111308
201154111309
201154111310
201154111801
201154111802
201154111803
201154111804
201154111805
201154111806
201154111807
201154111808
201154111809
201154111810
201154111811
201154111812
201154111901
201154111902
201154111903
201154111904
201154111905
201154111906
201154111907
201154111908
201154111909
201154111910
201154111911
201154112601
201154112602
201154112603
201154112604
201154112605
201154112606
201154112607
201154112608
201154112609
201154112610
201154112701
201154112702
201154112703
201154112704
201154112705
201154112706
201154112707
201154112708
201154112709
201154112710
201154120201
201154120202
201154120203
201154120204
201154120205
201154120206
201154120207
201154120208
201154120209
201154120210
201154120211
201154120301
201154120302
201154120303
201154120304
201154120305
201154120306
201154120307
201154120308
201154120309
201154120310
201154120311
201154120901
201154120902
201154120903
201154120904
201154120905
201154120906
201154120907
201154120908
201154120909
201154120910
201154120911
201154121001
201154121002
201154121003
201154121004
201154121005
201154121006
201154121007
201154121008
201154121009
201154121010
201154121701
201154121702
201154121703
201154121704
201154121705
201154121706
201154121707
201154121708
201154121709
201154121710
201154121711
201154121801
201154121802
201154121803
201154121804
201154121805
201154121806
201154121807
201154121808
201154121809
201154121810
201154122401
201154122402
201154122403
201154122404
201154122405
201154122406
201154122407
201154122408
201154122409
201154122410
201154122411
201154122501
201154122502
201154122503
201154122504
201154122505
201154122506
201154122507
201154122508
201154122509
201154122510
201154123101
201154123102
201154123103
201154123104
201154123105
201154123106
201154123107
201154123108
201154123109
201154123110