201156010101
201156010102
201156010103
201156010104
201156010105
201156010106
201156010107
201156010108
201156010109
201156010801
201156010802
201156010803
201156010804
201156010805
201156010806
201156010807
201156010808
201156010809
201156011401
201156011402
201156011403
201156011404
201156011405
201156011406
201156011407
201156011408
201156011409
201156011410
201156012001
201156012002
201156012003
201156012004
201156012005
201156012006
201156012101
201156012102
201156012103
201156012104
201156012105
201156012106
201156012107
201156012108
201156012109
201156012110
201156012801
201156012802
201156012803
201156012804
201156012805
201156012806
201156012807
201156012808
201156012809
201156020301
201156020302
201156020303
201156020304
201156020305
201156020306
201156020307
201156020308
201156020309
201156020310
201156020311
201156020401
201156020402
201156020403
201156020404
201156020405
201156020406
201156020407
201156020408
201156020409
201156020410
201156021001
201156021002
201156021003
201156021004
201156021005
201156021006
201156021007
201156021008
201156021009
201156021010
201156021701
201156021702
201156021703
201156021704
201156021705
201156021706
201156021707
201156021708
201156021709
201156021710
201156021801
201156021802
201156021803
201156021804
201156021805
201156021806
201156021807
201156021808
201156021809
201156021810
201156022501
201156022502
201156022503
201156022504
201156022505
201156022506
201156022507
201156022508
201156022509
201156022510
201156022511
201156030301
201156030302
201156030303
201156030304
201156030305
201156030306
201156030307
201156030308
201156030309
201156030310
201156030311
201156030401
201156030402
201156030403
201156030404
201156030405
201156030406
201156030407
201156030408
201156030409
201156030410
201156031101
201156031102
201156031103
201156031104
201156031105
201156031106
201156031107
201156031108
201156031109
201156031110
201156031701
201156031702
201156031703
201156031704
201156031705
201156031706
201156031707
201156031708
201156032601
201156032602
201156032603
201156032604
201156032605
201156032606
201156032607
201156032608
201156032609
201156032610
201156032701
201156032702
201156032703
201156032704
201156032705
201156032706
201156032707
201156032708
201156040701
201156040702
201156040703
201156040704
201156040705
201156040706
201156040707
201156040708
201156040709
201156040801
201156040802
201156040803
201156040804
201156040805
201156040806
201156040807
201156040808
201156040809
201156040810
201156041501
201156041502
201156041503
201156041504
201156041505
201156041506
201156041507
201156041508
201156041509
201156042201
201156042202
201156042203
201156042204
201156042205
201156042206
201156042207
201156042208
201156042209
201156042210
201156050101
201156050102
201156050103
201156050104
201156050105
201156050106
201156050107
201156050108
201156050109
201156050110
201156051301
201156051302
201156051303
201156051304
201156051305
201156051306
201156051307
201156051308
201156051309
201156052001
201156052002
201156052003
201156052004
201156052005
201156052006
201156052007
201156052008
201156052009
201156052010
201156052701
201156052702
201156052703
201156052704
201156052705
201156052706
201156052707
201156052708
201156052709
201156061001
201156061002
201156061003
201156061004
201156061005
201156061006
201156061007
201156061008
201156061009
201156061010
201156061701
201156061702
201156061703
201156061704
201156061705
201156061706
201156061707
201156061708
201156061709
201156070101
201156070102
201156070103
201156070104
201156070105
201156070106
201156070107
201156070108
201156070109
201156070110
201156070801
201156070802
201156070803
201156070804
201156070805
201156070806
201156070807
201156070808
201156070809
201156072901
201156072902
201156072903
201156072904
201156072905
201156072906
201156072907
201156072908
201156072909
201156072910
201156080501
201156080502
201156080503
201156080504
201156080505
201156080506
201156080507
201156080508
201156080509
201156080510
201156080511
201156081101
201156081102
201156081103
201156081104
201156081901
201156081902
201156081903
201156081904
201156081905
201156081906
201156081907
201156081908
201156082401
201156082402
201156082403
201156082404
201156082405
201156082406
201156082407
201156082408
201156082409
201156082410
201156082601
201156082602
201156082603
201156082604
201156082605
201156082606
201156082607
201156090201
201156090202
201156090203
201156090204
201156090205
201156090206
201156090207
201156090208
201156090209
201156090210
201156090901
201156090902
201156090903
201156090904
201156090905
201156090906
201156090907
201156090908
201156090909
201156090910
201156091601
201156091602
201156091603
201156091604
201156091605
201156091606
201156091607
201156091608
201156091609
201156091610
201156091611
201156091612
201156092301
201156092302
201156092303
201156092304
201156092305
201156092306
201156092307
201156092308
201156092309
201156092310
201156092311
201156093001
201156093002
201156093003
201156093004
201156093005
201156100701
201156100702
201156100703
201156100704
201156100705
201156100706
201156100707
201156100708
201156100709
201156100710
201156101401
201156101402
201156101403
201156101404
201156101405
201156101406
201156101407
201156101408
201156101409
201156102001
201156102002
201156102003
201156102004
201156102005
201156102006
201156102007
201156102008
201156102009
201156102010
201156102101
201156102102
201156102103
201156102104
201156102105
201156102106
201156102107
201156102108
201156102109
201156102801
201156102802
201156102803
201156102804
201156102805
201156102806
201156102807
201156110401
201156110402
201156110403
201156110404
201156110405
201156110406
201156110407
201156110408
201156110409
201156111001
201156111002
201156111003
201156111004
201156111005
201156111006
201156111007
201156111008
201156111009
201156111101
201156111102
201156111103
201156111104
201156111105
201156111106
201156111107
201156111108
201156111109
201156111801
201156111802
201156111803
201156111804
201156111805
201156111806
201156111807
201156111808
201156111809
201156111810
201156111811
201156112501
201156112502
201156112503
201156112504
201156112505
201156112506
201156112507
201156112508
201156112509
201156112510
201156112511
201156120101
201156120102
201156120103
201156120104
201156120105
201156120106
201156120107
201156120108
201156120109
201156120201
201156120202
201156120203
201156120204
201156120205
201156120206
201156120207
201156120208
201156120209
201156120210
201156120211
201156120901
201156120902
201156120903
201156120904
201156120905
201156120906
201156120907
201156120908
201156120909
201156120910
201156121601
201156121602
201156121603
201156121604
201156121605
201156121606
201156121607
201156121608
201156121609
201156121610
201156122301
201156122302
201156122303
201156122304
201156122305
201156122306
201156122307