201835042808
201835042908
201835042912
201835043008
201835050508
201835050608
201835050701
201835050702
201835051210
201835051307
201835051308
201835051409
201835051908
201835052008
201835052101
201835052102
201835052608
201835052610
201835052701
201835052712
201835052807
201835052808
201835060208
201835060307
201835060308
201835060401
201835060402
201835070708
201835070710
201835070808
201835070812
201835070906
201835070907
201835070908
201835070909
201835070910
201835071501
201835071502
201835071601
201835071602
201835072108
201835072110
201835072208
201835072209
201835072212
201835072306
201835072307
201835072309
201835072310
201835072808
201835072810
201835073001
201835073002
201835073003
201835080407
201835080408
201835080507
201835080508
201835080509
201835080512
201835080609
201835081207
201835081208
201835081209
201835081401
201835081402
201835081410
201835081501
201835081502
201835091501
201835091502
201835091503
201835091504
201835091505
201835091506
201835091508
201835091509
201835091511
201835091601
201835091602
201835091603
201835091604
201835091606
201835091612
201835091701
201835091702
201835091705
201835091706
201835091709
201835091712
201835092201
201835092204
201835092205
201835092206
201835092207
201835092208
201835092209
201835092210
201835092301
201835092302
201835092304
201835092305
201835092306
201835092307
201835092309
201835092310
201835092403
201835092407
201835092408
201835092409
201835092411
201835092901
201835092902
201835092903
201835092904
201835092905
201835092906
201835092907
201835092909
201835092910
201835092911
201835093001
201835093002
201835093003
201835093004
201835093005
201835093006
201835093007
201835093012
201835100102
201835100104
201835100105
201835100106
201835100108
201835100109
201835100110
201835100602
201835100603
201835100604
201835100605
201835100606
201835100607
201835100608
201835100610
201835100701
201835100702
201835100703
201835100704
201835100705
201835100706
201835100707
201835100708
201835100709
201835100710
201835100801
201835100802
201835100803
201835100804
201835100805
201835100806
201835100810
201835100812
201835101301
201835101302
201835101304
201835101305
201835101306
201835101307
201835101310
201835101311
201835101401
201835101402
201835101403
201835101404
201835101405
201835101406
201835101412
201835101503
201835101504
201835101505
201835101506
201835101507
201835101508
201835101510
201835102002
201835102003
201835102004
201835102005
201835102006
201835102007
201835102009
201835102010
201835102101
201835102102
201835102103
201835102104
201835102105
201835102106
201835102107
201835102108
201835102109
201835102110
201835102112
201835102201
201835102202
201835102203
201835102204
201835102206
201835102207
201835102208
201835102210
201835102701
201835102702
201835102703
201835102704
201835102705
201835102707
201835102708
201835102709
201835102711
201835102801
201835102802
201835102803
201835102804
201835102805
201835102807
201835102809
201835102812
201835102902
201835102903
201835102904
201835102905
201835102906
201835102907
201835102908
201835102909
201835102910
201835102911
201835102912
201835110301
201835110302
201835110303
201835110304
201835110305
201835110306
201835110307
201835110310
201835110401
201835110402
201835110403
201835110404
201835110405
201835110406
201835110407
201835110408
201835110409
201835110410
201835110411
201835110501
201835110503
201835110504
201835110505
201835110506
201835110507
201835110508
201835110509
201835110510