201836010201
201836010202
201836010203
201836010204
201836010205
201836010206
201836010207
201836010208
201836010209
201836010210
201836010301
201836010302
201836010303
201836010304
201836010305
201836010306
201836010307
201836010308
201836010309
201836010310
201836010601
201836010602
201836010603
201836010604
201836010605
201836010606
201836010607
201836010608
201836010609
201836010610
201836010701
201836010702
201836010703
201836010704
201836010705
201836010706
201836010707
201836010708
201836010709
201836010710
201836010801
201836010802
201836010803
201836010804
201836010805
201836010806
201836010807
201836010808
201836010809
201836010810
201836032101
201836032102
201836032103
201836032104
201836032105
201836032106
201836032107
201836032108
201836032109
201836032110
201836032111
201836032112
201836032201
201836032202
201836032203
201836032204
201836032205
201836032206
201836032207
201836032208
201836032209
201836032210
201836032211
201836032212
201836032501
201836032502
201836032503
201836032504
201836032505
201836032506
201836032507
201836032508
201836032509
201836032510
201836032511
201836032512
201836032601
201836032602
201836032603
201836032604
201836032605
201836032606
201836032607
201836032608
201836032609
201836032610
201836032611
201836032612
201836040101
201836040102
201836040103
201836040104
201836040105
201836040106
201836040107
201836040108
201836040109
201836040110
201836040111
201836040201
201836040202
201836040203
201836040204
201836040205
201836040206
201836040207
201836040208
201836040209
201836040210
201836040211
201836040301
201836040302
201836040303
201836040304
201836040305
201836040306
201836040307
201836040308
201836040309
201836040310
201836040311
201836040701
201836040702
201836040703
201836040704
201836040705
201836040706
201836040707
201836040708
201836040709
201836040710
201836040711
201836040801
201836040802
201836040803
201836040804
201836040805
201836040806
201836040807
201836040808
201836040809
201836040810
201836040811
201836040901
201836040902
201836040903
201836040904
201836040905
201836040906
201836040907
201836040908
201836040909
201836040910
201836040911
201836041401
201836041402
201836041403
201836041404
201836041405
201836041406
201836041407
201836041408
201836041409
201836041410
201836041411
201836041501
201836041502
201836041503
201836041504
201836041505
201836041506
201836041507
201836041508
201836041509
201836041510
201836041601
201836041602
201836041603
201836041604
201836041605
201836041606
201836041607
201836041608
201836041609
201836041610
201836041611
201836042101
201836042102
201836042103
201836042104
201836042105
201836042106
201836042107
201836042108
201836042109
201836042110
201836042111
201836042201
201836042202
201836042203
201836042204
201836042205
201836042206
201836042207
201836042208
201836042209
201836042210
201836042211
201836042301
201836042302
201836042303
201836042304
201836042305
201836042306
201836042307
201836042308
201836042309
201836042310
201836042311
201836060901
201836060902
201836060903
201836060904
201836060905
201836060906
201836060907
201836060908
201836060909
201836060910
201836060911
201836061001
201836061002
201836061003
201836061004
201836061005
201836061006
201836061007
201836061008
201836061009
201836061010
201836061011
201836061012
201836061101
201836061102
201836061103
201836061104
201836061105
201836061106
201836061107
201836061108
201836061109
201836061110
201836061111
201836061112
201836061601
201836061602
201836061603
201836061604
201836061605
201836061606
201836061607
201836061608
201836061609
201836061610
201836061611
201836061612
201836061701
201836061702
201836061703
201836061704
201836061705
201836061706
201836061707
201836061708
201836061709
201836061710
201836061711
201836061712
201836061801
201836061802
201836061803
201836061804
201836061805
201836061806
201836061807
201836061808
201836061809
201836061810
201836061811
201836061812
201836062301
201836062302
201836062303
201836062304
201836062305
201836062306
201836062307
201836062308
201836062309
201836062310
201836062311
201836062401
201836062402
201836062403
201836062404
201836062405
201836062406
201836062407
201836062408
201836062409
201836062410
201836062411
201836062412
201836062501
201836062502
201836062503
201836062504
201836062505
201836062506
201836062507
201836062508
201836062509
201836062510
201836062511
201836062512
201836063001
201836063002
201836063003
201836063004
201836063005
201836063006
201836063007
201836063008
201836063009
201836063010
201836063011
201836063012
201836070101
201836070102
201836070103
201836070104
201836070105
201836070106
201836070107
201836070108
201836070109
201836070110
201836070111
201836070112
201836070201
201836070202
201836070203
201836070204
201836070205
201836070206
201836070207
201836070208
201836070209
201836070210
201836070211
201836070212
201836081901
201836081902
201836081903
201836081904
201836081905
201836081906
201836081907
201836081908
201836081909
201836081910
201836081911
201836081912
201836082001
201836082002
201836082003
201836082004
201836082005
201836082006
201836082007
201836082008
201836082009
201836082010
201836082011
201836082101
201836082102
201836082103
201836082104
201836082105
201836082106
201836082107
201836082108
201836082109
201836082110
201836082111
201836082501
201836082502
201836082503
201836082504
201836082505
201836082506
201836082507
201836082508
201836082509
201836082510
201836082601
201836082602
201836082603
201836082604
201836082605
201836082606
201836082607
201836082608
201836082609
201836082610
201836082611
201836082612
201836082701
201836082702
201836082703
201836082704
201836082705
201836082706
201836082707
201836082708
201836082709
201836082710
201836082711
201836082712
201836090101
201836090102
201836090103
201836090104
201836090105
201836090106
201836090107
201836090108
201836090109
201836090110
201836090201
201836090202
201836090203
201836090204
201836090205
201836090206
201836090207
201836090208
201836090209
201836090210
201836090211
201836090301
201836090302
201836090303
201836090304
201836090305
201836090306
201836090307
201836090308
201836090309
201836090310
201836090311
201836090312
201836090801
201836090802
201836090803
201836090804
201836090805
201836090806
201836090807
201836090808
201836090809
201836090810
201836090901
201836090902
201836090903
201836090904
201836090905
201836090906
201836090907
201836090908
201836090909
201836090910
201836090911
201836090912
201836091001
201836091002
201836091003
201836091004
201836091005
201836091006
201836091007
201836091008
201836091009
201836091010
201836091011
201836091012
201836112401
201836112402
201836112403
201836112404
201836112405
201836112406
201836112407
201836112408
201836112409
201836112410
201836112411
201836112501
201836112502
201836112503
201836112504
201836112505
201836112506
201836112507
201836112508
201836112509
201836112510
201836112511
201836112601
201836112602
201836112603
201836112604
201836112605
201836112606
201836112607
201836112608
201836112609
201836112610
201836112611
201836120101
201836120102
201836120103
201836120104
201836120105
201836120106
201836120107
201836120108
201836120109
201836120110
201836120111
201836120201
201836120202
201836120203
201836120204
201836120205
201836120206
201836120207
201836120208
201836120209
201836120210
201836120211
201836120301
201836120302
201836120303
201836120304
201836120305
201836120306
201836120307
201836120308
201836120309
201836120310
201836120311
201836120801
201836120802
201836120803
201836120804
201836120805
201836120806
201836120807
201836120808
201836120809
201836120810
201836120811
201836120901
201836120902
201836120903
201836120904
201836120905
201836120906
201836120907
201836120908
201836120909
201836120910
201836120911
201836121001
201836121002
201836121003
201836121004
201836121005
201836121006
201836121007
201836121008
201836121009
201836121010
201836121011
201836121501
201836121502
201836121503
201836121504
201836121505
201836121506
201836121507
201836121508
201836121509
201836121510
201836121511
201836121601
201836121602
201836121603
201836121604
201836121605
201836121606
201836121607
201836121608
201836121609
201836121610
201836121611
201836121701
201836121702
201836121703
201836121704
201836121705
201836121706
201836121707
201836121708
201836121709
201836121710
201836121711
201836122201
201836122202
201836122203
201836122204
201836122205
201836122206
201836122207
201836122208
201836122209
201836122210
201836122301
201836122302
201836122303
201836122304
201836122305
201836122306
201836122307
201836122308
201836122309
201836122310
201836122401
201836122402
201836122403
201836122404
201836122405
201836122406
201836122407
201836122408
201836122409
201836122410