201842010901
201842010902
201842010903
201842010904
201842010905
201842010906
201842011001
201842011002
201842011003
201842011004
201842011005
201842011006
201842011007
201842011008
201842011009
201842011010
201842011011
201842021301
201842021302
201842021303
201842021304
201842021305
201842021306
201842021307
201842021308
201842021401
201842021402
201842021403
201842021404
201842021405
201842021406
201842021407
201842021408
201842021409
201842021410
201842021411
201842021501
201842021502
201842021503
201842021504
201842021505
201842021506
201842031901
201842031902
201842032001
201842032002
201842032003
201842032004
201842032005
201842032006
201842032201
201842032202
201842032203
201842032204
201842032205
201842032206
201842042301
201842042401
201842042402
201842042403
201842042404
201842042405
201842042406
201842042601
201842042602
201842042603
201842042604
201842042605
201842042606
201842052801
201842052802
201842052803
201842052804
201842052805
201842052806
201842052807
201842052901
201842052902
201842052903
201842052904
201842052905
201842052906
201842052907
201842053001
201842053101
201842053102
201842053103
201842053104
201842053105
201842053106
201842053107
201842060101
201842060102
201842062601
201842062602
201842062603
201842062604
201842062605
201842062701
201842062702
201842071601
201842071602
201842071603
201842071604
201842071605
201842071606
201842071607
201842071608
201842071609
201842071610
201842071611
201842071612
201842071701
201842071702
201842071703
201842071704
201842071705
201842071706
201842071707
201842080301
201842080302
201842080601
201842080602
201842080603
201842080604
201842080605
201842080606
201842080607
201842080608
201842080609
201842080610
201842080611
201842080612
201842080701
201842080702
201842080703
201842080704
201842080705
201842080706
201842080707
201842080708
201842080709
201842080710
201842090501
201842090502
201842090503
201842090504
201842090505
201842090506
201842090507
201842090508
201842090509
201842090510
201842090511
201842090512
201842090601
201842090602
201842090603
201842090604
201842090605
201842090701
201842090702
201842090703
201842090704
201842090705
201842090706
201842090707
201842090708
201842092401
201842092402
201842092403
201842092404
201842092501
201842092502
201842092503
201842092504
201842092505
201842092506
201842092507
201842092508
201842092509
201842092601
201842092602
201842092603
201842092604
201842092605
201842092606
201842092607
201842092608
201842092609
201842092610
201842092611
201842092612
201842092701
201842092702
201842092703
201842092704
201842092705
201842092706
201842092707
201842092708
201842092709
201842092710
201842092711
201842092712
201842092801
201842092802
201842092803
201842092804
201842102201
201842102202
201842102203
201842102204
201842102205
201842102206
201842102207
201842102208
201842102209
201842102301
201842102302
201842102303
201842102304
201842102305
201842102306
201842102307
201842102308
201842102309
201842102310
201842102401
201842102402
201842102403
201842102404
201842102405
201842102406
201842102407
201842102408
201842102409
201842102410
201842102501
201842102502
201842102503
201842102504
201842102505
201842102506
201842102507
201842102508
201842102509
201842102601
201842102602
201842102603
201842102604
201842102605
201842102606
201842102607
201842102608
201842102609
201842102610
201842111901
201842111902
201842111903
201842111904
201842111905
201842111906
201842111907
201842111908
201842111909
201842111910
201842111911
201842112001
201842112002
201842112003
201842112004
201842112005
201842112006
201842112007
201842112008
201842112009
201842112010
201842112011
201842112101
201842112102
201842112103
201842112104
201842112105
201842112106
201842112107
201842112108
201842112109
201842112201
201842112202
201842112203
201842112204
201842112205
201842112206
201842112207
201842112208
201842112301
201842112302
201842112303
201842112304
201842112305
201842112306
201842112307
201842112308
201842112309
201842122401
201842122402
201842122403
201842122404
201842122405
201842122406
201842122407
201842122408
201842122409
201842122410
201842122411
201842122412
201842122501
201842122502
201842122503
201842122504
201842122505
201842122506
201842122507
201842122508
201842122509
201842122601
201842122602
201842122603
201842122604
201842122605
201842122606
201842122607
201842122608