201843011501
201843011502
201843011503
201843011504
201843011505
201843011506
201843011507
201843011508
201843011509
201843011510
201843011511
201843011512
201843011601
201843011602
201843011603
201843011604
201843011605
201843011606
201843011607
201843011608
201843011609
201843011610
201843011611
201843011612
201843011701
201843011702
201843011703
201843011704
201843011705
201843011706
201843011707
201843011708
201843011709
201843011710
201843011711
201843011712
201843011801
201843011802
201843011803
201843011804
201843011805
201843011806
201843011807
201843011808
201843011809
201843011810
201843011811
201843011812
201843011901
201843011902
201843011903
201843011904
201843011905
201843011906
201843011907
201843011908
201843011909
201843011910
201843011911
201843011912
201843020501
201843020502
201843020503
201843020504
201843020505
201843020506
201843020507
201843020508
201843020509
201843020510
201843020511
201843020512
201843020601
201843020602
201843020603
201843020604
201843020605
201843020606
201843020607
201843020608
201843020609
201843020610
201843020611
201843020612
201843020701
201843020702
201843020703
201843020704
201843020705
201843020706
201843020707
201843020708
201843020709
201843020710
201843020711
201843020712
201843020801
201843020802
201843020803
201843020804
201843020805
201843020806
201843020807
201843020808
201843020809
201843020810
201843020811
201843020812
201843020901
201843020902
201843020903
201843020904
201843020905
201843020906
201843020907
201843020908
201843020909
201843020910
201843020911
201843020912
201843031201
201843031202
201843031203
201843031204
201843031205
201843031206
201843031207
201843031208
201843031209
201843031210
201843031211
201843031212
201843031301
201843031302
201843031303
201843031304
201843031305
201843031306
201843031307
201843031308
201843031309
201843031310
201843031311
201843031312
201843031401
201843031402
201843031403
201843031404
201843031405
201843031406
201843031407
201843031408
201843031409
201843031410
201843031411
201843031412
201843031501
201843031502
201843031503
201843031504
201843031505
201843031506
201843031507
201843031508
201843031509
201843031510
201843031511
201843031512
201843031601
201843031602
201843031603
201843031604
201843031605
201843031606
201843031607
201843031608
201843031609
201843031610
201843031611
201843031612
201843040901
201843040902
201843040903
201843040904
201843040905
201843040906
201843040907
201843040908
201843040909
201843040910
201843040911
201843041001
201843041002
201843041003
201843041004
201843041005
201843041006
201843041007
201843041008
201843041009
201843041010
201843041011
201843041012
201843041101
201843041102
201843041103
201843041104
201843041105
201843041106
201843041107
201843041108
201843041109
201843041110
201843041111
201843041112
201843041201
201843041202
201843041203
201843041204
201843041205
201843041206
201843041207
201843041208
201843041209
201843041210
201843041211
201843041212
201843041301
201843041302
201843041303
201843041304
201843041305
201843041306
201843041307
201843041308
201843041309
201843041310
201843041311
201843043001
201843043002
201843043003
201843043004
201843043005
201843043006
201843043007
201843043008
201843043009
201843050101
201843050102
201843050103
201843050104
201843050105
201843050106
201843050107
201843050108
201843050109
201843050110
201843050111
201843050201
201843050202
201843050203
201843050204
201843050205
201843050206
201843050207
201843050208
201843050209
201843050210
201843050211
201843050212
201843050301
201843050302
201843050303
201843050304
201843050305
201843050306
201843050307
201843050308
201843050309
201843050310
201843050311
201843050312
201843050401
201843050402
201843050403
201843050404
201843050405
201843050406
201843050407
201843050408
201843050409
201843050410
201843050411
201843050412
201843061801
201843061802
201843061803
201843061804
201843061805
201843061806
201843061807
201843061808
201843061809
201843061901
201843061902
201843061903
201843061904
201843061905
201843061906
201843061907
201843061908
201843061909
201843061910
201843061911
201843061912
201843062001
201843062002
201843062003
201843062004
201843062005
201843062006
201843062007
201843062008
201843062009
201843062010
201843062011
201843062012
201843062101
201843062102
201843062103
201843062104
201843062105
201843062106
201843062107
201843062108
201843062109
201843062110
201843062111
201843062112
201843062201
201843062202
201843062203
201843062204
201843062205
201843062206
201843062207
201843062208
201843062209
201843062210
201843062211
201843062212
201843072401
201843072402
201843072403
201843072404
201843072405
201843072406
201843072407
201843072408
201843072409
201843072410
201843072411
201843072412
201843072501
201843072502
201843072503
201843072504
201843072505
201843072506
201843072507
201843072508
201843072509
201843072510
201843072511
201843072512
201843072601
201843072602
201843072603
201843072604
201843072605
201843072606
201843072607
201843072608
201843072609
201843072610
201843072611
201843072612
201843072701
201843072702
201843072703
201843072704
201843072705
201843072706
201843072707
201843072708
201843072709
201843072710
201843072711
201843072712
201843080801
201843080802
201843080803
201843080804
201843080805
201843080806
201843080807
201843080808
201843080809
201843080810
201843080811
201843080901
201843080902
201843080903
201843080904
201843080905
201843080906
201843080907
201843080908
201843080909
201843080910
201843080911
201843080912
201843081001
201843081002
201843081003
201843081004
201843081005
201843081006
201843081007
201843081008
201843081009
201843081010
201843081011
201843081012
201843081101
201843081102
201843081103
201843081104
201843081105
201843081106
201843081107
201843081108
201843081109
201843081110
201843081111
201843083101
201843083102
201843083103
201843083104
201843083105
201843083106
201843083107
201843083108
201843083109
201843083110
201843083111
201843083112
201843090201
201843090202
201843090203
201843090204
201843090205
201843090206
201843090207
201843090208
201843090209
201843090301
201843090302
201843090303
201843090304
201843090305
201843090306
201843090307
201843090308
201843090309
201843090310
201843090311
201843090312
201843090401
201843090402
201843090403
201843090404
201843090405
201843090406
201843090407
201843090408
201843090409
201843090410
201843090411
201843090412
201843100101
201843100102
201843100103
201843100104
201843100105
201843100106
201843100107
201843100108
201843100109
201843100110
201843100111
201843100201
201843100202
201843100203
201843100204
201843100205
201843100206
201843100207
201843100208
201843100209
201843100210
201843100211
201843100212
201843100301
201843100302
201843100303
201843100304
201843100305
201843100306
201843100307
201843100308
201843100309
201843100310
201843100311
201843100312
201843100401
201843100402
201843100403
201843100404
201843100405
201843100406
201843100407
201843100408
201843100409
201843100410
201843100411
201843100412
201843100501
201843100502
201843100503
201843100504
201843100505
201843100506
201843100507
201843100508
201843100509
201843100510
201843100511
201843110501
201843110502
201843110503
201843110504
201843110505
201843110506
201843110507
201843110508
201843110509
201843110510
201843110511
201843110512
201843110601
201843110602
201843110603
201843110604
201843110605
201843110606
201843110607
201843110608
201843110609
201843110610
201843110611
201843110612
201843110701
201843110702
201843110703
201843110704
201843110705
201843110706
201843110707
201843110708
201843110709
201843110710
201843110711
201843110712
201843110801
201843110802
201843110803
201843110804
201843110805
201843110806
201843110807
201843110808
201843110809
201843110810
201843110811
201843110812
201843110901
201843110902
201843110903
201843110904
201843110905
201843110906
201843110907
201843110908
201843110909
201843110910
201843110911
201843110912
201843121001
201843121002
201843121003
201843121004
201843121005
201843121006
201843121007
201843121008
201843121009
201843121010
201843121011
201843121012
201843121101
201843121102
201843121103
201843121104
201843121105
201843121106
201843121107
201843121108
201843121109
201843121110
201843121111
201843121112
201843121201
201843121202
201843121203
201843121204
201843121205
201843121206
201843121207
201843121208
201843121209
201843121210
201843121211
201843121212
201843121301
201843121302
201843121303
201843121304
201843121305
201843121306
201843121307
201843121308
201843121309
201843121310
201843121311
201843121312
201843121401
201843121402
201843121403
201843121404
201843121405
201843121406
201843121407
201843121408
201843121409
201843121410
201843121411
201843121412