201844012311
201844012403
201844012501
201844022103
201844022211
201844022401
201844030811
201844030905
201844030906
201844032605
201844032811
201844033004
201844033005
201844041706
201844041710
201844041805
201844050701
201844050704
201844050809
201844050905
201844050911
201844051011
201844051105
201844052210
201844052303
201844052304
201844052306
201844052405
201844052407
201844052504
201844052506
201844060404
201844060503
201844060509
201844060512
201844060602
201844060611
201844060710
201844060803
201844062512
201844062602
201844062610
201844062611
201844062703
201844062704
201844062804
201844062805
201844070910
201844071003
201844071004
201844071005
201844071103
201844071104
201844071111
201844071205
201844071206
201844071207
201844071301
201844073008
201844073010
201844073105
201844073108
201844073110
201844080103
201844080201
201844080202
201844080203
201844080304
201844081205
201844081206
201844081207
201844081301
201844081302
201844081303
201844081403
201844081409
201844081502
201844081503
201844081510
201844081607
201844081608
201844081705
201844081706
201844082702
201844082703
201844082704
201844082804
201844082806
201844082907
201844083005
201844083006
201844083007
201844083009
201844091803
201844091805
201844091808
201844091811
201844091903
201844092004
201844092005
201844092006
201844092106
201844092602
201844092603
201844092606
201844092607
201844092703
201844092704
201844092706
201844100806
201844100807
201844100903
201844100904
201844100906
201844100908
201844101004
201844101005
201844101006
201844101007
201844101008
201844101009
201844101103
201844101104
201844101105
201844101107
201844101108
201844101204
201844101205
201844101209
201844101212
201844102904
201844102908
201844102909
201844103007
201844103008
201844103009
201844103011
201844103012
201844103104
201844103107
201844103108
201844103109
201844110102
201844110103
201844110104
201844110105
201844110106
201844110107
201844110108
201844110109
201844110206
201844110207
201844110208
201844110209
201844111202
201844111203
201844111204
201844111205
201844111206
201844111207
201844111208
201844111209
201844111303
201844111304
201844111305
201844111306
201844111307
201844111308
201844111309
201844111403
201844111404
201844111405
201844111406
201844111407
201844111411
201844111503
201844111504
201844111505
201844111507
201844111508
201844111509
201844111510
201844111606
201844111607
201844111608
201844111609
201844111611
201844111612
201844120305
201844120306
201844120307
201844120308
201844120309
201844120310
201844120402
201844120406
201844120407
201844120408
201844120409
201844120410
201844120412
201844120501
201844120503
201844120504
201844120505
201844120506
201844120507
201844120509
201844120511
201844120605
201844120606
201844120608
201844120609
201844120701
201844120702
201844120705
201844120706
201844120708
201844120711
201844122503
201844122507
201844122508
201844122509
201844122511
201844122602
201844122603
201844122604
201844122605
201844122606
201844122701
201844122703
201844122706
201844122707
201844122708
201844122710
201844122711
201844122903
201844122904
201844122905
201844122906
201844122907
201844122910
201844122912
201844123001
201844123003
201844123004
201844123005
201844123006
201844123007
201844123008
201844123011
201844123101
201844123102
201844123103
201844123104
201844123105
201844123106
201844123107
201844123110
201844123111
201844123112