201845010101
201845010102
201845010103
201845010104
201845010105
201845010106
201845010107
201845010108
201845010109
201845010110
201845010111
201845010112
201845010201
201845010202
201845010203
201845010204
201845010205
201845010206
201845010207
201845010208
201845010209
201845010210
201845010211
201845010212
201845010301
201845010302
201845010303
201845010304
201845010305
201845010306
201845010307
201845010308
201845010309
201845010310
201845010311
201845010312
201845010401
201845010402
201845010403
201845010404
201845010405
201845010406
201845010407
201845010408
201845010409
201845010410
201845010411
201845010412
201845010501
201845010502
201845010503
201845010504
201845010505
201845010506
201845010507
201845010508
201845010509
201845010510
201845010511
201845010512
201845012901
201845012902
201845012903
201845012904
201845012905
201845012906
201845012907
201845012908
201845012909
201845012910
201845012911
201845012912
201845013001
201845013002
201845013003
201845013004
201845013005
201845013006
201845013007
201845013008
201845013009
201845013010
201845013011
201845013012
201845013101
201845013102
201845013103
201845013104
201845013105
201845013106
201845013107
201845013108
201845013109
201845013110
201845013111
201845013112
201845020101
201845020102
201845020103
201845020104
201845020105
201845020106
201845020107
201845020108
201845020109
201845020110
201845020111
201845020112
201845020201
201845020202
201845020203
201845020204
201845020205
201845020206
201845020207
201845020208
201845020209
201845020210
201845020211
201845020212
201845022601
201845022602
201845022603
201845022604
201845022605
201845022606
201845022607
201845022608
201845022609
201845022610
201845022611
201845022612
201845022701
201845022702
201845022703
201845022704
201845022705
201845022706
201845022707
201845022708
201845022709
201845022710
201845022711
201845022712
201845022801
201845022802
201845022803
201845022804
201845022805
201845022806
201845022807
201845022808
201845022809
201845022810
201845022811
201845022812
201845030101
201845030102
201845030103
201845030104
201845030105
201845030106
201845030107
201845030108
201845030109
201845030110
201845030111
201845030112
201845030201
201845030202
201845030203
201845030204
201845030205
201845030206
201845030207
201845030208
201845030209
201845030210
201845030211
201845030212
201845040201
201845040202
201845040203
201845040204
201845040205
201845040206
201845040207
201845040208
201845040209
201845040210
201845040211
201845040212
201845040301
201845040302
201845040303
201845040304
201845040305
201845040306
201845040307
201845040308
201845040309
201845040310
201845040311
201845040312
201845040401
201845040402
201845040403
201845040404
201845040405
201845040406
201845040407
201845040408
201845040409
201845040410
201845040411
201845040412
201845040501
201845040502
201845040503
201845040504
201845040505
201845040506
201845040507
201845040508
201845040509
201845040510
201845040511
201845040512
201845040601
201845040602
201845040603
201845040604
201845040605
201845040606
201845040607
201845040608
201845040609
201845040610
201845040611
201845040612
201845051401
201845051402
201845051403
201845051404
201845051405
201845051406
201845051407
201845051408
201845051409
201845051410
201845051411
201845051412
201845051501
201845051502
201845051503
201845051504
201845051505
201845051506
201845051507
201845051508
201845051509
201845051510
201845051511
201845051512
201845051601
201845051602
201845051603
201845051604
201845051605
201845051606
201845051607
201845051608
201845051609
201845051610
201845051611
201845051612
201845051701
201845051702
201845051703
201845051704
201845051705
201845051706
201845051707
201845051708
201845051709
201845051710
201845051711
201845051712
201845051801
201845051802
201845051803
201845051804
201845051805
201845051806
201845051807
201845051808
201845051809
201845051810
201845051811
201845051812
201845061101
201845061102
201845061103
201845061104
201845061105
201845061106
201845061107
201845061108
201845061109
201845061110
201845061111
201845061201
201845061202
201845061203
201845061204
201845061205
201845061206
201845061207
201845061208
201845061209
201845061210
201845061211
201845061212
201845061301
201845061302
201845061303
201845061304
201845061305
201845061306
201845061307
201845061308
201845061309
201845061310
201845061311
201845061312
201845061401
201845061402
201845061403
201845061404
201845061405
201845061406
201845061407
201845061408
201845061409
201845061410
201845061411
201845061412
201845061501
201845061502
201845061503
201845061504
201845061505
201845061506
201845061507
201845061508
201845061509
201845061510
201845061511
201845061512
201845070201
201845070202
201845070203
201845070204
201845070205
201845070206
201845070207
201845070208
201845070209
201845070210
201845070211
201845070301
201845070302
201845070303
201845070304
201845070305
201845070306
201845070307
201845070308
201845070309
201845070310
201845070311
201845070312
201845070401
201845070402
201845070403
201845070404
201845070405
201845070406
201845070407
201845070408
201845070409
201845070410
201845070411
201845070412
201845070501
201845070502
201845070503
201845070504
201845070505
201845070506
201845070507
201845070508
201845070509
201845070510
201845070511
201845070512
201845070601
201845070602
201845070603
201845070604
201845070605
201845070606
201845070607
201845070608
201845070609
201845070610
201845070611
201845070612
201845071901
201845071902
201845071903
201845071904
201845071905
201845071906
201845071907
201845071908
201845071909
201845071910
201845071911
201845071912
201845072001
201845072002
201845072003
201845072004
201845072005
201845072006
201845072007
201845072008
201845072009
201845072010
201845072011
201845072012
201845072201
201845072202
201845072203
201845072204
201845072205
201845072206
201845072207
201845072208
201845072301
201845072302
201845072303
201845072304
201845072305
201845072306
201845072307
201845072308
201845072309
201845072310
201845072311
201845072312
201845082001
201845082002
201845082003
201845082004
201845082005
201845082006
201845082007
201845082008
201845082009
201845082010
201845082101
201845082102
201845082103
201845082104
201845082105
201845082106
201845082107
201845082108
201845082109
201845082110
201845082111
201845082112
201845082201
201845082202
201845082203
201845082204
201845082205
201845082206
201845082207
201845082208
201845082209
201845082210
201845082211
201845082212
201845082301
201845082302
201845082303
201845082304
201845082305
201845082306
201845082307
201845082308
201845082309
201845082310
201845082311
201845082312
201845082401
201845082402
201845082403
201845082404
201845082405
201845082406
201845082407
201845082408
201845082409
201845082410
201845082411
201845091001
201845091002
201845091003
201845091004
201845091005
201845091006
201845091007
201845091008
201845091009
201845091010
201845091101
201845091102
201845091103
201845091104
201845091105
201845091106
201845091107
201845091108
201845091109
201845091110
201845091111
201845091201
201845091202
201845091203
201845091204
201845091205
201845091206
201845091207
201845091208
201845091209
201845091210
201845091211
201845091212
201845091301
201845091302
201845091303
201845091304
201845091305
201845091306
201845091307
201845091308
201845091309
201845091310
201845091311
201845091401
201845091402
201845091403
201845091404
201845091405
201845091406
201845091407
201845091408
201845091409
201845091410
201845091411
201845101501
201845101502
201845101503
201845101504
201845101505
201845101506
201845101507
201845101508
201845101509
201845101510
201845101511
201845101512
201845101601
201845101602
201845101603
201845101604
201845101605
201845101606
201845101607
201845101608
201845101609
201845101610
201845101611
201845101612
201845101701
201845101702
201845101703
201845101704
201845101705
201845101706
201845101707
201845101708
201845101709
201845101710
201845101711
201845101712
201845101801
201845101802
201845101803
201845101804
201845101805
201845101806
201845101807
201845101808
201845101809
201845101810
201845101811
201845101812
201845101901
201845101902
201845101903
201845101904
201845101905
201845101906
201845101907
201845101908
201845101909
201845101910
201845101911
201845112601
201845112602
201845112603
201845112604
201845112605
201845112606
201845112607
201845112608
201845112609
201845112610
201845112611
201845112612
201845112701
201845112702
201845112703
201845112704
201845112705
201845112706
201845112707
201845112708
201845112709
201845112710
201845112711
201845112712
201845112801
201845112802
201845112803
201845112804
201845112805
201845112806
201845112807
201845112808
201845112809
201845112810
201845112811
201845112812
201845112901
201845112902
201845112903
201845112904
201845112905
201845112906
201845112907
201845112908
201845112909
201845112910
201845112911
201845112912
201845113001
201845113002
201845113003
201845113004
201845113005
201845113006
201845113007
201845113008
201845113009
201845113010
201845113011
201845113012
201845121701
201845121702
201845121703
201845121704
201845121705
201845121706
201845121707
201845121708
201845121709
201845121710
201845121711
201845121801
201845121802
201845121803
201845121804
201845121805
201845121806
201845121807
201845121808
201845121809
201845121810
201845121811
201845121812
201845121901
201845121902
201845121903
201845121904
201845121905
201845121906
201845121907
201845121908
201845121909
201845121910
201845121911
201845121912
201845122001
201845122002
201845122003
201845122004
201845122005
201845122006
201845122007
201845122008
201845122009
201845122010
201845122011
201845122012
201845122101
201845122102
201845122103
201845122104
201845122105
201845122106
201845122107
201845122108
201845122109
201845122110
201845122111
201845122112