201846032501
201846032502
201846032503
201846032504
201846032505
201846032506
201846032507
201846032508
201846032509
201846032510
201846032511
201846032601
201846032602
201846032603
201846032604
201846032605
201846032606
201846032607
201846032608
201846032609
201846032610
201846032611
201846032701
201846032702
201846032703
201846032704
201846032705
201846032706
201846032707
201846032708
201846032709
201846032710
201846032711
201846032712
201846040101
201846040102
201846040103
201846040104
201846040105
201846040106
201846040107
201846040108
201846040109
201846040110
201846040111
201846040301
201846040302
201846040303
201846040304
201846040305
201846040306
201846040307
201846040308
201846040309
201846040310
201846040311
201846040312
201846040801
201846040802
201846040803
201846040804
201846040805
201846040806
201846040807
201846040808
201846040809
201846040810
201846040811
201846041001
201846041002
201846041003
201846041004
201846041005
201846041006
201846041007
201846041008
201846041009
201846041010
201846041011
201846041012
201846041501
201846041502
201846041503
201846041504
201846041505
201846041506
201846041507
201846041508
201846041509
201846041510
201846041511
201846041701
201846041702
201846041703
201846041704
201846041705
201846041706
201846041707
201846041708
201846041709
201846041710
201846041711
201846041712
201846042201
201846042202
201846042203
201846042204
201846042205
201846042206
201846042207
201846042208
201846042209
201846042210
201846042211
201846042401
201846042402
201846042403
201846042404
201846042405
201846042406
201846042407
201846042408
201846042409
201846042410
201846042411
201846042412
201846042901
201846042902
201846042903
201846042904
201846042905
201846042906
201846042907
201846042908
201846042909
201846042910
201846042911
201846042912
201846050101
201846050102
201846050103
201846050104
201846050105
201846050106
201846050107
201846050108
201846050109
201846050110
201846050111
201846050112
201846050601
201846050602
201846050603
201846050604
201846050605
201846050606
201846050607
201846050608
201846050609
201846050610
201846050611
201846050801
201846050802
201846050803
201846050804
201846050805
201846050806
201846050807
201846050808
201846050809
201846050810
201846050811
201846050812
201846051301
201846051302
201846051303
201846051304
201846051305
201846051306
201846051307
201846051308
201846051309
201846051310
201846051311
201846051501
201846051502
201846051503
201846051504
201846051505
201846051506
201846051507
201846051508
201846051509
201846051510
201846051511
201846051512
201846052001
201846052002
201846052003
201846052004
201846052005
201846052006
201846052007
201846052008
201846052009
201846052010
201846052011
201846052201
201846052202
201846052203
201846052204
201846052205
201846052206
201846052207
201846052208
201846052209
201846052210
201846052211
201846052212
201846052701
201846052702
201846052703
201846052704
201846052705
201846052706
201846052707
201846052708
201846052709
201846052710
201846052711
201846052901
201846052902
201846052903
201846052904
201846052905
201846052906
201846052907
201846052908
201846052909
201846052910
201846052911
201846052912
201846060301
201846060302
201846060303
201846060304
201846060305
201846060306
201846060307
201846060308
201846060309
201846060310
201846060311
201846060501
201846060502
201846060503
201846060504
201846060505
201846060506
201846060507
201846060508
201846060509
201846060510
201846060511
201846060512
201846061001
201846061002
201846061003
201846061004
201846061005
201846061006
201846061007
201846061008
201846061009
201846061010
201846061011
201846061201
201846061202
201846061203
201846061204
201846061205
201846061206
201846061207
201846061208
201846061209
201846061210
201846061211
201846061212
201846061701
201846061702
201846061703
201846061704
201846061705
201846061706
201846061707
201846061708
201846061709
201846061710
201846061711
201846061901
201846061902
201846061903
201846061904
201846061905
201846061906
201846061907
201846061908
201846061909
201846061910
201846061911
201846061912
201846062401
201846062402
201846062403
201846062404
201846062405
201846062406
201846062407
201846062408
201846062409
201846062410
201846062411
201846062601
201846062602
201846062603
201846062604
201846062605
201846062606
201846062607
201846062608
201846062609
201846062610
201846062611
201846062612
201846070101
201846070102
201846070103
201846070104
201846070105
201846070106
201846070107
201846070108
201846070109
201846070110
201846070111
201846070301
201846070302
201846070303
201846070304
201846070305
201846070306
201846070307
201846070308
201846070309
201846070310
201846070311
201846070312
201846070801
201846070802
201846070803
201846070804
201846070805
201846070806
201846070807
201846070808
201846070809
201846070810
201846070811
201846071001
201846071002
201846071003
201846071004
201846071005
201846071006
201846071007
201846071008
201846071009
201846071010
201846071011
201846071012
201846071501
201846071502
201846071503
201846071504
201846071505
201846071506
201846071507
201846071508
201846071509
201846071510
201846071511
201846071512
201846071701
201846071702
201846071703
201846071704
201846071705
201846071706
201846071707
201846071708
201846071709
201846071710
201846071711
201846071712
201846072201
201846072202
201846072203
201846072204
201846072205
201846072206
201846072207
201846072208
201846072209
201846072210
201846072211
201846072212
201846072401
201846072402
201846072403
201846072404
201846072405
201846072406
201846072407
201846072408
201846072409
201846072410
201846072411
201846072412
201846072901
201846072902
201846072903
201846072904
201846072905
201846072906
201846072907
201846072908
201846072909
201846072910
201846072911
201846073101
201846073102
201846073103
201846073104
201846073105
201846073106
201846073107
201846073108
201846073109
201846073110
201846073111
201846073112
201846080501
201846080502
201846080503
201846080504
201846080505
201846080506
201846080507
201846080508
201846080509
201846080510
201846080511
201846080701
201846080702
201846080703
201846080704
201846080705
201846080706
201846080707
201846080708
201846080709
201846080710
201846080711
201846080712
201846080901
201846080902
201846080903
201846080904
201846080905
201846080906
201846080907
201846080908
201846080909
201846080910
201846080911
201846080912
201846081401
201846081402
201846081403
201846081404
201846081405
201846081406
201846081407
201846081408
201846081409
201846081410
201846081411
201846081412
201846081901
201846081902
201846081903
201846081904
201846081905
201846081906
201846081907
201846081908
201846081909
201846081910
201846081911
201846081912
201846082101
201846082102
201846082103
201846082104
201846082105
201846082106
201846082107
201846082108
201846082109
201846082110
201846082111
201846082112
201846082601
201846082602
201846082603
201846082604
201846082605
201846082606
201846082607
201846082608
201846082609
201846082610
201846082611
201846082612
201846082801
201846082802
201846082803
201846082804
201846082805
201846082806
201846082807
201846082808
201846082809
201846082810
201846082811
201846090201
201846090202
201846090203
201846090204
201846090205
201846090206
201846090207
201846090208
201846090209
201846090210
201846090211
201846090401
201846090402
201846090403
201846090404
201846090405
201846090406
201846090407
201846090408
201846090409
201846090410
201846090411
201846090412
201846090501
201846090502
201846090503
201846090504
201846090505
201846090506
201846090507
201846090508
201846090509
201846090510
201846090511
201846090512
201846090901
201846090902
201846090903
201846090904
201846090905
201846090906
201846090907
201846090908
201846090909
201846090910
201846090911
201846090912
201846091101
201846091102
201846091103
201846091104
201846091105
201846091106
201846091107
201846091108
201846091109
201846091110
201846091111
201846091112
201846091601
201846091602
201846091603
201846091604
201846091605
201846091606
201846091607
201846091608
201846091609
201846091610
201846091611
201846091801
201846091802
201846091803
201846091804
201846091805
201846091806
201846091807
201846091808
201846091809
201846091810
201846091811
201846091812
201846092301
201846092302
201846092303
201846092304
201846092305
201846092306
201846092307
201846092308
201846092309
201846092310
201846092311
201846092501
201846092502
201846092503
201846092504
201846092505
201846092506
201846092507
201846092508
201846092509
201846092510
201846092511
201846092512
201846093001
201846093002
201846093003
201846093004
201846093005
201846093006
201846093007
201846093008
201846093009
201846093010
201846093011
201846093012
201846100201
201846100202
201846100203
201846100204
201846100205
201846100206
201846100207
201846100208
201846100209
201846100210
201846100211
201846100212
201846100701
201846100702
201846100703
201846100704
201846100705
201846100706
201846100707
201846100708
201846100709
201846100710
201846100711
201846100901
201846100902
201846100903
201846100904
201846100905
201846100906
201846100907
201846100908
201846100909
201846100910
201846100911
201846100912
201846101401
201846101402
201846101403
201846101404
201846101405
201846101406
201846101407
201846101408
201846101409
201846101410
201846101411
201846101601
201846101602
201846101603
201846101604
201846101605
201846101606
201846101607
201846101608
201846101609
201846101610
201846101611
201846101612
201846102101
201846102102
201846102103
201846102104
201846102105
201846102106
201846102107
201846102108
201846102109
201846102110
201846102111
201846102301
201846102302
201846102303
201846102304
201846102305
201846102306
201846102307
201846102308
201846102309
201846102310
201846102311
201846102312
201846102801
201846102802
201846102803
201846102804
201846102805
201846102806
201846102807
201846102808
201846102809
201846102810
201846102811
201846103001
201846103002
201846103003
201846103004
201846103005
201846103006
201846103007
201846103008
201846103009
201846103010
201846103011
201846110401
201846110402
201846110403
201846110404
201846110405
201846110406
201846110407
201846110408
201846110601
201846110602
201846110603
201846110604
201846110605
201846110606
201846110607
201846110608
201846110609
201846110610
201846110611
201846111101
201846111102
201846111103
201846111104
201846111105
201846111106
201846111107
201846111108
201846111109
201846111110
201846111301
201846111302
201846111303
201846111304
201846111305
201846111306
201846111307
201846111308
201846111309
201846111310
201846111311
201846111801
201846111802
201846111803
201846111804
201846111805
201846111806
201846111807
201846111808
201846111809
201846111810
201846112001
201846112002
201846112003
201846112004
201846112005
201846112006
201846112007
201846112008
201846112009
201846112010
201846112011
201846112501
201846112502
201846112503
201846112504
201846112505
201846112506
201846112507
201846112508
201846112509
201846112701
201846112702
201846112703
201846112704
201846112705
201846112706
201846112707
201846112708
201846112709
201846112710
201846112711
201846120201
201846120202
201846120203
201846120204
201846120205
201846120206
201846120207
201846120208
201846120209
201846120401
201846120402
201846120403
201846120404
201846120405
201846120406
201846120407
201846120408
201846120409
201846120410
201846120411
201846120901
201846120902
201846120903
201846120904
201846120905
201846120906
201846120907
201846120908
201846120909
201846120910
201846121101
201846121102
201846121103
201846121104
201846121105
201846121106
201846121107
201846121108
201846121109
201846121110
201846121111
201846121601
201846121602
201846121603
201846121604
201846121605
201846121606
201846121607
201846121608
201846121609
201846121610
201846121801
201846121802
201846121803
201846121804
201846121805
201846121806
201846121807
201846121808
201846121809
201846121810
201846121811
201846122401
201846122402
201846122403
201846122404
201846122405
201846122406
201846122407
201846122408
201846122409
201846122410
201846122411
201846122501
201846122502
201846122503
201846122504
201846122505
201846122506
201846122507
201846122508
201846122509
201846122510
201846122511
201846122701
201846122702
201846122703
201846122704
201846122705
201846122706
201846122707
201846122708
201846122709
201846122710
201846122711