201847010901
201847010902
201847010903
201847010904
201847010905
201847010906
201847010907
201847010908
201847010909
201847010910
201847010911
201847010912
201847011001
201847011002
201847011003
201847011004
201847011005
201847011006
201847011007
201847011008
201847011009
201847011010
201847011011
201847011012
201847011101
201847011102
201847011103
201847011104
201847011105
201847011106
201847011107
201847011108
201847011109
201847011110
201847011111
201847011112
201847011201
201847011202
201847011203
201847011204
201847011205
201847011206
201847011207
201847011208
201847011209
201847011210
201847011211
201847011212
201847012201
201847012202
201847012203
201847012204
201847012205
201847012206
201847012207
201847012208
201847012209
201847012210
201847012301
201847012302
201847012303
201847012304
201847012305
201847012306
201847012307
201847012308
201847012309
201847012310
201847012401
201847012402
201847012403
201847012404
201847012405
201847012406
201847012407
201847012408
201847012409
201847012410
201847012501
201847012502
201847012503
201847012504
201847012505
201847012506
201847012507
201847012508
201847012509
201847012510
201847012511
201847012601
201847012602
201847012603
201847012604
201847012605
201847012606
201847012607
201847012608
201847012609
201847012610
201847012611
201847020501
201847020502
201847020503
201847020504
201847020505
201847020506
201847020507
201847020508
201847020509
201847020510
201847020601
201847020602
201847020603
201847020604
201847020605
201847020606
201847020607
201847020608
201847020609
201847020610
201847020701
201847020702
201847020703
201847020704
201847020705
201847020706
201847020707
201847020708
201847020709
201847020710
201847020801
201847020802
201847020803
201847020804
201847020805
201847020806
201847020807
201847020808
201847020809
201847020810
201847020901
201847020902
201847020903
201847020904
201847020905
201847020906
201847020907
201847020908
201847020909
201847020910
201847022001
201847022002
201847022003
201847022004
201847022005
201847022006
201847022007
201847022008
201847022009
201847022010
201847022011
201847022012
201847022101
201847022102
201847022103
201847022104
201847022105
201847022106
201847022107
201847022108
201847022109
201847022110
201847022111
201847022112
201847022201
201847022202
201847022203
201847022204
201847022205
201847022206
201847022207
201847022208
201847022209
201847022210
201847022211
201847022212
201847022301
201847022302
201847022303
201847022304
201847022305
201847022306
201847022307
201847022308
201847022309
201847022310
201847022311
201847022312
201847030701
201847030702
201847030703
201847030704
201847030705
201847030706
201847030707
201847030708
201847030709
201847030710
201847030711
201847030712
201847030801
201847030802
201847030803
201847030804
201847030805
201847030806
201847030807
201847030808
201847030809
201847030810
201847030811
201847030812
201847030901
201847030902
201847030903
201847030904
201847030905
201847030906
201847030907
201847030908
201847030909
201847030910
201847030911
201847030912
201847032001
201847032002
201847032003
201847032004
201847032005
201847032006
201847032007
201847032008
201847032009
201847032010
201847032011
201847032012
201847032101
201847032102
201847032103
201847032104
201847032105
201847032106
201847032107
201847032108
201847032109
201847032110
201847032111
201847032112
201847032201
201847032202
201847032203
201847032204
201847032205
201847032206
201847032207
201847032208
201847032209
201847032210
201847032211
201847032212
201847040301
201847040302
201847040303
201847040304
201847040305
201847040306
201847040307
201847040308
201847040309
201847040310
201847040401
201847040402
201847040403
201847040404
201847040405
201847040406
201847040407
201847040408
201847040409
201847040410
201847040501
201847040502
201847040503
201847040504
201847040505
201847040506
201847040507
201847040508
201847040509
201847040510
201847040511
201847040601
201847040602
201847040603
201847040604
201847040605
201847040606
201847040607
201847040608
201847040609
201847040610
201847040611
201847042301
201847042302
201847042303
201847042304
201847042305
201847042306
201847042307
201847042308
201847042309
201847042310
201847042501
201847042502
201847042503
201847042504
201847042505
201847042506
201847042507
201847042508
201847042509
201847042510
201847042601
201847042602
201847042603
201847042604
201847042605
201847042606
201847042607
201847042608
201847042609
201847042610
201847042611
201847042701
201847042702
201847042703
201847042704
201847042705
201847042706
201847042707
201847042708
201847042709
201847042710
201847042711
201847050801
201847050802
201847050803
201847050804
201847050805
201847050806
201847050807
201847050808
201847050809
201847050810
201847050901
201847050902
201847050903
201847050904
201847050905
201847050906
201847050907
201847050908
201847050909
201847050910
201847050911
201847051001
201847051002
201847051003
201847051004
201847051005
201847051006
201847051007
201847051008
201847051009
201847051010
201847051101
201847051102
201847051103
201847051104
201847051105
201847051106
201847051107
201847051108
201847051109
201847051110
201847051111
201847052801
201847052802
201847052803
201847052804
201847052805
201847052806
201847052807
201847052808
201847052809
201847052810
201847053001
201847053002
201847053003
201847053004
201847053005
201847053006
201847053007
201847053008
201847053009
201847053010
201847053011
201847053101
201847053102
201847053103
201847053104
201847053105
201847053106
201847053107
201847053108
201847053109
201847053110
201847060101
201847060102
201847060103
201847060104
201847060105
201847060106
201847060107
201847060108
201847060109
201847060110
201847060111
201847060112
201847061201
201847061202
201847061203
201847061204
201847061205
201847061206
201847061207
201847061208
201847061209
201847061210
201847061301
201847061302
201847061303
201847061304
201847061305
201847061306
201847061307
201847061308
201847061309
201847061310
201847061401
201847061402
201847061403
201847061404
201847061405
201847061406
201847061407
201847061408
201847061409
201847061410
201847061411
201847061501
201847061502
201847061503
201847061504
201847061505
201847061506
201847061507
201847061508
201847061509
201847061510
201847061511
201847061512
201847062501
201847062502
201847062503
201847062504
201847062505
201847062506
201847062507
201847062508
201847062509
201847062510
201847062701
201847062702
201847062703
201847062704
201847062705
201847062706
201847062707
201847062708
201847062709
201847062710
201847062801
201847062802
201847062803
201847062804
201847062805
201847062806
201847062807
201847062808
201847062809
201847062810
201847062901
201847062902
201847062903
201847062904
201847062905
201847062906
201847062907
201847062908
201847062909
201847062910
201847062911
201847062912
201847071001
201847071002
201847071003
201847071004
201847071005
201847071006
201847071007
201847071008
201847071009
201847071010
201847071101
201847071102
201847071103
201847071104
201847071105
201847071106
201847071107
201847071108
201847071109
201847071110
201847071111
201847071201
201847071202
201847071203
201847071204
201847071205
201847071206
201847071207
201847071208
201847071209
201847071210
201847071211
201847071301
201847071302
201847071303
201847071304
201847071305
201847071306
201847071307
201847071308
201847071309
201847071310
201847071311
201847072501
201847072502
201847072503
201847072504
201847072505
201847072506
201847072507
201847072508
201847072509
201847072510
201847072511
201847072512
201847072601
201847072602
201847072603
201847072604
201847072605
201847072606
201847072607
201847072608
201847072609
201847072610
201847072611
201847072612
201847072701
201847072702
201847072703
201847072704
201847072705
201847072706
201847072707
201847072708
201847072709
201847072710
201847072711
201847072712
201847080101
201847080102
201847080103
201847080104
201847080105
201847080106
201847080107
201847080108
201847080109
201847080110
201847080111
201847080112
201847080201
201847080202
201847080203
201847080204
201847080205
201847080206
201847080207
201847080208
201847080209
201847080210
201847080211
201847080212
201847080301
201847080302
201847080303
201847080304
201847080305
201847080306
201847080307
201847080308
201847080309
201847080310
201847080311
201847080312
201847081301
201847081302
201847081303
201847081304
201847081305
201847081306
201847081307
201847081308
201847081309
201847081310
201847081501
201847081502
201847081503
201847081504
201847081505
201847081506
201847081507
201847081508
201847081509
201847081510
201847081601
201847081602
201847081603
201847081604
201847081605
201847081606
201847081607
201847081608
201847081609
201847081610
201847081701
201847081702
201847081703
201847081704
201847081705
201847081706
201847081707
201847081708
201847081709
201847081710
201847081711
201847090501
201847090502
201847090503
201847090504
201847090505
201847090506
201847090507
201847090508
201847090509
201847090510
201847090511
201847090512
201847090601
201847090602
201847090603
201847090604
201847090605
201847090606
201847090607
201847090608
201847090609
201847090610
201847090611
201847090612
201847090701
201847090702
201847090703
201847090704
201847090705
201847090706
201847090707
201847090708
201847090709
201847090710
201847090711
201847090712
201847091901
201847091902
201847091903
201847091904
201847091905
201847091906
201847091907
201847091908
201847091909
201847091910
201847091911
201847091912
201847092001
201847092002
201847092003
201847092004
201847092005
201847092006
201847092007
201847092008
201847092009
201847092010
201847092011
201847092012
201847092101
201847092102
201847092103
201847092104
201847092105
201847092106
201847092107
201847092108
201847092109
201847092110
201847092111
201847092112
201847100201
201847100202
201847100203
201847100204
201847100205
201847100206
201847100207
201847100208
201847100209
201847100210
201847100301
201847100302
201847100303
201847100304
201847100305
201847100306
201847100307
201847100308
201847100309
201847100310
201847100401
201847100402
201847100403
201847100404
201847100405
201847100406
201847100407
201847100408
201847100409
201847100410
201847100411
201847100501
201847100502
201847100503
201847100504
201847100505
201847100506
201847100507
201847100508
201847100509
201847100510
201847100511
201847101601
201847101602
201847101603
201847101604
201847101605
201847101606
201847101607
201847101608
201847101609
201847101610
201847101701
201847101702
201847101703
201847101704
201847101705
201847101706
201847101707
201847101708
201847101709
201847101710
201847101801
201847101802
201847101803
201847101804
201847101805
201847101806
201847101807
201847101808
201847101809
201847101810
201847101811
201847101901
201847101902
201847101903
201847101904
201847101905
201847101906
201847101907
201847101908
201847101909
201847101910
201847101911
201847101912
201847110501
201847110502
201847110503
201847110504
201847110505
201847110506
201847110507
201847110508
201847110509
201847110510
201847110601
201847110602
201847110603
201847110604
201847110605
201847110606
201847110607
201847110608
201847110609
201847110610
201847110701
201847110702
201847110703
201847110704
201847110705
201847110706
201847110707
201847110708
201847110709
201847110710
201847110801
201847110802
201847110803
201847110804
201847110805
201847110806
201847110807
201847110808
201847110809
201847110810
201847110901
201847110902
201847110903
201847110904
201847110905
201847110906
201847110907
201847110908
201847110909
201847110910
201847111901
201847111902
201847111903
201847111904
201847111905
201847111906
201847111907
201847111908
201847111909
201847111910
201847112001
201847112002
201847112003
201847112004
201847112005
201847112006
201847112007
201847112008
201847112009
201847112010
201847112101
201847112102
201847112103
201847112104
201847112105
201847112106
201847112107
201847112108
201847112109
201847112110
201847112201
201847112202
201847112203
201847112204
201847112205
201847112206
201847112207
201847112208
201847112209
201847112210
201847112301
201847112302
201847112303
201847112304
201847112305
201847112306
201847112307
201847112308
201847112309
201847112310
201847121101
201847121102
201847121103
201847121104
201847121105
201847121106
201847121107
201847121108
201847121109
201847121110
201847121201
201847121202
201847121203
201847121204
201847121205
201847121206
201847121207
201847121208
201847121209
201847121210
201847121211
201847121301
201847121302
201847121303
201847121304
201847121305
201847121306
201847121307
201847121308
201847121309
201847121310
201847121311
201847121401
201847121402
201847121403
201847121404
201847121405
201847121406
201847121407
201847121408
201847121409
201847121410
201847121411
201847121412
201847122601
201847122602
201847122603
201847122604
201847122605
201847122606
201847122607
201847122608
201847122609
201847122610
201847122611
201847122901
201847122902
201847122903
201847122904
201847122905
201847122906
201847122907
201847122908
201847122909
201847122910
201847122911
201847123001
201847123002
201847123003
201847123004
201847123005
201847123006
201847123007
201847123008
201847123009
201847123010
201847123011
201847123101
201847123102
201847123103
201847123104
201847123105
201847123106
201847123107
201847123108
201847123109
201847123110
201847123111
201847123112