201848010101
201848010102
201848010103
201848010104
201848010105
201848010201
201848011601
201848011602
201848011603
201848011604
201848011605
201848011606
201848011701
201848011702
201848011801
201848011802
201848011803
201848011804
201848012901
201848012902
201848012903
201848012904
201848012905
201848012906
201848012907
201848012908
201848013001
201848013002
201848013003
201848013004
201848013005
201848013006
201848013007
201848013008
201848013009
201848013101
201848013102
201848020101
201848020201
201848021301
201848021302
201848021303
201848021304
201848021305
201848021306
201848021307
201848021308
201848021309
201848021401
201848021402
201848021403
201848021404
201848021405
201848021406
201848021407
201848021408
201848021409
201848021501
201848021502
201848021601
201848021602
201848022701
201848022702
201848022703
201848022704
201848022705
201848022706
201848022707
201848022708
201848022709
201848022710
201848022801
201848022802
201848022803
201848022804
201848022805
201848030101
201848030102
201848030201
201848030202
201848031301
201848031302
201848031303
201848031304
201848031305
201848031306
201848031307
201848031308
201848031309
201848031310
201848031311
201848031501
201848031502
201848031601
201848031602
201848032301
201848032302
201848032303
201848032304
201848032305
201848032306
201848032307
201848032308
201848032309
201848032801
201848032802
201848032803
201848032804
201848032805
201848032806
201848032807
201848032808
201848032809
201848032810
201848032901
201848032902
201848033001
201848041001
201848041002
201848041003
201848041004
201848041005
201848041006
201848041007
201848041008
201848041101
201848041102
201848041103
201848041104
201848041105
201848041106
201848041107
201848041108
201848041109
201848041110
201848041201
201848041202
201848041301
201848041302
201848041701
201848041702
201848041703
201848041704
201848041705
201848041706
201848041707
201848041708
201848041709
201848041710
201848041711
201848041801
201848041802
201848041803
201848041901
201848041902
201848042001
201848042002
201848043001
201848043002
201848043003
201848043004
201848050201
201848050202
201848050203
201848050204
201848050205
201848050206
201848050207
201848050208
201848050209
201848050210
201848050211
201848050301
201848050302
201848050303
201848050304
201848050401
201848050402
201848051501
201848051502
201848051503
201848051504
201848051505
201848051506
201848051507
201848051601
201848051602
201848051603
201848051604
201848051605
201848051606
201848051607
201848051608
201848051609
201848051610
201848051701
201848051702
201848051703
201848051801
201848051802
201848052201
201848052202
201848052203
201848052204
201848052205
201848052206
201848052207
201848052301
201848052302
201848052303
201848052304
201848052305
201848052306
201848052307
201848052308
201848052309
201848052310
201848052401
201848052402
201848052403
201848052501
201848052502
201848052503
201848060501
201848060502
201848060503
201848060504
201848060505
201848060506
201848060507
201848060508
201848060509
201848060510
201848060511
201848060601
201848060602
201848060603
201848060604
201848060605
201848060606
201848060607
201848060608
201848060609
201848060610
201848060701
201848060702
201848060703
201848060801
201848060802
201848060803
201848060804
201848061901
201848061902
201848061903
201848061904
201848061905
201848061906
201848061907
201848061908
201848062001
201848062002
201848062003
201848062004
201848062005
201848062006
201848062007
201848062008
201848062009
201848062010
201848062101
201848062102
201848062103
201848062104
201848062201
201848062202
201848062203
201848062204
201848062205
201848070201
201848070202
201848070203
201848070204
201848070205
201848070206
201848070207
201848070208
201848070401
201848070402
201848070403
201848070404
201848070405
201848070406
201848070407
201848070408
201848070409
201848070410
201848070501
201848070502
201848070503
201848070504
201848070505
201848070601
201848070602
201848070603
201848070604
201848070605
201848071601
201848071602
201848071603
201848071604
201848071605
201848071606
201848071607
201848071608
201848071609
201848071610
201848071611
201848071801
201848071802
201848071803
201848071804
201848071805
201848071806
201848071807
201848071808
201848071809
201848071810
201848071811
201848071901
201848071902
201848071903
201848071904
201848071905
201848071906
201848072001
201848072002
201848072003
201848072004
201848072005
201848080601
201848080602
201848080603
201848080604
201848080605
201848080606
201848080801
201848080802
201848080803
201848080804
201848080805
201848080901
201848080902
201848080903
201848080904
201848080905
201848080906
201848080907
201848080908
201848081001
201848081002
201848081003
201848081004
201848081005
201848081006
201848082001
201848082002
201848082003
201848082004
201848082005
201848082006
201848082007
201848082008
201848082201
201848082202
201848082203
201848082204
201848082205
201848082206
201848082301
201848082302
201848082303
201848082304
201848082305
201848082306
201848082307
201848082308
201848082401
201848082402
201848082403
201848082404
201848082405
201848082406
201848082801
201848082802
201848082803
201848082804
201848082805
201848082806
201848082807
201848082808
201848082901
201848082902
201848082903
201848082904
201848082905
201848082906
201848082907
201848082908
201848082909
201848083001
201848083002
201848083003
201848083004
201848083005
201848083006
201848083007
201848083101
201848083102
201848083103
201848083104
201848091101
201848091102
201848091103
201848091104
201848091105
201848091106
201848091107
201848091201
201848091202
201848091301
201848091302
201848091303
201848091304
201848091305
201848091306
201848091401
201848091402
201848091403
201848091404
201848092401
201848092402
201848092403
201848092404
201848092601
201848092602
201848092603
201848092604
201848092605
201848092606
201848092607
201848092608
201848092609
201848092610
201848092611
201848092701
201848092702
201848092703
201848092704
201848092801
201848092802
201848092803
201848092804
201848092805
201848100901
201848100902
201848100903
201848100904
201848100905
201848100906
201848100907
201848100908
201848101001
201848101002
201848101003
201848101004
201848101005
201848101101
201848101102
201848101103
201848101104
201848101105
201848101106
201848101107
201848101108
201848101109
201848101110
201848101111
201848101201
201848101202
201848101203
201848101204
201848102301
201848102302
201848102303
201848102304
201848102305
201848102306
201848102307
201848102308
201848102401
201848102402
201848102403
201848102404
201848102405
201848102406
201848102407
201848102408
201848102409
201848102501
201848102502
201848102503
201848102504
201848102505
201848102601
201848102602
201848102603
201848102604
201848102605
201848102606
201848103001
201848103002
201848103003
201848103004
201848103005
201848103006
201848103007
201848103008
201848103101
201848103102
201848103103
201848103104
201848103105
201848103106
201848103107
201848103108
201848103109
201848103110
201848110101
201848110102
201848110103
201848110104
201848110105
201848110201
201848110202
201848110203
201848110204
201848110205
201848110206
201848111201
201848111202
201848111203
201848111204
201848111205
201848111206
201848111207
201848111208
201848111209
201848111401
201848111402
201848111403
201848111404
201848111405
201848111406
201848111407
201848111408
201848111409
201848111410
201848111501
201848111502
201848111503
201848111504
201848111505
201848111506
201848111507
201848111508
201848111601
201848111602
201848111603
201848111604
201848111605
201848111606
201848111607
201848111608
201848111609
201848111610
201848112601
201848112602
201848112603
201848112604
201848112605
201848112606
201848112801
201848112802
201848112803
201848112804
201848112805
201848112806
201848112807
201848112808
201848112809
201848112810
201848112901
201848112902
201848112903
201848112904
201848112905
201848112906
201848112907
201848112908
201848112909
201848112910
201848113001
201848113002
201848113003
201848113004
201848113005
201848113006
201848113007
201848113008
201848113009
201848113010
201848113011
201848113012
201848120501
201848120502
201848120503
201848120504
201848120505
201848120506
201848120507
201848120508
201848120509
201848120510
201848120511
201848120601
201848120602
201848120603
201848120604
201848120605
201848120606
201848120607
201848120608
201848120609
201848120610
201848120611
201848120612
201848120701
201848120702
201848120703
201848120704
201848120705
201848120706
201848120707
201848120708
201848120709
201848120710
201848120711
201848120712
201848121001
201848121002
201848121003
201848121004
201848121005
201848121006
201848121007
201848121008
201848121009
201848121010
201848121011
201848121012
201848121901
201848121902
201848121903
201848121904
201848121905
201848121906
201848121907
201848121908
201848121909
201848121910
201848121911
201848122001
201848122002
201848122003
201848122004
201848122005
201848122006
201848122007
201848122008
201848122009
201848122010
201848122011
201848122101
201848122102
201848122103
201848122104
201848122105
201848122106
201848122107
201848122108
201848122109
201848122401
201848122402
201848122403
201848122404
201848122405
201848122406
201848122407
201848122408
201848122409
201848122410