201854011404
201854011701
201854012307
201854012401
201854012801
201854013101
201854013102
201854020401
201854020701
201854020702
201854021103
201854021401
201854021402
201854021802
201854022101
201854022102
201854022105
201854022504
201854022703
201854022801
201854030404
201854030601
201854030602
201854031103
201854031309
201854031401
201854031402
201854031811
201854032001
201854032002
201854032507
201854032801
201854032802
201854040701
201854040811
201854041501
201854041502
201854041503
201854042102
201854042306
201854042401
201854042403
201854050601
201854050602
201854050603
201854050607
201854051302
201854051304
201854052601
201854052711
201854060301
201854060302
201854060303
201854060304
201854060305
201854060901
201854060907
201854061001
201854061701
201854061702
201854061703
201854061704
201854062301
201854062305
201854062401
201854063004
201854070101
201854070102
201854070103
201854070104
201854070105
201854070106
201854070701
201854070712
201854070802
201854070901
201854070912
201854071002
201854071501
201854071502
201854071503
201854071504
201854071602
201854071603
201854071605
201854072101
201854072102
201854072105
201854072802
201854072803
201854072804
201854072902
201854072903
201854072904
201854072905
201854072906
201854080401
201854080406
201854081801
201854081802
201854081803
201854081804
201854081806
201854081807
201854081808
201854081903
201854081904
201854082501
201854082505
201854090101
201854090102
201854090103
201854090104
201854090106
201854090107
201854090204
201854090801
201854090805
201854090901
201854091601
201854091602
201854091603
201854091604
201854091606
201854091607
201854091608
201854091701
201854091703
201854091704
201854092301
201854092302
201854092304
201854092306
201854092401
201854092407
201854092901
201854092902
201854092903
201854092904
201854092906
201854093001
201854093004
201854093005
201854101301
201854101302
201854101303
201854101304
201854101310
201854101401
201854101403
201854101407
201854102001
201854102002
201854102003
201854102004
201854102006
201854102012
201854102101
201854102103
201854102104
201854102105
201854102106
201854102110
201854102112
201854102701
201854102702
201854102703
201854102704
201854102706
201854102707
201854102708
201854102801
201854102802
201854102803
201854102810
201854102812
201854110301
201854110302
201854110303
201854110304
201854110306
201854110308
201854110312
201854110401
201854110403
201854110404
201854110405
201854110406
201854110412
201854111004
201854111006
201854111008
201854111009
201854111011
201854111102
201854111103
201854111107
201854111701
201854111702
201854111703
201854111704
201854111706
201854111707
201854111708
201854111709
201854111801
201854111802
201854111803
201854111804
201854111805
201854111812
201854112401
201854112402
201854112403
201854112404
201854112405
201854112408
201854112409
201854112411
201854112507
201854112510
201854120101
201854120102
201854120103
201854120104
201854120106
201854120107
201854120109
201854120112
201854120201
201854120202
201854120203
201854120204
201854120206
201854120212
201854120802
201854120804
201854120805
201854120807
201854120808
201854120810
201854120811
201854120901
201854120904
201854120905
201854120907
201854121501
201854121502
201854121503
201854121504
201854121506
201854121508
201854121509
201854121510
201854121512
201854121601
201854121602
201854121604
201854121605
201854121606
201854121612
201854122801
201854122802
201854122803
201854122806
201854122807
201854123003
201854123008
201854123009
201854123010
201854123011
201854123101
201854123102
201854123103
201854123105
201854123108
201854123112