201855010201
201855010202
201855010203
201855010204
201855010205
201855010206
201855010207
201855010208
201855010209
201855010210
201855010211
201855010301
201855010302
201855010303
201855010304
201855010305
201855010306
201855010307
201855010308
201855010309
201855010310
201855010311
201855010501
201855010502
201855010503
201855010504
201855010505
201855010506
201855010507
201855010508
201855010509
201855010510
201855010511
201855010701
201855010801
201855010802
201855010803
201855010804
201855010805
201855010806
201855010807
201855010808
201855011301
201855011302
201855011303
201855011304
201855011305
201855011306
201855011307
201855011401
201855011402
201855011403
201855011404
201855011405
201855011406
201855011407
201855011408
201855011409
201855011410
201855011411
201855011412
201855012001
201855012002
201855012003
201855012004
201855012005
201855012006
201855012007
201855012008
201855012009
201855012010
201855012011
201855012012
201855012101
201855012102
201855012103
201855012104
201855012105
201855012106
201855012107
201855012108
201855012109
201855012110
201855012701
201855012702
201855012703
201855012704
201855012705
201855012706
201855012707
201855012708
201855012709
201855012710
201855012801
201855012802
201855020301
201855020302
201855020303
201855020304
201855020305
201855020306
201855020307
201855020401
201855020402
201855020403
201855020404
201855020405
201855020406
201855020407
201855020408
201855020409
201855020410
201855020411
201855020412
201855020601
201855020602
201855020603
201855020604
201855020605
201855020606
201855020607
201855021101
201855021102
201855021103
201855021104
201855021105
201855021106
201855021107
201855021108
201855021109
201855021201
201855021202
201855021203
201855021701
201855021702
201855021703
201855021704
201855021705
201855021706
201855021707
201855021708
201855021709
201855021710
201855021711
201855021801
201855021802
201855021803
201855021804
201855021805
201855021806
201855021807
201855021808
201855021809
201855021810
201855021811
201855021812
201855022401
201855022402
201855022403
201855022404
201855022405
201855022406
201855022407
201855022408
201855022409
201855022410
201855022411
201855022412
201855022501
201855030301
201855030302
201855030303
201855030304
201855030305
201855030306
201855030307
201855030308
201855030309
201855030310
201855030401
201855030402
201855030403
201855030404
201855030405
201855030406
201855030407
201855030408
201855030409
201855030410
201855030411
201855030801
201855031001
201855031002
201855031003
201855031004
201855031005
201855031006
201855031007
201855031008
201855031009
201855031101
201855031102
201855031103
201855031701
201855031702
201855031703
201855031704
201855031705
201855031706
201855031707
201855031708
201855031709
201855031710
201855031801
201855031802
201855031803
201855031804
201855031805
201855031806
201855031807
201855031808
201855031809
201855031810
201855031811
201855032401
201855032402
201855032403
201855032404
201855032405
201855032406
201855032407
201855032501
201855032502
201855033101
201855033102
201855033103
201855033104
201855033105
201855033106
201855033107
201855033108
201855033109
201855033110
201855033111
201855040701
201855040702
201855040703
201855040704
201855040705
201855040706
201855040707
201855040708
201855040709
201855040801
201855040802
201855040803
201855040804
201855040805
201855040806
201855040807
201855040808
201855040809
201855040810
201855040811
201855040812
201855041201
201855041202
201855041401
201855041402
201855041403
201855041404
201855041405
201855041406
201855041407
201855041408
201855041409
201855041410
201855041411
201855042101
201855042102
201855042103
201855042104
201855042105
201855042106
201855042107
201855042108
201855042109
201855042110
201855042111
201855042112
201855042201
201855042202
201855042203
201855042204
201855042205
201855042206
201855042207
201855042208
201855042209
201855042210
201855042211
201855042212
201855042801
201855042802
201855042803
201855042804
201855042805
201855042806
201855042807
201855042901
201855042902
201855042903
201855043001
201855043002
201855043003
201855043004
201855043005
201855050501
201855050502
201855050503
201855050504
201855050505
201855050506
201855050507
201855050508
201855050509
201855050801
201855050802
201855050803
201855050804
201855050805
201855050806
201855050807
201855050808
201855050809
201855050810
201855050811
201855051201
201855051202
201855051203
201855051301
201855051302
201855051303
201855051304
201855051305
201855051306
201855051307
201855051308
201855051309
201855051310
201855051901
201855051902
201855051903
201855051904
201855051905
201855051906
201855051907
201855052001
201855052002
201855052003
201855052004
201855052005
201855052006
201855052007
201855052008
201855052009
201855052010
201855052011
201855052601
201855052602
201855052603
201855052604
201855052605
201855052606
201855052607
201855052608
201855052609
201855052610
201855052611
201855052612
201855052701
201855052702
201855052703
201855052704
201855052705
201855052706
201855052707
201855052708
201855052709
201855052710
201855052711
201855052712
201855060201
201855060202
201855060203
201855060204
201855060205
201855060206
201855060207
201855060208
201855060209
201855060501
201855060502
201855060503
201855060504
201855060505
201855060506
201855060507
201855060508
201855060509
201855060510
201855060511
201855060901
201855060902
201855060903
201855060904
201855060905
201855060906
201855060907
201855060908
201855060909
201855060910
201855060911
201855060912
201855061001
201855061002
201855061601
201855061602
201855061603
201855061604
201855061605
201855061606
201855061607
201855061608
201855061901
201855061902
201855061903
201855061904
201855061905
201855061906
201855061907
201855061908
201855061909
201855061910
201855061911
201855062301
201855062302
201855062303
201855062304
201855062305
201855062306
201855062307
201855062308
201855062309
201855062310
201855062311
201855062312
201855062401
201855062402
201855062403
201855062901
201855062902
201855062903
201855062904
201855062905
201855062906
201855062907
201855062908
201855062909
201855062910
201855062911
201855063001
201855063002
201855063003
201855063004
201855063005
201855063006
201855063007
201855063008
201855063009
201855070701
201855070702
201855070703
201855070704
201855070705
201855070706
201855070707
201855070708
201855070709
201855070710
201855070711
201855070712
201855070801
201855070802
201855070803
201855071401
201855071402
201855071403
201855071404
201855071405
201855071406
201855071407
201855071408
201855071409
201855071601
201855071602
201855071603
201855071604
201855071605
201855071606
201855071607
201855071608
201855071609
201855071610
201855071611
201855071612
201855072101
201855072102
201855072103
201855072104
201855072105
201855072106
201855072107
201855072108
201855072109
201855072110
201855072111
201855072112
201855072201
201855072202
201855072801
201855072802
201855072803
201855072804
201855072805
201855072806
201855072807
201855072808
201855072809
201855072810
201855073101
201855073102
201855073103
201855073104
201855073105
201855073106
201855073107
201855073108
201855073109
201855073110
201855073111
201855073112
201855080401
201855080402
201855080403
201855080404
201855080405
201855080406
201855080407
201855080408
201855080409
201855080410
201855080411
201855080412
201855080501
201855080502
201855080503
201855081101
201855081102
201855081103
201855081104
201855081105
201855081106
201855081107
201855081108
201855081109
201855081110
201855081111
201855081201
201855081202
201855081203
201855081204
201855081205
201855081206
201855081207
201855081208
201855081209
201855081210
201855081211
201855081212
201855081401
201855081402
201855081403
201855081404
201855081405
201855081406
201855081407
201855081408
201855081409
201855081410
201855081411
201855081801
201855081802
201855081803
201855082501
201855082502
201855082503
201855082504
201855082505
201855082506
201855082507
201855082508
201855082509
201855082510
201855082511
201855082601
201855082602
201855082603
201855082604
201855082605
201855082606
201855082607
201855082608
201855082609
201855082610
201855082611
201855083101
201855083102
201855083103
201855083104
201855083105
201855090101
201855090102
201855090103
201855090104
201855090105
201855090106
201855090107
201855090108
201855090109
201855090110
201855090111
201855090112
201855090901
201855090902
201855090903
201855090904
201855090905
201855090906
201855090907
201855090908
201855090909
201855090910
201855090911
201855090912
201855091101
201855091102
201855091103
201855091104
201855091105
201855091106
201855091107
201855091108
201855091109
201855091110
201855091601
201855091602
201855091603
201855091604
201855091605
201855091606
201855091607
201855091608
201855091609
201855091610
201855091611
201855091612
201855091701
201855091702
201855091703
201855091704
201855092301
201855092302
201855092303
201855092304
201855092305
201855092306
201855092307
201855092308
201855092309
201855092310
201855092311
201855092401
201855092402
201855092403
201855092404
201855092405
201855092406
201855092407
201855092408
201855092409
201855092410
201855092411
201855092412
201855092901
201855092902
201855092903
201855092904
201855092905
201855092906
201855092907
201855092908
201855092909
201855092910
201855092911
201855092912
201855093001
201855093002
201855093003
201855093004
201855093005
201855093006
201855093007
201855093008
201855093009
201855093010
201855093011
201855093012
201855100101
201855100102
201855100103
201855100104
201855100105
201855100106
201855100107
201855100108
201855100109
201855100110
201855100111
201855100112
201855100701
201855100702
201855100703
201855100704
201855100705
201855100706
201855100707
201855100708
201855100709
201855100710
201855100711
201855100712
201855100801
201855100802
201855100803
201855100804
201855100805
201855100806
201855100807
201855100808
201855100809
201855100810
201855100811
201855100812
201855101301
201855101302
201855101303
201855101304
201855101305
201855101306
201855101307
201855101308
201855101309
201855101310
201855101311
201855101312
201855101401
201855101402
201855101403
201855101404
201855101405
201855101406
201855101407
201855101408
201855101409
201855101410
201855101411
201855101412
201855102001
201855102002
201855102003
201855102004
201855102005
201855102006
201855102007
201855102008
201855102101
201855102102
201855102103
201855102104
201855102105
201855102106
201855102107
201855102701
201855102702
201855102703
201855102704
201855102705
201855102706
201855102707
201855102708
201855102709
201855102710
201855102711
201855102712
201855102801
201855102802
201855102803
201855102804
201855102805
201855102806
201855102807
201855102808
201855102809
201855110301
201855110302
201855110303
201855110304
201855110305
201855110306
201855110307
201855110308
201855110309
201855110310
201855110311
201855110401
201855110402
201855110403
201855110404
201855110405
201855110406
201855110407
201855110408
201855110409
201855110410
201855111001
201855111002
201855111003
201855111004
201855111005
201855111006
201855111007
201855111008
201855111009
201855111010
201855111011
201855111012
201855111101
201855111102
201855111103
201855111104
201855111105
201855111106
201855111107
201855111108
201855111109
201855111110
201855111111
201855111601
201855111602
201855111603
201855111604
201855111605
201855111606
201855111607
201855111608
201855111609
201855111610
201855111701
201855111702
201855111703
201855111704
201855111705
201855111706
201855111707
201855111708
201855111709
201855111710
201855112401
201855112402
201855112403
201855112404
201855112405
201855112406
201855112407
201855112408
201855112409
201855112410
201855112411
201855112412
201855112501
201855112502
201855112503
201855112504
201855112505
201855112506
201855112507
201855112508
201855112509
201855112510
201855112511
201855112512
201855120101
201855120102
201855120103
201855120104
201855120105
201855120106
201855120107
201855120108
201855120109
201855120110
201855120111
201855120201
201855120202
201855120203
201855120204
201855120205
201855120206
201855120207
201855120208
201855120209
201855120210
201855120211
201855120801
201855120802
201855120803
201855120804
201855120805
201855120806
201855120807
201855120808
201855120809
201855120810
201855120811
201855120901
201855120902
201855120903
201855120904
201855120905
201855120906
201855120907
201855120908
201855120909
201855120910
201855120911
201855120912
201855121101
201855121102
201855121103
201855121104
201855121105
201855121106
201855121107
201855121108
201855121109
201855121110
201855121111
201855121112
201855121601
201855121602
201855121603
201855121604
201855121605
201855121606
201855121607
201855121608
201855121609
201855122301
201855122302
201855122303
201855122304
201855122305
201855122306
201855122307
201855122308
201855122309
201855122310
201855122311
201855122312
201855122401
201855122402
201855122403
201855122404
201855122405
201855122406
201855122407
201855122408
201855122409
201855122410
201855122411