200830102101
200830102102
200830102103
200830102104
200830102105
200830102106
200830102107
200830102108
200830102109
200830102110
200830102201
200830102202
200830102203
200830102204
200830102205
200830102206
200830102207
200830102208
200830102209
200830102210
200830102211
200830102301
200830102302
200830102303
200830102304
200830102305
200830102306
200830102307
200830102308
200830102309
200830102310
200830102801
200830102802
200830102803
200830102804
200830102805
200830102806
200830102807
200830102808
200830102809
200830102810
200830102901
200830102902
200830102903
200830102904
200830102905
200830102906
200830102907
200830102908
200830102909
200830102910
200830103001
200830103002
200830103003
200830103004
200830103005
200830103006
200830103007
200830103008
200830103009
200830103010
200830103011
200830110401
200830110402
200830110403
200830110404
200830110405
200830110406
200830110407
200830110408
200830110409
200830110501
200830110502
200830110503
200830110504
200830110505
200830110506
200830110507
200830110508
200830110509
200830110601
200830110602
200830110603
200830110604
200830110605
200830110606
200830110607
200830110608
200830110609
200830110610
200830111101
200830111102
200830111103
200830111104
200830111105
200830111106
200830111107
200830111108
200830111201
200830111202
200830111203
200830111204
200830111205
200830111206
200830111207
200830111208
200830111209
200830111210
200830111301
200830111302
200830111303
200830111304
200830111305
200830111306
200830111307
200830111308
200830111309
200830111310
200830111801
200830111802
200830111803
200830111804
200830111805
200830111806
200830111807
200830111808
200830111809
200830111901
200830111902
200830111903
200830111904
200830111905
200830111906
200830111907
200830111908
200830111909
200830111910
200830112001
200830112002
200830112003
200830112004
200830112005
200830112006
200830112007
200830112008
200830112009