200835053111
200835060208
200835060901
200835060906
200835061410
200835061609
200835061611
200835062307
200835062810
200835063002
200835063008
200835070610
200835071310
200835071410
200835071908
200835072003
200835072101
200835072108
200835072110
200835090606
200835090610
200835090804
200835090807
200835090808
200835091401
200835091402
200835091410
200835091501
200835092104
200835092110
200835092207
200835092208
200835092702
200835092703
200835092706
200835092803
200835092811
200835092910
200835092911
200835100405
200835100407
200835100510
200835100610
200835101210
200835101310
200835101801
200835101805
200835101808
200835101809
200835101907
200835101910
200835102002
200835102004
200835102008
200835102009
200835102510
200835102610
200835102701
200835102704
200835102707