200842012107
200842012109
200842012111
200842012202
200842012206
200842012208
200842012307
200842012401
200842012408
200842012409
200842012410
200842012507
200842012511
200842021104
200842021107
200842021112
200842021203
200842021205
200842021210
200842021302
200842021308
200842021309
200842021311
200842021504
200842021510
200842031707
200842031802
200842031807
200842031808
200842031809
200842031811
200842031902
200842031911
200842032001
200842032009
200842032104
200842042805
200842042806
200842042910
200842043006
200842043008
200842043009
200842050105
200842050112
200842050207
200842050212
200842052703
200842052707
200842052709
200842052710
200842052808
200842052909
200842053004
200842053006
200842063008
200842063011
200842070107
200842070111
200842070201
200842070209
200842070210
200842070303
200842070310
200842070406
200842070410
200842072308
200842072310
200842072401
200842072402
200842072407
200842072410
200842072512
200842082203
200842082209
200842082503
200842082507
200842082511
200842082611
200842091104
200842101305
200842101308
200842101408
200842101409
200842101410
200842101509
200842101604
200842101609
200842101611
200842101702
200842112505
200842112510
200842112602
200842112606
200842112607
200842112609
200842112610
200842112705
200842112710
200842112808
200842122212
200842122304
200842122305
200842122308
200842122311