200843010701
200843010702
200843010703
200843010704
200843010705
200843010706
200843010707
200843010708
200843010709
200843010710
200843010801
200843010802
200843010803
200843010804
200843010805
200843010806
200843010807
200843010808
200843010809
200843010810
200843010811
200843010901
200843010902
200843010903
200843010904
200843010905
200843010906
200843010907
200843010908
200843010909
200843010910
200843010911
200843010912
200843011001
200843011002
200843011003
200843011004
200843011005
200843011006
200843011007
200843011008
200843011009
200843011010
200843011101
200843011102
200843011103
200843011104
200843011105
200843011106
200843011107
200843011108
200843011109
200843011110
200843011111
200843011112
200843020401
200843020402
200843020403
200843020404
200843020405
200843020406
200843020407
200843020408
200843020409
200843020410
200843020411
200843020501
200843020502
200843020503
200843020504
200843020505
200843020506
200843020507
200843020508
200843020509
200843020510
200843020511
200843020512
200843020601
200843020602
200843020603
200843020604
200843020605
200843020606
200843020607
200843020608
200843020609
200843020610
200843020611
200843020612
200843020701
200843020702
200843020703
200843020704
200843020705
200843020706
200843020707
200843020708
200843020709
200843020710
200843020711
200843020801
200843020802
200843020803
200843020804
200843020805
200843020806
200843020807
200843020808
200843020809
200843020810
200843030301
200843030302
200843030303
200843030304
200843030305
200843030306
200843030307
200843030401
200843030402
200843030403
200843030404
200843030405
200843030406
200843030407
200843030408
200843030409
200843030501
200843030502
200843030503
200843030504
200843030505
200843030506
200843030507
200843030508
200843030509
200843030510
200843030601
200843030602
200843030603
200843030604
200843030605
200843030606
200843030607
200843030608
200843030609
200843030610
200843030611
200843030612
200843030701
200843030702
200843030703
200843030704
200843030705
200843030706
200843030707
200843030708
200843030709
200843040101
200843040102
200843040103
200843040104
200843040105
200843040106
200843040107
200843040108
200843040109
200843040110
200843040201
200843040202
200843040203
200843040204
200843040205
200843040206
200843040207
200843040208
200843040209
200843040210
200843040301
200843040302
200843040303
200843040304
200843040305
200843040306
200843040307
200843040308
200843040309
200843040310
200843040311
200843040312
200843040401
200843040402
200843040403
200843040404
200843040405
200843040406
200843040407
200843040408
200843040409
200843050501
200843050502
200843050503
200843050504
200843050505
200843050506
200843050507
200843050508
200843050509
200843050510
200843050601
200843050602
200843050603
200843050604
200843050605
200843050606
200843050607
200843050608
200843050609
200843050701
200843050702
200843050703
200843050704
200843050705
200843050706
200843050707
200843050708
200843050709
200843050801
200843050802
200843050803
200843050804
200843050805
200843050806
200843050807
200843050808
200843050809
200843050810
200843050901
200843050902
200843050903
200843050904
200843050905
200843050906
200843050907
200843050908
200843060901
200843060902
200843060903
200843060904
200843060905
200843060906
200843060907
200843060908
200843061001
200843061002
200843061003
200843061004
200843061005
200843061006
200843061007
200843061008
200843061009
200843061010
200843061011
200843061101
200843061102
200843061103
200843061104
200843061105
200843061106
200843061107
200843061108
200843061109
200843061110
200843061111
200843061201
200843061202
200843061203
200843061204
200843061205
200843061301
200843061302
200843061303
200843061304
200843061305
200843061306
200843061307
200843061308
200843061309
200843061310
200843061311
200843071801
200843071802
200843071803
200843071804
200843071805
200843071806
200843071807
200843071808
200843071809
200843071810
200843071811
200843071812
200843072101
200843072102
200843072103
200843072104
200843072105
200843072106
200843072107
200843072108
200843072109
200843072110
200843072201
200843072202
200843072203
200843072204
200843072205
200843072206
200843072207
200843072208
200843072209
200843072210
200843072211
200843072212
200843082701
200843082702
200843082703
200843082704
200843082705
200843082706
200843082707
200843082708
200843082709
200843082710
200843082711
200843082712
200843082801
200843082802
200843082803
200843082804
200843082805
200843082806
200843082807
200843082808
200843082809
200843082810
200843082901
200843082902
200843082903
200843082904
200843082905
200843082906
200843082907
200843082908
200843082909
200843082910
200843092201
200843092202
200843092203
200843092204
200843092205
200843092206
200843092207
200843092208
200843092209
200843092210
200843092301
200843092302
200843092303
200843092304
200843092305
200843092306
200843092307
200843092308
200843092309
200843092310
200843092401
200843092402
200843092403
200843092404
200843092405
200843092406
200843092501
200843092502
200843092503
200843092504
200843092505
200843092506
200843092507
200843092508
200843092509
200843092601
200843092602
200843092603
200843092604
200843092605
200843092606
200843092607
200843092608
200843092609
200843092610
200843102001
200843102002
200843102003
200843102004
200843102005
200843102006
200843102007
200843102008
200843102009
200843102010
200843102101
200843102102
200843102103
200843102104
200843102105
200843102106
200843102107
200843102108
200843102109
200843102110
200843102111
200843102201
200843102202
200843102203
200843102204
200843102205
200843102206
200843102207
200843102208
200843102209
200843102210
200843102301
200843102302
200843102303
200843102304
200843102305
200843102306
200843102307
200843102308
200843102309
200843102401
200843102402
200843102403
200843102404
200843102405
200843102406
200843102407
200843102408
200843102409
200843102410
200843111701
200843111702
200843111703
200843111704
200843111705
200843111706
200843111707
200843111708
200843111709
200843111710
200843111711
200843111801
200843111802
200843111803
200843111804
200843111805
200843111806
200843111807
200843111808
200843111809
200843111810
200843111811
200843111901
200843111902
200843111903
200843111904
200843111905
200843111906
200843111907
200843111908
200843111909
200843112001
200843112002
200843112003
200843112004
200843112005
200843112006
200843112007
200843112008
200843112009
200843112010
200843112011
200843112101
200843112102
200843112103
200843112104
200843112105
200843112106
200843112107
200843112108
200843112109
200843112110
200843112111
200843120801
200843120802
200843120803
200843120804
200843120805
200843120806
200843120807
200843120808
200843120809
200843120810
200843120811
200843120901
200843120902
200843120903
200843120904
200843120905
200843120906
200843120907
200843120908
200843120909
200843121001
200843121002
200843121003
200843121004
200843121005
200843121006
200843121007
200843121008
200843121009
200843121010
200843121011
200843121101
200843121102
200843121103
200843121104
200843121105
200843121106
200843121107
200843121108
200843121109
200843121110
200843121201
200843121202
200843121203
200843121204
200843121205
200843121206
200843121207
200843121208
200843121209
200843121210
200843121211