200845010105
200845010106
200845010108
200845010112
200845010208
200845010209
200845010210
200845010212
200845010304
200845010306
200845010308
200845010309
200845010405
200845010410
200845010411
200845012805
200845012807
200845012809
200845012810
200845012906
200845012907
200845013003
200845013004
200845013005
200845013007
200845013008
200845013009
200845013010
200845013104
200845013109
200845013110
200845020103
200845020105
200845020108
200845022602
200845022610
200845022702
200845022708
200845022710
200845022711
200845022807
200845022808
200845022907
200845022908
200845022910
200845041403
200845041405
200845041406
200845041408
200845041503
200845041507
200845041604
200845041608
200845041609
200845041705
200845041707
200845041807
200845041810
200845051902
200845051909
200845052004
200845052006
200845052007
200845052008
200845052009
200845052108
200845052109
200845052110
200845052208
200845052310
200845061606
200845061707
200845061708
200845061804
200845061808
200845061810
200845061904
200845061907
200845061908
200845062005
200845062010
200845071408
200845071409
200845071507
200845071508
200845071604
200845071609
200845071610
200845071611
200845071708
200845080409
200845080507
200845080604
200845080607
200845080610
200845080704
200845080707
200845080708
200845080810
200845081803
200845081907
200845081909
200845081910
200845082008
200845082009
200845082010
200845082110
200845090701
200845090707
200845090806
200845090810
200845090902
200845090905
200845091009
200845093006
200845093007
200845100102
200845100110
200845100202
200845100208
200845100310
200845110301
200845110305
200845110309
200845110405
200845110501
200845110509
200845110510
200845110511
200845110609
200845110610
200845121507
200845121509
200845121607
200845121702
200845121708
200845121710
200845121802
200845121804
200845121807
200845121808
200845121902
200845121909
200845121910