200846010203
200846010303
200846010306
200846010407
200846010409
200846010508
200846032403
200846032404
200846032410
200846033102
200846033108
200846040610
200846040705
200846041408
200846042003
200846042010
200846042205
200846042208
200846042808
200846042810
200846050310
200846050403
200846050510
200846050603
200846050609
200846051111
200846051206
200846051909
200846052510
200846052607
200846060810
200846060903
200846060908
200846062211
200846062406
200846070101
200846070110
200846070610
200846070703
200846071510
200846072010
200846072106
200846072910
200846080404
200846080411
200846081710
200846081802
200846081810
200846083106
200846083110
200846090904
200846091402
200846091410
200846092101
200846092210
200846092802
200846100505
200846100509
200846100710
200846101204
200846101309
200846101401
200846101405
200846101905
200846102601
200846102607
200846102608
200846110409
200846110902
200846110903
200846110907
200846110908
200846111105
200846111611
200846112301
200846112401
200846112502
200846112507
200846112509
200846112510
200846120210
200846120703
200846120705
200846120706
200846120905
200846120911
200846121406
200846121410
200846121411
200846122104
200846122105
200846122208
200846122209
200846122811
200846122904
200846122911