200847010101
200847010102
200847010103
200847010104
200847010105
200847010106
200847010107
200847010108
200847010109
200847010110
200847010111
200847010801
200847010802
200847010803
200847010804
200847010805
200847010806
200847010807
200847010808
200847010809
200847010901
200847010902
200847010903
200847010904
200847010905
200847010906
200847010907
200847010908
200847010909
200847010910
200847011101
200847011102
200847011103
200847011104
200847011105
200847011106
200847011107
200847011108
200847011109
200847012001
200847012002
200847012003
200847012004
200847012005
200847012006
200847012101
200847012102
200847012103
200847012104
200847012105
200847012106
200847012107
200847012108
200847012201
200847012202
200847012203
200847012204
200847012301
200847012302
200847012303
200847012304
200847012305
200847012306
200847012307
200847012308
200847012501
200847012502
200847012503
200847012504
200847012505
200847012506
200847021001
200847021002
200847021003
200847021004
200847021005
200847021006
200847021007
200847021101
200847021102
200847021103
200847021104
200847021105
200847021106
200847021107
200847021201
200847021202
200847021203
200847021204
200847021205
200847021206
200847021207
200847021208
200847021301
200847021302
200847021303
200847021304
200847021305
200847021306
200847021307
200847021308
200847021401
200847021402
200847021403
200847021404
200847021405
200847021406
200847021407
200847021408
200847021501
200847021502
200847021503
200847021504
200847021505
200847021506
200847021507
200847021508
200847021509
200847021510
200847022401
200847022402
200847022403
200847022404
200847022405
200847022406
200847022407
200847022408
200847022409
200847022410
200847022601
200847022602
200847022603
200847022604
200847022605
200847022606
200847022607
200847022608
200847022609
200847022701
200847022702
200847022703
200847022704
200847022705
200847022706
200847022707
200847022708
200847022709
200847030901
200847030902
200847031101
200847031102
200847031103
200847031104
200847031105
200847031201
200847031202
200847031203
200847031204
200847031205
200847031206
200847031207
200847031208
200847031209
200847031301
200847031302
200847031303
200847031304
200847031305
200847031306
200847031307
200847040101
200847040102
200847040103
200847040104
200847040105
200847040106
200847040107
200847040108
200847040201
200847040202
200847040203
200847040204
200847040205
200847040206
200847040207
200847040208
200847040209
200847040401
200847040402
200847040403
200847040404
200847040405
200847040406
200847040407
200847040408
200847042101
200847042102
200847042103
200847042104
200847042105
200847042106
200847042301
200847042302
200847042303
200847042304
200847042305
200847042306
200847042307
200847042308
200847042401
200847042402
200847042403
200847042404
200847042405
200847042406
200847042501
200847042502
200847042503
200847042504
200847042505
200847042506
200847042507
200847042508
200847042509
200847042510
200847042511
200847051301
200847051302
200847051303
200847051304
200847051401
200847051402
200847051403
200847051404
200847051405
200847051406
200847051407
200847051408
200847051409
200847051410
200847051411
200847051501
200847051502
200847051503
200847051504
200847051505
200847051506
200847051507
200847051508
200847051509
200847051601
200847051602
200847051603
200847051604
200847051605
200847051606
200847051607
200847051608
200847052701
200847052702
200847052703
200847052704
200847052705
200847052706
200847052801
200847052802
200847052803
200847052804
200847052805
200847052806
200847052807
200847052808
200847052809
200847052901
200847052902
200847052903
200847052904
200847052905
200847052906
200847052907
200847052908
200847052909
200847053001
200847053002
200847053003
200847053004
200847053005
200847053006
200847053007
200847053008
200847053009
200847061001
200847061002
200847061003
200847061004
200847061005
200847061006
200847061007
200847061008
200847061009
200847061010
200847061011
200847061101
200847061102
200847061103
200847061104
200847061105
200847061106
200847061107
200847061108
200847061109
200847061201
200847061202
200847061203
200847061204
200847061205
200847061206
200847061207
200847061208
200847061209
200847061210
200847070801
200847070802
200847070803
200847070804
200847070805
200847070806
200847070807
200847070808
200847070901
200847070902
200847070903
200847070904
200847071001
200847071002
200847071003
200847071004
200847071005
200847071006
200847071007
200847071008
200847071009
200847071010
200847071101
200847071102
200847071103
200847071104
200847071105
200847071106
200847071107
200847071108
200847071109
200847071110
200847072201
200847072202
200847072401
200847072402
200847072403
200847072404
200847072405
200847072406
200847072407
200847072408
200847072409
200847072410
200847072411
200847072501
200847072502
200847072503
200847072504
200847072505
200847072506
200847072507
200847072508
200847072509
200847072510
200847081201
200847081202
200847081301
200847081302
200847081303
200847081304
200847081305
200847081306
200847081307
200847081308
200847081401
200847081402
200847081403
200847081404
200847081405
200847081406
200847081701
200847081702
200847081703
200847081704
200847081705
200847081706
200847081707
200847081708
200847081709
200847081710
200847082601
200847082602
200847082701
200847082702
200847082703
200847082704
200847082705
200847082706
200847082707
200847082708
200847082709
200847082801
200847082802
200847082803
200847082804
200847082805
200847082806
200847082807
200847082808
200847082809
200847082810
200847082811
200847090901
200847090902
200847090903
200847090904
200847090905
200847090906
200847090907
200847090908
200847090909
200847090910
200847091001
200847091002
200847091003
200847091004
200847092301
200847092302
200847092303
200847092304
200847092305
200847092306
200847092307
200847092308
200847092309
200847092401
200847092402
200847092403
200847092404
200847092405
200847092406
200847092407
200847092408
200847092409
200847092410
200847092411
200847092412
200847092601
200847092602
200847092603
200847092604
200847092605
200847092606
200847092607
200847092608
200847101301
200847101302
200847101303
200847101304
200847101401
200847101402
200847101403
200847101404
200847101405
200847101406
200847101407
200847101408
200847101409
200847101601
200847101602
200847101603
200847101701
200847101702
200847101703
200847101704
200847101705
200847101706
200847101707
200847101708
200847101709
200847101710
200847102701
200847102702
200847102703
200847102704
200847102901
200847102902
200847102903
200847102904
200847102905
200847102906
200847102907
200847102908
200847102909
200847102910
200847103001
200847103002
200847103003
200847103004
200847103005
200847103006
200847103007
200847103008
200847103101
200847103102
200847103103
200847103104
200847103105
200847111001
200847111002
200847111003
200847111004
200847111005
200847111006
200847111007
200847111008
200847111009
200847111010
200847111011
200847111201
200847111202
200847111203
200847111204
200847111205
200847111206
200847111207
200847111208
200847111209
200847111210
200847111211
200847111401
200847111402
200847111403
200847111404
200847111405
200847112401
200847112402
200847112403
200847112501
200847112502
200847112503
200847112504
200847112505
200847112506
200847112507
200847112508
200847112509
200847112510
200847112601
200847112602
200847112603
200847112604
200847112605
200847112606
200847112607
200847112608
200847112609
200847112801
200847112802
200847112803
200847112804
200847112805
200847112806
200847112807
200847112808
200847112809
200847112810
200847120801
200847120802
200847120803
200847120901
200847120902
200847120903
200847120904
200847120905
200847120906
200847120907
200847120908
200847120909
200847121001
200847121002
200847121003
200847121004
200847121005
200847121006
200847121007
200847121008
200847121009
200847121101
200847121102
200847121103
200847121104
200847121105
200847121106
200847121107
200847121108
200847121109
200847121110
200847122601
200847122901
200847122902
200847122903
200847122904
200847122905
200847122906
200847122907
200847123101
200847123102
200847123103