200848010101
200848010102
200848010103
200848010104
200848010105
200848010106
200848010107
200848010108
200848010109
200848010110
200848010301
200848010302
200848010303
200848010304
200848010401
200848010402
200848010403
200848010404
200848010405
200848010406
200848010407
200848010408
200848010409
200848010410
200848010411
200848011301
200848011302
200848011303
200848011304
200848011305
200848011306
200848011307
200848011308
200848011401
200848011402
200848011403
200848011404
200848011405
200848011406
200848011407
200848011501
200848011502
200848011503
200848011504
200848011505
200848011506
200848011507
200848011508
200848011509
200848011510
200848011601
200848011602
200848011603
200848011604
200848011605
200848011606
200848011607
200848011608
200848011609
200848011610
200848011701
200848011702
200848011703
200848011704
200848011705
200848011706
200848011707
200848012701
200848012702
200848012703
200848012704
200848012705
200848012706
200848012707
200848012801
200848012802
200848012803
200848012804
200848012805
200848012806
200848012807
200848012808
200848012809
200848012810
200848012811
200848012901
200848012902
200848012903
200848012904
200848012905
200848012906
200848013001
200848013002
200848013003
200848013004
200848013005
200848013006
200848013007
200848020101
200848020102
200848020103
200848020104
200848020105
200848020301
200848020302
200848020303
200848020304
200848020305
200848020306
200848020307
200848020401
200848020402
200848020403
200848020404
200848020405
200848020406
200848020407
200848020408
200848020409
200848020501
200848020502
200848020503
200848020504
200848020505
200848020506
200848020507
200848020508
200848020509
200848020601
200848020602
200848020603
200848020604
200848020605
200848020606
200848020607
200848020608
200848020609
200848020610
200848020801
200848020802
200848020803
200848020804
200848020805
200848021701
200848021702
200848021703
200848021704
200848021705
200848021706
200848021707
200848021708
200848021709
200848021710
200848021801
200848021802
200848021803
200848021804
200848021805
200848021806
200848021807
200848021808
200848021809
200848021810
200848021901
200848021902
200848021903
200848021904
200848021905
200848021906
200848021907
200848022001
200848022002
200848022003
200848022004
200848022005
200848022006
200848022007
200848022008
200848022009
200848022101
200848022102
200848022103
200848022104
200848022105
200848022106
200848022107
200848022108
200848022109
200848022110
200848022201
200848022202
200848022203
200848022204
200848022205
200848022206
200848022207
200848022208
200848022209
200848022210
200848030301
200848030302
200848030303
200848030304
200848030305
200848030306
200848030307
200848030308
200848030309
200848030310
200848030401
200848030402
200848030403
200848030404
200848030405
200848030406
200848030407
200848030408
200848030409
200848030410
200848030411
200848030501
200848030502
200848030503
200848030504
200848030505
200848030506
200848030507
200848030508
200848030509
200848030510
200848030601
200848030602
200848030603
200848030604
200848030701
200848030702
200848030703
200848030704
200848030705
200848030706
200848030707
200848030708
200848030709
200848030710
200848031701
200848031702
200848031703
200848031704
200848031705
200848031706
200848031707
200848031708
200848031709
200848031801
200848031802
200848031803
200848031804
200848031805
200848031806
200848031807
200848031808
200848031809
200848031810
200848031811
200848031901
200848031902
200848031903
200848031904
200848031905
200848031906
200848031907
200848031908
200848031909
200848031910
200848031911
200848032101
200848032102
200848032103
200848032104
200848032401
200848032402
200848032403
200848032404
200848032405
200848032406
200848032407
200848032408
200848032409
200848032501
200848032502
200848032503
200848032504
200848032505
200848032506
200848032507
200848032508
200848032509
200848032510
200848032511
200848032601
200848032602
200848032603
200848032604
200848032605
200848032606
200848032607
200848032608
200848032609
200848032610
200848032611
200848032612
200848032701
200848032702
200848032703
200848032704
200848032705
200848032706
200848032707
200848032708
200848032709
200848032710
200848032711
200848032801
200848032802
200848032803
200848032804
200848032805
200848032806
200848032807
200848032808
200848032809
200848032810
200848032811
200848040801
200848040802
200848040803
200848040804
200848040805
200848040806
200848040807
200848040901
200848040902
200848040903
200848040904
200848040905
200848040906
200848040907
200848040908
200848040909
200848040910
200848040911
200848040912
200848041001
200848041002
200848041003
200848041004
200848041005
200848041006
200848041007
200848041008
200848041009
200848041010
200848041011
200848041101
200848041102
200848041103
200848041104
200848041105
200848041106
200848041107
200848041108
200848041109
200848041501
200848041502
200848041503
200848041504
200848041505
200848041601
200848041602
200848041603
200848041604
200848041605
200848041606
200848041607
200848041608
200848041609
200848041610
200848041611
200848041612
200848041701
200848041702
200848041703
200848041704
200848041705
200848041706
200848041707
200848041708
200848041709
200848041710
200848041711
200848041801
200848041802
200848041803
200848041804
200848041805
200848041806
200848041807
200848042901
200848042902
200848042903
200848042904
200848042905
200848043001
200848043002
200848043003
200848043004
200848043005
200848043006
200848043007
200848043008
200848043009
200848043010
200848043011
200848050101
200848050102
200848050103
200848050104
200848050105
200848050106
200848050107
200848050108
200848050109
200848050110
200848050111
200848050201
200848050202
200848050203
200848050204
200848050205
200848050206
200848050207
200848050208
200848050209
200848050501
200848050502
200848050503
200848050504
200848050505
200848050506
200848050601
200848050602
200848050603
200848050604
200848050605
200848050606
200848050607
200848050608
200848050609
200848050610
200848050701
200848050702
200848050703
200848050704
200848050705
200848050706
200848050707
200848050708
200848050709
200848050710
200848050711
200848050801
200848050802
200848050803
200848050804
200848050901
200848050902
200848050903
200848050904
200848050905
200848050906
200848050907
200848050908
200848050909
200848050910
200848052001
200848052002
200848052003
200848052004
200848052005
200848052006
200848052007
200848052008
200848052009
200848052010
200848052011
200848052101
200848052102
200848052103
200848052104
200848052105
200848052106
200848052107
200848052108
200848052109
200848052201
200848052202
200848052203
200848052204
200848052205
200848052206
200848052207
200848052208
200848052209
200848052210
200848052211
200848052301
200848052302
200848052303
200848052304
200848052305
200848052306
200848052307
200848052308
200848052309
200848052310
200848052311
200848060301
200848060302
200848060303
200848060304
200848060305
200848060306
200848060307
200848060308
200848060309
200848060310
200848060311
200848060401
200848060402
200848060403
200848060404
200848060405
200848060406
200848060407
200848060408
200848060501
200848060502
200848060503
200848060504
200848060505
200848060506
200848060507
200848060508
200848060509
200848060510
200848060511
200848060601
200848060602
200848060603
200848060604
200848060605
200848060606
200848060607
200848060608
200848061701
200848061702
200848061703
200848061704
200848061705
200848061706
200848061707
200848061708
200848061709
200848061710
200848061801
200848061802
200848061803
200848061804
200848061805
200848061806
200848061807
200848061808
200848061809
200848061810
200848061811
200848061901
200848061902
200848061903
200848061904
200848061905
200848061906
200848061907
200848061908
200848061909
200848061910
200848061911
200848062001
200848062002
200848062003
200848062601
200848062602
200848062603
200848062604
200848062605
200848062606
200848062607
200848062608
200848062609
200848062610
200848062611
200848062701
200848062702
200848062703
200848062704
200848062705
200848070201
200848070202
200848070203
200848070204
200848070205
200848070206
200848070207
200848070208
200848070209
200848070210
200848070301
200848070302
200848070303
200848070304
200848070305
200848070306
200848070307
200848070308
200848070309
200848070310
200848070311
200848071401
200848071402
200848071403
200848071404
200848071601
200848071602
200848071603
200848071604
200848071605
200848071606
200848071607
200848071608
200848071609
200848071610
200848071701
200848071702
200848071703
200848071704
200848071705
200848071706
200848071707
200848071708
200848071801
200848071802
200848071803
200848071804
200848071805
200848071806
200848071807
200848071808
200848071809
200848071810
200848080501
200848080502
200848080503
200848080504
200848080505
200848080506
200848080507
200848080508
200848080509
200848080510
200848080511
200848080601
200848080602
200848080603
200848080604
200848080605
200848080606
200848080607
200848080608
200848080609
200848080610
200848080611
200848080701
200848080702
200848080703
200848080704
200848080705
200848080706
200848080707
200848080708
200848080709
200848080710
200848080711
200848080801
200848080802
200848080803
200848080804
200848080805
200848080806
200848080807
200848080808
200848080809
200848080810
200848080811
200848080812
200848081901
200848081902
200848081903
200848081904
200848081905
200848081906
200848081907
200848081908
200848081909
200848082001
200848082002
200848082003
200848082004
200848082005
200848082006
200848082007
200848082008
200848082009
200848082010
200848082011
200848082012
200848082101
200848082102
200848082103
200848082104
200848082105
200848082106
200848082107
200848082108
200848082109
200848082110
200848082111
200848082201
200848090201
200848090202
200848090203
200848090204
200848090205
200848090206
200848090207
200848090208
200848090209
200848090210
200848090211
200848090301
200848090302
200848090303
200848090304
200848090305
200848090306
200848090307
200848090308
200848090309
200848090310
200848090311
200848090401
200848090402
200848090403
200848090404
200848090405
200848090406
200848090501
200848090502
200848090503
200848090504
200848090505
200848090506
200848090507
200848090508
200848090509
200848090510
200848090511
200848090512
200848091601
200848091602
200848091603
200848091604
200848091605
200848091606
200848091607
200848091608
200848091609
200848091610
200848091611
200848091701
200848091702
200848091703
200848091704
200848091705
200848091706
200848091707
200848091708
200848091709
200848091710
200848091711
200848091712
200848091801
200848091802
200848091803
200848091804
200848091805
200848091806
200848091807
200848091808
200848091901
200848091902
200848091903
200848091904
200848091905
200848091906
200848091907
200848091908
200848091909
200848091910
200848091911
200848091912
200848100101
200848100102
200848100103
200848100104
200848100105
200848100106
200848100107
200848100108
200848100109
200848100110
200848100201
200848100202
200848100203
200848100204
200848100205
200848100206
200848100207
200848100208
200848100209
200848100301
200848100302
200848100801
200848100802
200848100803
200848100804
200848100805
200848100806
200848100807
200848100808
200848100809
200848100901
200848100902
200848100903
200848100904
200848100905
200848100906
200848100907
200848100908
200848100909
200848100910
200848101001
200848102001
200848102002
200848102003
200848102004
200848102005
200848102006
200848102007
200848102008
200848102009
200848102010
200848102101
200848102102
200848102103
200848102104
200848102105
200848102106
200848102107
200848102108
200848102109
200848102110
200848102111
200848102201
200848102202
200848102203
200848102204
200848102205
200848102206
200848102207
200848102208
200848102301
200848102302
200848102303
200848102304
200848102305
200848102401
200848102402
200848102403
200848102404
200848102405
200848102406
200848102407
200848102408
200848102409
200848102410
200848110301
200848110302
200848110303
200848110304
200848110305
200848110306
200848110401
200848110402
200848110403
200848110404
200848110405
200848110406
200848110407
200848110408
200848110409
200848110410
200848110501
200848110502
200848110503
200848110504
200848110505
200848110506
200848110507
200848110508
200848110601
200848110602
200848110603
200848110604
200848110605
200848110606
200848110607
200848110608
200848110609
200848110610
200848110701
200848110702
200848110703
200848110704
200848110705
200848110706
200848110707
200848110708
200848110709
200848111701
200848111702
200848111703
200848111704
200848111705
200848111706
200848111707
200848111708
200848111709
200848111710
200848111801
200848111802
200848111803
200848111804
200848111805
200848111806
200848111807
200848111808
200848111809
200848111810
200848111901
200848111902
200848111903
200848111904
200848111905
200848112001
200848112002
200848112101
200848112102
200848112103
200848112104
200848112105
200848112106
200848112107
200848112108
200848112109
200848120101
200848120102
200848120103
200848120104
200848120105
200848120106
200848120107
200848120108
200848120109
200848120110
200848120201
200848120202
200848120203
200848120204
200848120205
200848120206
200848120207
200848120208
200848120209
200848120210
200848120301
200848120302
200848120303
200848120304
200848120401
200848120402
200848120403
200848120404
200848120405
200848120406
200848120407
200848120408
200848120409
200848120410
200848120411
200848120501
200848120502
200848120503
200848120504
200848120505
200848120506
200848120507
200848120508
200848120509
200848121701
200848121702
200848121703
200848121704
200848121705
200848121706
200848121707
200848121708
200848121709
200848121710
200848121801
200848121802
200848121803
200848121804
200848121805
200848121806
200848121807
200848121808
200848121809
200848121901
200848121902
200848121903
200848121904
200848121905
200848121906
200848121907
200848121908
200848121909
200848122301
200848122302
200848122303
200848122304
200848122305
200848122306
200848122307
200848122308
200848122309
200848122310
200848122401
200848122402
200848122403
200848122404
200848122405
200848122406
200848122407
200848122408
200848122409
200848123101
200848123102
200848123103
200848123104
200848123105
200848123106
200848123107
200848123108
200848123109
200848123110
200848123111