200850010303
200850010311
200850010403
200850010404
200850010406
200850010904
200850010908
200850011410
200850011504
200850011507
200850011509
200850011609
200850011703
200850011709
200850011710
200850012203
200850012206
200850012302
200850012303
200850012307
200850012310
200850012405
200850012410
200850012411
200850012502
200850012512
200850013004
200850013101
200850013107
200850020505
200850020509
200850020604
200850020605
200850020610
200850020701
200850020807
200850021107
200850021108
200850021111
200850021202
200850021306
200850021307
200850021309
200850021311
200850021402
200850021409
200850021906
200850021908
200850022004
200850022108
200850022202
200850022204
200850022209
200850022603
200850022604
200850022707
200850022709
200850022710
200850022711
200850022802
200850022803
200850022805
200850030409
200850030411
200850030601
200850030602
200850030608
200850030609
200850030611
200850031106
200850031208
200850031210
200850031301
200850031408
200850031411
200850031904
200850031905
200850031909
200850032002
200850032011
200850032103
200850032108
200850032109
200850032111
200850032510
200850032511
200850032602
200850032603
200850032604
200850032612
200850040205
200850040301
200850040307
200850040311
200850040805
200850040811
200850040903
200850040904
200850041001
200850041002
200850041004
200850041510
200850041609
200850041707
200850042201
200850042203
200850042402
200850042404
200850042910
200850043010
200850050109
200850050202
200850050205
200850050507
200850050511
200850050601
200850050607
200850050709
200850051307
200850051309
200850051505
200850052010
200850052106
200850052206
200850052704
200850052708
200850052709
200850052802
200850052808
200850052904
200850052908
200850052909
200850060304
200850060404
200850060505
200850060506
200850060508
200850060509
200850060511
200850061102
200850061106
200850061108
200850061109
200850061207
200850073005
200850073010
200850073103
200850073105
200850073109
200850080602
200850080605
200850080609
200850080705
200850080709
200850081410
200850081509
200850081510
200850082003
200850082008
200850082107
200850082703
200850082707
200850082709
200850082806
200850082809
200850090208
200850090306
200850090310
200850090401
200850090405
200850090410
200850090901
200850090903
200850090909
200850091008
200850091101
200850091102
200850091103
200850091109
200850091110
200850091604
200850091702
200850091705
200850091709
200850091710
200850092302
200850092303
200850092405
200850092504
200850092508
200850092510
200850093007
200850100101
200850100105
200850100107
200850100110
200850100211
200850100805
200850100810
200850100905
200850101307
200850101308
200850101310
200850101402
200850101406
200850102207
200850102211
200850102305
200850102309
200850102310
200850102311
200850102810
200850102909
200850103007
200850110308
200850110309
200850110310
200850110311
200850110402
200850110404
200850110407
200850110501
200850111108
200850111111
200850111208
200850111210
200850111307
200850111904
200850111906
200850111911
200850112004
200850112509
200850112511
200850112611
200850112702
200850112708
200850112710
200850120207
200850120302
200850120307
200850120309
200850120310
200850120401
200850120402
200850120908
200850120910
200850121008
200850121009
200850121101
200850121107
200850121109
200850121610
200850121702
200850121705
200850121707
200850121708
200850121711
200850122307
200850122310
200850122402
200850122411
200850122506
200850122508
200850122510
200850123003
200850123004
200850123006
200850123010
200850123111