200854010101
200854010102
200854010301
200854010302
200854010303
200854010304
200854010305
200854010306
200854011401
200854011402
200854011403
200854011404
200854011405
200854011406
200854011407
200854011408
200854011409
200854012001
200854012002
200854012003
200854012004
200854012005
200854012006
200854012007
200854020201
200854020202
200854020203
200854020204
200854020205
200854020206
200854021101
200854021102
200854021103
200854021104
200854021105
200854021106
200854021107
200854021108
200854022301
200854022302
200854022303
200854022304
200854022305
200854022306
200854030101
200854030102
200854030103
200854030104
200854030105
200854030106
200854030107
200854030901
200854030902
200854030903
200854030904
200854030905
200854030906
200854030907
200854030908
200854030909
200854030910
200854030911
200854031601
200854031602
200854031603
200854031604
200854031605
200854031606
200854031607
200854033001
200854033002
200854033003
200854033004
200854033005
200854040601
200854040602
200854041301
200854041302
200854041303
200854041304
200854041305
200854041306
200854041307
200854041308
200854041309
200854042701
200854042702
200854042703
200854042704
200854042705
200854042706
200854042707
200854042708
200854042709
200854050501
200854050502
200854050503
200854050504
200854050505
200854051801
200854051802
200854051803
200854051804
200854051805
200854051806
200854051807
200854051808
200854060101
200854060102
200854060103
200854060104
200854060105
200854060106
200854060107
200854060108
200854060109
200854060801
200854060802
200854060803
200854060804
200854060805
200854060806
200854060807
200854060808
200854061401
200854061402
200854061403
200854061404
200854061405
200854061406
200854061407
200854061408
200854061409
200854062201
200854062202
200854062203
200854062204
200854062205
200854062206
200854062901
200854062902
200854062903
200854062904
200854062905
200854071101
200854071102
200854071103
200854071104
200854071105
200854071106
200854071107
200854071108
200854071109
200854071110
200854071111
200854072001
200854072002
200854072003
200854072004
200854072701
200854072702
200854072703
200854072704
200854072705
200854081001
200854081002
200854081003
200854081004
200854081005
200854081006
200854081007
200854081008
200854082401
200854082402
200854082403
200854082404
200854082405
200854082406
200854082407
200854083101
200854083102
200854083103
200854083104
200854083105
200854083106
200854083107
200854083108
200854090701
200854090702
200854090703
200854090704
200854090705
200854090706
200854092101
200854092102
200854092103
200854092104
200854092105
200854092106
200854100301
200854100302
200854100303
200854100304
200854100305
200854100306
200854100307
200854100308
200854100309
200854100310
200854101301
200854101302
200854101303
200854101304
200854101305
200854101306
200854101307
200854101308
200854101309
200854101310
200854102501
200854102502
200854102503
200854102504
200854102505
200854102506
200854102507
200854102508
200854102509
200854102510
200854102511
200854103101
200854103102
200854103103
200854103104
200854103105
200854103106
200854103107
200854103108
200854110801
200854110802
200854110803
200854110804
200854110805
200854110806
200854110807
200854110808
200854110809
200854110810
200854112301
200854112302
200854112303
200854112304
200854112305
200854112306
200854112307
200854112308