200855010201
200855010202
200855010203
200855010204
200855010205
200855010206
200855010207
200855010208
200855010501
200855010502
200855010503
200855010504
200855010505
200855010506
200855010601
200855010602
200855010603
200855010604
200855010605
200855010606
200855010607
200855010608
200855010609
200855010610
200855011901
200855011902
200855011903
200855011904
200855011905
200855011906
200855011907
200855011908
200855011909
200855011910
200855012601
200855012602
200855012603
200855012604
200855012605
200855012606
200855012607
200855012608
200855012701
200855012702
200855012703
200855012704
200855012705
200855012706
200855012707
200855012708
200855012709
200855020301
200855020302
200855020303
200855020304
200855020305
200855020306
200855020307
200855020308
200855020309
200855020310
200855021001
200855021002
200855021003
200855021004
200855021005
200855021006
200855021007
200855021008
200855021009
200855021101
200855021102
200855021103
200855021104
200855021105
200855021106
200855021107
200855021108
200855021109
200855022401
200855022402
200855022403
200855022404
200855022405
200855022406
200855022407
200855022408
200855022409
200855022410
200855030101
200855030102
200855030103
200855030104
200855030105
200855030201
200855030202
200855030203
200855030204
200855030205
200855030206
200855030207
200855030208
200855030209
200855030210
200855031601
200855031602
200855031603
200855031604
200855031605
200855031606
200855031607
200855031608
200855031609
200855031610
200855032301
200855032302
200855032303
200855032304
200855032305
200855032306
200855032307
200855032308
200855032309
200855032310
200855041201
200855041202
200855041203
200855041204
200855041205
200855041206
200855041207
200855041208
200855041209
200855041210
200855041211
200855042701
200855042702
200855042703
200855042704
200855042705
200855042706
200855042707
200855042708
200855042709
200855042710
200855051701
200855051702
200855051703
200855051704
200855051705
200855051706
200855051707
200855053101
200855053102
200855053103
200855053104
200855053105
200855053106
200855053107
200855060101
200855060102
200855060103
200855060104
200855060105
200855060106
200855061401
200855061402
200855061403
200855061404
200855061405
200855061406
200855061407
200855061501
200855061502
200855061503
200855061504
200855061505
200855061506
200855062801
200855062802
200855062803
200855062804
200855062805
200855062806
200855062807
200855062808
200855070501
200855070502
200855070503
200855070504
200855070505
200855070506
200855070507
200855070508
200855070509
200855071201
200855071202
200855071203
200855071204
200855071205
200855071206
200855071207
200855071208
200855072001
200855072002
200855072003
200855072004
200855072005
200855072006
200855072007
200855072008
200855072009
200855072010
200855072101
200855072102
200855072103
200855072104
200855072105
200855072106
200855072107
200855072108
200855072109
200855072110
200855072701
200855072702
200855072703
200855072704
200855072705
200855072706
200855080201
200855080202
200855080203
200855080204
200855080205
200855080206
200855080207
200855080208
200855080209
200855080210
200855080211
200855081501
200855081502
200855081503
200855081504
200855081505
200855081506
200855081507
200855081508
200855081509
200855081601
200855081602
200855081603
200855081604
200855081605
200855081606
200855081607
200855081608
200855081609
200855081610
200855081611
200855082401
200855082402
200855082403
200855082404
200855082405
200855083001
200855083002
200855083003
200855083004
200855083005
200855083006
200855083007
200855083008
200855083009
200855083010
200855091401
200855091402
200855091403
200855091404
200855091405
200855091406
200855091407
200855092001
200855092002
200855092003
200855092004
200855092005
200855092006
200855092007
200855092008
200855092009
200855092010
200855092801
200855092802
200855092803
200855092804
200855092805
200855092806
200855092807
200855092808
200855100401
200855100402
200855100403
200855100404
200855100405
200855100501
200855100502
200855100503
200855100504
200855100505
200855100506
200855100507
200855100508
200855101201
200855101801
200855101802
200855101803
200855101804
200855101805
200855101806
200855101807
200855102601
200855110901
200855110902
200855110903
200855110904
200855110905
200855110906
200855110907
200855110908
200855110909
200855112301
200855112302
200855112303
200855112304
200855112305
200855112306
200855112307
200855112308
200855112309
200855112401
200855112402
200855112403
200855112404
200855113001
200855113002
200855113003
200855113004
200855113005
200855113006
200855113007
200855113008
200855122001
200855122002
200855122003
200855122004
200855122005
200855122006
200855122007
200855122101
200855122102
200855122103
200855122104
200855122105
200855122106
200855122107
200855122108
200855122801
200855122802
200855122803
200855122804
200855122805
200855122806
200855122807