200856012201
200856012202
200856012203
200856012204
200856012205
200856012206
200856012207
200856012901
200856012902
200856012903
200856012904
200856012905
200856012906
200856012907
200856012908
200856012909
200856020501
200856020502
200856020503
200856020504
200856020505
200856021201
200856021202
200856021301
200856021302
200856021303
200856021304
200856021305
200856021306
200856022001
200856022002
200856022003
200856022004
200856022005
200856022006
200856022007
200856022701
200856022702
200856022703
200856022704
200856022705
200856022706
200856022707
200856022708
200856022709
200856022710
200856030501
200856030502
200856030503
200856030504
200856030505
200856030506
200856030507
200856031201
200856031202
200856031203
200856031204
200856031901
200856031902
200856031903
200856031904
200856031905
200856031906
200856031907
200856031908
200856031909
200856032001
200856032002
200856032003
200856032004
200856032005
200856032006
200856032007
200856032901
200856032902
200856032903
200856032904
200856032905
200856032906
200856032907
200856032908
200856032909
200856040501
200856040502
200856040503
200856040504
200856040505
200856040506
200856040507
200856040508
200856040509
200856040510
200856041601
200856041602
200856041603
200856041604
200856042201
200856042301
200856042302
200856042303
200856042304
200856042305
200856042306
200856042307
200856042308
200856042309
200856042310
200856042901
200856042902
200856042903
200856042904
200856042905
200856051001
200856051002
200856051003
200856051004
200856051005
200856051006
200856051007
200856051008
200856051009
200856051010
200856051011
200856051101
200856051102
200856051103
200856051104
200856052001
200856052002
200856052003
200856052004
200856052005
200856052006
200856052007
200856052008
200856052101
200856052801
200856052802
200856052803
200856052804
200856052805
200856052806
200856052807
200856052808
200856052809
200856060301
200856060302
200856060303
200856060304
200856060305
200856060306
200856060307
200856060308
200856060309
200856060310
200856060311
200856061801
200856061802
200856061803
200856061804
200856061805
200856061806
200856061807
200856070201
200856070202
200856070203
200856070204
200856070205
200856070206
200856070207
200856070208
200856072301
200856072302
200856072303
200856072304
200856072305
200856072306
200856072307
200856072308
200856072309
200856072310
200856072311
200856081001
200856081002
200856081003
200856081004
200856081005
200856081006
200856081007
200856081008
200856082601
200856082602
200856082603
200856082604
200856082605
200856082606
200856082607
200856082608
200856090701
200856090702
200856090703
200856090704
200856090705
200856090706
200856091001
200856091002
200856091003
200856091004
200856091005
200856091006
200856091007
200856091008
200856091009
200856091010
200856092401
200856092402
200856092403
200856100701
200856100702
200856100703
200856102001
200856102002
200856102003
200856102004
200856102005
200856102006
200856102007
200856102008
200856102009
200856102010
200856102901
200856102902
200856110301
200856110302
200856110303
200856111601
200856111602
200856111603
200856111604
200856111605
200856111606
200856111607
200856111608
200856112201
200856112202
200856112203
200856112204
200856112205
200856112206
200856112207
200856112208
200856112209
200856112210
200856112211
200856120201
200856120202
200856120203
200856120204
200856120205
200856121001
200856121002
200856121003
200856121004
200856121005
200856121006
200856121007
200856121008
200856121601
200856121602
200856121603
200856121604
200856121605
200856121606
200856121607
200856121608
200856121609
200856122301
200856122302
200856122303
200856122304
200856122305
200856122306
200856122307
200856122308
200856122309
200856122310
200856122311
200856123101
200856123102