200858042901
200858042902
200858042903
200858042904
200858042905
200858042906
200858042907
200858042908
200858042909
200858042910
200858051401
200858051402
200858051403
200858051404
200858051405
200858051406
200858051407
200858051408
200858051409
200858051410
200858051501
200858051502
200858051503
200858051504
200858051505
200858051506
200858051507
200858051508
200858051509
200858051510
200858052101
200858052102
200858052103
200858052201
200858052202
200858052203
200858052204
200858052205
200858052206
200858052207
200858052208
200858052209