201736010201
201736010202
201736010203
201736010204
201736010205
201736010206
201736010207
201736010208
201736010209
201736010210
201736010301
201736010302
201736010303
201736010304
201736010305
201736010306
201736010307
201736010308
201736010309
201736010310
201736010701
201736010702
201736010703
201736010704
201736010705
201736010706
201736010707
201736010708
201736010709
201736010710
201736010801
201736010802
201736010803
201736010804
201736010805
201736010806
201736010807
201736010808
201736010809
201736010810
201736010901
201736010902
201736010903
201736010904
201736010905
201736010906
201736010907
201736010908
201736010909
201736031801
201736031802
201736031803
201736031804
201736031805
201736031806
201736031807
201736031808
201736031809
201736031810
201736031901
201736031902
201736031903
201736031904
201736031905
201736031906
201736031907
201736031908
201736031909
201736031910
201736032001
201736032002
201736032003
201736032004
201736032005
201736032006
201736032007
201736032008
201736032009
201736032010
201736032501
201736032502
201736032503
201736032504
201736032505
201736032506
201736032507
201736032508
201736032509
201736032510
201736032601
201736032602
201736032603
201736032604
201736032605
201736032606
201736032607
201736032608
201736032609
201736032610
201736032701
201736032702
201736032703
201736032704
201736032705
201736032706
201736032707
201736032708
201736032709
201736032710
201736040101
201736040102
201736040103
201736040104
201736040105
201736040106
201736040107
201736040108
201736040109
201736040110
201736040111
201736040201
201736040202
201736040203
201736040204
201736040205
201736040206
201736040207
201736040208
201736040209
201736040210
201736040211
201736040301
201736040302
201736040303
201736040304
201736040305
201736040306
201736040307
201736040308
201736040309
201736040310
201736040311
201736040801
201736040802
201736040803
201736040804
201736040805
201736040806
201736040807
201736040808
201736040809
201736040810
201736040901
201736040902
201736040903
201736040904
201736040905
201736040906
201736040907
201736040908
201736040909
201736040910
201736041001
201736041002
201736041003
201736041004
201736041005
201736041006
201736041007
201736041008
201736041009
201736041010
201736041011
201736041501
201736041502
201736041503
201736041504
201736041505
201736041506
201736041507
201736041508
201736041509
201736041510
201736041511
201736041601
201736041602
201736041603
201736041604
201736041605
201736041606
201736041607
201736041608
201736041609
201736041610
201736041611
201736041701
201736041702
201736041703
201736041704
201736041705
201736041706
201736041707
201736041708
201736041709
201736041710
201736041711
201736042201
201736042202
201736042203
201736042204
201736042205
201736042206
201736042207
201736042208
201736042209
201736042210
201736042211
201736042301
201736042302
201736042303
201736042304
201736042305
201736042306
201736042307
201736042308
201736042309
201736042310
201736042311
201736042401
201736042402
201736042403
201736042404
201736042405
201736042406
201736042407
201736042408
201736042409
201736042410
201736042411
201736061001
201736061002
201736061003
201736061004
201736061005
201736061006
201736061007
201736061008
201736061009
201736061010
201736061011
201736061101
201736061102
201736061103
201736061104
201736061105
201736061106
201736061107
201736061108
201736061109
201736061110
201736061111
201736061112
201736061201
201736061202
201736061203
201736061204
201736061205
201736061206
201736061207
201736061208
201736061209
201736061210
201736061211
201736061212
201736061701
201736061702
201736061703
201736061704
201736061705
201736061706
201736061707
201736061708
201736061709
201736061710
201736061711
201736061801
201736061802
201736061803
201736061804
201736061805
201736061806
201736061807
201736061808
201736061809
201736061810
201736061811
201736061901
201736061902
201736061903
201736061904
201736061905
201736061906
201736061907
201736061908
201736061909
201736061910
201736061911
201736061912
201736062401
201736062402
201736062403
201736062404
201736062405
201736062406
201736062407
201736062408
201736062409
201736062410
201736062411
201736062501
201736062502
201736062503
201736062504
201736062505
201736062506
201736062507
201736062508
201736062509
201736062510
201736062511
201736062512
201736062601
201736062602
201736062603
201736062604
201736062605
201736062606
201736062607
201736062608
201736062609
201736062610
201736062611
201736062612
201736070101
201736070102
201736070103
201736070104
201736070105
201736070106
201736070107
201736070108
201736070109
201736070110
201736070111
201736070201
201736070202
201736070203
201736070204
201736070205
201736070206
201736070207
201736070208
201736070209
201736070210
201736070211
201736070212
201736070301
201736070302
201736070303
201736070304
201736070305
201736070306
201736070307
201736070308
201736070309
201736070310
201736070311
201736070312
201736082001
201736082002
201736082003
201736082004
201736082005
201736082006
201736082007
201736082008
201736082009
201736082010
201736082011
201736082012
201736082101
201736082102
201736082103
201736082104
201736082105
201736082106
201736082107
201736082108
201736082109
201736082110
201736082111
201736082201
201736082202
201736082203
201736082204
201736082205
201736082206
201736082207
201736082208
201736082209
201736082210
201736082211
201736082601
201736082602
201736082603
201736082604
201736082605
201736082606
201736082607
201736082608
201736082609
201736082610
201736082611
201736082701
201736082702
201736082703
201736082704
201736082705
201736082706
201736082707
201736082708
201736082709
201736082710
201736082711
201736082712
201736082801
201736082802
201736082803
201736082804
201736082805
201736082806
201736082807
201736082808
201736082809
201736082810
201736082811
201736090201
201736090202
201736090203
201736090204
201736090205
201736090206
201736090207
201736090208
201736090209
201736090210
201736090211
201736090301
201736090302
201736090303
201736090304
201736090305
201736090306
201736090307
201736090308
201736090309
201736090310
201736090311
201736090401
201736090402
201736090403
201736090404
201736090405
201736090406
201736090407
201736090408
201736090409
201736090410
201736090411
201736090412
201736090901
201736090902
201736090903
201736090904
201736090905
201736090906
201736090907
201736090908
201736090909
201736090910
201736090911
201736091001
201736091002
201736091003
201736091004
201736091005
201736091006
201736091007
201736091008
201736091009
201736091010
201736091011
201736091101
201736091102
201736091103
201736091104
201736091105
201736091106
201736091107
201736091108
201736091109
201736091110
201736091111
201736111101
201736111102
201736111103
201736111104
201736111105
201736111106
201736111107
201736111108
201736111109
201736111110
201736111111
201736111201
201736111202
201736111203
201736111204
201736111205
201736111206
201736111207
201736111208
201736111209
201736111210
201736111211
201736111301
201736111302
201736111303
201736111304
201736111305
201736111306
201736111307
201736111308
201736111309
201736111310
201736111311
201736111801
201736111802
201736111803
201736111804
201736111805
201736111806
201736111807
201736111808
201736111809
201736111810
201736111811
201736111901
201736111902
201736111903
201736111904
201736111905
201736111906
201736111907
201736111908
201736111909
201736111910
201736111911
201736112001
201736112002
201736112003
201736112004
201736112005
201736112006
201736112007
201736112008
201736112009
201736112010
201736112011
201736112501
201736112502
201736112503
201736112504
201736112505
201736112506
201736112507
201736112508
201736112509
201736112510
201736112511
201736112601
201736112602
201736112603
201736112604
201736112605
201736112606
201736112607
201736112608
201736112609
201736112610
201736112611
201736112701
201736112702
201736112703
201736112704
201736112705
201736112706
201736112707
201736112708
201736112709
201736112710
201736112711
201736120201
201736120202
201736120203
201736120204
201736120205
201736120206
201736120207
201736120208
201736120209
201736120210
201736120211
201736120301
201736120302
201736120303
201736120304
201736120305
201736120306
201736120307
201736120308
201736120309
201736120310
201736120311
201736120401
201736120402
201736120403
201736120404
201736120405
201736120406
201736120407
201736120408
201736120409
201736120410
201736120411
201736120901
201736120902
201736120903
201736120904
201736120905
201736120906
201736120907
201736120908
201736120909
201736120910
201736120911
201736121001
201736121002
201736121003
201736121004
201736121005
201736121006
201736121007
201736121008
201736121009
201736121010
201736121011
201736121101
201736121102
201736121103
201736121104
201736121105
201736121106
201736121107
201736121108
201736121109
201736121110
201736121111
201736121601
201736121602
201736121603
201736121604
201736121605
201736121606
201736121607
201736121608
201736121609
201736121610
201736121611
201736121701
201736121702
201736121703
201736121704
201736121705
201736121706
201736121707
201736121708
201736121709
201736121710
201736121711
201736121801
201736121802
201736121803
201736121804
201736121805
201736121806
201736121807
201736121808
201736121809
201736121810
201736121811
201736122301
201736122302
201736122303
201736122304
201736122305
201736122306
201736122307
201736122308
201736122309
201736122310
201736122401
201736122402
201736122403
201736122404
201736122405
201736122406
201736122407
201736122408
201736122409
201736122410
201736122501
201736122502
201736122503
201736122504
201736122505
201736122506
201736122507
201736122508
201736122509
201736122510
201736123001
201736123002
201736123003
201736123004
201736123005
201736123006
201736123007
201736123008
201736123009
201736123010
201736123101
201736123102
201736123103
201736123104
201736123105
201736123106
201736123107
201736123108
201736123109
201736123110