201742011601
201742011602
201742011603
201742011604
201742011605
201742011606
201742011607
201742011608
201742011609
201742011610
201742011611
201742011612
201742011701
201742011702
201742011703
201742011704
201742011705
201742011706
201742011707
201742011708
201742011709
201742011710
201742011711
201742011712
201742011801
201742011802
201742011803
201742011804
201742011805
201742011806
201742011807
201742011808
201742011809
201742011810
201742011811
201742011812
201742011901
201742011902
201742011903
201742011904
201742011905
201742011906
201742011907
201742011908
201742011909
201742011910
201742011911
201742011912
201742012001
201742012002
201742012003
201742012004
201742012005
201742012006
201742012007
201742012008
201742012009
201742012010
201742012011
201742012012
201742022001
201742022002
201742022003
201742022004
201742022005
201742022006
201742022007
201742022008
201742022009
201742022010
201742022011
201742022012
201742022101
201742022102
201742022103
201742022104
201742022105
201742022106
201742022107
201742022108
201742022109
201742022110
201742022111
201742022112
201742022201
201742022202
201742022203
201742022204
201742022205
201742022206
201742022207
201742022208
201742022209
201742022210
201742022211
201742022212
201742022301
201742022302
201742022303
201742022304
201742022305
201742022306
201742022307
201742022308
201742022309
201742022310
201742022311
201742022312
201742022401
201742022402
201742022403
201742022404
201742022405
201742022406
201742022407
201742022408
201742022409
201742022410
201742022411
201742022412
201742032701
201742032702
201742032703
201742032704
201742032705
201742032706
201742032707
201742032708
201742032709
201742032710
201742032711
201742032712
201742032801
201742032802
201742032803
201742032804
201742032805
201742032806
201742032807
201742032808
201742032809
201742032810
201742032811
201742032812
201742032901
201742032902
201742032903
201742032904
201742032905
201742032906
201742032907
201742032908
201742032909
201742032910
201742032911
201742032912
201742033001
201742033002
201742033003
201742033004
201742033005
201742033006
201742033007
201742033008
201742033009
201742033010
201742033011
201742033012
201742033101
201742033102
201742033103
201742033104
201742033105
201742033106
201742033107
201742033108
201742033109
201742033110
201742033111
201742033112
201742042401
201742042402
201742042403
201742042404
201742042405
201742042406
201742042407
201742042408
201742042409
201742042410
201742042411
201742042412
201742042501
201742042502
201742042503
201742042504
201742042505
201742042506
201742042507
201742042508
201742042509
201742042510
201742042511
201742042512
201742042601
201742042602
201742042603
201742042604
201742042605
201742042606
201742042607
201742042608
201742042609
201742042610
201742042611
201742042612
201742042701
201742042702
201742042703
201742042704
201742042705
201742042706
201742042707
201742042708
201742042709
201742042710
201742042711
201742042712
201742042801
201742042802
201742042803
201742042804
201742042805
201742042806
201742042807
201742042808
201742042809
201742042810
201742042811
201742042812
201742052901
201742052902
201742052903
201742052904
201742052905
201742052906
201742052907
201742052908
201742052909
201742052910
201742052911
201742052912
201742053001
201742053002
201742053003
201742053004
201742053005
201742053006
201742053007
201742053008
201742053009
201742053010
201742053011
201742053012
201742053101
201742053102
201742053103
201742053104
201742053105
201742053106
201742053107
201742053108
201742053109
201742053110
201742053111
201742053112
201742060101
201742060102
201742060103
201742060104
201742060105
201742060106
201742060107
201742060108
201742060109
201742060110
201742060111
201742060112
201742060201
201742060202
201742060203
201742060204
201742060205
201742060206
201742060207
201742060208
201742060209
201742060210
201742060211
201742060212
201742071701
201742071702
201742071703
201742071704
201742071705
201742071706
201742071707
201742071708
201742071709
201742071710
201742071711
201742071712
201742071801
201742071802
201742071803
201742071804
201742071805
201742071806
201742071807
201742071808
201742071809
201742071810
201742071811
201742071812
201742071901
201742071902
201742071903
201742071904
201742071905
201742071906
201742071907
201742071908
201742071909
201742071910
201742071911
201742071912
201742072001
201742072002
201742072003
201742072004
201742072005
201742072006
201742072007
201742072008
201742072009
201742072010
201742072011
201742072012
201742081601
201742081602
201742081603
201742081604
201742081605
201742081606
201742081607
201742081608
201742081609
201742081610
201742081611
201742081612
201742081701
201742081702
201742081703
201742081704
201742081705
201742081706
201742081707
201742081708
201742081709
201742081710
201742081711
201742081712
201742081801
201742081802
201742081803
201742081804
201742081805
201742081806
201742081807
201742081808
201742081809
201742081810
201742081811
201742081812
201742091901
201742091902
201742091903
201742091904
201742091905
201742091906
201742091907
201742091908
201742091909
201742091910
201742091911
201742091912
201742092001
201742092002
201742092003
201742092004
201742092005
201742092006
201742092007
201742092008
201742092009
201742092010
201742092011
201742092012
201742092101
201742092102
201742092103
201742092104
201742092105
201742092106
201742092107
201742092108
201742092109
201742092110
201742092111
201742092112
201742092201
201742092202
201742092203
201742092204
201742092205
201742092206
201742092207
201742092208
201742092209
201742092210
201742092211
201742092212
201742101601
201742101602
201742101603
201742101604
201742101605
201742101606
201742101607
201742101608
201742101609
201742101610
201742101611
201742101612
201742101701
201742101702
201742101703
201742101704
201742101705
201742101706
201742101707
201742101708
201742101709
201742101710
201742101711
201742101712
201742101801
201742101802
201742101803
201742101804
201742101805
201742101806
201742101807
201742101808
201742101809
201742101810
201742101811
201742101812
201742101901
201742101902
201742101903
201742101904
201742101905
201742101906
201742101907
201742101908
201742101909
201742101910
201742101911
201742101912
201742102001
201742102002
201742102003
201742102004
201742102005
201742102006
201742102007
201742102008
201742102009
201742102010
201742102011
201742102012
201742112001
201742112002
201742112003
201742112004
201742112005
201742112006
201742112007
201742112008
201742112009
201742112010
201742112011
201742112101
201742112102
201742112103
201742112104
201742112105
201742112106
201742112107
201742112108
201742112109
201742112110
201742112111
201742112201
201742112202
201742112203
201742112204
201742112205
201742112206
201742112207
201742112208
201742112209
201742112210
201742112211
201742112301
201742112302
201742112303
201742112304
201742112305
201742112306
201742112307
201742112308
201742112309
201742112310
201742112311
201742112401
201742112402
201742112403
201742112404
201742112405
201742112406
201742112407
201742112408
201742112409
201742112410
201742112411
201742121801
201742121802
201742121803
201742121804
201742121805
201742121806
201742121807
201742121808
201742121809
201742121810
201742121811
201742121901
201742121902
201742121903
201742121904
201742121905
201742121906
201742121907
201742121908
201742121909
201742121910
201742121911
201742122001
201742122002
201742122003
201742122004
201742122005
201742122006
201742122007
201742122008
201742122009
201742122010
201742122011
201742122101
201742122102
201742122103
201742122104
201742122105
201742122106
201742122107
201742122108
201742122109
201742122110
201742122111
201742122201
201742122202
201742122203
201742122204
201742122205
201742122206
201742122207
201742122208
201742122209
201742122210
201742122211