201743010901
201743010902
201743010903
201743010904
201743010905
201743010906
201743010907
201743010908
201743010909
201743010910
201743010911
201743010912
201743011001
201743011002
201743011003
201743011004
201743011005
201743011006
201743011007
201743011008
201743011009
201743011010
201743011011
201743011012
201743011101
201743011102
201743011103
201743011104
201743011105
201743011106
201743011107
201743011108
201743011109
201743011110
201743011111
201743011112
201743011201
201743011202
201743011203
201743011204
201743011205
201743011206
201743011207
201743011208
201743011209
201743011210
201743011211
201743011212
201743011301
201743011302
201743011303
201743011304
201743011305
201743011306
201743011307
201743011308
201743011309
201743011310
201743011311
201743011312
201743020601
201743020602
201743020603
201743020604
201743020605
201743020606
201743020607
201743020608
201743020609
201743020610
201743020611
201743020612
201743020701
201743020702
201743020703
201743020704
201743020705
201743020706
201743020707
201743020708
201743020709
201743020710
201743020711
201743020712
201743020801
201743020802
201743020803
201743020804
201743020805
201743020806
201743020807
201743020808
201743020809
201743020810
201743020811
201743020812
201743020901
201743020902
201743020903
201743020904
201743020905
201743020906
201743020907
201743020908
201743020909
201743020910
201743020911
201743020912
201743021001
201743021002
201743021003
201743021004
201743021005
201743021006
201743021007
201743021008
201743021009
201743021010
201743021011
201743021012
201743031301
201743031302
201743031303
201743031304
201743031305
201743031306
201743031307
201743031308
201743031309
201743031310
201743031311
201743031312
201743031401
201743031402
201743031403
201743031404
201743031405
201743031406
201743031407
201743031408
201743031409
201743031410
201743031411
201743031412
201743031501
201743031502
201743031503
201743031504
201743031505
201743031506
201743031507
201743031508
201743031509
201743031510
201743031511
201743031512
201743031601
201743031602
201743031603
201743031604
201743031605
201743031606
201743031607
201743031608
201743031609
201743031610
201743031611
201743031612
201743031701
201743031702
201743031703
201743031704
201743031705
201743031706
201743031707
201743031708
201743031709
201743031710
201743031711
201743031712
201743041001
201743041002
201743041003
201743041004
201743041005
201743041006
201743041007
201743041008
201743041009
201743041010
201743041011
201743041012
201743041101
201743041102
201743041103
201743041104
201743041105
201743041106
201743041107
201743041108
201743041109
201743041110
201743041111
201743041112
201743041201
201743041202
201743041203
201743041204
201743041205
201743041206
201743041207
201743041208
201743041209
201743041210
201743041211
201743041212
201743041301
201743041302
201743041303
201743041304
201743041305
201743041306
201743041307
201743041308
201743041309
201743041310
201743041311
201743041312
201743041401
201743041402
201743041403
201743041404
201743041405
201743041406
201743041407
201743041408
201743041409
201743041410
201743041411
201743041412
201743050101
201743050102
201743050103
201743050104
201743050105
201743050106
201743050107
201743050108
201743050109
201743050110
201743050111
201743050112
201743050201
201743050202
201743050203
201743050204
201743050205
201743050206
201743050207
201743050208
201743050209
201743050210
201743050211
201743050212
201743050301
201743050302
201743050303
201743050304
201743050305
201743050306
201743050307
201743050308
201743050309
201743050310
201743050311
201743050312
201743050401
201743050402
201743050403
201743050404
201743050405
201743050406
201743050407
201743050408
201743050409
201743050410
201743050411
201743050412
201743050501
201743050502
201743050503
201743050504
201743050505
201743050506
201743050507
201743050508
201743050509
201743050510
201743050511
201743050512
201743061901
201743061902
201743061903
201743061904
201743061905
201743061906
201743061907
201743061908
201743061909
201743061910
201743061911
201743062001
201743062002
201743062003
201743062004
201743062005
201743062006
201743062007
201743062008
201743062009
201743062010
201743062011
201743062012
201743062101
201743062102
201743062103
201743062104
201743062105
201743062106
201743062107
201743062108
201743062109
201743062110
201743062111
201743062112
201743062201
201743062202
201743062203
201743062204
201743062205
201743062206
201743062207
201743062208
201743062209
201743062210
201743062211
201743062212
201743062301
201743062302
201743062303
201743062304
201743062305
201743062306
201743062307
201743062308
201743062309
201743062310
201743062311
201743062312
201743072101
201743072102
201743072103
201743072104
201743072105
201743072106
201743072107
201743072108
201743072109
201743072110
201743072111
201743072112
201743072301
201743072302
201743072303
201743072304
201743072305
201743072306
201743072307
201743072308
201743072309
201743072401
201743072402
201743072403
201743072404
201743072405
201743072406
201743072407
201743072408
201743072409
201743072410
201743072411
201743072412
201743072501
201743072502
201743072503
201743072504
201743072505
201743072506
201743072507
201743072508
201743072509
201743072510
201743072511
201743072512
201743080601
201743080602
201743080603
201743080604
201743080605
201743080606
201743080607
201743080608
201743080701
201743080702
201743080703
201743080704
201743080705
201743080706
201743080707
201743080708
201743080709
201743080710
201743080711
201743080712
201743080801
201743080802
201743080803
201743080804
201743080805
201743080806
201743080807
201743080808
201743080809
201743080810
201743080811
201743080812
201743080901
201743080902
201743080903
201743080904
201743080905
201743080906
201743080907
201743080908
201743080909
201743080910
201743080911
201743080912
201743090101
201743090102
201743090103
201743090104
201743090105
201743090106
201743090107
201743090108
201743090109
201743090110
201743090111
201743090112
201743090301
201743090302
201743090303
201743090304
201743090305
201743090306
201743090307
201743090308
201743090309
201743090310
201743090311
201743090312
201743090401
201743090402
201743090403
201743090404
201743090405
201743090406
201743090407
201743090408
201743090409
201743090410
201743090411
201743090412
201743090501
201743090502
201743090503
201743090504
201743090505
201743090506
201743090507
201743090508
201743090509
201743090510
201743090511
201743090512
201743092501
201743092502
201743092503
201743092504
201743092505
201743092506
201743092507
201743092508
201743092509
201743092510
201743092511
201743092601
201743092602
201743092603
201743092604
201743092605
201743092606
201743092607
201743092608
201743092609
201743092610
201743092611
201743092612
201743092701
201743092702
201743092703
201743092704
201743092705
201743092706
201743092707
201743092708
201743092709
201743092710
201743092711
201743092712
201743092801
201743092802
201743092803
201743092804
201743092805
201743092806
201743092807
201743092808
201743092809
201743092810
201743092811
201743092812
201743092901
201743092902
201743092903
201743092904
201743092905
201743092906
201743092907
201743092908
201743092909
201743092910
201743092911
201743092912
201743102301
201743102302
201743102303
201743102304
201743102305
201743102306
201743102307
201743102308
201743102309
201743102310
201743102311
201743102312
201743102401
201743102402
201743102403
201743102404
201743102405
201743102406
201743102407
201743102408
201743102409
201743102410
201743102411
201743102412
201743102501
201743102502
201743102503
201743102504
201743102505
201743102506
201743102507
201743102508
201743102509
201743102510
201743102511
201743102512
201743102601
201743102602
201743102603
201743102604
201743102605
201743102606
201743102607
201743102608
201743102609
201743102610
201743102611
201743102612
201743102701
201743102702
201743102703
201743102704
201743102705
201743102706
201743102707
201743102708
201743102709
201743102710
201743102711
201743102712
201743120401
201743120402
201743120403
201743120404
201743120405
201743120406
201743120407
201743120408
201743120409
201743120410
201743120411
201743120412
201743120501
201743120502
201743120503
201743120504
201743120505
201743120506
201743120507
201743120508
201743120509
201743120510
201743120511
201743120512
201743120601
201743120602
201743120603
201743120604
201743120605
201743120606
201743120607
201743120608
201743120609
201743120610
201743120611
201743120612
201743120701
201743120702
201743120703
201743120704
201743120705
201743120706
201743120707
201743120708
201743120709
201743120710
201743120711
201743120712
201743120801
201743120802
201743120803
201743120804
201743120805
201743120806
201743120807
201743120808
201743120809
201743120810
201743120811
201743120812