201744012301
201744012302
201744012303
201744012304
201744012305
201744012306
201744012307
201744012308
201744012309
201744012310
201744012311
201744012312
201744012401
201744012402
201744012403
201744012404
201744012405
201744012406
201744012407
201744012408
201744012409
201744012410
201744012411
201744012412
201744012501
201744012502
201744012503
201744012504
201744012505
201744012506
201744012507
201744012508
201744012509
201744012510
201744012511
201744012512
201744012601
201744012602
201744012603
201744012604
201744012605
201744012606
201744012607
201744012608
201744012609
201744012610
201744012611
201744012612
201744012701
201744012702
201744012703
201744012704
201744012705
201744012706
201744012707
201744012708
201744012709
201744012710
201744012711
201744012712
201744021301
201744021302
201744021303
201744021304
201744021305
201744021306
201744021307
201744021308
201744021309
201744021310
201744021311
201744021312
201744021401
201744021402
201744021403
201744021404
201744021405
201744021406
201744021407
201744021408
201744021409
201744021410
201744021411
201744021412
201744021501
201744021502
201744021503
201744021504
201744021505
201744021506
201744021507
201744021508
201744021509
201744021510
201744021511
201744021512
201744021601
201744021602
201744021603
201744021604
201744021605
201744021606
201744021607
201744021608
201744021609
201744021610
201744021611
201744021612
201744021701
201744021702
201744021703
201744021704
201744021705
201744021706
201744021707
201744021708
201744021709
201744021710
201744021711
201744021712
201744030601
201744030602
201744030603
201744030604
201744030605
201744030606
201744030607
201744030608
201744030609
201744030610
201744030611
201744030612
201744030701
201744030702
201744030703
201744030704
201744030705
201744030706
201744030707
201744030708
201744030709
201744030710
201744030711
201744030712
201744030801
201744030802
201744030803
201744030804
201744030805
201744030806
201744030807
201744030808
201744030809
201744030810
201744030811
201744030812
201744030901
201744030902
201744030903
201744030904
201744030905
201744030906
201744030907
201744030908
201744030909
201744030910
201744030911
201744030912
201744031001
201744031002
201744031003
201744031004
201744031005
201744031006
201744031007
201744031008
201744031009
201744031010
201744031011
201744031012
201744032001
201744032002
201744032003
201744032004
201744032005
201744032006
201744032007
201744032008
201744032009
201744032010
201744032011
201744032012
201744032101
201744032102
201744032103
201744032104
201744032105
201744032106
201744032107
201744032108
201744032109
201744032110
201744032111
201744032112
201744032201
201744032202
201744032203
201744032204
201744032205
201744032206
201744032207
201744032208
201744032209
201744032210
201744032211
201744032212
201744032301
201744032302
201744032303
201744032304
201744032305
201744032306
201744032307
201744032308
201744032309
201744032310
201744032311
201744032312
201744032401
201744032402
201744032403
201744032404
201744032405
201744032406
201744032407
201744032408
201744032409
201744032410
201744032411
201744032412
201744041701
201744041702
201744041703
201744041704
201744041705
201744041706
201744041707
201744041708
201744041709
201744041710
201744041711
201744041712
201744041801
201744041802
201744041803
201744041804
201744041805
201744041806
201744041807
201744041808
201744041809
201744041810
201744041811
201744041812
201744041901
201744041902
201744041903
201744041904
201744041905
201744041906
201744041907
201744041908
201744041909
201744041910
201744041911
201744041912
201744042001
201744042002
201744042003
201744042004
201744042005
201744042006
201744042007
201744042008
201744042009
201744042010
201744042011
201744042012
201744042101
201744042102
201744042103
201744042104
201744042105
201744042106
201744042107
201744042108
201744042109
201744042110
201744042111
201744042112
201744050201
201744050202
201744050203
201744050204
201744050205
201744050206
201744050207
201744050208
201744050301
201744050302
201744050303
201744050304
201744050305
201744050306
201744050307
201744050308
201744050801
201744050802
201744050803
201744050804
201744050805
201744050806
201744050807
201744050808
201744050809
201744050810
201744050811
201744050812
201744050901
201744050902
201744050903
201744050904
201744050905
201744050906
201744050907
201744050908
201744050909
201744050910
201744050911
201744050912
201744051001
201744051002
201744051003
201744051004
201744051005
201744051006
201744051007
201744051008
201744051009
201744051010
201744051011
201744051012
201744051101
201744051102
201744051103
201744051104
201744051105
201744051106
201744051107
201744051108
201744051109
201744051110
201744051111
201744051112
201744051201
201744051202
201744051203
201744051204
201744051205
201744051206
201744051207
201744051208
201744051209
201744051210
201744051211
201744051212
201744052201
201744052202
201744052203
201744052204
201744052205
201744052206
201744052207
201744052208
201744052209
201744052210
201744052211
201744052212
201744052301
201744052302
201744052303
201744052304
201744052305
201744052306
201744052307
201744052308
201744052309
201744052310
201744052311
201744052312
201744052401
201744052402
201744052403
201744052404
201744052405
201744052406
201744052407
201744052408
201744052409
201744052410
201744052411
201744052412
201744052501
201744052502
201744052503
201744052504
201744052505
201744052506
201744052507
201744052508
201744052509
201744052510
201744052511
201744052512
201744052601
201744052602
201744052603
201744052604
201744052605
201744052606
201744052607
201744052608
201744052609
201744052610
201744052611
201744052612
201744060501
201744060502
201744060503
201744060504
201744060505
201744060506
201744060507
201744060508
201744060509
201744060510
201744060511
201744060512
201744060601
201744060602
201744060603
201744060604
201744060605
201744060606
201744060607
201744060608
201744060609
201744060610
201744060611
201744060612
201744060701
201744060702
201744060703
201744060704
201744060705
201744060706
201744060707
201744060708
201744060709
201744060710
201744060711
201744060712
201744060801
201744060802
201744060803
201744060804
201744060805
201744060806
201744060807
201744060808
201744060809
201744060810
201744060811
201744060812
201744060901
201744060902
201744060903
201744060904
201744060905
201744060906
201744060907
201744060908
201744060909
201744060910
201744060911
201744060912
201744062601
201744062602
201744062603
201744062604
201744062605
201744062606
201744062607
201744062608
201744062609
201744062610
201744062611
201744062612
201744062701
201744062702
201744062703
201744062704
201744062705
201744062706
201744062707
201744062708
201744062709
201744062710
201744062711
201744062712
201744062801
201744062802
201744062803
201744062804
201744062805
201744062806
201744062807
201744062808
201744062809
201744062810
201744062811
201744062812
201744062901
201744062902
201744062903
201744062904
201744062905
201744062906
201744062907
201744062908
201744062909
201744062910
201744062911
201744062912
201744063001
201744063002
201744063003
201744063004
201744063005
201744063006
201744063007
201744063008
201744063009
201744063010
201744063011
201744063012
201744071001
201744071002
201744071003
201744071004
201744071005
201744071006
201744071007
201744071008
201744071009
201744071010
201744071011
201744071012
201744071101
201744071102
201744071103
201744071104
201744071105
201744071106
201744071107
201744071108
201744071109
201744071110
201744071111
201744071201
201744071202
201744071203
201744071204
201744071205
201744071206
201744071207
201744071208
201744071209
201744071210
201744071211
201744071212
201744071301
201744071302
201744071303
201744071304
201744071305
201744071306
201744071307
201744071308
201744071309
201744071310
201744071311
201744071312
201744071401
201744071402
201744071403
201744071404
201744071405
201744071406
201744071407
201744071408
201744071409
201744071410
201744071411
201744071412
201744072601
201744072602
201744072603
201744072604
201744072605
201744072606
201744072607
201744072608
201744072609
201744072610
201744072611
201744072612
201744072701
201744072702
201744072703
201744072704
201744072705
201744072706
201744072707
201744072708
201744072709
201744072710
201744072711
201744072712
201744072801
201744072802
201744072803
201744072804
201744072805
201744072806
201744072807
201744072808
201744072809
201744072810
201744072811
201744072812
201744072901
201744072902
201744072903
201744072904
201744072905
201744072906
201744072907
201744072908
201744072909
201744072910
201744073001
201744073002
201744073003
201744073004
201744073005
201744073006
201744073007
201744073008
201744073009
201744073010
201744081001
201744081002
201744081003
201744081004
201744081005
201744081006
201744081007
201744081008
201744081009
201744081010
201744081011
201744081101
201744081102
201744081103
201744081104
201744081105
201744081106
201744081107
201744081108
201744081109
201744081110
201744081111
201744081201
201744081202
201744081203
201744081204
201744081205
201744081206
201744081207
201744081208
201744081209
201744081210
201744081211
201744081301
201744081302
201744081303
201744081304
201744081305
201744081306
201744081307
201744081308
201744081309
201744081310
201744081311
201744081401
201744081402
201744081403
201744081404
201744081405
201744081406
201744081407
201744081408
201744081409
201744081410
201744081411
201744081501
201744081502
201744081503
201744081504
201744081505
201744081506
201744081507
201744081508
201744081509
201744081510
201744081511
201744082801
201744082802
201744082803
201744082804
201744082805
201744082806
201744082807
201744082808
201744082809
201744082810
201744082811
201744082812
201744082901
201744082902
201744082903
201744082904
201744082905
201744082906
201744082907
201744082908
201744082909
201744082910
201744082911
201744082912
201744083001
201744083002
201744083003
201744083004
201744083005
201744083006
201744083007
201744083008
201744083009
201744083010
201744083011
201744083012
201744083101
201744083102
201744083103
201744083104
201744083105
201744083106
201744083107
201744083108
201744083109
201744083110
201744083111
201744083112
201744091101
201744091102
201744091103
201744091104
201744091105
201744091106
201744091107
201744091108
201744091109
201744091110
201744091111
201744091112
201744091201
201744091202
201744091203
201744091204
201744091205
201744091206
201744091207
201744091208
201744091209
201744091210
201744091211
201744091212
201744091301
201744091302
201744091303
201744091304
201744091305
201744091306
201744091307
201744091308
201744091309
201744091310
201744091311
201744091312
201744091401
201744091402
201744091403
201744091404
201744091405
201744091406
201744091407
201744091408
201744091409
201744091410
201744091411
201744091412
201744091501
201744091502
201744091503
201744091504
201744091505
201744091506
201744091507
201744091508
201744091509
201744091510
201744091511
201744091512
201744100201
201744100202
201744100203
201744100204
201744100205
201744100206
201744100207
201744100208
201744100209
201744100210
201744100211
201744100212
201744100301
201744100302
201744100303
201744100304
201744100305
201744100306
201744100307
201744100308
201744100309
201744100310
201744100311
201744100312
201744100401
201744100402
201744100403
201744100404
201744100405
201744100406
201744100407
201744100408
201744100409
201744100410
201744100411
201744100412
201744100501
201744100502
201744100503
201744100504
201744100505
201744100506
201744100507
201744100508
201744100509
201744100510
201744100511
201744100512
201744100601
201744100602
201744100603
201744100604
201744100605
201744100606
201744100607
201744100608
201744100609
201744100610
201744100611
201744100612
201744103001
201744103002
201744103003
201744103004
201744103005
201744103006
201744103007
201744103008
201744103009
201744103010
201744103011
201744103012
201744103101
201744103102
201744103103
201744103104
201744103105
201744103106
201744103107
201744103108
201744103109
201744103110
201744103111
201744110101
201744110102
201744110103
201744110104
201744110105
201744110106
201744110107
201744110108
201744110109
201744110110
201744110111
201744110112
201744110201
201744110202
201744110203
201744110204
201744110205
201744110206
201744110207
201744110208
201744110209
201744110210
201744110211
201744110212
201744110301
201744110302
201744110303
201744110304
201744110305
201744110306
201744110307
201744110308
201744110309
201744110310
201744110311
201744110312
201744111301
201744111302
201744111303
201744111304
201744111305
201744111306
201744111307
201744111308
201744111309
201744111310
201744111311
201744111312
201744111401
201744111402
201744111403
201744111404
201744111405
201744111406
201744111407
201744111408
201744111409
201744111410
201744111411
201744111412
201744111501
201744111502
201744111503
201744111504
201744111505
201744111506
201744111507
201744111508
201744111509
201744111510
201744111511
201744111512
201744111601
201744111602
201744111603
201744111604
201744111605
201744111606
201744111607
201744111608
201744111609
201744111610
201744111611
201744111612
201744111701
201744111702
201744111703
201744111704
201744111705
201744111706
201744111707
201744111708
201744111709
201744111710
201744111711
201744111712
201744112701
201744112702
201744112703
201744112704
201744112705
201744112706
201744112707
201744112708
201744112709
201744112710
201744112711
201744112712
201744112801
201744112802
201744112803
201744112804
201744112805
201744112806
201744112807
201744112808
201744112809
201744112810
201744112811
201744112812
201744112901
201744112902
201744112903
201744112904
201744112905
201744112906
201744112907
201744112908
201744112909
201744112910
201744112911
201744112912
201744113001
201744113002
201744113003
201744113004
201744113005
201744113006
201744113007
201744113008
201744113009
201744113010
201744113011
201744113012
201744120101
201744120102
201744120103
201744120104
201744120105
201744120106
201744120107
201744120108
201744120109
201744120110
201744120111
201744120112
201744122501
201744122502
201744122503
201744122504
201744122505
201744122506
201744122507
201744122508
201744122509
201744122510
201744122511
201744122512
201744122601
201744122602
201744122603
201744122604
201744122605
201744122606
201744122607
201744122608
201744122609
201744122610
201744122611
201744122612
201744122701
201744122702
201744122703
201744122704
201744122705
201744122706
201744122707
201744122708
201744122709
201744122710
201744122711
201744122712
201744122901
201744122902
201744122903
201744122904
201744122905
201744122906
201744122907
201744122908
201744122909
201744122910
201744122911
201744122912
201744123001
201744123002
201744123003
201744123004
201744123005
201744123006
201744123007
201744123008
201744123009
201744123010
201744123011
201744123012
201744123101
201744123102
201744123103
201744123104
201744123105
201744123106
201744123107
201744123108
201744123109
201744123110
201744123111
201744123112