201747011201
201747011202
201747011203
201747011204
201747011205
201747011206
201747011207
201747012501
201747012502
201747020701
201747020702
201747020703
201747020704
201747020705
201747020706
201747022101
201747022102
201747022103
201747030901
201747030902
201747030903
201747030904
201747030905
201747030906
201747030907
201747081601
201747083101
201747083102
201747083103
201747083104
201747083105
201747083106
201747083107
201747083108
201747083109
201747083110
201747091501
201747091502
201747091503
201747091504
201747091505
201747091506
201747091507
201747092801
201747092802
201747092803
201747092804
201747092805
201747092806
201747092807
201747092808
201747092809
201747092810
201747101301
201747101302
201747101303
201747101304
201747101305
201747101306
201747101307
201747102001
201747102002
201747102003
201747102004
201747102005
201747102006
201747102007
201747102008
201747110901
201747110902
201747110903
201747110904
201747110905
201747110906
201747110907
201747110908
201747110909
201747111001
201747111002
201747111003
201747111004
201747111005
201747112301
201747112302
201747112401
201747120601
201747120602
201747120603
201747120604
201747120605
201747120606
201747120607
201747120608
201747120609
201747120610
201747120611
201747120801
201747120802
201747120803
201747122601
201747122602
201747122603
201747123001
201747123002
201747123003
201747123004
201747123005
201747123006
201747123007
201747123008
201747123009