201748010101
201748010102
201748010103
201748010104
201748010105
201748010106
201748010107
201748010108
201748010109
201748010110
201748010111
201748010112
201748010201
201748010202
201748010203
201748010204
201748010205
201748010206
201748010207
201748010208
201748010209
201748010210
201748010211
201748010301
201748010302
201748010303
201748010304
201748010305
201748010306
201748010307
201748010308
201748010309
201748010310
201748010311
201748010601
201748010602
201748010603
201748010604
201748010605
201748010606
201748010607
201748010608
201748010609
201748010610
201748010611
201748010612
201748011601
201748011602
201748011603
201748011604
201748011605
201748011606
201748011607
201748011608
201748011609
201748011610
201748011701
201748011702
201748011703
201748011704
201748011705
201748011706
201748011707
201748011708
201748011709
201748011710
201748011801
201748011802
201748011803
201748011804
201748011805
201748011806
201748011807
201748011808
201748011809
201748011810
201748011811
201748011901
201748011902
201748011903
201748011904
201748011905
201748011906
201748011907
201748011908
201748011909
201748011910
201748011911
201748012001
201748012002
201748012003
201748012004
201748012005
201748012006
201748012007
201748012008
201748012009
201748012010
201748012011
201748013001
201748013002
201748013003
201748013004
201748013005
201748013006
201748013007
201748013008
201748013009
201748013010
201748013101
201748013102
201748013103
201748013104
201748013105
201748013106
201748013107
201748013108
201748013109
201748013110
201748013111
201748020101
201748020102
201748020103
201748020104
201748020105
201748020106
201748020107
201748020108
201748020109
201748020110
201748020111
201748020201
201748020202
201748020203
201748020204
201748020205
201748020206
201748020207
201748020208
201748020209
201748020210
201748020211
201748020301
201748020302
201748020303
201748020304
201748020305
201748020306
201748020307
201748020308
201748020309
201748021301
201748021302
201748021303
201748021304
201748021305
201748021306
201748021307
201748021308
201748021309
201748021310
201748021401
201748021402
201748021403
201748021404
201748021405
201748021406
201748021407
201748021408
201748021409
201748021410
201748021501
201748021502
201748021503
201748021504
201748021505
201748021506
201748021507
201748021508
201748021509
201748021510
201748021511
201748021601
201748021602
201748021603
201748021604
201748021605
201748021606
201748021607
201748021608
201748021609
201748021610
201748021611
201748021701
201748021702
201748021703
201748021704
201748021705
201748021706
201748021707
201748021708
201748021709
201748021710
201748021711
201748022701
201748022702
201748022703
201748022704
201748022705
201748022706
201748022707
201748022708
201748022709
201748022710
201748022801
201748022802
201748022803
201748022804
201748022805
201748022806
201748022807
201748022808
201748022809
201748022810
201748022811
201748030101
201748030102
201748030103
201748030104
201748030105
201748030106
201748030107
201748030108
201748030109
201748030110
201748030111
201748030201
201748030202
201748030203
201748030204
201748030205
201748030206
201748030207
201748030208
201748030209
201748030210
201748030211
201748030301
201748030302
201748030303
201748030304
201748030305
201748030306
201748030307
201748030308
201748030309
201748030310
201748031301
201748031302
201748031303
201748031304
201748031305
201748031306
201748031307
201748031308
201748031309
201748031310
201748031401
201748031402
201748031403
201748031404
201748031405
201748031406
201748031407
201748031408
201748031409
201748031410
201748031501
201748031502
201748031503
201748031504
201748031505
201748031506
201748031507
201748031508
201748031509
201748031510
201748031601
201748031602
201748031603
201748031604
201748031605
201748031606
201748031607
201748031608
201748031609
201748031610
201748031611
201748031701
201748031702
201748031703
201748031704
201748031705
201748031706
201748031707
201748031708
201748031709
201748031710
201748031711
201748032801
201748032802
201748032803
201748032804
201748032805
201748032806
201748032807
201748032808
201748032809
201748032810
201748032811
201748032812
201748032901
201748032902
201748032903
201748032904
201748032905
201748032906
201748032907
201748032908
201748032909
201748032910
201748032911
201748032912
201748033001
201748033002
201748033003
201748033004
201748033005
201748033006
201748033007
201748033008
201748033009
201748033010
201748033011
201748033012
201748033101
201748033102
201748033103
201748033104
201748033105
201748033106
201748033107
201748033108
201748033109
201748033110
201748033111
201748041001
201748041002
201748041003
201748041004
201748041005
201748041006
201748041007
201748041008
201748041009
201748041010
201748041011
201748041201
201748041202
201748041203
201748041204
201748041205
201748041206
201748041207
201748041208
201748041209
201748041210
201748041211
201748041301
201748041302
201748041303
201748041304
201748041305
201748041306
201748041307
201748041308
201748041309
201748041310
201748041311
201748041312
201748041401
201748041402
201748041403
201748041404
201748041405
201748041406
201748041407
201748041408
201748041409
201748041410
201748041411
201748041412
201748041801
201748041802
201748041803
201748041804
201748041805
201748041806
201748041807
201748041808
201748041809
201748041810
201748041811
201748041901
201748041902
201748041903
201748041904
201748041905
201748041906
201748041907
201748041908
201748041909
201748041910
201748041911
201748042001
201748042002
201748042003
201748042004
201748042005
201748042006
201748042007
201748042008
201748042009
201748042010
201748042011
201748042012
201748042101
201748042102
201748042103
201748042104
201748042105
201748042106
201748042107
201748042108
201748042109
201748042110
201748042111
201748042112
201748050201
201748050202
201748050203
201748050204
201748050205
201748050206
201748050207
201748050208
201748050209
201748050210
201748050211
201748050301
201748050302
201748050303
201748050304
201748050305
201748050306
201748050307
201748050308
201748050309
201748050310
201748050311
201748050312
201748050401
201748050402
201748050403
201748050404
201748050405
201748050406
201748050407
201748050408
201748050409
201748050410
201748050411
201748050501
201748050502
201748050503
201748050504
201748050505
201748050506
201748050507
201748050508
201748050509
201748050510
201748050511
201748050512
201748051601
201748051602
201748051603
201748051604
201748051605
201748051606
201748051607
201748051608
201748051609
201748051610
201748051611
201748051701
201748051702
201748051703
201748051704
201748051705
201748051706
201748051707
201748051708
201748051709
201748051710
201748051711
201748051712
201748051801
201748051802
201748051803
201748051804
201748051805
201748051806
201748051807
201748051808
201748051809
201748051810
201748051811
201748051812
201748051901
201748051902
201748051903
201748051904
201748051905
201748051906
201748051907
201748051908
201748051909
201748051910
201748051911
201748052301
201748052302
201748052303
201748052304
201748052305
201748052306
201748052307
201748052308
201748052309
201748052310
201748052311
201748052401
201748052402
201748052403
201748052404
201748052405
201748052406
201748052407
201748052408
201748052409
201748052410
201748052411
201748052501
201748052502
201748052503
201748052504
201748052505
201748052506
201748052507
201748052508
201748052509
201748052510
201748052511
201748052512
201748052601
201748052602
201748052603
201748052604
201748052605
201748052606
201748052607
201748052608
201748052609
201748052610
201748052611
201748052612
201748060601
201748060602
201748060603
201748060604
201748060605
201748060606
201748060607
201748060608
201748060609
201748060610
201748060611
201748060612
201748060701
201748060702
201748060703
201748060704
201748060705
201748060706
201748060707
201748060708
201748060709
201748060710
201748060801
201748060802
201748060803
201748060804
201748060805
201748060806
201748060807
201748060808
201748060809
201748060810
201748060811
201748060812
201748060901
201748060902
201748060903
201748060904
201748060905
201748060906
201748060907
201748060908
201748060909
201748060910
201748060911
201748062001
201748062002
201748062003
201748062004
201748062005
201748062006
201748062007
201748062008
201748062009
201748062010
201748062011
201748062012
201748062101
201748062102
201748062103
201748062104
201748062105
201748062106
201748062107
201748062108
201748062109
201748062110
201748062111
201748062201
201748062202
201748062203
201748062204
201748062205
201748062206
201748062207
201748062208
201748062209
201748062210
201748062211
201748062212
201748062301
201748062302
201748062303
201748062304
201748062305
201748062306
201748062307
201748062308
201748062309
201748062310
201748070301
201748070302
201748070303
201748070304
201748070305
201748070306
201748070307
201748070308
201748070309
201748070310
201748070311
201748070501
201748070502
201748070503
201748070504
201748070505
201748070506
201748070507
201748070508
201748070509
201748070510
201748070511
201748070512
201748070601
201748070602
201748070603
201748070604
201748070605
201748070606
201748070607
201748070608
201748070609
201748070610
201748070611
201748070612
201748070701
201748070702
201748070703
201748070704
201748070705
201748070706
201748070707
201748070708
201748070709
201748070710
201748070711
201748071701
201748071702
201748071703
201748071704
201748071705
201748071706
201748071707
201748071708
201748071709
201748071710
201748071711
201748071712
201748071901
201748071902
201748071903
201748071904
201748071905
201748071906
201748071907
201748071908
201748071909
201748071910
201748071911
201748071912
201748072001
201748072002
201748072003
201748072004
201748072005
201748072006
201748072007
201748072008
201748072009
201748072010
201748072011
201748072012
201748072101
201748072102
201748072103
201748072104
201748072105
201748072106
201748072107
201748072108
201748072109
201748072110
201748072111
201748072112
201748072501
201748072502
201748072503
201748072504
201748072505
201748072506
201748072507
201748072508
201748072509
201748072510
201748072511
201748072601
201748072602
201748072603
201748072604
201748072605
201748072606
201748072607
201748072608
201748072609
201748072610
201748072611
201748072612
201748072701
201748072702
201748072703
201748072704
201748072705
201748072706
201748072707
201748072708
201748072709
201748072710
201748072711
201748072712
201748072801
201748072802
201748072803
201748072804
201748072805
201748072806
201748072807
201748072808
201748072809
201748072810
201748080801
201748080802
201748080803
201748080804
201748080805
201748080806
201748080807
201748080808
201748080809
201748080810
201748080811
201748080901
201748080902
201748080903
201748080904
201748080905
201748080906
201748080907
201748080908
201748080909
201748080910
201748080911
201748080912
201748081001
201748081002
201748081003
201748081004
201748081005
201748081006
201748081007
201748081008
201748081009
201748081010
201748081011
201748081012
201748081101
201748081102
201748081103
201748081104
201748081105
201748081106
201748081107
201748081108
201748081109
201748081110
201748081111
201748081112
201748082101
201748082102
201748082103
201748082104
201748082105
201748082106
201748082107
201748082108
201748082109
201748082110
201748082111
201748082301
201748082302
201748082303
201748082304
201748082305
201748082306
201748082307
201748082308
201748082309
201748082310
201748082311
201748082401
201748082402
201748082403
201748082404
201748082405
201748082406
201748082407
201748082408
201748082409
201748082410
201748082411
201748082412
201748082501
201748082502
201748082503
201748082504
201748082505
201748082506
201748082507
201748082508
201748082509
201748082510
201748082511
201748090501
201748090502
201748090503
201748090504
201748090505
201748090506
201748090507
201748090508
201748090509
201748090510
201748090511
201748090512
201748090601
201748090602
201748090603
201748090604
201748090605
201748090606
201748090607
201748090608
201748090609
201748090610
201748090611
201748090612
201748090701
201748090702
201748090703
201748090704
201748090705
201748090706
201748090707
201748090708
201748090709
201748090710
201748090711
201748090712
201748090801
201748090802
201748090803
201748090804
201748090805
201748090806
201748090807
201748090808
201748090809
201748090810
201748090811
201748090812
201748091901
201748091902
201748091903
201748091904
201748091905
201748091906
201748091907
201748091908
201748091909
201748091910
201748091911
201748091912
201748092001
201748092002
201748092003
201748092004
201748092005
201748092006
201748092007
201748092008
201748092009
201748092010
201748092011
201748092012
201748092101
201748092102
201748092103
201748092104
201748092105
201748092106
201748092107
201748092108
201748092109
201748092110
201748092111
201748092112
201748092201
201748092202
201748092203
201748092204
201748092205
201748092206
201748092207
201748092208
201748092209
201748092210
201748092211
201748092212
201748100301
201748100302
201748100303
201748100304
201748100305
201748100306
201748100307
201748100308
201748100309
201748100310
201748100311
201748100312
201748100401
201748100402
201748100403
201748100404
201748100405
201748100406
201748100407
201748100408
201748100409
201748100410
201748100411
201748100412
201748100501
201748100502
201748100503
201748100504
201748100505
201748100506
201748100507
201748100508
201748100509
201748100510
201748100511
201748100512
201748100601
201748100602
201748100603
201748100604
201748100605
201748100606
201748100607
201748100608
201748100609
201748100610
201748100611
201748100612
201748102401
201748102402
201748102403
201748102404
201748102405
201748102406
201748102407
201748102408
201748102409
201748102410
201748102411
201748102412
201748102501
201748102502
201748102503
201748102504
201748102505
201748102506
201748102507
201748102508
201748102509
201748102510
201748102511
201748102512
201748102601
201748102602
201748102603
201748102604
201748102605
201748102606
201748102607
201748102608
201748102609
201748102610
201748102611
201748102612
201748102701
201748102702
201748102703
201748102704
201748102705
201748102706
201748102707
201748102708
201748102709
201748102710
201748102711
201748102712
201748103001
201748103002
201748103003
201748103004
201748103005
201748103006
201748103007
201748103008
201748103009
201748103010
201748103011
201748103101
201748103102
201748103103
201748103104
201748103105
201748103106
201748103107
201748103108
201748103109
201748103110
201748103111
201748103112
201748110101
201748110102
201748110103
201748110104
201748110105
201748110106
201748110107
201748110108
201748110109
201748110110
201748110111
201748110112
201748110201
201748110202
201748110203
201748110204
201748110205
201748110206
201748110207
201748110208
201748110209
201748110210
201748110211
201748110212
201748111301
201748111302
201748111303
201748111304
201748111305
201748111306
201748111307
201748111308
201748111309
201748111310
201748111311
201748111312
201748111501
201748111502
201748111503
201748111504
201748111505
201748111506
201748111507
201748111508
201748111509
201748111510
201748111511
201748111512
201748111601
201748111602
201748111603
201748111604
201748111605
201748111606
201748111607
201748111608
201748111609
201748111610
201748111611
201748111612
201748111701
201748111702
201748111703
201748111704
201748111705
201748111706
201748111707
201748111708
201748111709
201748111710
201748111711
201748111712
201748112701
201748112702
201748112703
201748112704
201748112705
201748112706
201748112707
201748112708
201748112709
201748112710
201748112711
201748112712
201748112901
201748112902
201748112903
201748112904
201748112905
201748112906
201748112907
201748112908
201748112909
201748112910
201748112911
201748112912
201748113001
201748113002
201748113003
201748113004
201748113005
201748113006
201748113007
201748113008
201748113009
201748113010
201748113011
201748113012
201748120101
201748120102
201748120103
201748120104
201748120105
201748120106
201748120107
201748120108
201748120109
201748120110
201748120111
201748120112
201748121101
201748121102
201748121103
201748121104
201748121105
201748121106
201748121107
201748121108
201748121109
201748121110
201748121111
201748121112
201748121301
201748121302
201748121303
201748121304
201748121305
201748121306
201748121307
201748121308
201748121309
201748121310
201748121311
201748121312
201748121401
201748121402
201748121403
201748121404
201748121405
201748121406
201748121407
201748121408
201748121409
201748121410
201748121411
201748121412
201748121501
201748121502
201748121503
201748121504
201748121505
201748121506
201748121507
201748121508
201748121509
201748121510
201748121511
201748121512
201748121801
201748121802
201748121803
201748121804
201748121805
201748121806
201748121807
201748121808
201748121809
201748121810
201748121811
201748122001
201748122002
201748122003
201748122004
201748122005
201748122006
201748122007
201748122008
201748122009
201748122010
201748122011
201748122012
201748122101
201748122102
201748122103
201748122104
201748122105
201748122106
201748122107
201748122108
201748122109
201748122110
201748122111
201748122112
201748122201
201748122202
201748122203
201748122204
201748122205
201748122206
201748122207
201748122208
201748122209
201748122210
201748122211
201748122212