201750010301
201750010302
201750010303
201750010304
201750010305
201750010306
201750010307
201750010308
201750010309
201750010901
201750010902
201750011201
201750011202
201750011203
201750012401
201750012402
201750012403
201750012404
201750012405
201750012406
201750012407
201750012501
201750012502
201750012503
201750012504
201750012505
201750012506
201750012601
201750012602
201750012603
201750012604
201750012605
201750012606
201750012607
201750012608
201750012609
201750012610
201750020701
201750020702
201750020703
201750020704
201750020705
201750020706
201750020707
201750020708
201750020709
201750020710
201750020711
201750021501
201750021502
201750021503
201750021504
201750021505
201750021506
201750021507
201750021508
201750021509
201750021510
201750022201
201750022202
201750022203
201750022204
201750022205
201750022206
201750022207
201750022208
201750022209
201750022210
201750022211
201750022212
201750022801
201750022802
201750022803
201750022804
201750022805
201750022806
201750022807
201750022808
201750022809
201750022810
201750030101
201750030102
201750030103
201750030104
201750030105
201750030801
201750030802
201750030803
201750030804
201750030805
201750030806
201750030807
201750030808
201750030809
201750030810
201750030811
201750030812
201750031501
201750031502
201750031503
201750031504
201750031505
201750031506
201750031507
201750031508
201750031509
201750040501
201750040502
201750040503
201750040504
201750040505
201750040506
201750040507
201750040508
201750040509
201750040510
201750040511
201750040512
201750041201
201750041202
201750041203
201750041204
201750041205
201750041206
201750041207
201750041208
201750041209
201750041210
201750041211
201750061401
201750061402
201750061403
201750070601
201750070602
201750070603
201750070604
201750081801
201750081802
201750081803
201750081804
201750081805
201750081806
201750092101
201750092102
201750092103
201750092104
201750092105
201750092106
201750092107
201750092108
201750092109
201750092110
201750101201
201750101202
201750101203
201750101204
201750101205
201750101206
201750101207
201750102601
201750102602
201750102603
201750102604
201750102605
201750102606
201750102607
201750102608
201750102609
201750102610
201750102611
201750110701
201750110702
201750112101
201750112102
201750112103
201750112104
201750112105
201750112106
201750112107
201750112108
201750112109
201750112110
201750112801
201750112802
201750120701
201750120702
201750121201
201750121202
201750122001
201750122002
201750123001
201750123002
201750123101
201750123102
201750123103
201750123104
201750123105
201750123106
201750123107
201750123108
201750123109
201750123110