201755010401
201755010402
201755010403
201755010404
201755010405
201755010406
201755010407
201755052801
201755060401
201755060402
201755060403
201755062001
201755071701
201755071702
201755071703
201755071704
201755071705
201755071706
201755092301
201755100701
201755102101
201755110401
201755110402
201755110403
201755110404
201755110405
201755110406
201755110407
201755110501
201755110502
201755111101
201755111801
201755111802
201755111803
201755111804
201755111805
201755111806
201755111807
201755111808
201755111809
201755111810
201755111811
201755111812
201755111901
201755111902
201755111903
201755111904
201755111905
201755112301
201755112302
201755120201
201755120202
201755120203
201755120204
201755120301
201755120302
201755120303
201755120304
201755120305
201755120306
201755120501
201755120502
201755120503
201755120504
201755120505
201755120506
201755120507
201755120508
201755120509
201755120510
201755120511
201755120512
201755120901
201755120902
201755121001
201755121002
201755121003
201755121601
201755121602
201755121603
201755121604
201755121605
201755121606
201755122301
201755122401
201755122402