196805010401
196805020701
196805020702
196805020703
196805020704
196805020705
196805020706
196805020707
196805020801
196805020802
196805020803
196805020804
196805020805
196805020806
196805020807
196805030201
196805030501
196805030502
196805030503
196805030701
196805030702
196805030703
196805030704
196805030705
196805030706
196805030707
196805030708
196805030709
196805030710
196805030711
196805040201
196805040202
196805040203
196805040204
196805040205
196805040206
196805040207
196805040208
196805040209
196805040210
196805040211
196805040501
196805040502
196805040503
196805040504
196805040505
196805040506
196805040507
196805040508
196805040509
196805040601
196805040602
196805040603
196805040604
196805040605
196805040606
196805040607
196805040608
196805040609
196805040610
196805040611
196805040701
196805040702
196805040703
196805040704
196805040705
196805040706
196805040707
196805040708
196805050101
196805050102
196805050103
196805050104
196805050105
196805050106
196805050107
196805050108
196805050301
196805050302
196805050303
196805050304
196805050305
196805050306
196805050307