196806010101
196806010102
196806010103
196806010104
196806010105
196806010106
196806010107
196806010108
196806010109
196806010110
196806010201
196806010202
196806010203
196806010204
196806010205
196806010206
196806010207
196806010208
196806010401
196806010402
196806010403
196806010404
196806010405
196806010406
196806010407
196806010501
196806010502
196806010503
196806010504
196806010505
196806010506
196806010507
196806010508
196806010701
196806010702
196806010703
196806010704
196806010705
196806010706
196806010707
196806010708
196806010709
196806010710
196806020201
196806020401
196806020402
196806020403
196806020404
196806020405
196806020406
196806020407
196806020408
196806020409
196806020410
196806020411
196806020412
196806020501
196806020502
196806020503
196806020601
196806020602
196806020603
196806020604
196806020605
196806020606
196806020607
196806020608
196806020609
196806020610
196806020611
196806020612
196806030101
196806030102
196806030103
196806030104
196806030105
196806030106
196806030107
196806030108
196806030109
196806030110
196806030201
196806030202
196806030301
196806030302
196806030303
196806030304
196806030305
196806030306
196806030307
196806030308
196806030309
196806030310
196806030311
196806030312
196806030601
196806030602
196806030801
196806030802
196806030803
196806030804
196806030805
196806030806
196806030807
196806030808
196806040701
196806040702
196806040703
196806040704
196806040705
196806040706
196806040707
196806040708
196806040709
196806040710
196806040711
196806050201
196806050202
196806050203
196806050204
196806050205
196806050206
196806070201
196806070202
196806070203
196806070204
196806070205
196806070206
196806070207
196806070208
196806070209
196806070210
196806070211
196806070601
196806070602
196806070603
196806070604
196806070605
196806070606
196806070607
196806070608
196806070609
196806070610