196807010101
196807010102
196807010103
196807010104
196807010105
196807010106
196807010107
196807010108
196807010109
196807010110
196807010111
196807010112
196807010601
196807010602
196807010603
196807010604
196807010605
196807010606
196807010607
196807010608
196807010609
196807010610
196807010611
196807010612
196807020201
196807020202
196807020203
196807020204
196807020205
196807020206
196807020601
196807020602
196807020603
196807030601
196807030602
196807030603
196807030604
196807030605
196807030606
196807030607
196807030608
196807030609
196807040101
196807040102
196807040103
196807040104
196807040105
196807040106
196807040107
196807040108
196807040109
196807040110
196807040111