201030042804
201030042805
201030042809
201030042907
201030042910
201030050405
201030050408
201030050410
201030050501
201030050506
201030050508
201030051201
201030051206
201030051209
201030051210
201030051303
201030051307
201030051308
201030051907
201030051908
201030051909
201030051911
201030052004
201030052005
201030052006
201030052009
201030052011
201030052605
201030052606
201030052610
201030052703
201030052706
201030052707
201030052709
201030060101
201030060106
201030060107
201030060110
201030060111
201030060112
201030060207
201030060212
201030060908
201030060911
201030061005
201030061009
201030061011
201030061012
201030061604
201030061605
201030061609
201030061610
201030061611
201030061703
201030061704
201030061708
201030061711
201030061712
201030062307
201030062309
201030062403
201030062407
201030062409
201030062411
201030062907
201030062909
201030063002
201030063003
201030063007
201030063008
201030063009
201030070108
201030070110
201030070601
201030070602
201030070607
201030070610
201030070703
201030070706
201030070708
201030070709
201030070710
201030070711
201030071302
201030071306
201030071311
201030071407
201030071409
201030071410
201030071411
201030071503
201030071510
201030071511
201030072001
201030072006
201030072008
201030072106
201030072107
201030072203
201030072204
201030072206
201030072207
201030072708
201030072709
201030072804
201030072805
201030072808
201030072809
201030072901
201030072910
201030072912
201030080303
201030080308
201030080309
201030080408
201030080410
201030080508
201030080509
201030080510
201030081004
201030081006
201030081007
201030081011
201030081104
201030081108
201030081109
201030081110
201030081111
201030081201
201030081208
201030081209
201030081210
201030081705
201030081709
201030081710
201030081803
201030081804
201030081805
201030081809
201030081810
201030081903
201030081908
201030081909
201030081910
201030082406
201030082407
201030082410
201030082411
201030082508
201030082509
201030082510
201030082606
201030082608
201030082610
201030083104
201030083107
201030083109
201030090103
201030090105
201030090108
201030090110
201030090205
201030090210
201030090211
201030090705
201030090709
201030090710
201030090711
201030090804
201030090807
201030090809
201030090810
201030090811
201030090812
201030090901
201030090906
201030090908
201030090909
201030090910
201030090911
201030091408
201030091409
201030091503
201030091508
201030091509
201030091603
201030091608
201030091609
201030091610
201030092104
201030092110
201030092111
201030092203
201030092204
201030092208
201030092209
201030092211
201030092308
201030092309
201030092311
201030092803
201030092806
201030092809
201030092812
201030092903
201030092907
201030092908
201030092909
201030092910
201030092911
201030093001
201030093008
201030093012
201030100501
201030100505
201030100506
201030100507
201030100508
201030100509
201030100510
201030100603
201030100607
201030100608
201030100609
201030100710
201030101208
201030101209
201030101210
201030101306
201030101403
201030101404
201030101410
201030101411
201030101901
201030101904
201030101906
201030101907
201030101909
201030101910
201030101911
201030102003
201030102004
201030102007
201030102009
201030102010
201030102011
201030102101
201030102103
201030102107
201030102108
201030102109
201030102110
201030102602
201030102608
201030102611
201030102705
201030102709
201030102710
201030102802
201030102803
201030102806
201030102809
201030110201
201030110202
201030110203
201030110205
201030110206
201030110207
201030110305
201030110307
201030110309
201030110403
201030110409
201030110410
201030110412
201030110909
201030110910
201030111002
201030111005
201030111008
201030111103
201030111109
201030111603
201030111606
201030111607
201030111609
201030111610
201030111705
201030111706
201030111708
201030111711
201030111712
201030111803
201030111804
201030111807
201030111808
201030111809
201030111810
201030111812