201035051601
201035051602
201035051603
201035051604
201035051605
201035051606
201035051607
201035051608
201035051609
201035051610
201035051701
201035051702
201035051703
201035051704
201035051705
201035051706
201035051707
201035051708
201035051709
201035052201
201035052202
201035052203
201035052204
201035052205
201035052206
201035052207
201035052208
201035052209
201035052210
201035052211
201035052401
201035052402
201035052403
201035052404
201035052405
201035052406
201035052407
201035052901
201035052902
201035052903
201035052904
201035052905
201035052906
201035052907
201035052908
201035053001
201035053002
201035053003
201035053004
201035053005
201035053006
201035053007
201035053008
201035053009
201035053010
201035053101
201035053102
201035053103
201035053104
201035053105
201035053106
201035053107
201035053108
201035053109
201035053110
201035053111
201035060501
201035060502
201035060503
201035060504
201035060505
201035060506
201035060507
201035060508
201035060509
201035060510
201035060511
201035060601
201035060602
201035060603
201035060604
201035060605
201035060606
201035060607
201035060608
201035060609
201035060610
201035060611
201035060701
201035060702
201035060703
201035060704
201035060705
201035060706
201035060707
201035060708
201035060709
201035060710
201035071101
201035071102
201035071103
201035071104
201035071105
201035071106
201035071107
201035071108
201035071109
201035071110
201035071111
201035071201
201035071202
201035071203
201035071204
201035071205
201035071206
201035071207
201035071208
201035071209
201035071210
201035071211
201035071701
201035071702
201035071703
201035071704
201035071705
201035071706
201035071707
201035071708
201035071709
201035071710
201035071711
201035071901
201035071902
201035071903
201035071904
201035071905
201035071906
201035071907
201035071908
201035071909
201035071910
201035072401
201035072402
201035072403
201035072404
201035072405
201035072406
201035072407
201035072408
201035072409
201035072410
201035072411
201035072501
201035072502
201035072503
201035072504
201035072505
201035072506
201035072507
201035072508
201035072509
201035072510
201035073101
201035073102
201035073103
201035073104
201035073105
201035073106
201035073107
201035073108
201035073109
201035073110
201035073111
201035080101
201035080102
201035080103
201035080104
201035080105
201035080106
201035080107
201035080108
201035080109
201035080110
201035080201
201035080202
201035080203
201035080204
201035080205
201035080206
201035080207
201035080208
201035080209
201035080210
201035080701
201035080702
201035080703
201035080704
201035080705
201035080706
201035080707
201035080708
201035080709
201035080710
201035080711
201035080801
201035080802
201035080803
201035080804
201035080805
201035080806
201035080807
201035080808
201035080809
201035080810
201035080901
201035080902
201035080903
201035080904
201035080905
201035080906
201035080907
201035080908
201035080909
201035081401
201035081402
201035081403
201035081404
201035081405
201035081406
201035081407
201035081501
201035081502
201035081503
201035081504
201035081505
201035081506
201035081507
201035081508
201035081509
201035081510
201035081511
201035081601
201035081602
201035081603
201035081604
201035081605
201035081606
201035081607
201035081608
201035081609
201035081610
201035081611
201035091801
201035092001
201035092002
201035092003
201035092004
201035092005
201035092006
201035092007
201035092008
201035092009
201035092010
201035092011
201035092501
201035092502
201035092503
201035092504
201035092505
201035092506
201035092507
201035092508
201035092509
201035092510
201035092511
201035092601
201035092602
201035092603
201035092604
201035092605
201035092606
201035092607
201035092608
201035092609
201035092610
201035092611
201035092701
201035092702
201035092703
201035092704
201035092705
201035092706
201035092707
201035092708
201035092709
201035100201
201035100202
201035100203
201035100204
201035100205
201035100206
201035100207
201035100208
201035100209
201035100210
201035100301
201035100302
201035100303
201035100304
201035100305
201035100306
201035100307
201035100308
201035100309
201035100310
201035100311
201035100401
201035100402
201035100403
201035100404
201035100405
201035100406
201035100407
201035100408
201035100409
201035100410
201035100901
201035100902
201035101001
201035101002
201035101003
201035101004
201035101005
201035101006
201035101007
201035101008
201035101009
201035101101
201035101102
201035101103
201035101104
201035101105
201035101106
201035101107
201035101108
201035101109
201035101110
201035101111
201035101601
201035101602
201035101603
201035101604
201035101605
201035101606
201035101607
201035101608
201035101609
201035101701
201035101702
201035101703
201035101704
201035101705
201035101706
201035101707
201035101708
201035101709
201035101710
201035101801
201035101802
201035101803
201035101804
201035101805
201035101806
201035101807
201035101808
201035101809
201035101810
201035101811
201035102301
201035102302
201035102303
201035102304
201035102305
201035102306
201035102307
201035102308
201035102309
201035102310
201035102401
201035102402
201035102403
201035102404
201035102405
201035102406
201035102407
201035102408
201035102409
201035102410