201036010201
201036010202
201036010203
201036010204
201036010205
201036010206
201036010207
201036010208
201036010209
201036010301
201036010302
201036010303
201036010304
201036010305
201036010306
201036010401
201036010402
201036010403
201036010404
201036010405
201036010406
201036011001
201036011002
201036011003
201036011004
201036011005
201036011006
201036011007
201036011008
201036011101
201036011102
201036011103
201036011104
201036011105
201036011106
201036032001
201036032101
201036032102
201036032103
201036032104
201036032105
201036032106
201036032107
201036032108
201036032109
201036032110
201036032201
201036032202
201036032203
201036032204
201036032205
201036032206
201036032801
201036032802
201036032803
201036032804
201036032805
201036032806
201036032807
201036032808
201036032809
201036032810
201036032811
201036032901
201036032902
201036032903
201036032904
201036032905
201036032906
201036032907
201036032908
201036040501
201036040502
201036040503
201036040504
201036040505
201036040506
201036040507
201036040508
201036040509
201036040510
201036041001
201036041002
201036041003
201036041004
201036041005
201036041006
201036041007
201036041008
201036041009
201036041010
201036041011
201036041101
201036041102
201036041103
201036041104
201036041105
201036041106
201036041107
201036041108
201036041109
201036041201
201036041202
201036041203
201036041204
201036041205
201036041206
201036041207
201036041208
201036041209
201036041210
201036041211
201036041701
201036041702
201036041703
201036041704
201036041705
201036041706
201036041707
201036041708
201036041709
201036041801
201036041802
201036041803
201036041804
201036041805
201036041806
201036041807
201036041808
201036041809
201036041810
201036041811
201036041901
201036041902
201036041903
201036041904
201036041905
201036041906
201036041907
201036041908
201036041909
201036041910
201036042401
201036042402
201036042403
201036042404
201036042405
201036042406
201036042407
201036042408
201036042501
201036042502
201036042503
201036042504
201036042505
201036042506
201036042507
201036042508
201036042509
201036042510
201036042511
201036042601
201036042602
201036042603
201036042604
201036042605
201036042606
201036042607
201036042608
201036042609
201036042610
201036042611
201036050201
201036050202
201036050203
201036050204
201036050205
201036050206
201036050207
201036050208
201036050209
201036050210
201036050401
201036050402
201036050403
201036050404
201036050405
201036050406
201036050407
201036050408
201036050409
201036050410
201036050411
201036050501
201036050502
201036050503
201036050504
201036050505
201036050506
201036050507
201036050508
201036050509
201036050510
201036050511
201036061201
201036061202
201036061203
201036061204
201036061205
201036061206
201036061207
201036061208
201036061301
201036061302
201036061303
201036061304
201036061305
201036061306
201036061307
201036061401
201036061402
201036061403
201036061404
201036061405
201036061406
201036061407
201036061408
201036061409
201036061410
201036061901
201036061902
201036061903
201036061904
201036061905
201036061906
201036061907
201036061908
201036061909
201036061910
201036061911
201036062601
201036062602
201036062603
201036062604
201036062605
201036062606
201036062607
201036062608
201036062609
201036062610
201036062701
201036062702
201036062703
201036062704
201036062705
201036062706
201036062707
201036062708
201036062709
201036062710
201036070301
201036070302
201036070303
201036070304
201036070305
201036070306
201036070307
201036070308
201036070309
201036070310
201036070311
201036070401
201036070402
201036070403
201036070404
201036070405
201036070406
201036070407
201036070408
201036070409
201036070410
201036082101
201036082102
201036082103
201036082104
201036082105
201036082106
201036082107
201036082108
201036082109
201036082110
201036082201
201036082202
201036082203
201036082204
201036082205
201036082206
201036082207
201036082208
201036082209
201036082210
201036082211
201036082301
201036082302
201036082303
201036082304
201036082305
201036082306
201036082307
201036082308
201036082309
201036082310
201036082801
201036082802
201036082803
201036082804
201036082805
201036082901
201036082902
201036082903
201036082904
201036082905
201036082906
201036082907
201036082908
201036082909
201036083001
201036083002
201036083003
201036083004
201036083005
201036083006
201036083007
201036083008
201036083009
201036083010
201036090501
201036090601
201036090602
201036090603
201036090604
201036090605
201036090606
201036090607
201036090608
201036090609
201036090610
201036090611
201036090612
201036091101
201036091102
201036091103
201036091104
201036091105
201036091201
201036091202
201036091203
201036091204
201036091205
201036091206
201036091207
201036091208
201036091209
201036091210
201036091301
201036091302
201036091303
201036091304
201036091305
201036091306
201036091307
201036091308
201036091309
201036091310
201036091311
201036103101
201036103102
201036103103
201036103104
201036103105
201036103106
201036103107
201036103108
201036103109
201036110101
201036110102
201036110103
201036110104
201036110105
201036110106
201036110107
201036110108
201036110109
201036110110
201036110601
201036110602
201036110603
201036110604
201036110605
201036110701
201036110702
201036110703
201036110704
201036110705
201036110706
201036110707
201036110708
201036110709
201036110801
201036110802
201036110803
201036110804
201036110805
201036110806
201036110807
201036110808
201036110809
201036111301
201036111302
201036111303
201036111304
201036111305
201036111306
201036111307
201036111308
201036111309
201036111310
201036111401
201036111402
201036111403
201036111404
201036111405
201036111406
201036111407
201036111408
201036111409
201036111410
201036111501
201036111502
201036111503
201036111504
201036111505
201036111506
201036111507
201036111508
201036112201
201036112202
201036112203
201036112204
201036112205
201036112206
201036112207
201036112208
201036112209
201036112210
201036112211
201036112301
201036112302
201036112303
201036112304
201036112305
201036112306
201036112307
201036112308
201036112309
201036112310
201036112311
201036112701
201036112702
201036112703
201036112704
201036112705
201036112706
201036112707
201036112708
201036112709
201036112710
201036112801
201036112802
201036112803
201036112804
201036112805
201036112806
201036112807
201036112808
201036112809
201036112810
201036112811
201036120401
201036120402
201036120403
201036120404
201036120405
201036120406
201036120407
201036120408
201036120409
201036120410
201036120411
201036120501
201036120502
201036120503
201036120504
201036120505
201036120506
201036120507
201036120508
201036120509
201036120510
201036120511
201036120601
201036120602
201036120603
201036120604
201036120605
201036120606
201036120607
201036120608
201036121101
201036121102
201036121103
201036121104
201036121105
201036121106
201036121107
201036121108
201036121109
201036121110
201036121201
201036121202
201036121203
201036121204
201036121205
201036121206
201036121207
201036121208
201036121209
201036121301
201036121302
201036121303
201036121304
201036121305
201036121306
201036121307
201036121308
201036121309
201036121801
201036121802
201036121901
201036121902
201036121903
201036121904
201036121905
201036121906
201036121907
201036121908
201036121909
201036121910
201036121911
201036122501
201036122502
201036122503
201036122504
201036122505
201036122506
201036122507
201036122508
201036122509
201036122601
201036122602
201036122603
201036122604
201036122605
201036122606
201036122701
201036122702
201036122703
201036122704
201036122705
201036122706
201036122707
201036122708
201036122709
201036122710
201036123101
201036123102
201036123103
201036123104
201036123105
201036123106
201036123107
201036123108
201036123109