201042010601
201042010602
201042010603
201042010604
201042010605
201042010606
201042010607
201042010608
201042010609
201042010610
201042010611
201042010612
201042010701
201042010702
201042010703
201042010704
201042010705
201042010706
201042010707
201042010708
201042010709
201042010710
201042010711
201042010712
201042010801
201042010802
201042010803
201042010804
201042010805
201042010806
201042010807
201042010808
201042010809
201042010810
201042010811
201042010812
201042020801
201042020802
201042020901
201042020902
201042020903
201042020904
201042020905
201042020906
201042020907
201042020908
201042020909
201042020910
201042020911
201042021001
201042021002
201042021003
201042021004
201042021005
201042021006
201042021007
201042021008
201042021009
201042021010
201042021011
201042021101
201042021102
201042021103
201042021104
201042021105
201042021106
201042021107
201042021108
201042021109
201042021110
201042021111
201042021112
201042021201
201042021202
201042021203
201042021204
201042021205
201042021206
201042021207
201042021208
201042021209
201042021210
201042021211
201042032201
201042032202
201042032203
201042032204
201042032205
201042032206
201042032207
201042032208
201042032209
201042032210
201042032211
201042032212
201042032301
201042032302
201042032303
201042032304
201042032305
201042032306
201042032307
201042032308
201042032401
201042032402
201042032403
201042032404
201042032405
201042032406
201042032407
201042032408
201042032409
201042032410
201042032411
201042032412
201042032501
201042032502
201042032503
201042032504
201042032505
201042032506
201042032507
201042032508
201042032509
201042032601
201042032602
201042032603
201042032604
201042032605
201042032606
201042032607
201042032608
201042032609
201042042601
201042042602
201042042603
201042042604
201042042605
201042042606
201042042607
201042042608
201042042609
201042042610
201042042611
201042042701
201042042702
201042042703
201042042704
201042042705
201042042706
201042042707
201042042708
201042042709
201042042801
201042042802
201042042803
201042042804
201042042805
201042042806
201042042807
201042042808
201042042901
201042042902
201042042903
201042042904
201042042905
201042042906
201042042907
201042042908
201042042909
201042042910
201042042911
201042043001
201042043002
201042043003
201042043004
201042043005
201042043006
201042043007
201042043008
201042043009
201042043010
201042052401
201042052402
201042052403
201042052404
201042052405
201042052406
201042052407
201042052408
201042052409
201042052410
201042052501
201042052502
201042052503
201042052504
201042052505
201042052506
201042052507
201042052508
201042052509
201042052510
201042052511
201042052601
201042052602
201042052603
201042052604
201042052605
201042052606
201042052607
201042052608
201042052609
201042052610
201042052611
201042052612
201042052701
201042052702
201042052703
201042052704
201042052705
201042052706
201042052707
201042052708
201042052709
201042052710
201042052711
201042052801
201042052802
201042052803
201042052804
201042052805
201042052806
201042052807
201042052808
201042062101
201042062102
201042062103
201042062104
201042062105
201042062201
201042062202
201042062203
201042062204
201042062205
201042062206
201042062207
201042062208
201042062209
201042062210
201042062211
201042062301
201042062302
201042062303
201042062304
201042062305
201042062306
201042062307
201042062308
201042062309
201042062310
201042062311
201042062401
201042062402
201042062403
201042062404
201042062405
201042062406
201042062407
201042062408
201042062409
201042062410
201042062501
201042062502
201042062503
201042062504
201042062505
201042062506
201042062507
201042062508
201042062509
201042062510
201042062511
201042071901
201042071902
201042071903
201042071904
201042071905
201042071906
201042071907
201042071908
201042071909
201042071910
201042071911
201042071912
201042072001
201042080201
201042080202
201042080203
201042080204
201042080205
201042080206
201042080207
201042080208
201042080209
201042080210
201042080211
201042080301
201042080302
201042080303
201042080304
201042080305
201042080306
201042080307
201042080308
201042080309
201042080310
201042080311
201042080501
201042080502
201042101101
201042101102
201042101103
201042101104
201042101105
201042101106
201042101107
201042101108
201042101109
201042101110
201042101111
201042101201
201042101202
201042101203
201042101204
201042101205
201042101206
201042101207
201042101208
201042101209
201042101210
201042101211
201042101301
201042101302
201042101303
201042101304
201042101305
201042101306
201042101307
201042101308
201042101309
201042101310
201042101311
201042101401
201042101402
201042101403
201042101404
201042101405
201042101406
201042101407
201042101408
201042101409
201042101410
201042101501
201042101502
201042101503
201042101504
201042101505
201042101506
201042101507
201042101508
201042101509
201042101510
201042101511
201042112201
201042112202
201042112203
201042112204
201042112205
201042112206
201042112207
201042112208
201042112209
201042112210
201042112211
201042112301
201042112302
201042112303
201042112304
201042112305
201042112306
201042112307
201042112308
201042112309
201042112310
201042112311
201042112401
201042112402
201042112403
201042112404
201042112405
201042112406
201042112407
201042112408
201042112409
201042112410
201042112411
201042112501
201042112502
201042112503
201042112504
201042112505
201042112506
201042112507
201042112508
201042112509
201042112510
201042112601
201042112602
201042112603
201042112604
201042112605
201042112606
201042112607
201042112608
201042112609
201042122001
201042122002
201042122003
201042122004
201042122005
201042122101
201042122102
201042122103
201042122104
201042122105
201042122106
201042122107
201042122108
201042122109
201042122110
201042122111
201042122201
201042122202
201042122203
201042122204
201042122205
201042122206
201042122207
201042122208
201042122209
201042122210
201042122301
201042122302
201042122303
201042122304
201042122305
201042122306
201042122307
201042122308
201042122309
201042122310