201043011201
201043011205
201043011210
201043011301
201043011305
201043011306
201043011309
201043011311
201043011312
201043011406
201043011408
201043011409
201043011411
201043011505
201043011510
201043011512
201043021501
201043021503
201043021504
201043021506
201043021509
201043021511
201043021603
201043021604
201043021709
201043021712
201043021807
201043021808
201043021812
201043021902
201043021905
201043021906
201043021909
201043030805
201043030806
201043030807
201043030810
201043030907
201043030909
201043030910
201043031007
201043031010
201043031011
201043031110
201043031201
201043031206
201043031207
201043031212
201043041202
201043041206
201043041207
201043041211
201043041302
201043041305
201043041308
201043041311
201043041401
201043041404
201043041407
201043041408
201043041409
201043041410
201043041507
201043041509
201043041510
201043041602
201043041606
201043041610
201043050306
201043050307
201043050406
201043050507
201043050510
201043050511
201043050601
201043050604
201043050606
201043050609
201043050707
201043050710
201043050711
201043060706
201043060711
201043060811
201043060909
201043060910
201043060911
201043061001
201043061009
201043061010
201043061011
201043061104
201043061106
201043061108
201043072108
201043072109
201043072112
201043072209
201043072212
201043072305
201043072306
201043080611
201043080902
201043080908
201043080910
201043081102
201043081109
201043081110
201043082502
201043082506
201043082510
201043082605
201043082608
201043082611
201043082705
201043082709
201043082710
201043092109
201043092111
201043092207
201043092208
201043092210
201043092306
201043092308
201043092311
201043092312
201043092403
201043092404
201043092405
201043092407
201043092409
201043092411
201043110102
201043110103
201043110107
201043110111
201043110206
201043110211
201043110302
201043110304
201043110306
201043110307
201043110308
201043110309
201043110310
201043110311
201043110405
201043110407
201043110408
201043110409
201043110411
201043110501
201043110502
201043110503
201043110506
201043110508
201043110511
201043120605
201043120610
201043120611
201043120704
201043120709
201043120711
201043120801
201043120806
201043120807
201043120808
201043120809
201043120810
201043120908
201043120909
201043121002
201043121004
201043121008
201043121009