201046010201
201046010202
201046010203
201046010204
201046010205
201046010206
201046010207
201046010208
201046010209
201046010210
201046010211
201046010301
201046010302
201046010303
201046010304
201046010305
201046010306
201046010307
201046010308
201046010309
201046010310
201046010311
201046010401
201046010402
201046010403
201046010404
201046010405
201046010406
201046010407
201046010408
201046010409
201046010410
201046040401
201046040402
201046040403
201046040404
201046040405
201046040406
201046040407
201046040408
201046040409
201046040410
201046040601
201046040602
201046040603
201046040604
201046040605
201046040606
201046040607
201046040608
201046041101
201046041102
201046041103
201046041104
201046041105
201046041301
201046041302
201046041303
201046041304
201046041801
201046041802
201046041803
201046041804
201046041805
201046041806
201046041807
201046041808
201046041809
201046042001
201046042002
201046042003
201046042004
201046042005
201046042006
201046042007
201046042008
201046042501
201046042502
201046042503
201046042504
201046042505
201046042701
201046042702
201046042703
201046042704
201046042705
201046042706
201046042707
201046050401
201046050402
201046050403
201046050404
201046050405
201046050501
201046050502
201046050503
201046050504
201046050505
201046050506
201046050507
201046050901
201046050902
201046050903
201046050904
201046050905
201046050906
201046050907
201046051101
201046051102
201046051103
201046051104
201046051105
201046051106
201046051107
201046051108
201046051109
201046051110
201046051111
201046051601
201046051602
201046051603
201046051604
201046051605
201046051606
201046051607
201046051608
201046051609
201046051610
201046051611
201046051801
201046051802
201046051803
201046051804
201046051805
201046051806
201046051807
201046051808
201046052301
201046052501
201046052502
201046052503
201046052504
201046052505
201046052506
201046052507
201046052508
201046053001
201046053002
201046053003
201046053004
201046053005
201046060101
201046060102
201046060103
201046060104
201046060105
201046060106
201046060107
201046060108
201046060109
201046060110
201046060601
201046060602
201046060603
201046060604
201046060605
201046060606
201046061301
201046061302
201046061303
201046061304
201046061305
201046061501
201046062201
201046062202
201046062203
201046062204
201046062205
201046062206
201046062207
201046062208
201046062701
201046062901
201046062902
201046062903
201046062904
201046062905
201046062906
201046062907
201046062908
201046070201
201046070202
201046070203
201046070204
201046070401
201046070402
201046070403
201046070404
201046070405
201046070406
201046070901
201046070902
201046070903
201046070904
201046070905
201046071101
201046071102
201046071103
201046071104
201046071105
201046071106
201046071107
201046071108
201046071109
201046071110
201046071111
201046071201
201046071202
201046071203
201046071204
201046071205
201046071301
201046071302
201046071303
201046071801
201046071802
201046071803
201046071804
201046071805
201046071806
201046072001
201046072002
201046072003
201046072004
201046072005
201046072006
201046072007
201046072008
201046072501
201046072502
201046072503
201046072504
201046072701
201046072702
201046072703
201046072704
201046072705
201046072706
201046072707
201046072708
201046072709
201046072710
201046080101
201046080102
201046080103
201046080104
201046080105
201046080301
201046080302
201046080303
201046080304
201046080305
201046080306
201046080307
201046080308
201046080801
201046080802
201046080803
201046080804
201046081501
201046081502
201046081503
201046081504
201046081701
201046081702
201046081703
201046081704
201046081705
201046081706
201046081707
201046081708
201046081709
201046081710
201046082201
201046082202
201046082203
201046082204
201046082205
201046082206
201046082207
201046082208
201046082209
201046082210
201046082401
201046082402
201046082403
201046082404
201046082405
201046082901
201046082902
201046082903
201046082904
201046082905
201046082906
201046083101
201046083102
201046083103
201046083104
201046083105
201046083106
201046083107
201046083108
201046083109
201046083110
201046083111
201046090301
201046090302
201046090501
201046090502
201046090503
201046090504
201046090505
201046090506
201046090507
201046090508
201046090509
201046091201
201046091202
201046091203
201046091204
201046091205
201046091206
201046091207
201046091401
201046091402
201046091403
201046091404
201046091405
201046091406
201046091407
201046091408
201046091409
201046091901
201046091902
201046091903
201046091904
201046091905
201046091906
201046091907
201046091908
201046091909
201046091910
201046092001
201046092002
201046092003
201046092004
201046092005
201046092006
201046092007
201046092008
201046092009
201046092010
201046092011
201046092601
201046092602
201046092603
201046092604
201046092605
201046092606
201046092607
201046092608
201046092609
201046092801
201046092802
201046092803
201046092804
201046092805
201046100301
201046100302
201046100303
201046100304
201046100305
201046100306
201046100307
201046100308
201046100309
201046100310
201046100311
201046100312
201046100501
201046100502
201046100503
201046100504
201046100505
201046100506
201046100507
201046100508
201046100509
201046100510
201046101001
201046101002
201046101003
201046101004
201046101005
201046101006
201046101007
201046101008
201046101009
201046101010
201046101101
201046101102
201046101103
201046101104
201046101105
201046101106
201046101701
201046101702
201046101703
201046101704
201046101705
201046101706
201046101707
201046101708
201046101709
201046101901
201046101902
201046101903
201046101904
201046101905
201046101906
201046101907
201046101908
201046101909
201046101910
201046101911
201046101912
201046102401
201046102402
201046102403
201046102404
201046102405
201046102406
201046102407
201046102408
201046102409
201046102410
201046102601
201046102602
201046102603
201046102604
201046102605
201046102606
201046102607
201046102608
201046102609
201046102610
201046103101
201046103102
201046103103
201046103104
201046103105
201046103106
201046103107
201046103108
201046103109
201046103110
201046110201
201046110202
201046110203
201046110204
201046110205
201046110206
201046110207
201046110208
201046110701
201046110702
201046110703
201046110704
201046110705
201046110706
201046110707
201046110708
201046110709
201046110710
201046110901
201046110902
201046110903
201046110904
201046110905
201046110906
201046110907
201046110908
201046110909
201046110910
201046110911
201046111401
201046111402
201046111403
201046111404
201046111405
201046111406
201046111407
201046111601
201046111602
201046111603
201046111604
201046111605
201046111606
201046111607
201046111608
201046111609
201046112101
201046112102
201046112103
201046112104
201046112105
201046112106
201046112107
201046112301
201046112302
201046112303
201046112304
201046112305
201046112306
201046112307
201046112308
201046112801
201046112802
201046112803
201046112804
201046112805
201046112806
201046112807
201046112808
201046112809
201046112810
201046112811
201046113001
201046113002
201046113003
201046113004
201046113005
201046113006
201046113007
201046113008
201046113009
201046120501
201046120502
201046120503
201046120504
201046120505
201046120506
201046120507
201046120701
201046120702
201046120703
201046120704
201046120705
201046120706
201046120707
201046120708
201046120709
201046120710
201046120711
201046121201
201046121202
201046121203
201046121204
201046121205
201046121206
201046121207
201046121208
201046121401
201046121402
201046121403
201046121404
201046121405
201046121406
201046121407
201046121408
201046121409
201046121901
201046121902
201046121903
201046121904
201046121905
201046121906
201046121907
201046121908
201046121909
201046121910
201046122101
201046122102
201046122103
201046122104
201046122105
201046122106
201046122107
201046122108
201046122109
201046122301
201046122302
201046122303
201046122304
201046122601
201046122602
201046122603
201046122604
201046122605
201046122606
201046122607
201046122608
201046122609
201046122610
201046122611
201046122801
201046122802
201046122803
201046122804
201046122805
201046122806
201046122807
201046122808
201046122809
201046122810
201046122811
201046123101
201046123102
201046123103
201046123104
201046123105
201046123106
201046123107
201046123108
201046123109
201046123110
201046123111