201048010104
201048010207
201048010211
201048010403
201048010407
201048010409
201048011105
201048011110
201048011207
201048011306
201048011506
201048011510
201048012511
201048012609
201048012705
201048012805
201048012907
201048012909
201048012911
201048020106
201048020111
201048020202
201048020306
201048020506
201048020508
201048020509
201048020510
201048020511
201048021511
201048021703
201048021711
201048021906
201048021908
201048022804
201048022807
201048030202
201048030205
201048030306
201048030310
201048030408
201048030409
201048031608
201048031609
201048031705
201048031707
201048031710
201048031901
201048031905
201048032209
201048032302
201048032404
201048032507
201048032509
201048032510
201048032607
201048032610
201048041307
201048041308
201048041310
201048041410
201048041411
201048041501
201048041611
201048042105
201048042107
201048042210
201048042211
201048050301
201048050308
201048050310
201048050503
201048050511
201048050601
201048050607
201048050704
201048051802
201048051808
201048051907
201048051910
201048052005
201048052105
201048060303
201048060309
201048060406
201048060408
201048060411
201048061409
201048061704
201048061810
201048062908
201048062911
201048070101
201048070110
201048070111
201048070204
201048071405
201048071511
201048072711
201048072810
201048081208
201048081307
201048081312
201048082310
201048082510
201048082611
201048091406
201048091409
201048091410
201048091512
201048092809
201048092810
201048092910
201048092912
201048093011
201048100504
201048100505
201048100507
201048100510
201048100801
201048100802
201048101902
201048101908
201048101909
201048102006
201048102010
201048102205
201048110105
201048110106
201048110109
201048110110
201048110205
201048110206
201048110208
201048110407
201048110408
201048111506
201048111507
201048111510
201048111603
201048111604
201048111606
201048111609
201048111710
201048111804
201048111805
201048111907
201048112906
201048112907
201048112909
201048113001
201048113002
201048113004
201048120107
201048120111
201048120208
201048120302
201048120609
201048120701
201048120704
201048120707
201048120710
201048120803
201048120808
201048120810
201048120907
201048121001
201048122005
201048122102
201048122110
201048122203
201048122210
201048122304
201048122310
201048122405
201048122409
201048123109