201050010102
201050010103
201050010107
201050010210
201050010211
201050010310
201050010311
201050010405
201050010409
201050010604
201050010607
201050010609
201050010707
201050010708
201050011207
201050011211
201050011304
201050011306
201050011309
201050011402
201050011403
201050011409
201050011905
201050011912
201050012002
201050012008
201050012010
201050012012
201050012101
201050012102
201050012103
201050012110
201050012111
201050012112
201050012607
201050012611
201050012704
201050012803
201050012805
201050012806
201050012808
201050020205
201050020209
201050020302
201050020309
201050020310
201050020903
201050020906
201050020907
201050021001
201050021007
201050021105
201050021110
201050021111
201050021604
201050021605
201050021705
201050021706
201050021711
201050021804
201050021811
201050022303
201050022409
201050022412
201050022510
201050030206
201050030207
201050030208
201050030309
201050030404
201050030906
201050031004
201050031007
201050031011
201050031102
201050031108
201050031607
201050031706
201050031710
201050031804
201050032206
201050032209
201050032303
201050032309
201050032405
201050032406
201050032501
201050032506
201050032507
201050040109
201050040210
201050040602
201050040610
201050040703
201050040705
201050040707
201050040710
201050040806
201050040812
201050041309
201050041402
201050041411
201050041508
201050041509
201050042004
201050042005
201050042011
201050042102
201050042103
201050042211
201050042212
201050042802
201050042807
201050042906
201050042910
201050050301
201050050308
201050050311
201050050407
201050050410
201050050506
201050050510
201050050608
201050051203
201050051209
201050051210
201050051302
201050051309
201050051310
201050062906
201050062909
201050063002
201050063006
201050063011
201050070109
201050070110
201050070603
201050070607
201050070608
201050070701
201050070807
201050070809
201050070810
201050071311
201050071403
201050071410
201050071504
201050071509
201050071908
201050071909
201050071910
201050072007
201050072008
201050072009
201050072103
201050072704
201050072710
201050072711
201050072804
201050072805
201050072807
201050072810
201050072908
201050072909
201050080310
201050080406
201050080411
201050080504
201050081009
201050081111
201050081203
201050081204
201050081211
201050081709
201050081710
201050081807
201050081811
201050081902
201050081904
201050082503
201050082507
201050082510
201050082603
201050082608
201050082610
201050083108
201050083110
201050090104
201050090109
201050090210
201050090710
201050090711
201050090802
201050090804
201050090806
201050090808
201050090906
201050090910
201050091407
201050091409
201050091410
201050091506
201050091508
201050091604
201050091609
201050092107
201050092202
201050092207
201050092210
201050092304
201050092306
201050092309
201050092311
201050092804
201050092805
201050092806
201050092810
201050092811
201050092910
201050093003
201050093007
201050093009
201050093010
201050093011
201050100508
201050100703
201050100704
201050100706
201050100708
201050101205
201050101207
201050101210
201050101304
201050101307
201050101308
201050101404
201050101407
201050101408
201050101904
201050101905
201050101906
201050101908
201050101909
201050102008
201050102105
201050102106
201050102108
201050102606
201050102708
201050102709
201050102804
201050102806
201050102811
201050110206
201050110208
201050110308
201050110310
201050110403
201050110404
201050110405
201050110407
201050110408
201050110409
201050110906
201050111005
201050111007
201050111008
201050111103
201050111602
201050111605
201050111606
201050111607
201050111609
201050111611
201050111706
201050111708
201050111711
201050111712
201050111808
201050112305
201050112307
201050112308
201050112310
201050112403
201050112408
201050112410
201050112506
201050112507
201050113002
201050113004
201050120107
201050120109
201050120206
201050120207
201050120211
201050120807
201050120809
201050120810
201050120811
201050120907
201050120909
201050120910
201050120912
201050121406
201050121407
201050121408
201050121409
201050121501
201050121504
201050121511
201050121512
201050121601
201050121604
201050121605
201050121607
201050122105
201050122108
201050122109
201050122203
201050122204
201050122205
201050122307
201050122308
201050122309
201050122310
201050122804
201050122808
201050122809
201050122810
201050122909
201050123006
201050123011
201050123105
201050123108