201051051801
201051051802
201051051803
201051051804
201051051805
201051051806
201051051807
201051051808
201051051809
201051051901
201051051902
201051051903
201051051904
201051051905
201051051906
201051052001
201051052002
201051052003
201051052004
201051052005
201051052006
201051052007
201051052008
201051052009
201051052010
201051052501
201051052502
201051052503
201051052504
201051052505
201051052506
201051052507
201051052508
201051052509
201051052510
201051052511
201051052601
201051052602
201051052603
201051052604
201051052605
201051052606
201051052607
201051052608
201051052609
201051052610
201051052701
201051052702
201051052703
201051052704
201051052705
201051052706
201051052707
201051052708
201051052709
201051060101
201051060102
201051060103
201051060104
201051060105
201051060106
201051060107
201051060108
201051060109
201051060110
201051060201
201051060202
201051060203
201051060204
201051060205
201051060206
201051060207
201051060208
201051060209
201051060210
201051060211
201051060301
201051060302
201051060303
201051060304
201051060305
201051060306
201051060307
201051060308
201051060801
201051060802
201051060803
201051060804
201051060805
201051060806
201051060807
201051060808
201051060809
201051060810
201051060901
201051060902
201051060903
201051060904
201051060905
201051060906
201051060907
201051060908
201051060909
201051060910
201051060911
201051061001
201051061002
201051061003
201051061004
201051061005
201051061006
201051061007
201051061008
201051061009
201051061010
201051061501
201051061502
201051061503
201051061504
201051061505
201051061506
201051061507
201051061508
201051061509
201051061510
201051061511
201051061601
201051061602
201051061603
201051061604
201051061605
201051061606
201051061607
201051061608
201051061609
201051061610
201051061701
201051061702
201051061703
201051061704
201051061705
201051061706
201051061707
201051062201
201051062202
201051062203
201051062204
201051062205
201051062206
201051062207
201051062208
201051062209
201051062210
201051062301
201051062302
201051062303
201051062304
201051062305
201051062306
201051062307
201051062308
201051062309
201051062401
201051062402
201051062403
201051062404
201051062405
201051062406
201051062407
201051062408
201051062409