201054011501
201054011502
201054011503
201054011504
201054011505
201054011506
201054011507
201054012401
201054012402
201054012403
201054012404
201054012405
201054012406
201054012901
201054012902
201054012903
201054012904
201054012905
201054012906
201054012907
201054012908
201054012909
201054012910
201054020701
201054020702
201054020703
201054020704
201054020705
201054020706
201054021401
201054021402
201054021403
201054021404
201054021405
201054021406
201054021407
201054021408
201054030701
201054030702
201054030703
201054030704
201054030705
201054030706
201054030707
201054032201
201054032202
201054032203
201054032204
201054032205
201054032206
201054032207
201054040401
201054040402
201054040403
201054040404
201054040405
201054040406
201054040407
201054041701
201054041702
201054041703
201054041704
201054041705
201054041706
201054041707
201054041708
201054041709
201054051601
201054053001
201054053002
201054053003
201054062501
201054062502
201054062503
201054062504
201054062505
201054062506
201054062507
201054062508
201054062509
201054071001
201054071002
201054071003
201054071004
201054071005
201054071006
201054071007
201054080201
201054080202
201054080203
201054080204
201054080205
201054080206
201054080207
201054080208
201054082201
201054082202
201054082203
201054082204
201054082205
201054082206
201054082207
201054082208
201054100201
201054101601
201054101602
201054101603
201054101604
201054101605
201054101606
201054101607
201054101608
201054102301
201054102302
201054102303
201054102304
201054102305
201054102306
201054102307
201054102308
201054102901
201054102902
201054102903
201054102904
201054102905
201054102906
201054102907
201054102908
201054110701
201054110702
201054110703
201054110704
201054111201
201054111202
201054111203
201054111204
201054111205
201054111206
201054111207
201054111208
201054111301
201054111302
201054111303
201054111304
201054111305
201054111306
201054111307
201054111308
201054111309
201054111310
201054111311
201054112101
201054112102
201054112103
201054112701
201054112702
201054120401
201054120402
201054120501
201054120502
201054121101
201054121102
201054121103
201054121104
201054121105
201054121201
201054121202
201054121203
201054121204
201054121205
201054121206
201054121207
201054121208
201054121209
201054121210
201054121211
201054121801
201054121802
201054121803
201054121804
201054121805
201054122401
201054122402
201054122403
201054122404
201054122405
201054122406
201054122501
201054122502