201055010201
201055010202
201055010203
201055010204
201055010205
201055010206
201055010207
201055010208
201055010301
201055010302
201055010303
201055010304
201055010305
201055010401
201055010402
201055010403
201055010404
201055010405
201055010406
201055010407
201055010408
201055010901
201055010902
201055010903
201055010904
201055010905
201055010906
201055010907
201055010908
201055010909
201055010910
201055011001
201055011002
201055011003
201055011004
201055011005
201055011006
201055011007
201055011008
201055011101
201055011102
201055011103
201055011104
201055011105
201055011106
201055011107
201055011108
201055011109
201055011110
201055011701
201055011702
201055011703
201055011704
201055011705
201055011706
201055012301
201055012302
201055012303
201055012304
201055012305
201055012306
201055012307
201055012308
201055012309
201055012310
201055012401
201055012402
201055012403
201055012404
201055012405
201055012406
201055012407
201055012408
201055012409
201055012410
201055013001
201055013002
201055013003
201055013004
201055013005
201055013006
201055013007
201055013008
201055013101
201055013102
201055013103
201055013104
201055013105
201055013106
201055013107
201055013108
201055020601
201055020602
201055020603
201055020604
201055020605
201055020606
201055020701
201055020702
201055020703
201055020704
201055020705
201055020706
201055020707
201055020708
201055020709
201055020710
201055020711
201055021101
201055021102
201055021103
201055021104
201055021105
201055021106
201055021107
201055021108
201055021109
201055021110
201055021301
201055021302
201055021303
201055021304
201055021305
201055021306
201055021307
201055021308
201055021309
201055021310
201055021311
201055021401
201055021402
201055021403
201055021404
201055021405
201055021406
201055021407
201055021408
201055021409
201055021410
201055022001
201055022002
201055022003
201055022004
201055022005
201055022006
201055022007
201055022008
201055022101
201055022102
201055022103
201055022104
201055022105
201055022106
201055022107
201055022108
201055022109
201055022110
201055022701
201055022702
201055022703
201055022704
201055022705
201055022706
201055022707
201055022708
201055022709
201055022801
201055022802
201055022803
201055022804
201055022805
201055022806
201055022807
201055022808
201055030601
201055030602
201055030603
201055030604
201055030605
201055030606
201055031301
201055031302
201055031303
201055031304
201055031305
201055031306
201055031307
201055031308
201055031309
201055031401
201055031402
201055031403
201055031404
201055031405
201055031406
201055031407
201055031408
201055031409
201055031410
201055032101
201055032102
201055032103
201055032104
201055032105
201055032106
201055032107
201055032108
201055032109
201055032110
201055032201
201055032202
201055032203
201055032204
201055032205
201055032206
201055032207
201055032208
201055032209
201055041001
201055041002
201055041003
201055041004
201055041005
201055041006
201055041007
201055041008
201055041009
201055041101
201055041102
201055041103
201055041104
201055041105
201055041106
201055041107
201055041108
201055041109
201055041701
201055041702
201055041703
201055041704
201055041801
201055041802
201055041803
201055041804
201055041805
201055041806
201055041807
201055041808
201055041809
201055041810
201055041811
201055042401
201055042402
201055042403
201055042404
201055042405
201055042406
201055042407
201055042408
201055042409
201055042410
201055042411
201055042501
201055042502
201055042503
201055042504
201055042505
201055042506
201055042507
201055042508
201055042509
201055042510
201055050301
201055050302
201055050303
201055050304
201055050305
201055050401
201055050402
201055050403
201055050404
201055050405
201055050406
201055050407
201055050408
201055050409
201055050410
201055051501
201055051502
201055051503
201055051504
201055051505
201055051506
201055051507
201055051508
201055051509
201055051510
201055052201
201055052202
201055052301
201055052302
201055052303
201055052304
201055052305
201055052306
201055052307
201055052308
201055052309
201055052310
201055052311
201055052901
201055052902
201055052903
201055052904
201055052905
201055052906
201055052907
201055052908
201055052909
201055052910
201055052911
201055060501
201055060502
201055060503
201055060601
201055060602
201055060603
201055060604
201055060605
201055060606
201055060607
201055060608
201055060609
201055060610
201055061201
201055061202
201055061203
201055061204
201055061205
201055061206
201055061207
201055061208
201055061209
201055061210
201055061211
201055061301
201055061302
201055061303
201055061304
201055061305
201055061306
201055061307
201055061308
201055061309
201055061310
201055061311
201055061901
201055061902
201055061903
201055061904
201055062601
201055062602
201055062603
201055062604
201055062605
201055062606
201055062607
201055062608
201055062609
201055062701
201055062702
201055062703
201055062704
201055062705
201055062706
201055062707
201055062708
201055062709
201055062710
201055062711
201055070301
201055070302
201055070303
201055070304
201055070401
201055070402
201055070403
201055070404
201055070405
201055070406
201055070407
201055070408
201055070409
201055070410
201055070411
201055071001
201055071002
201055071003
201055071004
201055071005
201055071006
201055071007
201055071008
201055071009
201055071010
201055071101
201055071102
201055071103
201055071104
201055071105
201055071106
201055071107
201055071108
201055071801
201055071802
201055071803
201055071804
201055071805
201055071806
201055071807
201055071808
201055071809
201055071901
201055071902
201055071903
201055071904
201055071905
201055071906
201055071907
201055071908
201055071909
201055072501
201055072502
201055072503
201055072504
201055072505
201055072506
201055072507
201055072508
201055072509
201055072510
201055072511
201055073101
201055073102
201055073103
201055073104
201055073105
201055073106
201055073107
201055073108
201055073109
201055080101
201055080102
201055080103
201055080104
201055080105
201055080106
201055080107
201055080108
201055080109
201055080110
201055080111
201055081401
201055081402
201055081403
201055081404
201055081405
201055081406
201055081407
201055081408
201055081409
201055081410
201055081501
201055081502
201055081503
201055081504
201055081505
201055081506
201055081507
201055081508
201055081509
201055081510
201055081511
201055081801
201055081802
201055081803
201055081804
201055081805
201055081806
201055081807
201055081808
201055081809
201055081810
201055082201
201055082202
201055082203
201055082204
201055082205
201055082206
201055082207
201055082208
201055082801
201055082802
201055082803
201055082804
201055082805
201055082806
201055082807
201055082808
201055082809
201055082810
201055082811
201055082901
201055082902
201055082903
201055082904
201055082905
201055082906
201055082907
201055082908
201055082909
201055091101
201055091102
201055091103
201055091104
201055091105
201055091106
201055091107
201055091108
201055091201
201055091202
201055091203
201055091204
201055091205
201055091206
201055091207
201055091208
201055091209
201055091210
201055091211
201055091801
201055091802
201055091803
201055091804
201055091805
201055091806
201055091807
201055091808
201055091901
201055091902
201055091903
201055091904
201055091905
201055091906
201055091907
201055091908
201055091909
201055091910
201055092501
201055092502
201055092503
201055092504
201055092505
201055092506
201055092507
201055092601
201055092602
201055092603
201055092604
201055092605
201055092606
201055092607
201055092608
201055092609
201055092610
201055100201
201055100202
201055100203
201055100204
201055100205
201055100206
201055100207
201055100208
201055100209
201055100210
201055100301
201055100302
201055100303
201055100304
201055100305
201055100306
201055100307
201055100308
201055100901
201055100902
201055100903
201055100904
201055100905
201055100906
201055100907
201055100908
201055100909
201055101001
201055101002
201055101003
201055101004
201055101101
201055101102
201055101103
201055101104
201055101105
201055101106
201055101107
201055101108
201055101109
201055101110
201055101601
201055101602
201055101603
201055101604
201055101605
201055101606
201055101607
201055101608
201055101609
201055101701
201055101702
201055101703
201055101704
201055101705
201055101706
201055101707
201055101708
201055101709
201055102301
201055102302
201055102303
201055102304
201055102305
201055102306
201055102307
201055102401
201055102402
201055102403
201055102404
201055102405
201055102406
201055102407
201055102408
201055102409
201055102410
201055102411
201055103001
201055103101
201055103102
201055103103
201055103104
201055103105
201055103106
201055103107
201055103108
201055103109
201055110601
201055110602
201055110603
201055110604
201055110605
201055110606
201055110607
201055110608
201055110609
201055110610
201055110701
201055110702
201055110703
201055110704
201055110705
201055110706
201055110707
201055110708
201055110709
201055111301
201055111302
201055111303
201055111304
201055111305
201055111306
201055111307
201055111308
201055111309
201055111310
201055111401
201055111402
201055111403
201055111404
201055111405
201055111406
201055111407
201055111408
201055111409
201055111410
201055112001
201055112002
201055112003
201055112004
201055112005
201055112006
201055112007
201055112008
201055112101
201055112102
201055112103
201055112104
201055112105
201055112106
201055112107
201055112108
201055112109
201055112701
201055112702
201055112703
201055112704
201055112705
201055112706
201055112707
201055112708
201055112709
201055112710
201055112711
201055112801
201055112802
201055112803
201055112804
201055112805
201055112806
201055112807
201055112808
201055112809
201055120401
201055120402
201055120403
201055120404
201055120405
201055120406
201055120407
201055120408
201055120409
201055120501
201055120502
201055120503
201055120504
201055120505
201055120506
201055120507
201055120508
201055120509
201055120510
201055121101
201055121102
201055121103
201055121104
201055121105
201055121106
201055121107
201055121108
201055121109
201055121110
201055121201
201055121202
201055121203
201055121204
201055121205
201055121206
201055121207
201055121208
201055121209
201055121801
201055121802
201055121803
201055121804
201055121805
201055121806
201055121901
201055121902
201055121903
201055121904
201055121905
201055121906
201055121907
201055121908
201055121909
201055121910
201055121911
201055122501
201055122502
201055122503
201055122504
201055122505
201055122506
201055122507
201055122508
201055122509
201055122601
201055122602
201055122603
201055122604
201055122605
201055122606