201056010101
201056010102
201056010103
201056010104
201056010105
201056010106
201056010107
201056010108
201056010109
201056010110
201056010111
201056011201
201056011202
201056011203
201056011204
201056011205
201056011206
201056011207
201056011208
201056011209
201056011210
201056011211
201056011901
201056011902
201056011903
201056011904
201056011905
201056011906
201056011907
201056011908
201056011909
201056011910
201056011911
201056020201
201056020202
201056020203
201056020204
201056020205
201056020206
201056020207
201056020208
201056020901
201056020902
201056020903
201056021601
201056021602
201056021603
201056021604
201056021605
201056021606
201056021607
201056021608
201056021609
201056021610
201056021611
201056021612
201056030301
201056030302
201056030303
201056030304
201056030305
201056030306
201056030307
201056030308
201056030901
201056030902
201056030903
201056030904
201056031701
201056031702
201056031703
201056031704
201056031705
201056031706
201056032701
201056032702
201056032703
201056032704
201056032705
201056032706
201056032707
201056032708
201056040301
201056040302
201056040303
201056040304
201056040305
201056040306
201056040307
201056040308
201056040309
201056040310
201056041601
201056041602
201056041603
201056041604
201056041605
201056041606
201056041607
201056041608
201056042901
201056050201
201056050202
201056050203
201056050204
201056050205
201056050206
201056050207
201056050208
201056050801
201056050802
201056050901
201056050902
201056050903
201056050904
201056050905
201056050906
201056052101
201056052102
201056052103
201056052104
201056052105
201056052106
201056052107
201056052108
201056052109
201056052110
201056052701
201056052702
201056060401
201056060402
201056060403
201056060404
201056060405
201056060406
201056060407
201056060408
201056060409
201056061801
201056061802
201056061803
201056061804
201056061805
201056061806
201056061807
201056061808
201056070901
201056070902
201056070903
201056070904
201056070905
201056070906
201056071601
201056071602
201056071603
201056071604
201056071605
201056071606
201056071607
201056071608
201056072301
201056072302
201056072303
201056072304
201056072305
201056072306
201056072307
201056072308
201056072901
201056072902
201056072903
201056072904
201056072905
201056072906
201056072907
201056081201
201056081202
201056081203
201056081204
201056081205
201056081206
201056081207
201056081208
201056081209
201056082601
201056082602
201056082603
201056082604
201056082605
201056082606
201056082607
201056082608
201056082609
201056090201
201056090202
201056090203
201056090204
201056090205
201056090206
201056090207
201056090208
201056090209
201056090210
201056090401
201056090402
201056090501
201056090502
201056090503
201056090504
201056091701
201056091702
201056091703
201056091704
201056091705
201056091706
201056091707
201056091708
201056092301
201056092302
201056092303
201056092304
201056092305
201056092306
201056092307
201056092308
201056092309
201056092401
201056092402
201056092403
201056092404
201056092405
201056092406
201056092407
201056092408
201056100801
201056100802
201056100803
201056100804
201056100805
201056100806
201056100807
201056100808
201056100809
201056100810
201056101401
201056101402
201056101403
201056101404
201056101501
201056101502
201056101503
201056101504
201056101505
201056101506
201056101507
201056101508
201056101509
201056101510
201056102201
201056102202
201056102203
201056102204
201056102205
201056102206
201056102207
201056102208
201056102209
201056102210
201056102901
201056102902
201056102903
201056102904
201056102905
201056102906
201056102907
201056102908
201056102909
201056102910
201056110301
201056110302
201056110303
201056111201
201056111202
201056111203
201056111204
201056111205
201056111206
201056111207
201056111208
201056111901
201056111902
201056111903
201056111904
201056111905
201056111906
201056111907
201056111908
201056111909
201056111910
201056112401
201056112402
201056112403
201056112404
201056112405
201056112406
201056112407
201056112408
201056112409
201056112410
201056112411
201056120301
201056120302
201056120303
201056120304
201056121001
201056121002
201056121003
201056121004
201056121005
201056121006
201056121007
201056121008
201056121009
201056121010
201056121601
201056121602
201056121603
201056121604
201056121605
201056121606
201056121607
201056121701
201056121702
201056121703
201056121704
201056121705
201056121706
201056121707
201056121708
201056122301
201056122302
201056122303
201056122304
201056122305
201056122306
201056122307
201056122308
201056122309
201056122310
201056123001
201056123002
201056123003
201056123004
201056123005
201056123006
201056123007
201056123008
201056123009
201056123101
201056123102
201056123103
201056123104
201056123105
201056123106