199232091401
199232091402
199232091403
199232091404
199232091405
199232091406
199232091407
199232091408
199232091409
199232091410
199232092301
199232092302
199232092303
199232092304
199232092305
199232092306
199232092307
199232092308
199232092309
199232092401
199232092402
199232092403
199232092404
199232092405
199232092406
199232092407
199232092408
199232100601
199232100602
199232100603
199232100604
199232100605
199232100606
199232100607
199232100608
199232100609
199232100610
199232100611
199232100612
199232101501
199232101502
199232101503
199232101504
199232101505
199232101506
199232101507
199232110401
199232110402
199232110403
199232110404
199232110405
199232110406
199232110407