199201010105
199201010106
199201010111
199201010201
199201010202
199201010207
199201010208
199201010303
199201010308
199201010311
199201010401
199201010402
199201010403
199201010405
199201010406
199201010407
199201010408
199201010409
199201010410
199201010506
199201010508
199201010509
199201010604
199201010606
199201010608
199201010702
199201010703
199201010708
199201010709
199201010801
199201010804
199201010806
199201010807
199201010812
199201020102
199201020104
199201020109
199201020110
199201020111
199201020211
199201020301
199201020307
199201020309
199201020310
199201020403
199201020404
199201020406
199201020407
199201020409
199201020411
199201020412
199201020505
199201020508
199201020509
199201020601
199201020608
199201020609
199201020610
199201020703
199201020707
199201020708
199201020710
199201020711
199201020712
199201020805
199201020807
199201020809
199201020810