199203010106
199203010109
199203010203
199203010210
199203010212
199203010309
199203010310
199203010311
199203010405
199203010409
199203010410
199203010507
199203010509
199203010511
199203010512
199203010609
199203010610
199203010611
199203010702
199203010704
199203010708
199203010711
199203010712
199203010807
199203010809
199203010810
199203010812
199203020102
199203020110
199203020202
199203020210
199203020302
199203020303
199203020312
199203020409
199203020412
199203020501
199203020507
199203020510
199203020601
199203020608
199203020703
199203020707
199203020710
199203020804
199203020810
199203020811
199203030106
199203030110
199203030112
199203030202
199203030205
199203030309
199203030403
199203030404
199203030411
199203030503
199203030510
199203030602
199203030606
199203030607
199203030611
199203030704
199203030708
199203030709
199203030710
199203030711
199203030804
199203030807
199203030811