199206010104
199206010109
199206010111
199206010201
199206010207
199206010208
199206010211
199206010307
199206010308
199206010311
199206010404
199206010406
199206010407
199206010408
199206010409
199206010410
199206010505
199206010508
199206010509
199206010510
199206010511
199206010606
199206010607
199206010610
199206010708
199206010710
199206010802
199206010805
199206010807
199206010809
199206010810
199206010811
199206020107
199206020108
199206020111
199206020112
199206020210
199206020211
199206020301
199206020304
199206020311
199206020403
199206020409
199206020410
199206020412
199206020508
199206020509
199206020510
199206020610
199206020707
199206020708
199206020710
199206020711
199206020712
199206020803
199206020807
199206020809
199206020811
199206030101
199206030111
199206030204
199206030206
199206030207
199206030210
199206030211
199206030212
199206030307
199206030308
199206030403
199206030410
199206030505
199206030511
199206030512
199206030610
199206030611
199206030704
199206030711
199206030806
199206030807
199206030809
199206030810
199206040108
199206040110
199206040111
199206040201
199206040202
199206040210
199206040211
199206040310
199206040311
199206040312
199206040403
199206040410
199206040411
199206040510
199206040511
199206040608
199206040609
199206040612
199206040702
199206040709
199206040711
199206040810
199206040811
199206040812
199206050105
199206050109
199206050110
199206050111
199206050203
199206050205
199206050207
199206050208
199206050209
199206050211
199206050307
199206050310
199206050312
199206050404
199206050407
199206050409
199206050410
199206050411
199206050412
199206050508
199206050509
199206050510
199206050511
199206050606
199206050607
199206050609
199206050610
199206050611
199206050703
199206050708
199206050709
199206050711
199206050806
199206050809
199206050810