197005010201
197005010202
197005010203
197005010204
197005010205
197005010206
197005010207
197005010208
197005010209
197005010210
197005010211
197005010501
197005010502
197005010503
197005010504
197005010505
197005010506
197005010507
197005010508
197005010509
197005010510
197005010701
197005010801
197005010802
197005010803
197005010804
197005010805
197005010806
197005010807
197005010808
197005010809
197005010810
197005010811
197005010812
197005020401
197005020402
197005020403
197005020404
197005020405
197005020406
197005020407
197005020408
197005020409
197005020410
197005020501
197005020502
197005020503
197005020504
197005020505
197005020506
197005020507
197005020508
197005020509
197005020510
197005030201
197005030202
197005030203
197005030204
197005030205
197005030206
197005030207
197005030208
197005030209
197005030401
197005030402
197005030403
197005030404
197005030405
197005030406
197005030407
197005030408
197005030701
197005030702
197005030703
197005030801
197005030802
197005030803
197005030804
197005030805
197005030806
197005030807
197005030808
197005030809
197005030810
197005030811
197005030812
197005040301
197005040302
197005040303
197005040304
197005040501
197005040502
197005040503
197005040601
197005040602
197005040603
197005040604
197005040605
197005050501
197005050502
197005050503
197005050504
197005050505
197005050506
197005050507
197005050508
197005050509
197005050601
197005050602
197005050603
197005050604
197005050605
197005050606
197005050607
197005050608
197005050609
197005050610
197005060201
197005060202
197005060203
197005060204
197005060205
197005060206
197005060207
197005060208
197005060209
197005060210
197005060211
197005060401
197005060402
197005060403
197005060404
197005060405
197005060406
197005060407
197005060408
197005060409
197005060410