197006010301
197006010302
197006010303
197006010304
197006010305
197006010306
197006010601
197006010602
197006010603
197006010604
197006010605
197006010606
197006010607
197006010608
197006010609
197006020701
197006020702
197006020703
197006020704
197006020705
197006020706
197006020707
197006020708
197006020709
197006030101
197006030102
197006030103
197006030104
197006030105
197006030106
197006030107
197006030108
197006030109
197006030110
197006030111
197006030201
197006030202
197006030203
197006030204
197006030205
197006030206
197006030207
197006030208
197006030209
197006030701
197006030702
197006040401
197006040402
197006040403
197006040404
197006040405
197006040406
197006040407
197006040408
197006040409
197006040410
197006040601
197006040602
197006040603
197006040604
197006040605
197006040606
197006040607
197006040608
197006040609
197006040610
197006040611
197006040801
197006040802
197006040803
197006040804
197006040805
197006040806
197006040807
197006040808
197006040809
197006040810
197006050501
197006050502
197006050503
197006050504
197006050505
197006050506
197006050507
197006050508
197006050701
197006050702
197006050703
197006050704
197006050705
197006050706
197006050707
197006060101
197006060102
197006060103
197006060104
197006060105
197006060106
197006060107
197006060108
197006060109
197006060110
197006060111
197006060501
197006060502
197006060503
197006060504
197006060505
197006060506
197006060507
197006060508
197006060509
197006060510
197006060511
197006060512
197006060601
197006060602
197006060603
197006060604
197006060605
197006060606
197006060607
197006060608
197006060609
197006060801
197006060802
197006060803
197006060804
197006060805
197006060806
197006060807
197006060808
197006060809