197008010301
197008010302
197008010303
197008010304
197008010305
197008010306
197008010307
197008010308
197008010309
197008010310
197008010801
197008010802
197008010803
197008010804
197008010805
197008010806
197008020201
197008020202
197008020203
197008020204
197008020205
197008020206
197008020207
197008020208
197008020209
197008020501
197008020502
197008020503
197008020504
197008020601
197008020602
197008020603
197008020604
197008020605
197008020606
197008040401
197008040402
197008040403
197008040404
197008040405
197008040406
197008040407
197008040408
197008040409
197008040701
197008040702
197008040703
197008040704
197008040705
197008040706
197008040801
197008040802
197008040803
197008040804
197008040805
197008040806
197008040807
197008040808
197008040809
197008050101
197008050102
197008050103
197008050104
197008050105
197008050106
197008050201
197008050202
197008050203
197008050204
197008050205
197008050206
197008050207
197008050208
197008050301
197008050302
197008050303
197008050304
197008050305
197008050306
197008050307
197008050308
197008050309
197008050401
197008050402
197008050403
197008050404
197008050405
197008050406
197008050407
197008050408
197008050409
197008050701
197008050702
197008050703
197008050704
197008050705
197008050801