197009010701
197009010702
197009020801
197009020802
197009020803
197009050101
197009050102
197009050103
197009050104
197009050105
197009050106
197009050107
197009050108
197009050109
197009050110
197009050111
197009050201
197009050202
197009050203
197009050204
197009050205
197009050206
197009050207
197009050208
197009050209
197009050210
197009050301
197009050302
197009050303
197009050304
197009050305
197009050306
197009050307
197009050308
197009050309
197009060401
197009060402
197009060403
197009060404
197009060405
197009060406
197009060407
197009060408
197009060409
197009060410
197009060411
197009060501
197009060502
197009060503
197009060504
197009060505
197009060506
197009060507