197010020101
197010020102
197010020103
197010020104
197010020105
197010020106
197010020107
197010020108
197010020109
197010020301
197010020302
197010020303
197010020304
197010020305
197010020306
197010020307
197010020308
197010020309
197010020701
197010020702
197010020703
197010020704
197010020705
197010020706
197010020707
197010020708
197010020801
197010020802
197010020803
197010020804
197010020805
197010020806
197010030301
197010030302
197010030303
197010030304
197010030305
197010030306
197010030307
197010030308
197010030309
197010030310
197010030501
197010030502
197010030503
197010030504
197010030505
197010030506
197010030507
197010030508
197010030509
197010030510
197010030801
197010030802
197010030803
197010030804
197010030805
197010030806
197010030807
197010040401
197010040402
197010040403
197010040404
197010040801
197010040802