202001010101
202001010102
202001010103
202001010104
202001010105
202001010106
202001010107
202001010108
202001010109
202001010110
202001010111
202001010112
202001010201
202001010202
202001010203
202001010204
202001010205
202001010206
202001010207
202001010208
202001010209
202001010210
202001010211
202001010212
202001010301
202001010302
202001010303
202001010304
202001010305
202001010306
202001010307
202001010308
202001010309
202001010310
202001010311
202001010312
202001010401
202001010402
202001010403
202001010404
202001010405
202001010406
202001010407
202001010408
202001010409
202001010410
202001010411
202001010412
202001010501
202001010502
202001010503
202001010504
202001010505
202001010506
202001010507
202001010508
202001010509
202001010510
202001010511
202001010512
202001010601
202001010602
202001010603
202001010604
202001010605
202001010606
202001010607
202001010608
202001010609
202001010610
202001010611
202001010612
202001020101
202001020102
202001020103
202001020104
202001020105
202001020106
202001020107
202001020108
202001020109
202001020110
202001020111
202001020112
202001020201
202001020202
202001020203
202001020204
202001020205
202001020206
202001020207
202001020208
202001020209
202001020210
202001020211
202001020212
202001020301
202001020302
202001020303
202001020304
202001020305
202001020306
202001020307
202001020308
202001020309
202001020310
202001020311
202001020312
202001020401
202001020402
202001020403
202001020404
202001020405
202001020406
202001020407
202001020408
202001020409
202001020410
202001020411
202001020412
202001020501
202001020502
202001020503
202001020504
202001020505
202001020506
202001020507
202001020508
202001020509
202001020510
202001020511
202001020512
202001020601
202001020602
202001020603
202001020604
202001020605
202001020606
202001020607
202001020608
202001020609
202001020610
202001020611
202001020612
202001020701
202001020702
202001020703
202001020704
202001020705
202001020706
202001020707
202001020708
202001020709
202001020710
202001020711
202001020712
202001020801
202001020802
202001020803
202001020804
202001020805
202001020806
202001020807
202001020808
202001020809
202001020810
202001020811
202001020812