202004010101
202004010102
202004010103
202004010104
202004010105
202004010106
202004010107
202004010108
202004010109
202004010110
202004010111
202004010112
202004010201
202004010202
202004010203
202004010204
202004010205
202004010206
202004010207
202004010208
202004010209
202004010210
202004010211
202004010212
202004010301
202004010302
202004010303
202004010304
202004010305
202004010306
202004010307
202004010308
202004010309
202004010310
202004010311
202004010312
202004010401
202004010402
202004010403
202004010404
202004010405
202004010406
202004010407
202004010408
202004010409
202004010410
202004010411
202004010412
202004010501
202004010502
202004010503
202004010504
202004010505
202004010506
202004010507
202004010508
202004010509
202004010510
202004010511
202004010512
202004010601
202004010602
202004010603
202004010604
202004010605
202004010606
202004010607
202004010608
202004010609
202004010610
202004010611
202004010612
202004020101
202004020102
202004020103
202004020104
202004020105
202004020106
202004020107
202004020108
202004020109
202004020110
202004020111
202004020112
202004020201
202004020202
202004020203
202004020204
202004020205
202004020206
202004020207
202004020208
202004020209
202004020210
202004020211
202004020212
202004020301
202004020302
202004020303
202004020304
202004020305
202004020306
202004020307
202004020308
202004020309
202004020310
202004020311
202004020312
202004020401
202004020402
202004020403
202004020404
202004020405
202004020406
202004020407
202004020408
202004020409
202004020410
202004020411
202004020412
202004020501
202004020502
202004020503
202004020504
202004020505
202004020506
202004020507
202004020508
202004020509
202004020510
202004020511
202004020512
202004020601
202004020602
202004020603
202004020604
202004020605
202004020606
202004020607
202004020608
202004020609
202004020610
202004020611
202004020612
202004030101
202004030102
202004030103
202004030104
202004030105
202004030106
202004030107
202004030108
202004030109
202004030110
202004030111
202004030112
202004030201
202004030202
202004030203
202004030204
202004030205
202004030206
202004030207
202004030208
202004030209
202004030210
202004030211
202004030212
202004030301
202004030302
202004030303
202004030304
202004030305
202004030306
202004030307
202004030308
202004030309
202004030310
202004030311
202004030312
202004030401
202004030402
202004030403
202004030404
202004030405
202004030406
202004030407
202004030408
202004030409
202004030410
202004030411
202004030412
202004030501
202004030502
202004030503
202004030504
202004030505
202004030506
202004030507
202004030508
202004030509
202004030510
202004030511
202004030512
202004030601
202004030602
202004030603
202004030604
202004030605
202004030606
202004030607
202004030608
202004030609
202004030610
202004030611
202004030612
202004030701
202004030702
202004030703
202004030704
202004030705
202004030706
202004030707
202004030708
202004030709
202004030710
202004030711
202004030712
202004030801
202004030802
202004030803
202004030804
202004030805
202004030806
202004030807
202004030808
202004030809
202004030810
202004030811
202004030812
202004040101
202004040102
202004040103
202004040104
202004040105
202004040106
202004040107
202004040108
202004040109
202004040110
202004040111
202004040112
202004040201
202004040202
202004040203
202004040204
202004040205
202004040206
202004040207
202004040208
202004040209
202004040210
202004040211
202004040212
202004040301
202004040302
202004040303
202004040304
202004040305
202004040306
202004040307
202004040308
202004040309
202004040310
202004040311
202004040312
202004040401
202004040402
202004040403
202004040404
202004040405
202004040406
202004040407
202004040408
202004040409
202004040410
202004040411
202004040412
202004040501
202004040502
202004040503
202004040504
202004040505
202004040506
202004040507
202004040508
202004040509
202004040510
202004040511
202004040512
202004040601
202004040602
202004040603
202004040604
202004040605
202004040606
202004040607
202004040608
202004040609
202004040610
202004040611
202004040612