202005010101
202005010102
202005010103
202005010104
202005010105
202005010106
202005010107
202005010108
202005010109
202005010110
202005010111
202005010112
202005010201
202005010202
202005010203
202005010204
202005010205
202005010206
202005010207
202005010208
202005010209
202005010210
202005010211
202005010212
202005010301
202005010302
202005010303
202005010304
202005010305
202005010306
202005010307
202005010308
202005010309
202005010310
202005010311
202005010312
202005010401
202005010402
202005010403
202005010404
202005010405
202005010406
202005010407
202005010408
202005010409
202005010410
202005010411
202005010412
202005010501
202005010502
202005010503
202005010504
202005010505
202005010506
202005010507
202005010508
202005010509
202005010510
202005010511
202005010512
202005010601
202005010602
202005010603
202005010604
202005010605
202005010606
202005010607
202005010608
202005010609
202005010610
202005010611
202005010612
202005010701
202005010702
202005010703
202005010704
202005010705
202005010706
202005010707
202005010708
202005010709
202005010710
202005010711
202005010712
202005010801
202005010802
202005010803
202005010804
202005010805
202005010806
202005010807
202005010808
202005010809
202005010810
202005010811
202005010812
202005020101
202005020102
202005020103
202005020104
202005020105
202005020106
202005020107
202005020108
202005020109
202005020110
202005020111
202005020112
202005020201
202005020202
202005020203
202005020204
202005020205
202005020206
202005020207
202005020208
202005020209
202005020210
202005020211
202005020212
202005020301
202005020302
202005020303
202005020304
202005020305
202005020306
202005020307
202005020308
202005020309
202005020310
202005020311
202005020312
202005020401
202005020402
202005020403
202005020404
202005020405
202005020406
202005020407
202005020408
202005020409
202005020410
202005020411
202005020412
202005020501
202005020502
202005020503
202005020504
202005020505
202005020506
202005020507
202005020508
202005020509
202005020510
202005020511
202005020512
202005020601
202005020602
202005020603
202005020604
202005020605
202005020606
202005020607
202005020608
202005020609
202005020610
202005020611
202005020612
202005020701
202005020702
202005020703
202005020704
202005020705
202005020706
202005020707
202005020708
202005020709
202005020710
202005020711
202005020712
202005020801
202005020802
202005020803
202005020804
202005020805
202005020806
202005020807
202005020808
202005020809
202005020810
202005020811
202005020812
202005020901
202005020902
202005020903
202005020904
202005020905
202005020906
202005020907
202005020908
202005020909
202005020910
202005020911
202005020912
202005021001
202005021002
202005021003
202005021004
202005021005
202005021006
202005021007
202005021008
202005021009
202005021010
202005021011
202005021012
202005021101
202005021102
202005021103
202005021104
202005021105
202005021106
202005021107
202005021108
202005021109
202005021110
202005021111
202005021112
202005021201
202005021202
202005021203
202005021204
202005021205
202005021206
202005021207
202005021208
202005021209
202005021210
202005021211
202005021212
202005030101
202005030102
202005030103
202005030104
202005030105
202005030106
202005030107
202005030108
202005030109
202005030110
202005030111
202005030112
202005030201
202005030202
202005030203
202005030204
202005030205
202005030206
202005030207
202005030208
202005030209
202005030210
202005030211
202005030212
202005030301
202005030302
202005030303
202005030304
202005030305
202005030306
202005030307
202005030308
202005030309
202005030310
202005030311
202005030312
202005030401
202005030402
202005030403
202005030404
202005030405
202005030406
202005030407
202005030408
202005030409
202005030410
202005030411
202005030412
202005030501
202005030502
202005030503
202005030504
202005030505
202005030506
202005030507
202005030508
202005030509
202005030510
202005030511
202005030512
202005030601
202005030602
202005030603
202005030604
202005030605
202005030606
202005030607
202005030608
202005030609
202005030610
202005030611
202005030612
202005030701
202005030702
202005030703
202005030704
202005030705
202005030706
202005030707
202005030708
202005030709
202005030710
202005030711
202005030712
202005030801
202005030802
202005030803
202005030804
202005030805
202005030806
202005030807
202005030808
202005030809
202005030810
202005030811
202005030812
202005040101
202005040102
202005040103
202005040104
202005040105
202005040106
202005040107
202005040108
202005040109
202005040110
202005040111
202005040112
202005040201
202005040202
202005040203
202005040204
202005040205
202005040206
202005040207
202005040208
202005040209
202005040210
202005040211
202005040212
202005040301
202005040302
202005040303
202005040304
202005040305
202005040306
202005040307
202005040308
202005040309
202005040310
202005040311
202005040312
202005040401
202005040402
202005040403
202005040404
202005040405
202005040406
202005040407
202005040408
202005040409
202005040410
202005040411
202005040412
202005040501
202005040502
202005040503
202005040504
202005040505
202005040506
202005040507
202005040508
202005040509
202005040510
202005040511
202005040512
202005040601
202005040602
202005040603
202005040604
202005040605
202005040606
202005040607
202005040608
202005040609
202005040610
202005040611
202005040612
202005040701
202005040702
202005040703
202005040704
202005040705
202005040706
202005040707
202005040708
202005040709
202005040710
202005040711
202005040712
202005040801
202005040802
202005040803
202005040804
202005040805
202005040806
202005040807
202005040808
202005040809
202005040810
202005040811
202005040812
202005050101
202005050102
202005050103
202005050104
202005050105
202005050106
202005050107
202005050108
202005050109
202005050110
202005050111
202005050112
202005050201
202005050202
202005050203
202005050204
202005050205
202005050206
202005050207
202005050208
202005050209
202005050210
202005050211
202005050212
202005050301
202005050302
202005050303
202005050304
202005050305
202005050306
202005050307
202005050308
202005050309
202005050310
202005050311
202005050312
202005050401
202005050402
202005050403
202005050404
202005050405
202005050406
202005050407
202005050408
202005050409
202005050410
202005050411
202005050412
202005050501
202005050502
202005050503
202005050504
202005050505
202005050506
202005050507
202005050508
202005050509
202005050510
202005050511
202005050512
202005050601
202005050602
202005050603
202005050604
202005050605
202005050606
202005050607
202005050608
202005050609
202005050610
202005050611
202005050612
202005050701
202005050702
202005050703
202005050704
202005050705
202005050706
202005050707
202005050708
202005050709
202005050710
202005050711
202005050712
202005050801
202005050802
202005050803
202005050804
202005050805
202005050806
202005050807
202005050808
202005050809
202005050810
202005050811
202005050812
202005050901
202005050902
202005050903
202005050904
202005050905
202005050906
202005050907
202005050908
202005050909
202005050910
202005050911
202005050912