202009010101
202009010102
202009010103
202009010104
202009010105
202009010106
202009010107
202009010108
202009010109
202009010110
202009010111
202009010112
202009010201
202009010202
202009010203
202009010204
202009010205
202009010206
202009010207
202009010208
202009010209
202009010210
202009010211
202009010212
202009010301
202009010302
202009010303
202009010304
202009010305
202009010306
202009010307
202009010308
202009010309
202009010310
202009010311
202009010312
202009010401
202009010402
202009010403
202009010404
202009010405
202009010406
202009010407
202009010408
202009010409
202009010410
202009010411
202009010412
202009010501
202009010502
202009010503
202009010504
202009010505
202009010506
202009010507
202009010508
202009010509
202009010510
202009010511
202009010512
202009010601
202009010602
202009010603
202009010604
202009010605
202009010606
202009010607
202009010608
202009010609
202009010610
202009010611
202009010612
202009010701
202009010702
202009010703
202009010704
202009010705
202009010706
202009010707
202009010708
202009010709
202009010710
202009010711
202009010712
202009010801
202009010802
202009010803
202009010804
202009010805
202009010806
202009010807
202009010808
202009010809
202009010810
202009010811
202009010812
202009010901
202009010902
202009010903
202009010904
202009010905
202009010906
202009010907
202009010908
202009010909
202009010910
202009010911
202009010912
202009020101
202009020102
202009020103
202009020104
202009020105
202009020106
202009020107
202009020108
202009020109
202009020110
202009020111
202009020112
202009020201
202009020202
202009020203
202009020204
202009020205
202009020206
202009020207
202009020208
202009020209
202009020210
202009020211
202009020212
202009020301
202009020302
202009020303
202009020304
202009020305
202009020306
202009020307
202009020308
202009020309
202009020310
202009020311
202009020312
202009020401
202009020402
202009020403
202009020404
202009020405
202009020406
202009020407
202009020408
202009020409
202009020410
202009020411
202009020412
202009020501
202009020502
202009020503
202009020504
202009020505
202009020506
202009020507
202009020508
202009020509
202009020510
202009020511
202009020512
202009020601
202009020602
202009020603
202009020604
202009020605
202009020606
202009020607
202009020608
202009020609
202009020610
202009020611
202009020612
202009020701
202009020702
202009020703
202009020704
202009020705
202009020706
202009020707
202009020708
202009020709
202009020710
202009020711
202009020712
202009020801
202009020802
202009020803
202009020804
202009020805
202009020806
202009020807
202009020808
202009020809
202009020810
202009020811
202009020812
202009030101
202009030102
202009030103
202009030104
202009030105
202009030106
202009030107
202009030108
202009030109
202009030110
202009030111
202009030112
202009030201
202009030202
202009030203
202009030204
202009030205
202009030206
202009030207
202009030208
202009030209
202009030210
202009030211
202009030212
202009030301
202009030302
202009030303
202009030304
202009030305
202009030306
202009030307
202009030308
202009030309
202009030310
202009030311
202009030312
202009030401
202009030402
202009030403
202009030404
202009030405
202009030406
202009030407
202009030408
202009030409
202009030410
202009030411
202009030412
202009030501
202009030502
202009030503
202009030504
202009030505
202009030506
202009030507
202009030508
202009030509
202009030510
202009030511
202009030512
202009030601
202009030602
202009030603
202009030604
202009030605
202009030606
202009030607
202009030608
202009030609
202009030610
202009030611
202009030612
202009030701
202009030702
202009030703
202009030704
202009030705
202009030706
202009030707
202009030708
202009030709
202009030710
202009030711
202009030712
202009030801
202009030802
202009030803
202009030804
202009030805
202009030806
202009030807
202009030808
202009030809
202009030810
202009030811
202009030812
202009040101
202009040102
202009040103
202009040104
202009040105
202009040106
202009040107
202009040108
202009040109
202009040110
202009040111
202009040112
202009040201
202009040202
202009040203
202009040204
202009040205
202009040206
202009040207
202009040208
202009040209
202009040210
202009040211
202009040212
202009040301
202009040302
202009040303
202009040304
202009040305
202009040306
202009040307
202009040308
202009040309
202009040310
202009040311
202009040312
202009040401
202009040402
202009040403
202009040404
202009040405
202009040406
202009040407
202009040408
202009040409
202009040410
202009040411
202009040412
202009040501
202009040502
202009040503
202009040504
202009040505
202009040506
202009040507
202009040508
202009040509
202009040510
202009040511
202009040512
202009040601
202009040602
202009040603
202009040604
202009040605
202009040606
202009040607
202009040608
202009040609
202009040610
202009040611
202009040612
202009050101
202009050102
202009050103
202009050104
202009050105
202009050106
202009050107
202009050108
202009050109
202009050110
202009050111
202009050112
202009050201
202009050202
202009050203
202009050204
202009050205
202009050206
202009050207
202009050208
202009050209
202009050210
202009050211
202009050212
202009050301
202009050302
202009050303
202009050304
202009050305
202009050306
202009050307
202009050308
202009050309
202009050310
202009050311
202009050312
202009050401
202009050402
202009050403
202009050404
202009050405
202009050406
202009050407
202009050408
202009050409
202009050410
202009050411
202009050412
202009050501
202009050502
202009050503
202009050504
202009050505
202009050506
202009050507
202009050508
202009050509
202009050510
202009050511
202009050512
202009050601
202009050602
202009050603
202009050604
202009050605
202009050606
202009050607
202009050608
202009050609
202009050610
202009050611
202009050612
202009050701
202009050702
202009050703
202009050704
202009050705
202009050706
202009050707
202009050708
202009050709
202009050710
202009050711
202009050712
202009050801
202009050802
202009050803
202009050804
202009050805
202009050806
202009050807
202009050808
202009050809
202009050810
202009050811
202009050812
202009050901
202009050902
202009050903
202009050904
202009050905
202009050906
202009050907
202009050908
202009050909
202009050910
202009050911
202009050912
202009060101
202009060102
202009060103
202009060104
202009060105
202009060106
202009060107
202009060108
202009060109
202009060110
202009060111
202009060112
202009060201
202009060202
202009060203
202009060204
202009060205
202009060206
202009060207
202009060208
202009060209
202009060210
202009060211
202009060212
202009060301
202009060302
202009060303
202009060304
202009060305
202009060306
202009060307
202009060308
202009060309
202009060310
202009060311
202009060312
202009060401
202009060402
202009060403
202009060404
202009060405
202009060406
202009060407
202009060408
202009060409
202009060410
202009060411
202009060412
202009060501
202009060502
202009060503
202009060504
202009060505
202009060506
202009060507
202009060508
202009060509
202009060510
202009060511
202009060512
202009060601
202009060602
202009060603
202009060604
202009060605
202009060606
202009060607
202009060608
202009060609
202009060610
202009060611
202009060612
202009060701
202009060702
202009060703
202009060704
202009060705
202009060706
202009060707
202009060708
202009060709
202009060710
202009060711
202009060712
202009060801
202009060802
202009060803
202009060804
202009060805
202009060806
202009060807
202009060808
202009060809
202009060810
202009060811
202009060812