202010010101
202010010102
202010010103
202010010104
202010010105
202010010106
202010010107
202010010108
202010010109
202010010110
202010010111
202010010112
202010010201
202010010202
202010010203
202010010204
202010010205
202010010206
202010010207
202010010208
202010010209
202010010210
202010010211
202010010212
202010010301
202010010302
202010010303
202010010304
202010010305
202010010306
202010010307
202010010308
202010010309
202010010310
202010010311
202010010312
202010010401
202010010402
202010010403
202010010404
202010010405
202010010406
202010010407
202010010408
202010010409
202010010410
202010010411
202010010412
202010010501
202010010502
202010010503
202010010504
202010010505
202010010506
202010010507
202010010508
202010010509
202010010510
202010010511
202010010512
202010010601
202010010602
202010010603
202010010604
202010010605
202010010606
202010010607
202010010608
202010010609
202010010610
202010010611
202010010612
202010010701
202010010702
202010010703
202010010704
202010010705
202010010706
202010010707
202010010708
202010010709
202010010710
202010010711
202010010712
202010010801
202010010802
202010010803
202010010804
202010010805
202010010806
202010010807
202010010808
202010010809
202010010810
202010010811
202010010812
202010010901
202010010902
202010010903
202010010904
202010010905
202010010906
202010010907
202010010908
202010010909
202010010910
202010010911
202010010912
202010011001
202010011002
202010011003
202010011004
202010011005
202010011006
202010011007
202010011008
202010011009
202010011010
202010011011
202010011012
202010011101
202010011102
202010011103
202010011104
202010011105
202010011106
202010011107
202010011108
202010011109
202010011110
202010011111
202010011112
202010011201
202010011202
202010011203
202010011204
202010011205
202010011206
202010011207
202010011208
202010011209
202010011210
202010011211
202010011212
202010020101
202010020102
202010020103
202010020104
202010020105
202010020106
202010020107
202010020108
202010020109
202010020110
202010020111
202010020112
202010020201
202010020202
202010020203
202010020204
202010020205
202010020206
202010020207
202010020208
202010020209
202010020210
202010020211
202010020212
202010020301
202010020302
202010020303
202010020304
202010020305
202010020306
202010020307
202010020308
202010020309
202010020310
202010020311
202010020312
202010020401
202010020402
202010020403
202010020404
202010020405
202010020406
202010020407
202010020408
202010020409
202010020410
202010020411
202010020412
202010020501
202010020502
202010020503
202010020504
202010020505
202010020506
202010020507
202010020508
202010020509
202010020510
202010020511
202010020512
202010020601
202010020602
202010020603
202010020604
202010020605
202010020606
202010020607
202010020608
202010020609
202010020610
202010020611
202010020612
202010020701
202010020702
202010020703
202010020704
202010020705
202010020706
202010020707
202010020708
202010020709
202010020710
202010020711
202010020712
202010020801
202010020802
202010020803
202010020804
202010020805
202010020806
202010020807
202010020808
202010020809
202010020810
202010020811
202010020812