202044012004
202044012005
202044012006
202044012007
202044012008
202044012009
202044012010
202044012011
202044012012
202044012101
202044012102
202044012103
202044012104
202044012105
202044012106
202044012107
202044012108
202044012109
202044012110
202044012111
202044012112
202044012203
202044012204
202044012205
202044012206
202044012207
202044012208
202044012209
202044012210
202044012211
202044012212
202044012303
202044012304
202044012305
202044012306
202044012307
202044012308
202044012309
202044012310
202044012311
202044012312
202044012403
202044012404
202044012405
202044012406
202044012407
202044012408
202044012409
202044012410
202044012411
202044012412
202044020305
202044020307
202044020308
202044020309
202044020310
202044020311
202044020312
202044020401
202044020403
202044020404
202044020405
202044020406
202044020407
202044020408
202044020409
202044020410
202044020411
202044020412
202044020504
202044020505
202044020506
202044020507
202044020508
202044020509
202044020510
202044020511
202044020512
202044020601
202044020602
202044020603
202044020604
202044020605
202044020606
202044020607
202044020608
202044020609
202044020610
202044020612
202044020701
202044020702
202044020703
202044020704
202044020705
202044020706
202044020707
202044020708
202044020709
202044022404
202044022405
202044022406
202044022407
202044022408
202044022409
202044022410
202044022411
202044022412
202044022501
202044022503
202044022505
202044022506
202044022507
202044022508
202044022509
202044022510
202044022512
202044022603
202044022604
202044022605
202044022606
202044022607
202044022609
202044022610
202044022611
202044022612
202044022701
202044022702
202044022703
202044022704
202044022705
202044022706
202044022707
202044022708
202044022709
202044022710
202044022711
202044022712
202044022803
202044022804
202044022805
202044022806
202044022807
202044022808
202044022809
202044022810
202044022811
202044022812
202044031503
202044031505
202044031507
202044031508
202044031509
202044031510
202044031512
202044031601
202044031602
202044031603
202044031604
202044031605
202044031606
202044031607
202044031608
202044031609
202044031610
202044031611
202044031612
202044031701
202044031704
202044031705
202044031706
202044031707
202044031708
202044031709
202044031710
202044031711
202044031712
202044031801
202044031802
202044031803
202044031804
202044031805
202044031806
202044031807
202044031808
202044031809
202044031810
202044031811
202044031812
202044031901
202044031902
202044031903
202044031904
202044031905
202044031907
202044031908
202044031909
202044031911
202044040603
202044040604
202044040605
202044040606
202044040607
202044040608
202044040609
202044040610
202044040612
202044040703
202044040705
202044040707
202044040708
202044040709
202044040710
202044040712
202044040801
202044040802
202044040803
202044040804
202044040805
202044040806
202044040807
202044040808
202044040809
202044040810
202044040811
202044040901
202044040902
202044040903
202044040904
202044040905
202044040906
202044040907
202044040908
202044040909
202044040910
202044040911
202044040912
202044041002
202044041004
202044041005
202044041006
202044041008
202044041009
202044041010
202044041011
202044041012
202044042702
202044042704
202044042705
202044042706
202044042707
202044042708
202044042709
202044042710
202044042803
202044042804
202044042805
202044042806
202044042807
202044042808
202044042809
202044042810
202044042811
202044042812
202044042903
202044042905
202044042906
202044042907
202044042909
202044042910
202044042911
202044042912
202044043002
202044043003
202044043004
202044043006
202044043007
202044043008
202044043009
202044043010
202044043011
202044043012
202044050101
202044050104
202044050105
202044050106
202044050107
202044050108
202044050109
202044050110
202044050201
202044050202
202044050204
202044050205
202044050206
202044050207
202044050208
202044050209
202044050210
202044051806
202044051807
202044051808
202044051809
202044051810
202044051811
202044051812
202044051902
202044051903
202044051904
202044051905
202044051906
202044051907
202044051908
202044051909
202044051910
202044051911
202044051912
202044052001
202044052002
202044052003
202044052004
202044052005
202044052006
202044052007
202044052008
202044052009
202044052010
202044052101
202044052102
202044052104
202044052105
202044052106
202044052107
202044052108
202044052109
202044052110
202044052112
202044052201
202044052202
202044052203
202044052204
202044052205
202044052206
202044052207
202044052208
202044052209
202044052210
202044060105
202044060106
202044060107
202044060108
202044060109
202044060110
202044060111
202044060112
202044060201
202044060202
202044060203
202044060204
202044060205
202044060206
202044060207
202044060208
202044060209
202044060210
202044060212
202044060301
202044060302
202044060305
202044060306
202044060307
202044060308
202044060309
202044060310
202044060311
202044060402
202044060404
202044060405
202044060406
202044060407
202044060408
202044060409
202044060410
202044060411
202044060412
202044060501
202044060502
202044060505
202044060506
202044060507
202044060508
202044060509
202044060510
202044060511
202044060512
202044062201
202044062202
202044062205
202044062206
202044062207
202044062208
202044062209
202044062210
202044062211
202044062212
202044062304
202044062305
202044062306
202044062307
202044062308
202044062309
202044062310
202044062311
202044062312
202044062402
202044062404
202044062405
202044062406
202044062407
202044062409
202044062410
202044062411
202044062412
202044062501
202044062502
202044062504
202044062505
202044062506
202044062507
202044062508
202044062509
202044062510
202044062511
202044062512
202044062601
202044062602
202044062605
202044062606
202044062607
202044062608
202044062609
202044062610
202044062611
202044062612
202044070604
202044070605
202044070606
202044070607
202044070608
202044070610
202044070611
202044070612
202044070701
202044070702
202044070703
202044070704
202044070705
202044070706
202044070707
202044070708
202044070709
202044070710
202044070711
202044070712
202044070801
202044070802
202044070805
202044070806
202044070807
202044070808
202044070809
202044070810
202044070811
202044070812
202044070901
202044070905
202044070906
202044070907
202044070908
202044070909
202044070910
202044070911
202044070912
202044071002
202044071005
202044071006
202044071007
202044071008
202044071009
202044071010
202044071011
202044071012
202044072805
202044072806
202044072807
202044072808
202044072809
202044072810
202044072811
202044072812
202044072901
202044072902
202044072903
202044072904
202044072905
202044072906
202044072907
202044072908
202044072909
202044072910
202044072911
202044072912
202044073001
202044073002
202044073005
202044073006
202044073007
202044073008
202044073009
202044073011
202044073012
202044073101
202044073102
202044073103
202044073105
202044073106
202044073107
202044073108
202044073109
202044073110
202044073111
202044073112
202044080101
202044080102
202044080106
202044080107
202044080109
202044080110
202044080112
202044081603
202044081604
202044081605
202044081606
202044081607
202044081608
202044081609
202044081610
202044081701
202044081702
202044081705
202044081706
202044081707
202044081708
202044081709
202044081710
202044081711
202044081712
202044081801
202044081802
202044081803
202044081804
202044081805
202044081806
202044081807
202044081808
202044081809
202044081810
202044081811
202044081812
202044081901
202044081902
202044081903
202044081906
202044081907
202044081908
202044081909
202044081910
202044081911
202044081912
202044082001
202044082002
202044082006
202044082007
202044082008
202044082009
202044082011
202044082012
202044082101
202044082102
202044082106
202044082107
202044082108
202044082109
202044082110
202044090701
202044090706
202044090707
202044090708
202044090709
202044090710
202044090711
202044090712
202044090803
202044090804
202044090805
202044090806
202044090807
202044090808
202044090809
202044090810
202044090811
202044090812
202044090901
202044090902
202044090905
202044090906
202044090907
202044090908
202044090909
202044090910
202044090911
202044090912
202044091001
202044091002
202044091003
202044091004
202044091005
202044091006
202044091007
202044091008
202044091009
202044091011
202044091012
202044091101
202044091102
202044091105
202044091106
202044091107
202044091108
202044091109
202044091110
202044091111
202044091112
202044091902
202044091903
202044091906
202044091907
202044091908
202044091909
202044091910
202044091911
202044091912
202044092001
202044092002
202044092004
202044092006
202044092007
202044092008
202044092010
202044092011
202044092012
202044092101
202044092102
202044092105
202044092106
202044092107
202044092108
202044092109
202044092110
202044092111
202044092112
202044092401
202044092402
202044092403
202044092404
202044092405
202044092406
202044092408
202044092409
202044092410
202044092501
202044092502
202044092505
202044092506
202044092507
202044092508
202044092509
202044092510
202044100502
202044100505
202044100506
202044100507
202044100508
202044100509
202044100510
202044100511
202044100512
202044100601
202044100602
202044100603
202044100604
202044100605
202044100606
202044100607
202044100608
202044100610
202044100611
202044100612
202044100701
202044100702
202044100705
202044100706
202044100707
202044100708
202044100709
202044100710
202044100711
202044100712
202044100801
202044100804
202044100805
202044100806
202044100807
202044100808
202044100809
202044100810
202044100811
202044100812
202044100901
202044100902
202044100905
202044100906
202044100907
202044100908
202044100909
202044100910
202044100911
202044100912
202044110104
202044110105
202044110106
202044110107
202044110108
202044110109
202044110110
202044110205
202044110206
202044110207
202044110208
202044110209
202044110210
202044110211
202044110303
202044110304
202044110305
202044110306
202044110307
202044110308
202044110309
202044110310
202044110311
202044110312
202044110403
202044110405
202044110406
202044110407
202044110408
202044110409
202044110410
202044110411
202044110412
202044110501
202044110502
202044110506
202044110507
202044110508
202044110509
202044110511
202044110512
202044110601
202044110602
202044110603
202044110604
202044110605
202044110606
202044110607
202044110608
202044110609
202044110610
202044110611
202044111603
202044111604
202044111605
202044111606
202044111607
202044111608
202044111609
202044111610
202044111611
202044111612
202044111702
202044111703
202044111704
202044111705
202044111706
202044111707
202044111708
202044111709
202044111710
202044111712
202044111804
202044111805
202044111806
202044111807
202044111808
202044111809
202044111810
202044111811
202044111812
202044111901
202044111902
202044111904
202044111905
202044111906
202044111908
202044111909
202044111911
202044111912
202044112001
202044112002
202044112005
202044112007
202044112008
202044112009
202044112010
202044112011
202044112012
202044120705
202044120707
202044120708
202044120709
202044120710
202044120711
202044120712
202044120804
202044120805
202044120806
202044120807
202044120808
202044120809
202044120810
202044120811
202044120812
202044120901
202044120902
202044120905
202044120906
202044120907
202044120908
202044120909
202044120910
202044120911
202044120912
202044121001
202044121002
202044121003
202044121004
202044121005
202044121006
202044121007
202044121008
202044121009
202044121011
202044121012
202044121101
202044121102
202044121105
202044121106
202044121107
202044121108
202044121109
202044121110
202044121111
202044121112
202044122403
202044122404
202044122405
202044122406
202044122407
202044122408
202044122409
202044122505
202044122506
202044122507
202044122508
202044122509
202044122510
202044122801
202044122802
202044122803
202044122804
202044122805
202044122806
202044122807
202044122808
202044122810
202044122811
202044122812
202044122904
202044122905
202044122906
202044122907
202044122908
202044122909
202044122910
202044122911
202044122912
202044123003
202044123004
202044123005
202044123007
202044123008
202044123009
202044123010
202044123011
202044123012
202044123101
202044123102
202044123103
202044123104
202044123105
202044123107
202044123108
202044123109
202044123111
202044123112