201102010101
201102010102
201102010103
201102010104
201102010105
201102010106
201102010107
201102010108
201102010110
201102010111
201102010112
201102010201
201102010205
201102010207
201102010208
201102010210
201102010212
201102010301
201102010303
201102010304
201102010305
201102010306
201102010307
201102010308
201102010309
201102010310
201102010311
201102010312
201102010401
201102010402
201102010403
201102010404
201102010405
201102010407
201102010408
201102010409
201102010410
201102010411
201102010412
201102010501
201102010503
201102010504
201102010505
201102010506
201102010507
201102010509
201102010510
201102010511
201102010512
201102010601
201102010602
201102010603
201102010605
201102010606
201102010607
201102010608
201102010610
201102010611
201102010612
201102010701
201102010702
201102010704
201102010705
201102010706
201102010707
201102010708
201102010710
201102010711
201102010712
201102010801
201102010802
201102010803
201102010804
201102010806
201102010808
201102010810
201102010812
201102020101
201102020102
201102020103
201102020104
201102020105
201102020107
201102020108
201102020110
201102020111
201102020112
201102020201
201102020202
201102020204
201102020205
201102020206
201102020207
201102020208
201102020209
201102020210
201102020211
201102020212
201102020301
201102020302
201102020303
201102020305
201102020306
201102020307
201102020309
201102020310
201102020311
201102020312
201102020403
201102020404
201102020405
201102020406
201102020407
201102020408
201102020409
201102020411
201102020412
201102020501
201102020502
201102020503
201102020504
201102020505
201102020506
201102020507
201102020508
201102020510
201102020511
201102020512
201102020602
201102020603
201102020605
201102020606
201102020607
201102020609
201102020610
201102020611
201102020612
201102020702
201102020704
201102020706
201102020707
201102020708
201102020710
201102020712
201102020801
201102020802
201102020803
201102020804
201102020805
201102020806
201102020809
201102020810
201102020811
201102020812