201108010101
201108010102
201108010103
201108010104
201108010105
201108010106
201108010107
201108010108
201108010109
201108010110
201108010111
201108010112
201108010201
201108010202
201108010203
201108010204
201108010205
201108010206
201108010207
201108010208
201108010209
201108010210
201108010211
201108010212
201108010301
201108010302
201108010303
201108010304
201108010305
201108010306
201108010307
201108010308
201108010309
201108010310
201108010311
201108010312
201108010401
201108010402
201108010403
201108010404
201108010405
201108010406
201108010407
201108010408
201108010409
201108010410
201108010411
201108010412
201108010501
201108010502
201108010503
201108010504
201108010505
201108010506
201108010507
201108010508
201108010509
201108010510
201108010511
201108010512
201108010601
201108010602
201108010603
201108010604
201108010605
201108010606
201108010607
201108010608
201108010609
201108010610
201108010611
201108010612
201108010701
201108010702
201108010703
201108010704
201108010705
201108010706
201108010707
201108010708
201108010709
201108010710
201108010711
201108010712
201108010801
201108010802
201108010803
201108010804
201108010805
201108010806
201108010807
201108010808
201108010809
201108010810
201108010811
201108010812
201108020101
201108020102
201108020103
201108020104
201108020105
201108020106
201108020107
201108020108
201108020109
201108020110
201108020111
201108020112
201108020201
201108020202
201108020203
201108020204
201108020205
201108020206
201108020207
201108020208
201108020209
201108020210
201108020211
201108020212
201108020301
201108020302
201108020303
201108020304
201108020305
201108020306
201108020307
201108020308
201108020309
201108020310
201108020311
201108020312
201108020401
201108020402
201108020403
201108020404
201108020405
201108020406
201108020407
201108020408
201108020409
201108020410
201108020411
201108020412
201108020501
201108020502
201108020503
201108020504
201108020505
201108020506
201108020507
201108020508
201108020509
201108020510
201108020511
201108020512
201108020601
201108020602
201108020603
201108020604
201108020605
201108020606
201108020607
201108020608
201108020609
201108020610
201108020611
201108020612
201108020701
201108020702
201108020703
201108020704
201108020705
201108020706
201108020707
201108020708
201108020709
201108020710
201108020711
201108020712
201108020801
201108020802
201108020803
201108020804
201108020805
201108020806
201108020807
201108020808
201108020809
201108020810
201108020811
201108020812
201108030101
201108030102
201108030103
201108030104
201108030105
201108030106
201108030107
201108030108
201108030109
201108030110
201108030111
201108030112
201108030201
201108030202
201108030203
201108030204
201108030205
201108030206
201108030207
201108030208
201108030209
201108030210
201108030211
201108030212
201108030301
201108030302
201108030303
201108030304
201108030305
201108030306
201108030307
201108030308
201108030309
201108030310
201108030311
201108030312
201108030401
201108030402
201108030403
201108030404
201108030405
201108030406
201108030407
201108030408
201108030409
201108030410
201108030411
201108030412
201108030501
201108030502
201108030503
201108030504
201108030505
201108030506
201108030507
201108030508
201108030509
201108030510
201108030511
201108030512
201108030601
201108030602
201108030603
201108030604
201108030605
201108030606
201108030607
201108030608
201108030609
201108030610
201108030611
201108030701
201108030702
201108030703
201108030704
201108030705
201108030706
201108030707
201108030708
201108030709
201108030710
201108030711
201108030712
201108030801
201108030802
201108030803
201108030804
201108030805
201108030806
201108030807
201108030808
201108030809
201108030810
201108030811
201108030812
201108030901
201108030902
201108030903
201108030904
201108030905
201108030906
201108030907
201108030908
201108030909
201108030910
201108030911
201108031001
201108031002
201108031003
201108031004
201108031005
201108031006
201108031007
201108031008
201108031009
201108031010
201108031011
201108031012
201108031101
201108031102
201108031103
201108031104
201108031105
201108031106
201108031107
201108031108
201108031109
201108031110
201108031111
201108031112
201108031201
201108031202
201108031203
201108031204
201108031205
201108031206
201108031207
201108031208
201108031209
201108031210
201108031211
201108031212
201108040101
201108040102
201108040103
201108040104
201108040105
201108040106
201108040107
201108040108
201108040109
201108040110
201108040111
201108040112
201108040201
201108040202
201108040203
201108040204
201108040205
201108040206
201108040207
201108040208
201108040209
201108040210
201108040211
201108040212
201108040301
201108040302
201108040303
201108040304
201108040305
201108040306
201108040307
201108040308
201108040309
201108040310
201108040311
201108040312
201108040401
201108040402
201108040403
201108040404
201108040405
201108040406
201108040407
201108040408
201108040409
201108040410
201108040411
201108040412
201108040501
201108040502
201108040503
201108040504
201108040505
201108040506
201108040507
201108040508
201108040509
201108040510
201108040511
201108040512
201108040601
201108040602
201108040603
201108040604
201108040605
201108040606
201108040607
201108040608
201108040609
201108040610
201108040611
201108040612
201108040701
201108040702
201108040703
201108040704
201108040705
201108040706
201108040707
201108040708
201108040709
201108040710
201108040711
201108040712
201108040801
201108040802
201108040803
201108040804
201108040805
201108040806
201108040807
201108040808
201108040809
201108040810
201108040811
201108040812
201108050101
201108050102
201108050103
201108050104
201108050105
201108050106
201108050107
201108050108
201108050109
201108050110
201108050111
201108050112
201108050201
201108050202
201108050203
201108050204
201108050205
201108050206
201108050207
201108050208
201108050209
201108050210
201108050211
201108050212
201108050301
201108050302
201108050303
201108050304
201108050305
201108050306
201108050307
201108050308
201108050309
201108050310
201108050311
201108050312
201108050401
201108050402
201108050403
201108050404
201108050405
201108050406
201108050407
201108050408
201108050409
201108050410
201108050411
201108050412
201108050501
201108050502
201108050503
201108050504
201108050505
201108050506
201108050507
201108050508
201108050509
201108050510
201108050511
201108050512
201108050601
201108050602
201108050603
201108050604
201108050605
201108050606
201108050607
201108050608
201108050609
201108050610
201108050611
201108050612
201108050701
201108050702
201108050703
201108050704
201108050705
201108050706
201108050707
201108050708
201108050709
201108050710
201108050711
201108050712
201108050801
201108050802
201108050803
201108050804
201108050805
201108050806
201108050807
201108050808
201108050809
201108050810
201108050811
201108050812
201108060101
201108060102
201108060103
201108060104
201108060105
201108060106
201108060107
201108060108
201108060109
201108060110
201108060111
201108060112
201108060201
201108060202
201108060203
201108060204
201108060205
201108060206
201108060207
201108060208
201108060209
201108060210
201108060211
201108060212
201108060301
201108060302
201108060303
201108060304
201108060305
201108060306
201108060307
201108060308
201108060309
201108060310
201108060311
201108060312
201108060401
201108060402
201108060403
201108060404
201108060405
201108060406
201108060407
201108060408
201108060409
201108060410
201108060411
201108060412
201108060501
201108060502
201108060503
201108060504
201108060505
201108060506
201108060507
201108060508
201108060509
201108060510
201108060511
201108060512
201108060601
201108060602
201108060603
201108060604
201108060605
201108060606
201108060607
201108060608
201108060609
201108060610
201108060611
201108060612
201108060701
201108060702
201108060703
201108060704
201108060705
201108060706
201108060707
201108060708
201108060709
201108060710
201108060711
201108060712
201108060801
201108060802
201108060803
201108060804
201108060805
201108060806
201108060807
201108060808
201108060809
201108060810
201108060811
201108060812