201110010104
201110010106
201110010108
201110010110
201110010111
201110010112
201110010201
201110010203
201110010204
201110010205
201110010208
201110010210
201110010211
201110010212
201110010301
201110010303
201110010304
201110010305
201110010308
201110010311
201110010312
201110010401
201110010402
201110010405
201110010407
201110010409
201110010410
201110010411
201110010412
201110010504
201110010505
201110010506
201110010508
201110010510
201110010511
201110010512
201110010603
201110010604
201110010605
201110010606
201110010608
201110010609
201110010610
201110010611
201110010612
201110010701
201110010702
201110010703
201110010705
201110010707
201110010708
201110010709
201110010710
201110010711
201110010712
201110010803
201110010804
201110010805
201110010806
201110010808
201110010809
201110010810
201110010811
201110010812
201110020102
201110020104
201110020105
201110020106
201110020107
201110020108
201110020109
201110020110
201110020111
201110020112
201110020201
201110020202
201110020203
201110020204
201110020206
201110020208
201110020210
201110020211
201110020212
201110020301
201110020302
201110020304
201110020305
201110020306
201110020307
201110020310
201110020311
201110020312
201110020401
201110020404
201110020405
201110020406
201110020408
201110020409
201110020410
201110020411
201110020412
201110020501
201110020503
201110020504
201110020505
201110020506
201110020507
201110020508
201110020510
201110020511
201110020601
201110020602
201110020603
201110020604
201110020605
201110020607
201110020608
201110020611
201110020612
201110020703
201110020704
201110020705
201110020706
201110020708
201110020709
201110020710
201110020712
201110020801
201110020802
201110020804
201110020805
201110020806
201110020807
201110020808
201110020809
201110020810
201110020811
201110020812
201110020901
201110020902
201110020904
201110020905
201110020906
201110020907
201110020908
201110020910
201110020911
201110020912
201110021001
201110021002
201110021004
201110021005
201110021006
201110021007
201110021008
201110021009
201110021010
201110021011
201110021101
201110021102
201110021103
201110021106
201110021107
201110021109
201110021111
201110021112
201110021201
201110021202
201110021205
201110021206
201110021207
201110021208
201110021210
201110021211
201110021212
201110030101
201110030103
201110030105
201110030106
201110030110
201110030111
201110030112
201110030201
201110030202
201110030204
201110030206
201110030207
201110030210
201110030212
201110040102
201110040103
201110040104
201110040106
201110040109
201110040110
201110040111
201110040112
201110040201
201110040202
201110040203
201110040205
201110040207
201110040209
201110040210
201110040211
201110040212
201110040302
201110040303
201110040304
201110040305
201110040306
201110040307
201110040308
201110040309
201110040310
201110040311
201110040312
201110040401
201110040402
201110040403
201110040404
201110040406
201110040407
201110040408
201110040409
201110040410
201110040411
201110040502
201110040503
201110040505
201110040507
201110040508
201110040509
201110040510
201110040511
201110040601
201110040602
201110040603
201110040604
201110040605
201110040606
201110040607
201110040608
201110040609
201110040610
201110040611
201110040612
201110040701
201110040702
201110040703
201110040705
201110040706
201110040707
201110040708
201110040710
201110040711
201110040712
201110040801
201110040802
201110040805
201110040808
201110040809
201110040810
201110040811
201110040812
201110040901
201110040902
201110040903
201110040904
201110040905
201110040906
201110040907
201110040908
201110040911
201110040912
201110041001
201110041002
201110041003
201110041006
201110041007
201110041008
201110041009
201110041011
201110041012
201110041101
201110041102
201110041103
201110041105
201110041106
201110041107
201110041108
201110041110
201110041111
201110041112
201110041201
201110041202
201110041203
201110041206
201110041207
201110041209
201110041210
201110041211
201110041212
201110050101
201110050103
201110050104
201110050105
201110050106
201110050108
201110050110
201110050111
201110050112
201110050202
201110050203
201110050204
201110050205
201110050208
201110050209
201110050210
201110050211
201110050302
201110050303
201110050304
201110050305
201110050307
201110050309
201110050310
201110050311
201110050312
201110050401
201110050402
201110050403
201110050406
201110050407
201110050408
201110050409
201110050411
201110050412
201110050501
201110050503
201110050504
201110050506
201110050507
201110050508
201110050510
201110050511
201110050512
201110050601
201110050603
201110050604
201110050606
201110050607
201110050610
201110050611
201110050612
201110050702
201110050704
201110050705
201110050707
201110050708
201110050709
201110050710
201110050711
201110050712
201110050802
201110050803
201110050804
201110050805
201110050806
201110050807
201110050808
201110050809
201110050811
201110050812
201110050901
201110050902
201110050903
201110050905
201110050906
201110050907
201110050908
201110050909
201110050910
201110050911
201110050912
201110051001
201110051002
201110051003
201110051005
201110051006
201110051007
201110051008
201110051009
201110051010
201110051011
201110051012