200602010102
200602010104
200602010105
200602010106
200602010107
200602010108
200602010111
200602010112
200602010202
200602010204
200602010205
200602010206
200602010207
200602010209
200602010211
200602010212
200602010303
200602010304
200602010306
200602010307
200602010309
200602010311
200602010312
200602010401
200602010402
200602010403
200602010408
200602010409
200602010410
200602010411
200602010503
200602010505
200602010506
200602010507
200602010511
200602010512
200602010601
200602010603
200602010605
200602010606
200602010607
200602010608
200602010609
200602010611
200602010612
200602010702
200602010703
200602010704
200602010705
200602010706
200602010709
200602010711
200602010712
200602010801
200602010802
200602010804
200602010806
200602010807
200602010810
200602010811
200602010812
200602020105
200602020109
200602020110
200602020111
200602020202
200602020203
200602020204
200602020205
200602020206
200602020208
200602020209
200602020211
200602020302
200602020304
200602020305
200602020306
200602020309
200602020310
200602020311
200602020312
200602020401
200602020402
200602020403
200602020404
200602020405
200602020406
200602020408
200602020410
200602020411
200602020412
200602020501
200602020503
200602020504
200602020505
200602020506
200602020507
200602020508
200602020509
200602020511
200602020512
200602020602
200602020605
200602020607
200602020609
200602020610
200602020612
200602020702
200602020703
200602020705
200602020706
200602020707
200602020710
200602020711
200602020712
200602020801
200602020802
200602020803
200602020805
200602020806
200602020808
200602020809
200602020810
200602020811
200602020812