200604010104
200604010106
200604010108
200604010111
200604010112
200604010201
200604010202
200604010203
200604010204
200604010205
200604010206
200604010207
200604010208
200604010210
200604010211
200604010301
200604010305
200604010306
200604010308
200604010310
200604010312
200604010403
200604010404
200604010406
200604010410
200604010411
200604010412
200604010503
200604010504
200604010505
200604010507
200604010508
200604010509
200604010510
200604010511
200604010601
200604010604
200604010605
200604010606
200604010607
200604010608
200604010610
200604010611
200604010612
200604010701
200604010703
200604010704
200604010706
200604010708
200604010711
200604010801
200604010803
200604010804
200604010805
200604010808
200604010809
200604010811
200604010812
200604020103
200604020106
200604020108
200604020109
200604020111
200604020112
200604020201
200604020202
200604020204
200604020207
200604020208
200604020209
200604020210
200604020211
200604020212
200604020302
200604020303
200604020305
200604020306
200604020308
200604020309
200604020310
200604020311
200604020312
200604020401
200604020402
200604020403
200604020408
200604020409
200604020410
200604020411
200604020412
200604020501
200604020502
200604020503
200604020506
200604020509
200604020510
200604020511
200604020512
200604020601
200604020602
200604020604
200604020606
200604020608
200604020609
200604020610
200604020611
200604020612
200604020701
200604020702
200604020703
200604020704
200604020706
200604020708
200604020709
200604020710
200604020711
200604020712
200604020801
200604020802
200604020804
200604020805
200604020807
200604020808
200604020810
200604020811
200604020812
200604030101
200604030103
200604030104
200604030105
200604030106
200604030107
200604030108
200604030110
200604030111
200604030112
200604030202
200604030203
200604030205
200604030207
200604030208
200604030209
200604030210
200604030211
200604030212
200604030302
200604030303
200604030304
200604030305
200604030307
200604030308
200604030312
200604030401
200604030402
200604030405
200604030406
200604030407
200604030408
200604030409
200604030410
200604030411
200604030412
200604030503
200604030506
200604030508
200604030511
200604030512
200604030601
200604030602
200604030603
200604030604
200604030605
200604030606
200604030607
200604030608
200604030611
200604030612
200604030703
200604030704
200604030706
200604030707
200604030708
200604030709
200604030710
200604030711
200604030801
200604030804
200604030806
200604030807
200604030808
200604030809
200604030811