200609010101
200609010102
200609010105
200609010106
200609010107
200609010108
200609010109
200609010110
200609010111
200609010112
200609010205
200609010206
200609010207
200609010208
200609010209
200609010211
200609010301
200609010302
200609010306
200609010309
200609010310
200609010311
200609010312
200609010402
200609010403
200609010404
200609010405
200609010406
200609010408
200609010409
200609010410
200609010411
200609010502
200609010504
200609010506
200609010508
200609010510
200609010511
200609010512
200609010601
200609010602
200609010603
200609010606
200609010608
200609010609
200609010610
200609010611
200609010612
200609010702
200609010703
200609010705
200609010706
200609010708
200609010709
200609010710
200609010801
200609010802
200609010803
200609010805
200609010806
200609010807
200609010809
200609010810
200609010811
200609010812
200609020102
200609020106
200609020107
200609020109
200609020110
200609020112
200609020201
200609020202
200609020207
200609020208
200609020209
200609020211
200609020212
200609020301
200609020303
200609020305
200609020306
200609020310
200609020311
200609020312
200609020401
200609020405
200609020406
200609020407
200609020408
200609020409
200609020410
200609020411
200609020412
200609020502
200609020503
200609020505
200609020506
200609020508
200609020509
200609020511
200609020512
200609020601
200609020602
200609020604
200609020605
200609020606
200609020607
200609020608
200609020609
200609020610
200609020611
200609020701
200609020703
200609020704
200609020706
200609020707
200609020709
200609020710
200609020711
200609020712
200609020801
200609020803
200609020805
200609020806
200609020807
200609020808
200609020811
200609020812
200609030101
200609030102
200609030103
200609030105
200609030108
200609030109
200609030110
200609030111
200609030112
200609030203
200609030204
200609030205
200609030207
200609030209
200609030210
200609030211
200609030212
200609030303
200609030305
200609030306
200609030307
200609030311
200609030402
200609030408
200609030410
200609030411
200609030412
200609030501
200609030502
200609030503
200609030505
200609030506
200609030507
200609030508
200609030509
200609030510
200609030511
200609030512
200609030601
200609030603
200609030605
200609030606
200609030607
200609030608
200609030610
200609030611
200609030702
200609030705
200609030706
200609030707
200609030708
200609030710
200609030711
200609030712
200609030802
200609030803
200609030806
200609030808
200609030809
200609030810
200609030811
200609030812