200635050508
200635050604
200635051311
200635052209
200635052711
200635060303
200635060310
200635071011
200635071610
200635071710
200635072209
200635072410
200635072910
200635072911
200635073108
200635073110
200635080510
200635080511
200635081310
200635081408
200635081410
200635081510
200635081511
200635091710
200635091810
200635092303
200635092310
200635092409
200635092410
200635092509
200635100103
200635100810
200635100910
200635101410
200635101510
200635102109
200635102209
200635102810
200635102909
200635103004
200635110309