200646010207
200646010208
200646010305
200646032509
200646032801
200646040210
200646041610
200646041806
200646041810
200646042302
200646042510
200646050309
200646050404
200646050409
200646051610
200646052801
200646052810
200646061110
200646061305
200646061310
200646062510
200646062710
200646070410
200646070911
200646071108
200646071810
200646072509
200646072510
200646080110
200646080809
200646081309
200646081510
200646082010
200646082910
200646090504
200646090508
200646091209
200646091907
200646091911
200646100306
200646100309
200646101009
200646101510
200646101710
200646102903
200646102910
200646110508
200646110706
200646111204
200646111401
200646111410
200646111909
200646112111
200646112608
200646112801
200646112810
200646120509
200646121008
200646121201
200646121210
200646121211
200646121910
200646122407
200646122410
200646122501
200646122511