200655010308
200655010310
200655010907
200655012110
200655012807
200655013010
200655020402
200655020508
200655021208
200655021310
200655021903
200655021910
200655030507
200655031208
200655032503
200655032507
200655042201
200655042907
200655043010
200655050404
200655052810
200655060309
200655062507
200655062508
200655070810
200655071709
200655072907
200655081509
200655090308
200655091908
200655102106
200655110505
200655111104
200655111109
200655111806
200655112604
200655112608
200655120210
200655120307
200655121610
200655122407
200655122408