201002010101
201002010102
201002010103
201002010104
201002010105
201002010106
201002010107
201002010108
201002010109
201002010110
201002010111
201002010112
201002010201
201002010202
201002010203
201002010204
201002010205
201002010206
201002010207
201002010208
201002010209
201002010210
201002010211
201002010212
201002010301
201002010302
201002010303
201002010304
201002010305
201002010306
201002010307
201002010308
201002010309
201002010310
201002010311
201002010312
201002010401
201002010402
201002010403
201002010404
201002010405
201002010406
201002010407
201002010408
201002010409
201002010410
201002010411
201002010412
201002010501
201002010502
201002010503
201002010504
201002010505
201002010506
201002010507
201002010508
201002010509
201002010510
201002010511
201002010512
201002010601
201002010602
201002010603
201002010604
201002010605
201002010606
201002010607
201002010608
201002010609
201002010610
201002010611
201002010612
201002010701
201002010702
201002010703
201002010704
201002010705
201002010706
201002010707
201002010708
201002010709
201002010710
201002010711
201002010712
201002010801
201002010802
201002010803
201002010804
201002010805
201002010806
201002010807
201002010808
201002010809
201002010810
201002010811
201002010812
201002020101
201002020102
201002020103
201002020104
201002020105
201002020106
201002020107
201002020108
201002020109
201002020110
201002020111
201002020112
201002020201
201002020202
201002020203
201002020204
201002020205
201002020206
201002020207
201002020208
201002020209
201002020210
201002020211
201002020212
201002020301
201002020302
201002020303
201002020304
201002020305
201002020306
201002020307
201002020308
201002020309
201002020310
201002020311
201002020312
201002020401
201002020402
201002020403
201002020404
201002020405
201002020406
201002020407
201002020408
201002020409
201002020410
201002020411
201002020412
201002020501
201002020502
201002020503
201002020504
201002020505
201002020506
201002020507
201002020508
201002020509
201002020510
201002020511
201002020512
201002020601
201002020602
201002020603
201002020604
201002020605
201002020606
201002020607
201002020608
201002020609
201002020610
201002020611
201002020612
201002020701
201002020702
201002020703
201002020704
201002020705
201002020706
201002020707
201002020708
201002020709
201002020710
201002020711
201002020712
201002020801
201002020802
201002020803
201002020804
201002020805
201002020806
201002020807
201002020808
201002020809
201002020810
201002020811
201002020812