201004010101
201004010102
201004010103
201004010104
201004010105
201004010106
201004010107
201004010108
201004010109
201004010110
201004010111
201004010201
201004010202
201004010203
201004010204
201004010205
201004010206
201004010207
201004010208
201004010209
201004010210
201004010211
201004010212
201004010301
201004010302
201004010303
201004010304
201004010305
201004010306
201004010307
201004010308
201004010309
201004010310
201004010311
201004010312
201004010401
201004010402
201004010403
201004010404
201004010405
201004010406
201004010407
201004010408
201004010409
201004010410
201004010411
201004010501
201004010502
201004010503
201004010504
201004010505
201004010506
201004010507
201004010508
201004010509
201004010510
201004010511
201004010512
201004010601
201004010602
201004010603
201004010604
201004010605
201004010606
201004010607
201004010608
201004010609
201004010610
201004010611
201004010612
201004010701
201004010702
201004010703
201004010704
201004010705
201004010706
201004010707
201004010708
201004010709
201004010710
201004010711
201004010712
201004010801
201004010802
201004010803
201004010804
201004010805
201004010806
201004010807
201004010808
201004010809
201004010810
201004010811
201004020101
201004020102
201004020103
201004020104
201004020105
201004020106
201004020107
201004020108
201004020109
201004020110
201004020111
201004020112
201004020201
201004020202
201004020203
201004020204
201004020205
201004020206
201004020207
201004020208
201004020209
201004020210
201004020211
201004020212
201004020301
201004020302
201004020303
201004020304
201004020305
201004020306
201004020307
201004020308
201004020309
201004020310
201004020311
201004020312
201004020401
201004020402
201004020403
201004020404
201004020405
201004020406
201004020407
201004020408
201004020409
201004020410
201004020411
201004020412
201004020501
201004020502
201004020503
201004020504
201004020505
201004020506
201004020507
201004020508
201004020509
201004020510
201004020511
201004020512
201004020601
201004020602
201004020603
201004020604
201004020605
201004020606
201004020607
201004020608
201004020609
201004020610
201004020611
201004020612
201004020701
201004020702
201004020703
201004020704
201004020705
201004020706
201004020707
201004020708
201004020709
201004020710
201004020711
201004020712
201004020801
201004020802
201004020803
201004020804
201004020805
201004020806
201004020807
201004020808
201004020809
201004020810
201004020811
201004020812
201004030101
201004030102
201004030103
201004030104
201004030105
201004030106
201004030107
201004030108
201004030109
201004030110
201004030111
201004030112
201004030201
201004030202
201004030203
201004030204
201004030205
201004030206
201004030207
201004030208
201004030209
201004030210
201004030211
201004030212
201004030301
201004030302
201004030303
201004030304
201004030305
201004030306
201004030307
201004030308
201004030309
201004030310
201004030311
201004030312
201004030401
201004030402
201004030403
201004030404
201004030405
201004030406
201004030407
201004030408
201004030409
201004030410
201004030411
201004030412
201004030501
201004030502
201004030503
201004030504
201004030505
201004030506
201004030507
201004030508
201004030509
201004030510
201004030511
201004030512
201004030601
201004030602
201004030603
201004030604
201004030605
201004030606
201004030607
201004030608
201004030609
201004030610
201004030611
201004030701
201004030702
201004030703
201004030704
201004030705
201004030706
201004030707
201004030708
201004030709
201004030710
201004030711
201004030712
201004030801
201004030802
201004030803
201004030804
201004030805
201004030806
201004030807
201004030808
201004030809
201004030810
201004030811
201004030812