201005010101
201005010102
201005010105
201005010106
201005010108
201005010109
201005010111
201005010201
201005010203
201005010204
201005010205
201005010206
201005010208
201005010209
201005010210
201005010211
201005010301
201005010302
201005010303
201005010304
201005010305
201005010306
201005010307
201005010309
201005010311
201005010312
201005010401
201005010404
201005010405
201005010406
201005010407
201005010408
201005010409
201005010411
201005010412
201005010501
201005010502
201005010503
201005010504
201005010505
201005010506
201005010507
201005010508
201005010509
201005010510
201005010511
201005010601
201005010603
201005010604
201005010605
201005010606
201005010607
201005010608
201005010609
201005010610
201005010611
201005010612
201005010701
201005010702
201005010705
201005010706
201005010707
201005010709
201005010710
201005010711
201005010803
201005010805
201005010806
201005010807
201005010808
201005010809
201005010810
201005010811
201005020101
201005020105
201005020107
201005020108
201005020110
201005020111
201005020201
201005020204
201005020206
201005020207
201005020210
201005020211
201005020212
201005020301
201005020302
201005020306
201005020308
201005020309
201005020310
201005020311
201005020312
201005020401
201005020403
201005020404
201005020406
201005020407
201005020408
201005020410
201005020411
201005020412
201005020501
201005020502
201005020504
201005020505
201005020506
201005020507
201005020508
201005020509
201005020510
201005020511
201005020512
201005020601
201005020603
201005020605
201005020607
201005020608
201005020609
201005020610
201005020611
201005020612
201005020701
201005020702
201005020705
201005020707
201005020710
201005020711
201005020712
201005020802
201005020804
201005020805
201005020807
201005020808
201005020811
201005020812
201005030101
201005030104
201005030105
201005030106
201005030108
201005030109
201005030110
201005030111
201005030112
201005030201
201005030202
201005030204
201005030205
201005030206
201005030208
201005030209
201005030210
201005030211
201005030212
201005030301
201005030303
201005030304
201005030306
201005030307
201005030308
201005030309
201005030310
201005030311
201005030312
201005030401
201005030402
201005030403
201005030404
201005030406
201005030407
201005030409
201005030410
201005030411
201005030412
201005030501
201005030502
201005030503
201005030504
201005030506
201005030507
201005030509
201005030510
201005030511
201005030512
201005030601
201005030602
201005030603
201005030604
201005030605
201005030606
201005030607
201005030608
201005030609
201005030610
201005030611
201005030612
201005030703
201005030704
201005030705
201005030706
201005030707
201005030711
201005030712
201005030801
201005030803
201005030804
201005030805
201005030806
201005030807
201005030808
201005030809
201005030811
201005030812
201005040102
201005040104
201005040105
201005040106
201005040107
201005040109
201005040110
201005040111
201005040112
201005040201
201005040202
201005040203
201005040204
201005040205
201005040206
201005040210
201005040211
201005040212
201005040301
201005040302
201005040303
201005040304
201005040305
201005040306
201005040307
201005040308
201005040309
201005040310
201005040311
201005040312
201005040401
201005040403
201005040405
201005040406
201005040407
201005040408
201005040409
201005040410
201005040411
201005040501
201005040502
201005040503
201005040505
201005040506
201005040511
201005040512
201005040601
201005040602
201005040603
201005040604
201005040605
201005040606
201005040609
201005040610
201005040611
201005040612
201005040701
201005040702
201005040704
201005040706
201005040707
201005040708
201005040709
201005040710
201005040711
201005040712
201005040802
201005040803
201005040804
201005040805
201005040806
201005040807
201005040808
201005040809
201005040810
201005040811
201005050101
201005050104
201005050105
201005050107
201005050111
201005050112
201005050202
201005050203
201005050204
201005050205
201005050206
201005050207
201005050208
201005050209
201005050210
201005050211
201005050212
201005050301
201005050303
201005050304
201005050305
201005050306
201005050307
201005050308
201005050309
201005050310
201005050311
201005050312
201005050401
201005050402
201005050405
201005050406
201005050408
201005050409
201005050410
201005050411
201005050412
201005050501
201005050502
201005050504
201005050505
201005050506
201005050507
201005050508
201005050510
201005050511
201005050512
201005050601
201005050602
201005050603
201005050604
201005050607
201005050608
201005050609
201005050611
201005050612
201005050701
201005050702
201005050703
201005050706
201005050708
201005050709
201005050710
201005050711
201005050712
201005050801
201005050802
201005050804
201005050806
201005050807
201005050808
201005050809
201005050810
201005050811