201010010101
201010010102
201010010103
201010010104
201010010105
201010010106
201010010107
201010010108
201010010109
201010010110
201010010111
201010010112
201010010201
201010010202
201010010203
201010010204
201010010205
201010010206
201010010207
201010010208
201010010209
201010010210
201010010211
201010010212
201010010301
201010010302
201010010303
201010010304
201010010305
201010010306
201010010307
201010010308
201010010309
201010010310
201010010311
201010010312
201010010401
201010010402
201010010403
201010010404
201010010405
201010010406
201010010407
201010010408
201010010409
201010010410
201010010411
201010010412
201010010501
201010010502
201010010503
201010010504
201010010505
201010010506
201010010507
201010010508
201010010509
201010010510
201010010511
201010010512
201010010601
201010010602
201010010603
201010010604
201010010605
201010010606
201010010607
201010010608
201010010609
201010010610
201010010611
201010010612
201010010701
201010010702
201010010703
201010010704
201010010705
201010010706
201010010707
201010010708
201010010709
201010010710
201010010711
201010010712
201010010801
201010010802
201010010803
201010010804
201010010805
201010010806
201010010807
201010010808
201010010809
201010010810
201010010811
201010010812
201010020101
201010020102
201010020103
201010020104
201010020105
201010020106
201010020107
201010020108
201010020109
201010020110
201010020111
201010020112
201010020201
201010020202
201010020203
201010020204
201010020205
201010020206
201010020207
201010020208
201010020209
201010020210
201010020211
201010020212
201010020301
201010020302
201010020303
201010020304
201010020305
201010020306
201010020307
201010020308
201010020309
201010020310
201010020311
201010020312
201010020401
201010020402
201010020403
201010020404
201010020405
201010020406
201010020407
201010020408
201010020409
201010020410
201010020411
201010020412
201010020501
201010020502
201010020503
201010020504
201010020505
201010020506
201010020507
201010020508
201010020509
201010020510
201010020511
201010020512
201010020601
201010020602
201010020603
201010020604
201010020605
201010020606
201010020607
201010020608
201010020609
201010020610
201010020611
201010020612
201010020701
201010020702
201010020703
201010020704
201010020705
201010020706
201010020707
201010020708
201010020709
201010020710
201010020711
201010020712
201010020801
201010020802
201010020803
201010020804
201010020805
201010020806
201010020807
201010020808
201010020809
201010020810
201010020811
201010020812
201010030101
201010030102
201010030103
201010030104
201010030105
201010030106
201010030107
201010030108
201010030109
201010030110
201010030111
201010030112
201010030201
201010030202
201010030203
201010030204
201010030205
201010030206
201010030207
201010030208
201010030209
201010030210
201010030211
201010030212
201010030301
201010030302
201010030303
201010030304
201010030305
201010030306
201010030307
201010030308
201010030309
201010030310
201010030311
201010030312
201010030401
201010030402
201010030403
201010030404
201010030405
201010030406
201010030407
201010030408
201010030409
201010030410
201010030411
201010030412
201010030501
201010030502
201010030503
201010030504
201010030505
201010030506
201010030507
201010030508
201010030509
201010030510
201010030511
201010030512
201010030601
201010030602
201010030603
201010030604
201010030605
201010030606
201010030607
201010030608
201010030609
201010030610
201010030611
201010030612
201010030701
201010030702
201010030703
201010030704
201010030705
201010030706
201010030707
201010030708
201010030709
201010030710
201010030711
201010030712
201010030801
201010030802
201010030803
201010030804
201010030805
201010030806
201010030807
201010030808
201010030809
201010030810
201010030811
201010030812