196505010101
196505010102
196505010103
196505010104
196505010105
196505010106
196505010107
196505010108
196505010109
196505010301
196505010302
196505010303
196505010304
196505010305
196505010306
196505010801
196505010802
196505010803
196505010804
196505010805
196505010806
196505050101
196505050102
196505050103
196505050104
196505050105
196505050106
196505050107
196505050201
196505050301
196505050302
196505050303
196505050304
196505050305
196505050306
196505050307
196505050308
196505060101
196505060102
196505060103
196505060104
196505060105
196505060106
196505060107
196505060108
196505060109
196505060110
196505060111
196505060501
196505060502
196505060503
196505060504
196505060505
196505060506
196505060507
196505060508
196505060509
196505060701
196505060702
196505060703
196505060704
196505060705