201501010102
201501010106
201501010107
201501010108
201501010109
201501010112
201501010202
201501010204
201501010208
201501010209
201501010210
201501010211
201501010212
201501010302
201501010306
201501010308
201501010309
201501010310
201501010311
201501010312
201501010402
201501010403
201501010404
201501010407
201501010408
201501010410
201501010411
201501010412
201501010503
201501010504
201501010505
201501010507
201501010508
201501010511
201501010512
201501010601
201501010603
201501010604
201501010606
201501010608
201501010610
201501010611
201501010612
201501020101
201501020104
201501020106
201501020107
201501020110
201501020112
201501020203
201501020204
201501020206
201501020207
201501020209
201501020211
201501020212
201501020301
201501020303
201501020306
201501020307
201501020308
201501020309
201501020310
201501020311
201501020312
201501020403
201501020404
201501020406
201501020407
201501020408
201501020410
201501020411
201501020412
201501020504
201501020506
201501020507
201501020508
201501020510
201501020512
201501020602
201501020603
201501020605
201501020606
201501020608
201501020609
201501020610
201501020611
201501020612