201502010101
201502010103
201502010106
201502010107
201502010108
201502010109
201502010111
201502010112
201502010203
201502010206
201502010207
201502010208
201502010209
201502010210
201502010211
201502010212
201502010301
201502010302
201502010304
201502010305
201502010306
201502010308
201502010309
201502010310
201502010311
201502010401
201502010402
201502010406
201502010407
201502010408
201502010409
201502010411
201502010502
201502010503
201502010505
201502010506
201502010507
201502010508
201502010510
201502010511
201502010512
201502010601
201502010604
201502010606
201502010607
201502010608
201502010610
201502010611
201502010612
201502020101
201502020103
201502020106
201502020107
201502020109
201502020112
201502020202
201502020203
201502020204
201502020205
201502020206
201502020208
201502020209
201502020210
201502020211
201502020212
201502020301
201502020302
201502020303
201502020306
201502020308
201502020310
201502020311
201502020312
201502020402
201502020403
201502020407
201502020409
201502020411
201502020412
201502020501
201502020502
201502020504
201502020507
201502020509
201502020511
201502020606
201502020607
201502020608
201502020610
201502020611
201502020612