201503010101
201503010103
201503010104
201503010105
201503010107
201503010108
201503010110
201503010111
201503010112
201503010201
201503010202
201503010203
201503010205
201503010206
201503010207
201503010208
201503010209
201503010211
201503010212
201503010301
201503010302
201503010304
201503010305
201503010309
201503010311
201503010312
201503010402
201503010406
201503010407
201503010408
201503010410
201503010411
201503010502
201503010504
201503010507
201503010508
201503010509
201503010511
201503010512
201503010601
201503010602
201503010610
201503010611
201503020102
201503020103
201503020107
201503020110
201503020111
201503020201
201503020202
201503020208
201503020210
201503020301
201503020302
201503020306
201503020308
201503020310
201503020311
201503020312
201503020403
201503020407
201503020409
201503020410
201503020411
201503020412
201503020502
201503020503
201503020504
201503020507
201503020509
201503020510
201503020511
201503020512
201503020602
201503020604
201503020606
201503020607
201503020608
201503020609
201503020611
201503020702
201503020708
201503020710
201503020712
201503020807
201503020808
201503020809
201503020810
201503020811
201503020812
201503030103
201503030104
201503030105
201503030106
201503030107
201503030108
201503030109
201503030110
201503030111
201503030112
201503030204
201503030207
201503030208
201503030209
201503030211
201503030212
201503030303
201503030306
201503030307
201503030308
201503030309
201503030311
201503030406
201503030407
201503030409
201503030411
201503030504
201503030505
201503030506
201503030508
201503030509
201503030510
201503030511
201503030512
201503030603
201503030605
201503030607
201503030609
201503030610
201503030611
201503030612