201504010101
201504010102
201504010103
201504010104
201504010105
201504010106
201504010107
201504010108
201504010109
201504010110
201504010111
201504010201
201504010202
201504010203
201504010204
201504010205
201504010206
201504010207
201504010208
201504010209
201504010210
201504010301
201504010302
201504010303
201504010304
201504010305
201504010306
201504010307
201504010308
201504010309
201504010310
201504010311
201504010312
201504010401
201504010402
201504010403
201504010404
201504010405
201504010406
201504010407
201504010408
201504010409
201504010410
201504010411
201504010412
201504010501
201504010502
201504010503
201504010504
201504010505
201504010506
201504010507
201504010508
201504010509
201504010510
201504010511
201504010512
201504010601
201504010602
201504010603
201504010604
201504010605
201504010606
201504010607
201504010608
201504010609
201504010610
201504010611
201504010612
201504010701
201504010702
201504010703
201504010704
201504010705
201504010706
201504010707
201504010708
201504010709
201504010710
201504010711
201504010712
201504010801
201504010802
201504010803
201504010804
201504010805
201504010806
201504010807
201504010808
201504010809
201504010810
201504010811
201504010812
201504020101
201504020102
201504020103
201504020104
201504020105
201504020106
201504020107
201504020108
201504020109
201504020110
201504020111
201504020112
201504020201
201504020202
201504020203
201504020204
201504020205
201504020206
201504020207
201504020208
201504020209
201504020210
201504020211
201504020301
201504020302
201504020303
201504020304
201504020305
201504020306
201504020307
201504020308
201504020309
201504020310
201504020311
201504020312
201504020401
201504020402
201504020403
201504020404
201504020405
201504020406
201504020407
201504020408
201504020409
201504020410
201504020411
201504020412
201504020501
201504020502
201504020503
201504020504
201504020505
201504020506
201504020507
201504020508
201504020509
201504020510
201504020511
201504020512
201504020601
201504020602
201504020603
201504020604
201504020605
201504020606
201504020607
201504020608
201504020609
201504020610
201504020611
201504020612
201504020701
201504020702
201504020703
201504020704
201504020705
201504020706
201504020707
201504020708
201504020709
201504020710
201504020711
201504020801
201504020802
201504020803
201504020804
201504020805
201504020806
201504020807
201504020808
201504020809
201504020810
201504020811
201504020812
201504020901
201504020902
201504020903
201504020904
201504020905
201504020906
201504020907
201504020908
201504020909
201504020910
201504020911
201504020912
201504021001
201504021002
201504021003
201504021004
201504021005
201504021006
201504021007
201504021008
201504021009
201504021010
201504021101
201504021102
201504021103
201504021104
201504021105
201504021106
201504021107
201504021108
201504021109
201504021110
201504021111
201504021201
201504021202
201504021203
201504021204
201504021205
201504021206
201504021207
201504021208
201504021209
201504021210
201504021211
201504021212
201504030101
201504030102
201504030103
201504030104
201504030105
201504030106
201504030107
201504030108
201504030109
201504030110
201504030111
201504030201
201504030202
201504030203
201504030204
201504030205
201504030206
201504030207
201504030208
201504030209
201504030210
201504030211
201504030212
201504030301
201504030302
201504030303
201504030304
201504030305
201504030306
201504030307
201504030308
201504030309
201504030310
201504030311
201504030312
201504030401
201504030402
201504030403
201504030404
201504030405
201504030406
201504030407
201504030408
201504030409
201504030410
201504030411
201504030412