201507010101
201507010102
201507010103
201507010104
201507010105
201507010106
201507010107
201507010108
201507010109
201507010110
201507010111
201507010112
201507010201
201507010202
201507010203
201507010204
201507010205
201507010206
201507010207
201507010208
201507010209
201507010210
201507010211
201507010212
201507010301
201507010302
201507010303
201507010304
201507010305
201507010306
201507010307
201507010308
201507010309
201507010310
201507010311
201507010401
201507010402
201507010403
201507010404
201507010405
201507010406
201507010407
201507010408
201507010409
201507010410
201507010411
201507010412
201507020101
201507020102
201507020103
201507020104
201507020105
201507020106
201507020107
201507020108
201507020109
201507020110
201507020111
201507020112
201507020201
201507020202
201507020203
201507020204
201507020205
201507020206
201507020207
201507020208
201507020209
201507020210
201507020211
201507020301
201507020302
201507020303
201507020304
201507020305
201507020306
201507020307
201507020308
201507020309
201507020310
201507020311
201507020312
201507020401
201507020402
201507020403
201507020404
201507020405
201507020406
201507020407
201507020408
201507020409
201507020410
201507020411
201507020412
201507020501
201507020502
201507020503
201507020504
201507020505
201507020506
201507020507
201507020508
201507020509
201507020510
201507020511
201507020512
201507020601
201507020602
201507020603
201507020604
201507020605
201507020606
201507020607
201507020608
201507020609
201507020610
201507020611
201507020612
201507030101
201507030102
201507030103
201507030104
201507030105
201507030106
201507030107
201507030108
201507030109
201507030110
201507030111
201507030112
201507030201
201507030202
201507030203
201507030204
201507030205
201507030206
201507030207
201507030208
201507030209
201507030210
201507030211
201507030212
201507030301
201507030302
201507030303
201507030304
201507030305
201507030306
201507030307
201507030308
201507030309
201507030310
201507030311
201507030312
201507030401
201507030402
201507030403
201507030404
201507030405
201507030406
201507030407
201507030408
201507030409
201507030410
201507030411
201507030501
201507030502
201507030503
201507030504
201507030505
201507030506
201507030507
201507030508
201507030509
201507030510
201507030511
201507030601
201507030602
201507030603
201507030604
201507030605
201507030606
201507030607
201507030608
201507030609
201507030610
201507030611
201507030612
201507030701
201507030702
201507030703
201507030704
201507030705
201507030706
201507030707
201507030708
201507030709
201507030710
201507030711
201507030712
201507030801
201507030802
201507030803
201507030804
201507030805
201507030806
201507030807
201507030808
201507030809
201507030810
201507030811
201507030812
201507040101
201507040102
201507040103
201507040104
201507040105
201507040106
201507040107
201507040108
201507040109
201507040110
201507040111
201507040112
201507040201
201507040202
201507040203
201507040204
201507040205
201507040206
201507040207
201507040208
201507040209
201507040210
201507040211
201507040301
201507040302
201507040303
201507040304
201507040305
201507040306
201507040307
201507040308
201507040309
201507040310
201507040311
201507040312
201507040401
201507040402
201507040403
201507040404
201507040405
201507040406
201507040407
201507040408
201507040409
201507040410
201507040411
201507040412
201507040501
201507040502
201507040503
201507040504
201507040505
201507040506
201507040507
201507040508
201507040509
201507040510
201507040511
201507040601
201507040602
201507040603
201507040604
201507040605
201507040606
201507040607
201507040608
201507040609
201507040610
201507040611
201507040612