201509010101
201509010102
201509010103
201509010104
201509010105
201509010106
201509010107
201509010108
201509010109
201509010110
201509010111
201509010112
201509010201
201509010202
201509010203
201509010204
201509010205
201509010206
201509010207
201509010208
201509010209
201509010210
201509010211
201509010212
201509010301
201509010302
201509010303
201509010304
201509010305
201509010306
201509010307
201509010308
201509010309
201509010310
201509010311
201509010401
201509010402
201509010403
201509010404
201509010405
201509010406
201509010407
201509010408
201509010409
201509010410
201509010411
201509010412
201509010501
201509010502
201509010503
201509010504
201509010505
201509010506
201509010507
201509010508
201509010509
201509010510
201509010511
201509010512
201509010601
201509010602
201509010603
201509010604
201509010605
201509010606
201509010607
201509010608
201509010609
201509010610
201509010611
201509010701
201509010702
201509010703
201509010704
201509010705
201509010706
201509010707
201509010708
201509010709
201509010801
201509010802
201509010803
201509010804
201509010805
201509010806
201509010807
201509010808
201509010809
201509010810
201509010811
201509010812
201509020101
201509020102
201509020103
201509020104
201509020105
201509020106
201509020107
201509020108
201509020109
201509020110
201509020201
201509020202
201509020203
201509020204
201509020205
201509020206
201509020207
201509020208
201509020209
201509020210
201509020211
201509020301
201509020302
201509020303
201509020304
201509020305
201509020306
201509020307
201509020308
201509020309
201509020310
201509020311
201509020312
201509020401
201509020402
201509020403
201509020404
201509020405
201509020406
201509020407
201509020408
201509020409
201509020410
201509020411
201509020412
201509020501
201509020502
201509020503
201509020504
201509020505
201509020506
201509020507
201509020508
201509020509
201509020510
201509020511
201509020512
201509020601
201509020602
201509020603
201509020604
201509020605
201509020606
201509020607
201509020608
201509020609
201509020610
201509020611
201509020612
201509020701
201509020702
201509020703
201509020704
201509020705
201509020706
201509020707
201509020708
201509020709
201509020710
201509020711
201509020712
201509020801
201509020802
201509020803
201509020804
201509020805
201509020806
201509020807
201509020808
201509020809
201509020810
201509020811
201509020812
201509030101
201509030102
201509030103
201509030104
201509030105
201509030106
201509030107
201509030108
201509030109
201509030110
201509030111
201509030112
201509030201
201509030202
201509030203
201509030204
201509030205
201509030206
201509030207
201509030208
201509030209
201509030210
201509030211
201509030301
201509030302
201509030303
201509030304
201509030305
201509030306
201509030307
201509030308
201509030309
201509030310
201509030311
201509030312
201509030401
201509030402
201509030403
201509030404
201509030405
201509030406
201509030407
201509030408
201509030409
201509030410
201509030411
201509030412
201509030501
201509030502
201509030503
201509030504
201509030505
201509030506
201509030507
201509030508
201509030509
201509030510
201509030511
201509030512
201509030601
201509030602
201509030603
201509030604
201509030605
201509030606
201509030607
201509030608
201509030609
201509030610
201509030611
201509030612
201509030701
201509030702
201509030703
201509030704
201509030705
201509030706
201509030707
201509030708
201509030709
201509030710
201509030711
201509030712
201509030801
201509030802
201509030803
201509030804
201509030805
201509030806
201509030807
201509030808
201509030809
201509030810
201509030811
201509030812
201509040101
201509040102
201509040103
201509040104
201509040105
201509040106
201509040107
201509040108
201509040109
201509040110
201509040111
201509040112
201509040201
201509040202
201509040203
201509040204
201509040205
201509040206
201509040207
201509040208
201509040209
201509040210
201509040211
201509040301
201509040302
201509040303
201509040304
201509040305
201509040306
201509040307
201509040308
201509040309
201509040310
201509040311
201509040312
201509040401
201509040402
201509040403
201509040404
201509040405
201509040406
201509040407
201509040408
201509040409
201509040410
201509040411
201509040501
201509040502
201509040503
201509040504
201509040505
201509040506
201509040507
201509040508
201509040509
201509040510
201509040511
201509040601
201509040602
201509040603
201509040604
201509040605
201509040606
201509040607
201509040608
201509040609
201509040610
201509040611
201509040701
201509040702
201509040703
201509040704
201509040705
201509040706
201509040707
201509040708
201509040709
201509040710
201509040711
201509040712
201509040801
201509040802
201509040803
201509040804
201509040805
201509040806
201509040807
201509040808
201509040809
201509040810
201509040811
201509040812
201509040901
201509040902
201509040903
201509040904
201509040905
201509040906
201509040907
201509040908
201509040909
201509040910
201509040911
201509040912
201509050101
201509050102
201509050103
201509050104
201509050105
201509050106
201509050107
201509050108
201509050109
201509050110
201509050111
201509050112
201509050201
201509050202
201509050203
201509050204
201509050205
201509050206
201509050207
201509050208
201509050209
201509050210
201509050211
201509050212
201509050301
201509050302
201509050303
201509050304
201509050305
201509050306
201509050307
201509050308
201509050309
201509050310
201509050311
201509050401
201509050402
201509050403
201509050404
201509050405
201509050406
201509050407
201509050408
201509050409
201509050410
201509050411
201509050412
201509050501
201509050502
201509050503
201509050504
201509050505
201509050506
201509050507
201509050508
201509050509
201509050510
201509050511
201509050512
201509050601
201509050602
201509050603
201509050604
201509050605
201509050606
201509050607
201509050608
201509050609
201509050610
201509050611
201509050701
201509050702
201509050703
201509050704
201509050705
201509050706
201509050707
201509050708
201509050709
201509050710
201509050711
201509050712
201509050801
201509050802
201509050803
201509050804
201509050805
201509050806
201509050807
201509050808
201509050809
201509050810
201509050811
201509050812