199002010101
199002010102
199002010103
199002010104
199002010105
199002010106
199002010107
199002010108
199002010109
199002010110
199002010201
199002010202
199002010203
199002010204
199002010205
199002010206
199002010207
199002010208
199002010209
199002010210
199002010301
199002010302
199002010303
199002010304
199002010305
199002010306
199002010307
199002010308
199002010401
199002010402
199002010403
199002010404
199002010405
199002010406
199002010407
199002010408
199002010409
199002010410
199002010411
199002010501
199002010502
199002010503
199002010504
199002010505
199002010506
199002010507
199002010508
199002010509
199002010510
199002010511
199002010601
199002010602
199002010603
199002010604
199002010605
199002010606
199002010607
199002010608
199002010609
199002010610
199002010611
199002010701
199002010702
199002010703
199002010704
199002010705
199002010706
199002010707
199002010708
199002010801
199002010802
199002010803
199002010804
199002010805
199002010806
199002010807
199002010808
199002010809
199002010810
199002010811
199002020101
199002020102
199002020103
199002020104
199002020105
199002020106
199002020107
199002020108
199002020109
199002020201
199002020202
199002020203
199002020204
199002020205
199002020206
199002020207
199002020208
199002020209
199002020210
199002020301
199002020302
199002020303
199002020304
199002020305
199002020306
199002020307
199002020308
199002020401
199002020402
199002020403
199002020404
199002020405
199002020406
199002020407
199002020408
199002020501
199002020502
199002020503
199002020504
199002020505
199002020506
199002020507
199002020601
199002020602
199002020603
199002020604
199002020605
199002020606
199002020607
199002020608
199002020701
199002020702
199002020703
199002020704
199002020705
199002020706
199002020707
199002020708
199002020801
199002020802
199002020803
199002020804
199002020805
199002020806
199002020807
199002020808
199002020809
199002020810