199003010112
199003010210
199003010211
199003010302
199003010303
199003010311
199003010403
199003010405
199003010409
199003010410
199003010509
199003010510
199003010609
199003010610
199003010703
199003010704
199003010708
199003010709
199003010711
199003010803
199003010810
199003010811
199003020104
199003020107
199003020111
199003020208
199003020210
199003020304
199003020306
199003020309
199003020310
199003020402
199003020405
199003020509
199003020604
199003020608
199003020609
199003020610
199003020702
199003020705
199003020708
199003020710
199003020711
199003020809
199003030105
199003030107
199003030303
199003030310
199003030311
199003030410
199003030502
199003030508
199003030510
199003030611
199003030703
199003030709
199003030711
199003030804
199003030805
199003030807
199003030809
199003030811
199003040105
199003040202
199003040203
199003040204
199003040210
199003040309
199003040312
199003040411
199003040504
199003040505
199003040511
199003040601
199003040606
199003040609
199003040611
199003040612
199003040706
199003040709
199003040711
199003040803
199003040804
199003040807
199003040809