199004010101
199004010104
199004010111
199004010112
199004010207
199004010208
199004010211
199004010303
199004010305
199004010311
199004010402
199004010409
199004010410
199004010605
199004010608
199004010706
199004010707
199004010709
199004010711
199004010809
199004010810
199004020107
199004020108
199004020111
199004020208
199004020211
199004020305
199004020310
199004020403
199004020506
199004020507
199004020508
199004020510
199004020511
199004020601
199004020608
199004020609
199004020706
199004020808
199004020810