199006010101
199006010102
199006010103
199006010104
199006010105
199006010106
199006010107
199006010108
199006010109
199006010110
199006010111
199006010112
199006010201
199006010202
199006010203
199006010204
199006010205
199006010206
199006010207
199006010208
199006010209
199006010210
199006010211
199006010301
199006010302
199006010303
199006010304
199006010305
199006010306
199006010307
199006010308
199006010309
199006010310
199006010401
199006010402
199006010403
199006010404
199006010501
199006010502
199006010503
199006010504
199006010505
199006010506
199006010507
199006010508
199006010509
199006010510
199006010601
199006010602
199006010603
199006010604
199006010605
199006010606
199006010607
199006010608
199006010609
199006010610
199006010611
199006010612
199006010701
199006010702
199006010703
199006010704
199006010705
199006010706
199006010707
199006010708
199006010709
199006010710
199006010711
199006010801
199006010802
199006010803
199006010804
199006010805
199006010806
199006010807
199006010808
199006010809
199006010810
199006010811
199006020101
199006020102
199006020103
199006020104
199006020105
199006020106
199006020107
199006020108
199006020109
199006020110
199006020111
199006020112
199006020201
199006020202
199006020203
199006020204
199006020205
199006020206
199006020207
199006020208
199006020209
199006020210
199006020211
199006020212
199006020301
199006020302
199006020303
199006020304
199006020305
199006020306
199006020307
199006020308
199006020309
199006020401
199006020402
199006020403
199006020404
199006020405
199006020406
199006020407
199006020408
199006020409
199006020410
199006020411
199006020412
199006020501
199006020502
199006020503
199006020504
199006020505
199006020506
199006020507
199006020508
199006020509
199006020510
199006020511
199006020512
199006020601
199006020602
199006020603
199006020604
199006020605
199006020606
199006020607
199006020608
199006020609
199006020610
199006020611
199006020612
199006020701
199006020702
199006020703
199006020704
199006020705
199006020706
199006020707
199006020708
199006020709
199006020710
199006020711
199006020801
199006020802
199006020803
199006020804
199006020805
199006020806
199006020807
199006020808
199006020809
199006020810
199006020811
199006020812
199006030101
199006030102
199006030103
199006030104
199006030105
199006030106
199006030107
199006030108
199006030109
199006030110
199006030111
199006030112
199006030201
199006030202
199006030203
199006030204
199006030205
199006030206
199006030207
199006030208
199006030209
199006030210
199006030211
199006030212
199006030301
199006030302
199006030303
199006030304
199006030305
199006030306
199006030307
199006030308
199006030309
199006030310
199006030311
199006030401
199006030402
199006030403
199006030404
199006030405
199006030406
199006030407
199006030408
199006030409
199006030410
199006030411
199006030412
199006030501
199006030502
199006030503
199006030504
199006030505
199006030506
199006030507
199006030508
199006030509
199006030510
199006030511
199006030512
199006030601
199006030602
199006030603
199006030604
199006030605
199006030606
199006030607
199006030608
199006030609
199006030610
199006030611
199006030612
199006030701
199006030702
199006030703
199006030704
199006030705
199006030706
199006030707
199006030708
199006030709
199006030710
199006030711
199006030801
199006030802
199006030803
199006030804
199006030805
199006030806
199006030807
199006030808
199006030809
199006030810
199006030811
199006040101
199006040102
199006040103
199006040104
199006040105
199006040106
199006040107
199006040108
199006040109
199006040110
199006040111
199006040112
199006040201
199006040202
199006040203
199006040204
199006040205
199006040206
199006040207
199006040208
199006040209
199006040210
199006040211
199006040212
199006040301
199006040302
199006040303
199006040304
199006040305
199006040306
199006040307
199006040308
199006040309
199006040310
199006040311
199006040401
199006040402
199006040403
199006040404
199006040405
199006040406
199006040501
199006040502
199006040503
199006040504
199006040505
199006040506
199006040507
199006040508
199006040509
199006040510
199006040511
199006040601
199006040602
199006040603
199006040604
199006040605
199006040606
199006040607
199006040608
199006040609
199006040610
199006040611
199006040612
199006040701
199006040702
199006040703
199006040704
199006040705
199006040706
199006040707
199006040708
199006040709
199006040710
199006040711
199006040801
199006040802
199006040803
199006040804
199006040805
199006040806
199006040807
199006040808
199006040809
199006040810
199006040811
199006040812
199006050101
199006050102
199006050103
199006050104
199006050105
199006050106
199006050107
199006050108
199006050109
199006050110
199006050111
199006050201
199006050202
199006050203
199006050204
199006050205
199006050206
199006050207
199006050208
199006050209
199006050210
199006050211
199006050212
199006050301
199006050302
199006050303
199006050304
199006050305
199006050306
199006050307
199006050308
199006050309
199006050310
199006050311
199006050312
199006050401
199006050402
199006050403
199006050404
199006050405
199006050406
199006050407
199006050408
199006050409
199006050410
199006050411
199006050412
199006050501
199006050502
199006050503
199006050504
199006050505
199006050506
199006050507
199006050508
199006050509
199006050510
199006050511
199006050601
199006050602
199006050603
199006050604
199006050605
199006050606
199006050607
199006050608
199006050609
199006050610
199006050701
199006050702
199006050703
199006050704
199006050705
199006050706
199006050707
199006050708
199006050709
199006050710
199006050711
199006050712
199006050801
199006050802
199006050803
199006050804
199006050805
199006050806
199006050807
199006050808
199006050809
199006050810