199007010201
199007010202
199007010203
199007010204
199007010205
199007010206
199007010207
199007010208
199007010209
199007010210
199007010211
199007010301
199007010302
199007010303
199007010304
199007010305
199007010306
199007010307
199007010308
199007010309
199007010310
199007010311
199007010401
199007010402
199007010403
199007010404
199007010405
199007010406
199007010407
199007010408
199007010409
199007010501
199007010502
199007010503
199007010504
199007010505
199007010506
199007010507
199007010508
199007010509
199007010601
199007010602
199007010603
199007010604
199007010605
199007010606
199007010607
199007010608
199007010609
199007010610
199007010611
199007010701
199007010702
199007010703
199007010704
199007010705
199007010706
199007010707
199007010708
199007010709
199007010710
199007010711
199007010801
199007010802
199007010803
199007010804
199007010805
199007010806
199007020101
199007020102
199007020103
199007020104
199007020105
199007020106
199007020107
199007020108
199007020109
199007020110
199007020111
199007020201
199007020202
199007020203
199007020204
199007020205
199007020206
199007020207
199007020208
199007020209
199007020210
199007020211
199007020301
199007020302
199007020303
199007020304
199007020305
199007020306
199007020307
199007020308
199007020309
199007020310
199007020311
199007020401
199007020402
199007020403
199007020404
199007020405
199007020406
199007020407
199007020408
199007020409
199007020410
199007020411
199007020412
199007020501
199007020502
199007020503
199007020504
199007020505
199007020506
199007020507
199007020508
199007020509
199007020510
199007020511
199007020601
199007020602
199007020603
199007020604
199007020605
199007020606
199007020607
199007020608
199007020609
199007020610
199007020611
199007020612
199007020701
199007020702
199007020703
199007020704
199007020705
199007020706
199007020707
199007020708
199007020709
199007020710
199007020711
199007020712
199007020801
199007020802
199007020803
199007020804
199007020805
199007020806
199007020807
199007020808
199007020809
199007020810
199007020811
199007030101
199007030102
199007030103
199007030104
199007030105
199007030106
199007030107
199007030108
199007030109
199007030110
199007030111
199007030201
199007030202
199007030203
199007030204
199007030205
199007030206
199007030207
199007030208
199007030209
199007030210
199007030211
199007030212
199007030301
199007030302
199007030303
199007030304
199007030305
199007030306
199007030307
199007030308
199007030309
199007030310
199007030311
199007030312
199007030401
199007030402
199007030403
199007030404
199007030405
199007030406
199007030407
199007030408
199007030409
199007030410
199007030411
199007030501
199007030502
199007030503
199007030504
199007030505
199007030506
199007030507
199007030508
199007030509
199007030601
199007030602
199007030603
199007030604
199007030605
199007030606
199007030607
199007030608
199007030609
199007030610
199007030611
199007030612
199007030701
199007030702
199007030703
199007030704
199007030705
199007030706
199007030707
199007030708
199007030709
199007030710
199007030801
199007030802
199007030803
199007030804
199007030805
199007030806
199007030807
199007030808
199007030809
199007030810
199007030811
199007040101
199007040102
199007040103
199007040104
199007040105
199007040106
199007040107
199007040108
199007040109
199007040110
199007040111
199007040112
199007040301
199007040302
199007040303
199007040304
199007040305
199007040306
199007040307
199007040308
199007040309
199007040310
199007040401
199007040402
199007040403
199007040404
199007040405
199007040406
199007040407
199007040408
199007040409
199007040410
199007040411
199007040501
199007040502
199007040503
199007040504
199007040505
199007040506
199007040507
199007040601
199007040602
199007040603
199007040604
199007040605
199007040606
199007040607
199007040608
199007040609
199007040610
199007040611
199007040701
199007040702
199007040703
199007040801
199007040802
199007040803
199007040804
199007040805
199007040806
199007040807
199007040808
199007040809
199007040810
199007040811