199008010101
199008010102
199008010103
199008010104
199008010105
199008010106
199008010107
199008010108
199008010109
199008010110
199008010111
199008010201
199008010202
199008010203
199008010204
199008010205
199008010206
199008010207
199008010208
199008010209
199008010210
199008010211
199008010212
199008010301
199008010302
199008010303
199008010304
199008010305
199008010306
199008010307
199008010308
199008010309
199008010310
199008010311
199008010312
199008010401
199008010402
199008010403
199008010404
199008010405
199008010406
199008010407
199008010408
199008010409
199008010410
199008010411
199008010412
199008010501
199008010502
199008010503
199008010504
199008010505
199008010506
199008010507
199008010508
199008010509
199008010510
199008010511
199008010512
199008010601
199008010602
199008010603
199008010604
199008010605
199008010606
199008010607
199008010608
199008010609
199008010610
199008010611
199008010612
199008010701
199008010702
199008010703
199008010704
199008010705
199008010706
199008010707
199008010708
199008010709
199008010710
199008010711
199008010712
199008010801
199008010802
199008010803
199008010804
199008010805
199008010806
199008010807
199008010808
199008010809
199008010810
199008010811
199008020101
199008020102
199008020103
199008020104
199008020105
199008020106
199008020107
199008020108
199008020109
199008020201
199008020202
199008020203
199008020204
199008020205
199008020206
199008020207
199008020208
199008020209
199008020210
199008020211
199008020301
199008020302
199008020303
199008020304
199008020305
199008020306
199008020307
199008020308
199008020309
199008020310
199008020311
199008020312
199008020401
199008020402
199008020403
199008020404
199008020405
199008020406
199008020407
199008020408
199008020409
199008020410
199008020501
199008020502
199008020503
199008020504
199008020505
199008020506
199008020507
199008020508
199008020509
199008020510
199008020511
199008020601
199008020602
199008020603
199008020604
199008020605
199008020606
199008020607
199008020608
199008020609
199008020610
199008020611
199008020612
199008020701
199008020702
199008020703
199008020704
199008020705
199008020706
199008020707
199008020708
199008020709
199008020710
199008020801
199008020802
199008020803
199008020804
199008020805
199008020806
199008020807
199008020808
199008020809
199008020810
199008020811
199008030101
199008030102
199008030103
199008030104
199008030105
199008030106
199008030107
199008030108
199008030109
199008030110
199008030111
199008030201
199008030202
199008030203
199008030204
199008030205
199008030206
199008030207
199008030208
199008030209
199008030210
199008030211
199008030212
199008030301
199008030302
199008030303
199008030304
199008030305
199008030306
199008030307
199008030308
199008030309
199008030310
199008030311
199008030401
199008030402
199008030403
199008030404
199008030405
199008030406
199008030407
199008030408
199008030409
199008030410
199008030411
199008030412
199008030501
199008030502
199008030503
199008030504
199008030505
199008030506
199008030507
199008030508
199008030509
199008030510
199008030511
199008030512
199008030601
199008030602
199008030603
199008030604
199008030605
199008030606
199008030607
199008030608
199008030609
199008030610
199008030611
199008030612
199008030701
199008030702
199008030703
199008030704
199008030705
199008030706
199008030707
199008030708
199008030709
199008030710
199008030711
199008030801
199008030802
199008030803
199008030804
199008030805
199008030806
199008030807
199008030808
199008030809
199008030810
199008030811
199008030812
199008040101
199008040102
199008040103
199008040104
199008040105
199008040106
199008040107
199008040108
199008040109
199008040110
199008040111
199008040201
199008040202
199008040203
199008040204
199008040205
199008040206
199008040207
199008040208
199008040209
199008040210
199008040301
199008040302
199008040303
199008040304
199008040305
199008040306
199008040307
199008040308
199008040309
199008040310
199008040311
199008040312
199008040401
199008040402
199008040403
199008040404
199008040405
199008040406
199008040407
199008040408
199008040409
199008040410
199008040411
199008040501
199008040502
199008040503
199008040504
199008040505
199008040506
199008040507
199008040508
199008040509
199008040510
199008040511
199008040601
199008040602
199008040603
199008040604
199008040605
199008040606
199008040607
199008040608
199008040609
199008040610
199008040611
199008040701
199008040702
199008040703
199008040704
199008040705
199008040706
199008040707
199008040708
199008040709
199008040710
199008040711
199008040801
199008040802
199008040803
199008040804
199008040805
199008040806
199008040807
199008040808
199008040809
199008040810
199008040811
199008040812
199008050101
199008050102
199008050103
199008050104
199008050105
199008050106
199008050107
199008050108
199008050109
199008050110
199008050111
199008050112
199008050201
199008050202
199008050203
199008050204
199008050205
199008050206
199008050207
199008050208
199008050209
199008050210
199008050211
199008050212
199008050301
199008050302
199008050303
199008050304
199008050305
199008050306
199008050307
199008050308
199008050309
199008050310
199008050311
199008050401
199008050402
199008050403
199008050404
199008050405
199008050406
199008050407
199008050408
199008050409
199008050410
199008050411
199008050501
199008050502
199008050503
199008050504
199008050505
199008050506
199008050507
199008050508
199008050509
199008050510
199008050511
199008050512
199008050601
199008050602
199008050603
199008050604
199008050605
199008050606
199008050607
199008050608
199008050609
199008050610
199008050701
199008050702
199008050703
199008050704
199008050705
199008050706
199008050707
199008050708
199008050709
199008050710
199008050711
199008050712
199008050801
199008050802
199008050803
199008050804
199008050805
199008050806
199008050807
199008050808
199008050809
199008050810
199008050811