199009010103
199009010109
199009010110
199009010111
199009010201
199009010207
199009010211
199009010304
199009010306
199009010311
199009010408
199009010409
199009010410
199009010411
199009010502
199009010504
199009010509
199009010604
199009010607
199009010610
199009010611
199009010701
199009010706
199009010711
199009020104
199009020108
199009020109
199009020204
199009020209
199009020210
199009020211
199009020212
199009020309
199009020311
199009020403
199009020409
199009020410
199009020411
199009020506
199009020508
199009020511
199009020607
199009020608
199009020609
199009020611
199009020807
199009020809
199009020810
199009020811
199009030101
199009030102
199009030107
199009030109
199009030111
199009030112
199009030209
199009030309
199009030408
199009030410
199009030411
199009030512
199009030605
199009030606
199009030607
199009030609
199009030610
199009030701
199009030702
199009030703
199009030708
199009030801
199009030807
199009030809
199009030811
199009030812
199009040107
199009040111
199009040203
199009040204
199009040207
199009040208
199009040209
199009040210
199009040309
199009040310
199009040311
199009040409
199009040410
199009040411
199009040502
199009040507
199009040508
199009040511
199009040604
199009040606
199009040607
199009040610
199009040611
199009040703
199009040705
199009040708
199009040804
199009040808
199009040809
199009040810
199009040811