199010010106
199010010108
199010010110
199010010206
199010010304
199010010307
199010010407
199010010411
199010010505
199010010506
199010010602
199010010608
199010010706
199010010707
199010010708
199010010807
199010010808
199010010810
199010010811
199010020108
199010020112
199010020210
199010020211
199010020302
199010020405
199010020409
199010020507
199010020512
199010020611
199010020704
199010020809
199010020810
199010020811
199010030211
199010030212
199010030304
199010030306
199010030311
199010030403
199010030408
199010030410
199010030507
199010030511
199010030607
199010030611
199010030712