201901010101
201901010102
201901010103
201901010104
201901010105
201901010106
201901010107
201901010108
201901010109
201901010110
201901010111
201901010112
201901010201
201901010202
201901010203
201901010204
201901010205
201901010206
201901010207
201901010208
201901010209
201901010210
201901010211
201901010212
201901010301
201901010302
201901010303
201901010304
201901010305
201901010306
201901010307
201901010308
201901010309
201901010310
201901010311
201901010312
201901010401
201901010402
201901010403
201901010404
201901010405
201901010406
201901010407
201901010408
201901010409
201901010410
201901010411
201901010412
201901010501
201901010502
201901010503
201901010504
201901010505
201901010506
201901010507
201901010508
201901010509
201901010510
201901010511
201901010512
201901010601
201901010602
201901010603
201901010604
201901010605
201901010606
201901010607
201901010608
201901010609
201901010610
201901010611
201901010612
201901020101
201901020102
201901020103
201901020104
201901020105
201901020106
201901020107
201901020108
201901020109
201901020110
201901020111
201901020112
201901020201
201901020202
201901020203
201901020204
201901020205
201901020206
201901020207
201901020208
201901020209
201901020210
201901020211
201901020212
201901020301
201901020302
201901020303
201901020304
201901020305
201901020306
201901020307
201901020308
201901020309
201901020310
201901020311
201901020312
201901020401
201901020402
201901020403
201901020404
201901020405
201901020406
201901020407
201901020408
201901020409
201901020410
201901020411
201901020412
201901020501
201901020502
201901020503
201901020504
201901020505
201901020506
201901020507
201901020508
201901020509
201901020510
201901020511
201901020512
201901020601
201901020602
201901020603
201901020604
201901020605
201901020606
201901020607
201901020608
201901020609
201901020610
201901020611
201901020612