201903010101
201903010102
201903010103
201903010104
201903010105
201903010106
201903010107
201903010108
201903010109
201903010110
201903010111
201903010112
201903010201
201903010202
201903010203
201903010204
201903010205
201903010206
201903010207
201903010208
201903010209
201903010210
201903010211
201903010212
201903010301
201903010302
201903010303
201903010304
201903010305
201903010306
201903010307
201903010308
201903010309
201903010310
201903010311
201903010312
201903010401
201903010402
201903010403
201903010404
201903010405
201903010406
201903010407
201903010408
201903010409
201903010410
201903010411
201903010412
201903010501
201903010502
201903010503
201903010504
201903010505
201903010506
201903010507
201903010508
201903010509
201903010510
201903010511
201903010512
201903010601
201903010602
201903010603
201903010604
201903010605
201903010606
201903010607
201903010608
201903010609
201903010610
201903010611
201903010612
201903020101
201903020102
201903020103
201903020104
201903020105
201903020106
201903020107
201903020108
201903020109
201903020110
201903020111
201903020112
201903020201
201903020202
201903020203
201903020204
201903020205
201903020206
201903020207
201903020208
201903020209
201903020210
201903020211
201903020212
201903020301
201903020302
201903020303
201903020304
201903020305
201903020306
201903020307
201903020308
201903020309
201903020310
201903020311
201903020312
201903020401
201903020402
201903020403
201903020404
201903020405
201903020406
201903020407
201903020408
201903020409
201903020410
201903020411
201903020412
201903020501
201903020502
201903020503
201903020504
201903020505
201903020506
201903020507
201903020508
201903020509
201903020510
201903020511
201903020512
201903020601
201903020602
201903020603
201903020604
201903020605
201903020606
201903020607
201903020608
201903020609
201903020610
201903020611
201903020612
201903020701
201903020702
201903020703
201903020704
201903020705
201903020706
201903020707
201903020708
201903020709
201903020710
201903020711
201903020712
201903020801
201903020802
201903020803
201903020804
201903020805
201903020806
201903020807
201903020808
201903020809
201903020810
201903020811
201903020812
201903030101
201903030102
201903030103
201903030104
201903030105
201903030106
201903030107
201903030108
201903030109
201903030110
201903030111
201903030112
201903030201
201903030202
201903030203
201903030204
201903030205
201903030206
201903030207
201903030208
201903030209
201903030210
201903030211
201903030212
201903030301
201903030302
201903030303
201903030304
201903030305
201903030306
201903030307
201903030308
201903030309
201903030310
201903030311
201903030312
201903030401
201903030402
201903030403
201903030404
201903030405
201903030406
201903030407
201903030408
201903030409
201903030410
201903030411
201903030412
201903030501
201903030502
201903030503
201903030504
201903030505
201903030506
201903030507
201903030508
201903030509
201903030510
201903030511
201903030512
201903030601
201903030602
201903030603
201903030604
201903030605
201903030606
201903030607
201903030608
201903030609
201903030610
201903030611
201903030612