201905010101
201905010102
201905010103
201905010104
201905010105
201905010106
201905010107
201905010108
201905010109
201905010110
201905010111
201905010112
201905010201
201905010202
201905010203
201905010204
201905010205
201905010206
201905010207
201905010208
201905010209
201905010210
201905010211
201905010301
201905010302
201905010303
201905010304
201905010305
201905010306
201905010307
201905010308
201905010309
201905010310
201905010311
201905010312
201905010401
201905010402
201905010403
201905010404
201905010405
201905010406
201905010407
201905010408
201905010409
201905010410
201905010411
201905010412
201905010501
201905010502
201905010503
201905010504
201905010505
201905010506
201905010507
201905010508
201905010509
201905010510
201905010511
201905010512
201905010601
201905010602
201905010603
201905010604
201905010605
201905010606
201905010607
201905010608
201905010609
201905010610
201905010611
201905010612
201905010701
201905010702
201905010703
201905010704
201905010705
201905010706
201905010707
201905010708
201905010709
201905010710
201905010711
201905010712
201905010801
201905010802
201905010803
201905010804
201905010805
201905010806
201905010807
201905010808
201905010809
201905010810
201905010811
201905010812
201905020101
201905020102
201905020103
201905020104
201905020105
201905020106
201905020107
201905020108
201905020109
201905020110
201905020111
201905020112
201905020201
201905020202
201905020203
201905020204
201905020205
201905020206
201905020207
201905020208
201905020209
201905020210
201905020211
201905020212
201905020301
201905020302
201905020303
201905020304
201905020305
201905020306
201905020307
201905020308
201905020309
201905020310
201905020311
201905020312
201905020401
201905020402
201905020403
201905020404
201905020405
201905020406
201905020407
201905020408
201905020409
201905020410
201905020411
201905020412
201905020501
201905020502
201905020503
201905020504
201905020505
201905020506
201905020507
201905020508
201905020509
201905020601
201905020602
201905020603
201905020604
201905020605
201905020606
201905020607
201905020608
201905020609
201905020610
201905020611
201905020612
201905020701
201905020702
201905020703
201905020704
201905020705
201905020706
201905020707
201905020708
201905020709
201905020710
201905020711
201905020712
201905020801
201905020802
201905020803
201905020804
201905020805
201905020806
201905020807
201905020808
201905020809
201905020810
201905020811
201905020901
201905020902
201905020903
201905020904
201905020905
201905020906
201905020907
201905020908
201905020909
201905020910
201905020911
201905020912
201905021001
201905021002
201905021003
201905021004
201905021005
201905021006
201905021007
201905021008
201905021009
201905021010
201905021011
201905021012
201905021101
201905021102
201905021103
201905021104
201905021105
201905021106
201905021107
201905021108
201905021109
201905021110
201905021111
201905021112
201905021201
201905021202
201905021203
201905021204
201905021205
201905021206
201905021207
201905021208
201905021209
201905021210
201905021211
201905030101
201905030102
201905030103
201905030104
201905030105
201905030106
201905030107
201905030108
201905030109
201905030110
201905030111
201905030112
201905030201
201905030202
201905030203
201905030204
201905030205
201905030206
201905030207
201905030208
201905030209
201905030210
201905030211
201905030212
201905030301
201905030302
201905030303
201905030304
201905030305
201905030306
201905030307
201905030308
201905030309
201905030310
201905030311
201905030312
201905030401
201905030402
201905030403
201905030404
201905030405
201905030406
201905030407
201905030408
201905030409
201905030410
201905030411
201905030412
201905030501
201905030502
201905030503
201905030504
201905030505
201905030506
201905030507
201905030508
201905030509
201905030510
201905030511
201905030512
201905030601
201905030602
201905030603
201905030604
201905030605
201905030606
201905030607
201905030608
201905030609
201905030610
201905030611
201905030612
201905030701
201905030702
201905030703
201905030704
201905030705
201905030706
201905030707
201905030708
201905030709
201905030710
201905030711
201905030712
201905030801
201905030802
201905030803
201905030804
201905030805
201905030806
201905030807
201905030808
201905030809
201905030810
201905030811
201905030812
201905040101
201905040102
201905040103
201905040104
201905040105
201905040106
201905040107
201905040108
201905040109
201905040110
201905040111
201905040112
201905040201
201905040202
201905040203
201905040204
201905040205
201905040206
201905040207
201905040208
201905040209
201905040210
201905040211
201905040212
201905040301
201905040302
201905040303
201905040304
201905040305
201905040306
201905040307
201905040308
201905040309
201905040310
201905040311
201905040312
201905040401
201905040402
201905040403
201905040404
201905040405
201905040406
201905040407
201905040408
201905040409
201905040410
201905040411
201905040412
201905040501
201905040502
201905040503
201905040504
201905040505
201905040506
201905040507
201905040508
201905040509
201905040510
201905040511
201905040512
201905040601
201905040602
201905040603
201905040604
201905040605
201905040606
201905040607
201905040608
201905040609
201905040610
201905040611
201905040612
201905040701
201905040702
201905040703
201905040704
201905040705
201905040706
201905040707
201905040708
201905040709
201905040710
201905040711
201905040712
201905040801
201905040802
201905040803
201905040804
201905040805
201905040806
201905040807
201905040808
201905040809
201905040810
201905040811
201905040812
201905040901
201905040902
201905040903
201905040904
201905040905
201905040906
201905040907
201905040908
201905040909
201905040910
201905040911
201905040912
201905050101
201905050102
201905050103
201905050104
201905050105
201905050106
201905050107
201905050108
201905050109
201905050110
201905050111
201905050112
201905050201
201905050202
201905050203
201905050204
201905050205
201905050206
201905050207
201905050208
201905050209
201905050210
201905050211
201905050212
201905050301
201905050302
201905050303
201905050304
201905050305
201905050306
201905050307
201905050308
201905050309
201905050310
201905050311
201905050312
201905050401
201905050402
201905050403
201905050404
201905050405
201905050406
201905050407
201905050408
201905050409
201905050410
201905050411
201905050412
201905050501
201905050502
201905050503
201905050504
201905050505
201905050506
201905050507
201905050508
201905050509
201905050510
201905050511
201905050512
201905050601
201905050602
201905050603
201905050604
201905050605
201905050606
201905050607
201905050608
201905050609
201905050610
201905050611
201905050612
201905050701
201905050702
201905050703
201905050704
201905050705
201905050706
201905050707
201905050708
201905050709
201905050710
201905050711
201905050712
201905050801
201905050802
201905050803
201905050804
201905050805
201905050806
201905050807
201905050808
201905050809
201905050810
201905050811