201906010101
201906010102
201906010103
201906010104
201906010105
201906010106
201906010107
201906010108
201906010109
201906010110
201906010111
201906010112
201906010201
201906010202
201906010203
201906010204
201906010205
201906010206
201906010207
201906010208
201906010209
201906010210
201906010211
201906010212
201906010301
201906010302
201906010303
201906010304
201906010305
201906010306
201906010307
201906010308
201906010309
201906010310
201906010311
201906010312
201906010401
201906010402
201906010403
201906010404
201906010405
201906010406
201906010407
201906010408
201906010409
201906010410
201906010411
201906010412
201906010501
201906010502
201906010503
201906010504
201906010505
201906010506
201906010507
201906010508
201906010509
201906010510
201906010511
201906010512
201906010601
201906010602
201906010603
201906010604
201906010605
201906010606
201906010607
201906010608
201906010609
201906010610
201906010611
201906010612
201906010701
201906010702
201906010703
201906010704
201906010705
201906010706
201906010707
201906010708
201906010709
201906010710
201906010711
201906010712
201906020101
201906020102
201906020103
201906020104
201906020105
201906020106
201906020107
201906020108
201906020109
201906020110
201906020111
201906020112
201906020201
201906020202
201906020203
201906020204
201906020205
201906020206
201906020207
201906020208
201906020209
201906020210
201906020211
201906020212
201906020301
201906020302
201906020303
201906020304
201906020305
201906020306
201906020307
201906020308
201906020309
201906020310
201906020311
201906020312
201906020401
201906020402
201906020403
201906020404
201906020405
201906020406
201906020407
201906020408
201906020409
201906020410
201906020411
201906020412
201906020501
201906020502
201906020503
201906020504
201906020505
201906020506
201906020507
201906020508
201906020509
201906020510
201906020511
201906020512
201906020601
201906020602
201906020603
201906020604
201906020605
201906020606
201906020607
201906020608
201906020609
201906020610
201906020611
201906020612
201906020701
201906020702
201906020703
201906020704
201906020705
201906020706
201906020707
201906020708
201906020709
201906020710
201906020711
201906020712
201906020801
201906020802
201906020803
201906020804
201906020805
201906020806
201906020807
201906020808
201906020809
201906020810
201906020811
201906020812
201906030101
201906030102
201906030103
201906030104
201906030105
201906030106
201906030107
201906030108
201906030109
201906030110
201906030111
201906030112
201906030201
201906030202
201906030203
201906030204
201906030205
201906030206
201906030207
201906030208
201906030209
201906030210
201906030211
201906030212
201906030301
201906030302
201906030303
201906030304
201906030305
201906030306
201906030307
201906030308
201906030309
201906030310
201906030311
201906030312
201906030401
201906030402
201906030403
201906030404
201906030405
201906030406
201906030407
201906030408
201906030409
201906030410
201906030411
201906030412
201906030501
201906030502
201906030503
201906030504
201906030505
201906030506
201906030507
201906030508
201906030509
201906030510
201906030511
201906030512
201906030601
201906030602
201906030603
201906030604
201906030605
201906030606
201906030607
201906030608
201906030609
201906030610
201906030611
201906030612
201906030701
201906030702
201906030703
201906030704
201906030705
201906030706
201906030707
201906030708
201906030709
201906030710
201906030711
201906030712
201906030801
201906030802
201906030803
201906030804
201906030805
201906030806
201906030807
201906030808
201906030809
201906030810
201906030811
201906030812
201906040101
201906040102
201906040103
201906040104
201906040105
201906040106
201906040107
201906040108
201906040109
201906040110
201906040111
201906040112
201906040201
201906040202
201906040203
201906040204
201906040205
201906040206
201906040207
201906040208
201906040209
201906040210
201906040211
201906040212
201906040301
201906040302
201906040303
201906040304
201906040305
201906040306
201906040307
201906040308
201906040309
201906040310
201906040311
201906040312
201906040401
201906040402
201906040403
201906040404
201906040405
201906040406
201906040407
201906040408
201906040409
201906040410
201906040411
201906040412
201906040501
201906040502
201906040503
201906040504
201906040505
201906040506
201906040507
201906040508
201906040509
201906040510
201906040511
201906040512
201906040601
201906040602
201906040603
201906040604
201906040605
201906040606
201906040607
201906040608
201906040609
201906040610
201906040611
201906040612
201906040701
201906040702
201906040703
201906040704
201906040705
201906040706
201906040707
201906040708
201906040709
201906040710
201906040711
201906040712
201906040801
201906040802
201906040803
201906040804
201906040805
201906040806
201906040807
201906040808
201906040809
201906040810
201906040811
201906040812
201906040901
201906040902
201906040903
201906040904
201906040905
201906040906
201906040907
201906040908
201906040909
201906040910
201906040911
201906040912
201906050101
201906050102
201906050103
201906050104
201906050105
201906050106
201906050107
201906050108
201906050109
201906050110
201906050111
201906050112
201906050201
201906050202
201906050203
201906050204
201906050205
201906050206
201906050207
201906050208
201906050209
201906050210
201906050211
201906050212
201906050301
201906050302
201906050303
201906050304
201906050305
201906050306
201906050307
201906050308
201906050309
201906050310
201906050311
201906050312
201906050401
201906050402
201906050403
201906050404
201906050405
201906050406
201906050407
201906050408
201906050409
201906050410
201906050411
201906050412
201906050501
201906050502
201906050503
201906050504
201906050505
201906050506
201906050507
201906050508
201906050509
201906050510
201906050511
201906050512
201906050601
201906050602
201906050603
201906050604
201906050605
201906050606
201906050607
201906050608
201906050609
201906050610
201906050611
201906050612
201906050701
201906050702
201906050703
201906050704
201906050705
201906050706
201906050707
201906050708
201906050709
201906050710
201906050711
201906050712
201906050801
201906050802
201906050803
201906050804
201906050805
201906050806
201906050807
201906050808
201906050809
201906050810
201906050811
201906050812
201906050901
201906050902
201906050903
201906050904
201906050905
201906050906
201906050907
201906050908
201906050909
201906050910
201906050911
201906050912