201909010101
201909010102
201909010103
201909010104
201909010105
201909010106
201909010107
201909010108
201909010109
201909010110
201909010111
201909010112
201909010201
201909010202
201909010203
201909010204
201909010205
201909010206
201909010207
201909010208
201909010209
201909010210
201909010211
201909010212
201909010301
201909010302
201909010303
201909010304
201909010305
201909010306
201909010307
201909010308
201909010309
201909010310
201909010311
201909010312
201909010401
201909010402
201909010403
201909010404
201909010405
201909010406
201909010407
201909010408
201909010409
201909010410
201909010411
201909010412
201909010501
201909010502
201909010503
201909010504
201909010505
201909010506
201909010507
201909010508
201909010509
201909010510
201909010511
201909010512
201909010601
201909010602
201909010603
201909010604
201909010605
201909010606
201909010607
201909010608
201909010609
201909010610
201909010611
201909010612
201909010701
201909010702
201909010703
201909010704
201909010705
201909010706
201909010707
201909010708
201909010709
201909010710
201909010711
201909010712
201909010801
201909010802
201909010803
201909010804
201909010805
201909010806
201909010807
201909010808
201909010809
201909010810
201909010811
201909010812
201909020101
201909020102
201909020103
201909020104
201909020105
201909020106
201909020107
201909020108
201909020109
201909020110
201909020111
201909020112
201909020201
201909020202
201909020203
201909020204
201909020205
201909020206
201909020207
201909020208
201909020209
201909020210
201909020211
201909020212
201909020301
201909020302
201909020303
201909020304
201909020305
201909020306
201909020307
201909020308
201909020309
201909020310
201909020311
201909020312
201909020401
201909020402
201909020403
201909020404
201909020405
201909020406
201909020407
201909020408
201909020409
201909020410
201909020411
201909020412
201909020501
201909020502
201909020503
201909020504
201909020505
201909020506
201909020507
201909020508
201909020509
201909020510
201909020511
201909020512
201909020601
201909020602
201909020603
201909020604
201909020605
201909020606
201909020607
201909020608
201909020609
201909020610
201909020611
201909020612
201909020701
201909020702
201909020703
201909020704
201909020705
201909020706
201909020707
201909020708
201909020709
201909020710
201909020711
201909020712
201909020801
201909020802
201909020803
201909020804
201909020805
201909020806
201909020807
201909020808
201909020809
201909020810
201909020811
201909020812
201909030101
201909030102
201909030103
201909030104
201909030105
201909030106
201909030107
201909030108
201909030109
201909030110
201909030111
201909030112
201909030201
201909030202
201909030203
201909030204
201909030205
201909030206
201909030207
201909030208
201909030209
201909030210
201909030211
201909030212
201909030301
201909030302
201909030303
201909030304
201909030305
201909030306
201909030307
201909030308
201909030309
201909030310
201909030311
201909030312
201909030401
201909030402
201909030403
201909030404
201909030405
201909030406
201909030407
201909030408
201909030409
201909030410
201909030411
201909030412
201909030501
201909030502
201909030503
201909030504
201909030505
201909030506
201909030507
201909030508
201909030509
201909030510
201909030511
201909030512
201909030601
201909030602
201909030603
201909030604
201909030605
201909030606
201909030607
201909030608
201909030609
201909030610
201909030611
201909030612
201909030701
201909030702
201909030703
201909030704
201909030705
201909030706
201909030707
201909030708
201909030709
201909030710
201909030711
201909030712
201909030801
201909030802
201909030803
201909030804
201909030805
201909030806
201909030807
201909030808
201909030809
201909030810
201909030811
201909030812
201909040101
201909040102
201909040103
201909040104
201909040105
201909040106
201909040107
201909040108
201909040109
201909040110
201909040111
201909040112
201909040201
201909040202
201909040203
201909040204
201909040205
201909040206
201909040207
201909040208
201909040209
201909040210
201909040211
201909040212
201909040301
201909040302
201909040303
201909040304
201909040305
201909040306
201909040307
201909040308
201909040309
201909040310
201909040311
201909040312
201909040401
201909040402
201909040403
201909040404
201909040405
201909040406
201909040407
201909040408
201909040409
201909040410
201909040411
201909040412
201909040501
201909040502
201909040503
201909040504
201909040505
201909040506
201909040507
201909040508
201909040509
201909040510
201909040511
201909040512
201909040601
201909040602
201909040603
201909040604
201909040605
201909040606
201909040607
201909040608
201909040609
201909040610
201909040611
201909040612
201909040701
201909040702
201909040703
201909040704
201909040705
201909040706
201909040707
201909040708
201909040709
201909040710
201909040711
201909040712
201909040801
201909040802
201909040803
201909040804
201909040805
201909040806
201909040807
201909040808
201909040809
201909040810
201909040811
201909040812
201909040901
201909040902
201909040903
201909040904
201909040905
201909040906
201909040907
201909040908
201909040909
201909040910
201909040911
201909040912
201909050101
201909050102
201909050103
201909050104
201909050105
201909050106
201909050107
201909050108
201909050109
201909050110
201909050111
201909050112
201909050201
201909050202
201909050203
201909050204
201909050205
201909050206
201909050207
201909050208
201909050209
201909050210
201909050211
201909050212
201909050301
201909050302
201909050303
201909050304
201909050305
201909050306
201909050307
201909050308
201909050309
201909050310
201909050311
201909050312
201909050401
201909050402
201909050403
201909050404
201909050405
201909050406
201909050407
201909050408
201909050409
201909050410
201909050411
201909050412
201909050501
201909050502
201909050503
201909050504
201909050505
201909050506
201909050507
201909050508
201909050509
201909050510
201909050511
201909050512
201909050601
201909050602
201909050603
201909050604
201909050605
201909050606
201909050607
201909050608
201909050609
201909050610
201909050611
201909050612
201909050701
201909050702
201909050703
201909050704
201909050705
201909050706
201909050707
201909050708
201909050709
201909050710
201909050711
201909050712
201909050801
201909050802
201909050803
201909050804
201909050805
201909050806
201909050807
201909050808
201909050809
201909050810
201909050811
201909050812
201909050901
201909050902
201909050903
201909050904
201909050905
201909050906
201909050907
201909050908
201909050909
201909050910
201909050911
201909050912