201910010101
201910010102
201910010103
201910010104
201910010105
201910010106
201910010107
201910010108
201910010109
201910010110
201910010111
201910010112
201910010201
201910010202
201910010203
201910010204
201910010205
201910010206
201910010207
201910010208
201910010209
201910010210
201910010211
201910010301
201910010302
201910010303
201910010304
201910010305
201910010306
201910010307
201910010308
201910010309
201910010310
201910010311
201910010312
201910010401
201910010402
201910010403
201910010404
201910010405
201910010406
201910010407
201910010408
201910010409
201910010410
201910010411
201910010412
201910010501
201910010502
201910010503
201910010504
201910010505
201910010506
201910010507
201910010508
201910010509
201910010510
201910010511
201910010512
201910010601
201910010602
201910010603
201910010604
201910010605
201910010606
201910010607
201910010608
201910010609
201910010610
201910010611
201910010612
201910010701
201910010702
201910010703
201910010704
201910010705
201910010706
201910010707
201910010708
201910010709
201910010710
201910010711
201910010712
201910010801
201910010802
201910010803
201910010804
201910010805
201910010806
201910010807
201910010808
201910010809
201910010810
201910010811
201910010812
201910020101
201910020102
201910020103
201910020104
201910020105
201910020106
201910020107
201910020108
201910020109
201910020110
201910020111
201910020112
201910020201
201910020202
201910020203
201910020204
201910020205
201910020206
201910020207
201910020208
201910020209
201910020210
201910020211
201910020212
201910020301
201910020302
201910020303
201910020304
201910020305
201910020306
201910020307
201910020308
201910020309
201910020310
201910020311
201910020312
201910020401
201910020402
201910020403
201910020404
201910020405
201910020406
201910020407
201910020408
201910020409
201910020410
201910020411
201910020412
201910020501
201910020502
201910020503
201910020504
201910020505
201910020506
201910020507
201910020508
201910020509
201910020510
201910020511
201910020512
201910020601
201910020602
201910020603
201910020604
201910020605
201910020606
201910020607
201910020608
201910020609
201910020610
201910020611
201910020612
201910020701
201910020702
201910020703
201910020704
201910020705
201910020706
201910020707
201910020708
201910020709
201910020710
201910020711
201910020712
201910020801
201910020802
201910020803
201910020804
201910020805
201910020806
201910020807
201910020808
201910020809
201910020810
201910020811
201910020812
201910020901
201910020902
201910020903
201910020904
201910020905
201910020906
201910020907
201910020908
201910020909
201910020910
201910020911
201910020912
201910021001
201910021002
201910021003
201910021004
201910021005
201910021006
201910021007
201910021008
201910021009
201910021010
201910021011
201910021012
201910021101
201910021102
201910021103
201910021104
201910021105
201910021106
201910021107
201910021108
201910021109
201910021110
201910021111
201910021112
201910021201
201910021202
201910021203
201910021204
201910021205
201910021206
201910021207
201910021208
201910021209
201910021210
201910021211
201910021212