200605010101
200605010102
200605010103
200605010104
200605010105
200605010106
200605010107
200605010108
200605010109
200605010110
200605010111
200605010112
200605010201
200605010202
200605010203
200605010204
200605010205
200605010206
200605010207
200605010208
200605010209
200605010210
200605010211
200605010212
200605010301
200605010302
200605010303
200605010304
200605010305
200605010306
200605010307
200605010308
200605010309
200605010401
200605010402
200605010403
200605010404
200605010405
200605010406
200605010407
200605010408
200605010409
200605010410
200605010411
200605010412
200605010501
200605010502
200605010503
200605010504
200605010505
200605010506
200605010507
200605010508
200605010509
200605010510
200605010511
200605010512
200605010601
200605010602
200605010603
200605010604
200605010605
200605010606
200605010607
200605010608
200605010609
200605010610
200605010611
200605010612
200605010701
200605010702
200605010703
200605010704
200605010705
200605010706
200605010707
200605010708
200605010709
200605010710
200605010711
200605010712
200605010801
200605010802
200605010803
200605010804
200605010805
200605010806
200605010807
200605010808
200605010809
200605010810
200605010811
200605010812
200605020101
200605020102
200605020103
200605020104
200605020105
200605020106
200605020107
200605020108
200605020109
200605020110
200605020111
200605020112
200605020201
200605020202
200605020203
200605020204
200605020205
200605020206
200605020207
200605020208
200605020209
200605020210
200605020211
200605020301
200605020302
200605020303
200605020304
200605020305
200605020306
200605020307
200605020308
200605020309
200605020310
200605020311
200605020312
200605020401
200605020402
200605020403
200605020404
200605020405
200605020406
200605020407
200605020408
200605020409
200605020410
200605020411
200605020501
200605020502
200605020503
200605020504
200605020505
200605020506
200605020507
200605020508
200605020509
200605020510
200605020511
200605020512
200605020601
200605020602
200605020603
200605020604
200605020605
200605020606
200605020607
200605020608
200605020609
200605020610
200605020611
200605020612
200605020701
200605020702
200605020703
200605020704
200605020705
200605020706
200605020707
200605020708
200605020709
200605020710
200605020711
200605020712
200605020801
200605020802
200605020803
200605020804
200605020805
200605020806
200605020807
200605020808
200605020809
200605020810
200605020811
200605020812
200605030101
200605030102
200605030103
200605030104
200605030105
200605030106
200605030107
200605030108
200605030109
200605030110
200605030111
200605030112
200605030201
200605030202
200605030203
200605030204
200605030205
200605030206
200605030207
200605030208
200605030209
200605030210
200605030211
200605030212
200605030301
200605030302
200605030303
200605030304
200605030305
200605030306
200605030307
200605030308
200605030309
200605030310
200605030311
200605030312
200605030401
200605030402
200605030403
200605030404
200605030405
200605030406
200605030407
200605030408
200605030409
200605030410
200605030411
200605030412
200605030501
200605030502
200605030503
200605030504
200605030505
200605030506
200605030507
200605030508
200605030509
200605030510
200605030511
200605030512
200605030601
200605030602
200605030603
200605030604
200605030605
200605030606
200605030607
200605030608
200605030609
200605030610
200605030611
200605030612
200605030701
200605030702
200605030703
200605030704
200605030705
200605030706
200605030707
200605030708
200605030709
200605030710
200605030711
200605030712
200605030801
200605030802
200605030803
200605030804
200605030805
200605030806
200605030807
200605030808
200605030809
200605030810
200605030811
200605030812
200605040101
200605040102
200605040103
200605040104
200605040105
200605040106
200605040107
200605040108
200605040109
200605040110
200605040111
200605040112
200605040201
200605040202
200605040203
200605040204
200605040205
200605040206
200605040207
200605040208
200605040209
200605040210
200605040211
200605040212
200605040301
200605040302
200605040303
200605040304
200605040305
200605040306
200605040307
200605040308
200605040309
200605040310
200605040311
200605040401
200605040402
200605040403
200605040404
200605040405
200605040406
200605040407
200605040408
200605040409
200605040410
200605040411
200605040412
200605040501
200605040502
200605040503
200605040504
200605040505
200605040506
200605040507
200605040508
200605040509
200605040510
200605040511
200605040512
200605040601
200605040602
200605040603
200605040604
200605040605
200605040606
200605040607
200605040608
200605040609
200605040610
200605040611
200605040612
200605040701
200605040702
200605040703
200605040704
200605040705
200605040706
200605040707
200605040708
200605040709
200605040710
200605040711
200605040712
200605040801
200605040802
200605040803
200605040804
200605040805
200605040806
200605040807
200605040808
200605040809
200605040810
200605040811
200605040812
200605050101
200605050102
200605050103
200605050104
200605050105
200605050106
200605050107
200605050108
200605050109
200605050110
200605050111
200605050112
200605050201
200605050202
200605050203
200605050204
200605050205
200605050206
200605050207
200605050208
200605050209
200605050210
200605050211
200605050212
200605050301
200605050302
200605050303
200605050304
200605050305
200605050306
200605050307
200605050308
200605050309
200605050310
200605050311
200605050312
200605050401
200605050402
200605050403
200605050404
200605050405
200605050406
200605050407
200605050408
200605050409
200605050410
200605050411
200605050412
200605050501
200605050502
200605050503
200605050504
200605050505
200605050506
200605050507
200605050508
200605050509
200605050510
200605050511
200605050512
200605050601
200605050602
200605050603
200605050604
200605050605
200605050606
200605050607
200605050608
200605050609
200605050610
200605050611
200605050612
200605050701
200605050702
200605050703
200605050704
200605050705
200605050706
200605050707
200605050708
200605050709
200605050710
200605050711
200605050712
200605050801
200605050802
200605050803
200605050804
200605050805
200605050806
200605050807
200605050808
200605050809
200605050810
200605050811