200607010101
200607010102
200607010103
200607010104
200607010105
200607010106
200607010107
200607010108
200607010109
200607010110
200607010111
200607010112
200607010201
200607010202
200607010203
200607010204
200607010205
200607010206
200607010207
200607010208
200607010209
200607010210
200607010211
200607010212
200607010301
200607010302
200607010303
200607010304
200607010305
200607010306
200607010307
200607010308
200607010309
200607010310
200607010311
200607010312
200607010401
200607010402
200607010403
200607010404
200607010405
200607010406
200607010407
200607010408
200607010409
200607010410
200607010411
200607010412
200607010501
200607010502
200607010503
200607010504
200607010505
200607010506
200607010507
200607010508
200607010509
200607010510
200607010511
200607010601
200607010602
200607010603
200607010604
200607010605
200607010606
200607010607
200607010608
200607010609
200607010610
200607010611
200607010612
200607010701
200607010702
200607010703
200607010704
200607010705
200607010706
200607010707
200607010708
200607010709
200607010710
200607010711
200607010712
200607010801
200607010802
200607010803
200607010804
200607010805
200607010806
200607010807
200607010808
200607010809
200607010810
200607010811
200607010812
200607020101
200607020102
200607020103
200607020104
200607020105
200607020106
200607020107
200607020108
200607020109
200607020110
200607020111
200607020112
200607020201
200607020202
200607020203
200607020204
200607020205
200607020206
200607020207
200607020208
200607020209
200607020210
200607020211
200607020212
200607020301
200607020302
200607020303
200607020304
200607020305
200607020306
200607020307
200607020308
200607020309
200607020310
200607020401
200607020402
200607020403
200607020404
200607020405
200607020406
200607020407
200607020408
200607020409
200607020410
200607020411
200607020412
200607020501
200607020502
200607020503
200607020504
200607020505
200607020506
200607020507
200607020508
200607020509
200607020510
200607020511
200607020512
200607020601
200607020602
200607020603
200607020604
200607020605
200607020606
200607020607
200607020608
200607020609
200607020610
200607020611
200607020612
200607020701
200607020702
200607020703
200607020704
200607020705
200607020706
200607020707
200607020708
200607020709
200607020710
200607020711
200607020712
200607020801
200607020802
200607020803
200607020804
200607020805
200607020806
200607020807
200607020808
200607020809
200607020810
200607020811
200607030101
200607030102
200607030103
200607030104
200607030105
200607030106
200607030107
200607030108
200607030109
200607030110
200607030111
200607030201
200607030202
200607030203
200607030204
200607030205
200607030206
200607030207
200607030208
200607030209
200607030210
200607030211
200607030301
200607030302
200607030303
200607030304
200607030305
200607030306
200607030307
200607030308
200607030309
200607030310
200607030311
200607030312
200607030401
200607030402
200607030403
200607030404
200607030405
200607030406
200607030407
200607030408
200607030409
200607030410
200607030411
200607030412
200607030501
200607030502
200607030503
200607030504
200607030505
200607030506
200607030507
200607030508
200607030509
200607030510
200607030511
200607030512
200607030601
200607030602
200607030603
200607030604
200607030605
200607030606
200607030607
200607030608
200607030609
200607030610
200607030611
200607030701
200607030702
200607030703
200607030704
200607030705
200607030706
200607030707
200607030708
200607030709
200607030710
200607030711
200607030712
200607030801
200607030802
200607030803
200607030804
200607030805
200607030806
200607030807
200607030808
200607030809
200607030810
200607030811
200607030812
200607040101
200607040102
200607040103
200607040104
200607040105
200607040106
200607040107
200607040108
200607040109
200607040110
200607040111
200607040112
200607040201
200607040202
200607040203
200607040204
200607040205
200607040206
200607040207
200607040208
200607040209
200607040210
200607040211
200607040212
200607040301
200607040302
200607040303
200607040304
200607040305
200607040306
200607040307
200607040308
200607040309
200607040310
200607040311
200607040312
200607040401
200607040402
200607040403
200607040404
200607040405
200607040406
200607040407
200607040408
200607040409
200607040410
200607040411
200607040412
200607040501
200607040502
200607040503
200607040504
200607040505
200607040506
200607040507
200607040508
200607040509
200607040510
200607040511
200607040512
200607040601
200607040602
200607040603
200607040604
200607040605
200607040606
200607040607
200607040608
200607040609
200607040610
200607040611
200607040612
200607040701
200607040702
200607040703
200607040704
200607040705
200607040706
200607040707
200607040708
200607040709
200607040710
200607040711
200607040801
200607040802
200607040803
200607040804
200607040805
200607040806
200607040807
200607040808
200607040809
200607040810
200607040811
200607040812