200608010101
200608010102
200608010103
200608010104
200608010105
200608010106
200608010107
200608010108
200608010109
200608010110
200608010111
200608010112
200608010201
200608010202
200608010203
200608010204
200608010205
200608010206
200608010207
200608010208
200608010209
200608010210
200608010211
200608010212
200608010301
200608010302
200608010303
200608010304
200608010305
200608010306
200608010307
200608010308
200608010309
200608010310
200608010311
200608010312
200608010401
200608010402
200608010403
200608010404
200608010405
200608010406
200608010407
200608010408
200608010409
200608010410
200608010411
200608010412
200608010501
200608010502
200608010503
200608010504
200608010505
200608010506
200608010507
200608010508
200608010509
200608010510
200608010511
200608010512
200608010601
200608010602
200608010603
200608010604
200608010605
200608010606
200608010607
200608010608
200608010609
200608010610
200608010611
200608010612
200608010701
200608010702
200608010703
200608010704
200608010705
200608010706
200608010707
200608010708
200608010709
200608010710
200608010711
200608010801
200608010802
200608010803
200608010804
200608010805
200608010806
200608010807
200608010808
200608010809
200608010810
200608010811
200608010812
200608020101
200608020102
200608020103
200608020104
200608020105
200608020106
200608020107
200608020108
200608020109
200608020110
200608020111
200608020112
200608020201
200608020202
200608020203
200608020204
200608020205
200608020206
200608020207
200608020208
200608020209
200608020210
200608020211
200608020301
200608020302
200608020303
200608020304
200608020305
200608020306
200608020307
200608020308
200608020309
200608020310
200608020311
200608020312
200608020401
200608020402
200608020403
200608020404
200608020405
200608020406
200608020407
200608020408
200608020409
200608020410
200608020411
200608020501
200608020502
200608020503
200608020504
200608020505
200608020506
200608020507
200608020508
200608020509
200608020510
200608020511
200608020512
200608020601
200608020602
200608020603
200608020604
200608020605
200608020606
200608020607
200608020608
200608020609
200608020610
200608020611
200608020612
200608020701
200608020702
200608020703
200608020704
200608020705
200608020706
200608020707
200608020708
200608020709
200608020710
200608020711
200608020712
200608020801
200608020802
200608020803
200608020804
200608020805
200608020806
200608020807
200608020808
200608020809
200608020810
200608020811
200608030101
200608030102
200608030103
200608030104
200608030105
200608030106
200608030107
200608030108
200608030109
200608030110
200608030111
200608030112
200608030201
200608030202
200608030203
200608030204
200608030205
200608030206
200608030207
200608030208
200608030209
200608030210
200608030211
200608030212
200608030301
200608030302
200608030303
200608030304
200608030305
200608030306
200608030307
200608030308
200608030309
200608030310
200608030311
200608030312
200608030401
200608030402
200608030403
200608030404
200608030405
200608030406
200608030407
200608030408
200608030409
200608030410
200608030411
200608030412
200608030501
200608030502
200608030503
200608030504
200608030505
200608030506
200608030507
200608030508
200608030509
200608030510
200608030511
200608030512
200608030601
200608030602
200608030603
200608030604
200608030605
200608030606
200608030607
200608030608
200608030609
200608030610
200608030611
200608030612
200608030701
200608030702
200608030703
200608030704
200608030705
200608030706
200608030707
200608030708
200608030709
200608030710
200608030711
200608030712
200608030801
200608030802
200608030803
200608030804
200608030805
200608030806
200608030807
200608030808
200608030809
200608030810
200608030811
200608030812
200608040101
200608040102
200608040103
200608040104
200608040105
200608040106
200608040107
200608040108
200608040109
200608040110
200608040111
200608040112
200608040201
200608040202
200608040203
200608040204
200608040205
200608040206
200608040207
200608040208
200608040209
200608040210
200608040211
200608040301
200608040302
200608040303
200608040304
200608040305
200608040306
200608040307
200608040308
200608040309
200608040310
200608040311
200608040312
200608040401
200608040402
200608040403
200608040404
200608040405
200608040406
200608040407
200608040408
200608040409
200608040410
200608040411
200608040412
200608040501
200608040502
200608040503
200608040504
200608040505
200608040506
200608040507
200608040508
200608040509
200608040510
200608040511
200608040512
200608040601
200608040602
200608040603
200608040604
200608040605
200608040606
200608040607
200608040608
200608040609
200608040610
200608040611
200608040701
200608040702
200608040703
200608040704
200608040705
200608040706
200608040707
200608040708
200608040709
200608040710
200608040711
200608040712
200608040801
200608040802
200608040803
200608040804
200608040805
200608040806
200608040807
200608040808
200608040809
200608040810
200608040811
200608050101
200608050102
200608050103
200608050104
200608050105
200608050106
200608050107
200608050108
200608050109
200608050110
200608050111
200608050112
200608050201
200608050202
200608050203
200608050204
200608050205
200608050206
200608050207
200608050208
200608050209
200608050210
200608050211
200608050212
200608050301
200608050302
200608050303
200608050304
200608050305
200608050306
200608050307
200608050308
200608050309
200608050310
200608050311
200608050312
200608050401
200608050402
200608050403
200608050404
200608050405
200608050406
200608050407
200608050408
200608050409
200608050410
200608050411
200608050412
200608050501
200608050502
200608050503
200608050504
200608050505
200608050506
200608050507
200608050508
200608050509
200608050510
200608050511
200608050512
200608050601
200608050602
200608050603
200608050604
200608050605
200608050606
200608050607
200608050608
200608050609
200608050610
200608050611
200608050612
200608050701
200608050702
200608050703
200608050704
200608050705
200608050706
200608050707
200608050708
200608050709
200608050710
200608050711
200608050712
200608050801
200608050802
200608050803
200608050804
200608050805
200608050806
200608050807
200608050808
200608050809
200608050810
200608050811
200608050812
200608060101
200608060102
200608060103
200608060104
200608060105
200608060106
200608060107
200608060108
200608060109
200608060110
200608060111
200608060112
200608060201
200608060202
200608060203
200608060204
200608060205
200608060206
200608060207
200608060208
200608060209
200608060210
200608060211
200608060212
200608060301
200608060302
200608060303
200608060304
200608060305
200608060306
200608060307
200608060308
200608060309
200608060310
200608060311
200608060312
200608060401
200608060402
200608060403
200608060404
200608060405
200608060406
200608060407
200608060408
200608060409
200608060410
200608060411
200608060412
200608060501
200608060502
200608060503
200608060504
200608060505
200608060506
200608060507
200608060508
200608060509
200608060510
200608060511
200608060512
200608060601
200608060602
200608060603
200608060604
200608060605
200608060606
200608060607
200608060608
200608060609
200608060610
200608060611
200608060612
200608060701
200608060702
200608060703
200608060704
200608060705
200608060706
200608060707
200608060708
200608060709
200608060710
200608060711
200608060712
200608060801
200608060802
200608060803
200608060804
200608060805
200608060806
200608060807
200608060808
200608060809
200608060810
200608060811
200608060812