198801010102
198801010203
198801010206
198801010303
198801010306
198801010307
198801010403
198801010405
198801010407
198801010408
198801010508
198801010604
198801010608
198801010801
198801010804
198801010805
198801020104
198801020108
198801020109
198801020110
198801020111
198801020203
198801020205
198801020208
198801020210
198801020211
198801020212
198801020307
198801020405
198801020501
198801020509
198801020510
198801020605
198801020607
198801020609
198801020707
198801020709
198801020804
198801020810