198804010112
198804010210
198804010809
198804020105
198804020107
198804020110
198804020210
198804020212
198804020307
198804020404
198804020510
198804020605
198804020607
198804020705
198804020707
198804020810
198804020811
198804030103
198804030107
198804030109
198804030110
198804030202
198804030210
198804030211
198804030307
198804030309
198804030405
198804030406
198804030408
198804030411
198804030602
198804030605
198804030609
198804030705
198804030706
198804030708
198804030709
198804030806
198804030808
198804030809