199533090601
199533090602
199533090603
199533090604
199533090605
199533090606
199533090607
199533091901
199533091902
199533091903
199533091904
199533091905
199533091906
199533091907
199533091908
199533091909
199533092101
199533092102
199533092103
199533092104
199533092105
199533092106
199533092107
199533092108
199533092109
199533100301
199533100302
199533100303
199533100304
199533100305
199533100306
199533100307
199533100308
199533100309
199533100310
199533101101
199533101102
199533101103
199533101104
199533101105
199533101106
199533101107
199533101108
199533101109
199533101110
199533101901
199533101902
199533101903
199533101904
199533101905
199533101906
199533101907
199533101908
199533101909
199533101910
199533101911
199533101912
199533102601
199533102602
199533102603
199533102604
199533102605
199533102606
199533103101
199533103102
199533103103
199533103104
199533103105
199533110101
199533110102
199533110103
199533110104
199533110105
199533110106
199533110107
199533110108
199533110109
199533110110
199533110601
199533110602
199533110603
199533110604
199533110605
199533110606
199533110607
199533110608
199533110609
199533110610
199533110801
199533110802
199533110803
199533111401
199533111402
199533111403
199533111404
199533111405
199533111601
199533111602
199533111603
199533111604
199533111605
199533111606
199533111607
199533111608
199533111609
199533111610
199533112201
199533112202
199533112203
199533112204
199533112205
199533112206
199533112207
199533112208
199533112209
199533112301
199533112302
199533112303
199533112304
199533112305
199533112306
199533112307
199533112308
199533112309