199536052101
199536052102
199536052103
199536052104
199536052105
199536052106
199536052107
199536052108
199536052109
199536052110
199536091101
199536091102
199536091103
199536091104
199536091105
199536091106
199536091107
199536091108
199536091109
199536101001
199536101002
199536101003
199536101004
199536101005
199536101006
199536101007
199536101008
199536101009
199536101010
199536121001
199536121002
199536121003
199536121004
199536121005
199536121006
199536122401
199536122402
199536122403
199536122404
199536122405
199536122406
199536122407
199536122408
199536123101
199536123102
199536123103
199536123104
199536123105
199536123106
199536123107
199536123108