199542012501
199542012502
199542012503
199542012504
199542012505
199542012506
199542012507
199542012508
199542012509
199542012510
199542030801
199542030802
199542030803
199542030804
199542030805
199542030806
199542030807
199542030808
199542030809
199542030810
199542040501
199542040502
199542040503
199542040504
199542040505
199542040506
199542040507
199542040508
199542040509
199542040510
199542051701
199542051702
199542051703
199542051704
199542051705
199542051706
199542051707
199542051708
199542051709
199542051710
199542071801
199542071802
199542071803
199542071804
199542071805
199542071806
199542071807
199542071808
199542071809
199542072001
199542072002
199542072003
199542072004
199542072005
199542072006
199542072007
199542072008
199542072009
199542072010
199542072011
199542082001
199542082002
199542082003
199542082004
199542082005
199542082006
199542082007
199542082008
199542082009
199542102001
199542102002
199542102003
199542102004
199542102005
199542102006
199542102007
199542102008
199542102009
199542102010
199542120501
199542120502
199542120503
199542120504
199542120505
199542120506
199542120507
199542120508
199542120509
199542120510
199542120601
199542120602
199542120603
199542120604
199542120605
199542120606
199542120607
199542120608
199542120609
199542120610