199548010201
199548010202
199548010203
199548010204
199548010205
199548010206
199548010207
199548010208
199548010209
199548010401
199548010402
199548010403
199548010404
199548010405
199548010406
199548010407
199548010408
199548010601
199548010602
199548010603
199548010604
199548010605
199548010606
199548010607
199548010608
199548010609
199548010610
199548011601
199548011602
199548011603
199548011604
199548011605
199548011606
199548011607
199548011608
199548011609
199548013101
199548013102
199548013103
199548013104
199548013105
199548013106
199548013107
199548013108
199548013109
199548013110
199548013111
199548020101
199548020102
199548020103
199548020104
199548020105
199548020106
199548020107
199548020108
199548020109
199548020110
199548020111
199548022701
199548022702
199548022703
199548022704
199548022705
199548022706
199548022707
199548022708
199548022709
199548022801
199548022802
199548022803
199548022804
199548022805
199548022806
199548022807
199548022808
199548022809
199548022810
199548022811
199548030101
199548030102
199548030103
199548030104
199548030105
199548030106
199548030107
199548030108
199548030109
199548030110
199548030111
199548031601
199548031602
199548031603
199548031604
199548031605
199548031606
199548031607
199548031608
199548031609
199548031610
199548032901
199548032902
199548032903
199548032904
199548032905
199548032906
199548032907
199548032908
199548032909
199548032910
199548032911
199548052301
199548052302
199548052303
199548052304
199548052305
199548052306
199548052307
199548052308
199548052309
199548052310
199548053101
199548053102
199548053103
199548053104
199548053105
199548053106
199548053107
199548053108
199548053109
199548081101
199548081102
199548081103
199548081104
199548081105
199548081106
199548081107
199548092501
199548092502
199548092503
199548092504
199548092505
199548092506
199548092507
199548092508
199548092509
199548092510
199548092701
199548092702
199548092703
199548092704
199548092705
199548092706
199548092707
199548092708
199548092709
199548092710
199548100801
199548100802
199548100803
199548100804
199548100805
199548100806
199548100807
199548100808
199548100809
199548100810
199548101301
199548101302
199548101303
199548101304
199548101305
199548101306
199548101307
199548101308
199548101309
199548101310
199548101311
199548110101
199548110102
199548110103
199548110104
199548110105
199548110106
199548110107
199548110108
199548110109
199548110110
199548110201
199548111401
199548111402
199548111403
199548111404
199548120601
199548120602
199548120603
199548120604
199548120605
199548120606
199548120607
199548120608
199548120609
199548120610
199548120611