201702010101
201702010102
201702010103
201702010104
201702010105
201702010201
201702010202
201702010203
201702010204
201702010205
201702010301
201702010302
201702010303
201702010304
201702010305
201702010306
201702010401
201702010402
201702010403
201702010404
201702010405
201702010501
201702010502
201702010503
201702010504
201702010505
201702010601
201702010602
201702010603
201702010604
201702010605
201702020101
201702020102
201702020103
201702020104
201702020105
201702020106
201702020201
201702020202
201702020203
201702020204
201702020205
201702020301
201702020302
201702020303
201702020304
201702020305
201702020401
201702020402
201702020403
201702020404
201702020405
201702020501
201702020601
201702020602
201702020603
201702020604
201702020605
201702020606
201702020607
201702020608
201702020609
201702020610
201702020611