201703010101
201703010102
201703010103
201703010104
201703010105
201703010106
201703010107
201703010108
201703010109
201703010110
201703010111
201703010112
201703010201
201703010202
201703010203
201703010204
201703010205
201703010206
201703010207
201703010208
201703010209
201703010210
201703010211
201703010212
201703010301
201703010302
201703010303
201703010304
201703010305
201703010306
201703010307
201703010308
201703010309
201703010310
201703010311
201703010312
201703010401
201703010402
201703010403
201703010404
201703010405
201703010406
201703010407
201703010408
201703010409
201703010410
201703010411
201703010412
201703010501
201703010502
201703010503
201703010504
201703010505
201703010506
201703010507
201703010508
201703010509
201703010510
201703010511
201703010512
201703010601
201703010602
201703010603
201703010604
201703010605
201703010606
201703010607
201703010608
201703010609
201703010610
201703010611
201703010612
201703020101
201703020102
201703020103
201703020104
201703020105
201703020106
201703020107
201703020108
201703020109
201703020110
201703020111
201703020112
201703020201
201703020202
201703020203
201703020204
201703020205
201703020206
201703020207
201703020208
201703020209
201703020210
201703020211
201703020212
201703020301
201703020302
201703020303
201703020304
201703020305
201703020306
201703020307
201703020308
201703020309
201703020310
201703020311
201703020312
201703020401
201703020402
201703020403
201703020404
201703020405
201703020406
201703020407
201703020408
201703020409
201703020410
201703020411
201703020412
201703020501
201703020502
201703020503
201703020504
201703020505
201703020506
201703020507
201703020508
201703020509
201703020510
201703020511
201703020512
201703020601
201703020602
201703020603
201703020604
201703020605
201703020606
201703020607
201703020608
201703020609
201703020610
201703020611
201703020612
201703020701
201703020702
201703020703
201703020704
201703020705
201703020706
201703020707
201703020708
201703020709
201703020710
201703020711
201703020712
201703020801
201703020802
201703020803
201703020804
201703020805
201703020806
201703020807
201703020808
201703020809
201703020810
201703020811
201703020812
201703030101
201703030102
201703030103
201703030104
201703030105
201703030106
201703030107
201703030108
201703030109
201703030110
201703030111
201703030112
201703030201
201703030202
201703030203
201703030204
201703030205
201703030206
201703030207
201703030208
201703030209
201703030210
201703030211
201703030212
201703030301
201703030302
201703030303
201703030304
201703030305
201703030306
201703030307
201703030308
201703030309
201703030310
201703030311
201703030312
201703030401
201703030402
201703030403
201703030404
201703030405
201703030406
201703030407
201703030408
201703030409
201703030410
201703030411
201703030412
201703030501
201703030502
201703030503
201703030504
201703030505
201703030506
201703030507
201703030508
201703030509
201703030510
201703030511
201703030512
201703030601
201703030602
201703030603
201703030604
201703030605
201703030606
201703030607
201703030608
201703030609
201703030610
201703030611
201703030612