201704010101
201704010102
201704010103
201704010104
201704010105
201704010106
201704010107
201704010108
201704010109
201704010110
201704010111
201704010301
201704010302
201704010303
201704010304
201704010305
201704010306
201704010307
201704010308
201704010309
201704010310
201704010311
201704020101
201704020102
201704020103
201704020104
201704020105
201704020201
201704020202
201704020203
201704020204
201704020205
201704020206
201704020301
201704020302
201704020303
201704020304
201704020305
201704020306
201704020307
201704020308
201704020309
201704020401
201704020402
201704020403
201704020404
201704020405
201704020406
201704020501
201704020502
201704020503
201704020504
201704020505
201704020601
201704020602
201704020603
201704020604
201704020605
201704020606
201704020701
201704020702
201704020703
201704020704
201704020705
201704020706
201704020801
201704020802
201704020803
201704020804
201704020805
201704020901
201704020902
201704020903
201704020904
201704020905
201704021001
201704021002
201704021003
201704021004
201704021005
201704021006
201704021007
201704021008
201704021009
201704021010
201704021011
201704021101
201704021102
201704021103
201704021104
201704021105
201704021201
201704021202
201704021203
201704021204
201704021205
201704021206
201704030101
201704030102
201704030103
201704030104
201704030105
201704030201
201704030202
201704030203
201704030204
201704030205
201704030301
201704030302
201704030303
201704030304
201704030305
201704030401
201704030402
201704030403
201704030404
201704030405
201704030501
201704030502
201704030503
201704030504
201704030505
201704030506
201704030601
201704030602
201704030603
201704030604
201704030605