201706010101
201706010102
201706010103
201706010104
201706010105
201706010106
201706010107
201706010108
201706010109
201706010110
201706010111
201706010201
201706010202
201706010203
201706010204
201706010205
201706010206
201706010207
201706010208
201706010209
201706010210
201706010211
201706010401
201706010402
201706010403
201706010404
201706010405
201706010406
201706010407
201706010408
201706010501
201706010502
201706010503
201706010504
201706010505
201706010506
201706010507
201706010508
201706010509
201706010601
201706010602
201706010603
201706010604
201706010605
201706010606
201706010607
201706010608
201706010609
201706010610
201706010611
201706010701
201706010702
201706010703
201706010704
201706010705
201706010706
201706010707
201706010708
201706010709
201706010710
201706020201
201706020202
201706020203
201706020204
201706020205
201706020206
201706020207
201706020208
201706020209
201706020210
201706020211
201706020301
201706020302
201706020303
201706020304
201706020305
201706020306
201706020307
201706020308
201706020501
201706020502
201706020503
201706020504
201706020505
201706020506
201706020507
201706020508
201706020601
201706020602
201706020603
201706020604
201706020605
201706020606
201706020607
201706020608
201706020609
201706020610
201706020611
201706020801
201706020802
201706020803
201706020804
201706020805
201706020806
201706020807
201706020808
201706020809
201706020810
201706030101
201706030102
201706030103
201706030104
201706030105
201706030106
201706030107
201706030108
201706030201
201706030202
201706030203
201706030204
201706030205
201706030206
201706030207
201706030208
201706030209
201706030210
201706030211
201706030212
201706030701
201706030702
201706030703
201706030704
201706030705
201706030706
201706030707
201706030708
201706030709
201706030710
201706030711
201706040101
201706040102
201706040103
201706040104
201706040105
201706040106
201706040107
201706040108
201706040109
201706040201
201706040202
201706040203
201706040204
201706040205
201706040301
201706040302
201706040303
201706040304
201706040305
201706040306
201706040401
201706040402
201706040403
201706040404
201706040405
201706040501
201706040502
201706040503
201706040504
201706040505
201706040601
201706040602
201706040603
201706040604
201706040605
201706040701
201706040702
201706040703
201706040704
201706040705
201706040706
201706040707
201706040708
201706040709
201706040801
201706040802
201706040803
201706040804
201706040805
201706040806
201706040807
201706040808
201706040809
201706040901
201706040902
201706040903
201706040904
201706040905
201706040906
201706040907
201706040908
201706040909
201706050101
201706050102
201706050103
201706050104
201706050105
201706050106
201706050107
201706050108
201706050109
201706050201
201706050202
201706050203
201706050204
201706050205
201706050206
201706050207
201706050301
201706050302
201706050303
201706050304
201706050305
201706050306
201706050401
201706050402
201706050403
201706050404
201706050405
201706050406
201706050407
201706050408
201706050409
201706050501
201706050502
201706050503
201706050504
201706050505
201706050506
201706050507
201706050508
201706050509
201706050601
201706050602
201706050603
201706050604
201706050605
201706050606
201706050607
201706050701
201706050702
201706050703
201706050704
201706050705
201706050706
201706050801
201706050802
201706050803
201706050804
201706050805
201706050806
201706050807
201706050808
201706050901
201706050902
201706050903
201706050904
201706050905
201706050906
201706050907
201706050908
201706050909
201706050910
201706050911