201707010101
201707010102
201707010103
201707010104
201707010105
201707010106
201707010107
201707010108
201707010109
201707010110
201707010111
201707010201
201707010202
201707010203
201707010204
201707010301
201707010302
201707010303
201707010304
201707010305
201707010306
201707010307
201707010308
201707010309
201707010310
201707010311
201707010501
201707010502
201707010503
201707010504
201707010505
201707010506
201707010507
201707010508
201707010509
201707010510
201707010511
201707010601
201707010602
201707010603
201707010604
201707010605
201707010606
201707010607
201707010608
201707010609
201707020101
201707020102
201707020103
201707020104
201707020105
201707020106
201707020107
201707020108
201707020109
201707020110
201707020111
201707020201
201707020202
201707020203
201707020204
201707020205
201707020206
201707020207
201707020208
201707020209
201707020210
201707020211
201707020212
201707020301
201707020302
201707020303
201707020304
201707020305
201707020306
201707020307
201707020308
201707020401
201707020402
201707020403
201707020404
201707020405
201707020406
201707020407
201707020408
201707020409
201707020410
201707020501
201707020502
201707020503
201707020504
201707020505
201707020506
201707020507
201707020508
201707020509
201707020510
201707020511
201707020512
201707030101
201707030102
201707030103
201707030104
201707030105
201707030201
201707030202
201707030203
201707030204
201707030205
201707030206
201707030301
201707030302
201707030303
201707030304
201707030305
201707030306
201707030401
201707030402
201707030403
201707030404
201707030405
201707030501
201707030502
201707030503
201707030504
201707030505
201707030601
201707030602
201707030603
201707030604
201707030605
201707030606
201707030701
201707030702
201707030703
201707030704
201707030705
201707030706
201707030707
201707030708
201707030709
201707030801
201707030802
201707030803
201707030804
201707030805
201707040101
201707040102
201707040103
201707040104
201707040105
201707040106
201707040107
201707040108
201707040109
201707040110
201707040201
201707040202
201707040203
201707040204
201707040205
201707040301
201707040302
201707040303
201707040304
201707040305
201707040306
201707040307
201707040401
201707040402
201707040403
201707040404
201707040405
201707040406
201707040407
201707040408
201707040409
201707040410
201707040501
201707040502
201707040503
201707040504
201707040505
201707040506
201707040507
201707040508
201707040509
201707040510
201707040601
201707040602
201707040603
201707040604
201707040605