201708010101
201708010102
201708010103
201708010104
201708010105
201708010106
201708010107
201708010108
201708010109
201708010110
201708010111
201708010112
201708010201
201708010202
201708010203
201708010204
201708010205
201708010206
201708010207
201708010208
201708010209
201708010210
201708010211
201708010212
201708010301
201708010302
201708010303
201708010304
201708010305
201708010306
201708010307
201708010308
201708010309
201708010310
201708010311
201708010312
201708010401
201708010402
201708010403
201708010404
201708010405
201708010406
201708010407
201708010408
201708010409
201708010410
201708010411
201708010412
201708010501
201708010502
201708010503
201708010504
201708010505
201708010506
201708010507
201708010508
201708010509
201708010510
201708010511
201708010512
201708010601
201708010602
201708010603
201708010604
201708010605
201708010606
201708010607
201708010608
201708010609
201708010610
201708010611
201708010612
201708010701
201708010702
201708010703
201708010704
201708010705
201708010706
201708010707
201708010708
201708010709
201708010710
201708010711
201708010712
201708020101
201708020102
201708020103
201708020104
201708020105
201708020106
201708020107
201708020108
201708020109
201708020110
201708020111
201708020112
201708020201
201708020202
201708020203
201708020204
201708020205
201708020206
201708020207
201708020208
201708020209
201708020210
201708020211
201708020212
201708020301
201708020302
201708020303
201708020304
201708020305
201708020306
201708020307
201708020308
201708020309
201708020310
201708020311
201708020312
201708020401
201708020402
201708020403
201708020404
201708020405
201708020406
201708020407
201708020408
201708020409
201708020410
201708020411
201708020412
201708020501
201708020502
201708020503
201708020504
201708020505
201708020506
201708020507
201708020508
201708020509
201708020510
201708020511
201708020512
201708020601
201708020602
201708020603
201708020604
201708020605
201708020606
201708020607
201708020608
201708020609
201708020610
201708020611
201708020612
201708020701
201708020702
201708020703
201708020704
201708020705
201708020706
201708020707
201708020708
201708020709
201708020710
201708020711
201708020712
201708020801
201708020802
201708020803
201708020804
201708020805
201708020806
201708020807
201708020808
201708020809
201708020810
201708020811
201708020812
201708030101
201708030102
201708030103
201708030104
201708030105
201708030106
201708030107
201708030108
201708030109
201708030110
201708030111
201708030112
201708030201
201708030202
201708030203
201708030204
201708030205
201708030206
201708030207
201708030208
201708030209
201708030210
201708030211
201708030212
201708030301
201708030302
201708030303
201708030304
201708030305
201708030306
201708030307
201708030308
201708030309
201708030310
201708030311
201708030312
201708030401
201708030402
201708030403
201708030404
201708030405
201708030406
201708030407
201708030408
201708030409
201708030410
201708030411
201708030412
201708030501
201708030502
201708030503
201708030504
201708030505
201708030506
201708030507
201708030508
201708030509
201708030510
201708030511
201708030512
201708030601
201708030602
201708030603
201708030604
201708030605
201708030606
201708030607
201708030608
201708030609
201708030610
201708030611
201708030612
201708030701
201708030702
201708030703
201708030704
201708030705
201708030706
201708030707
201708030708
201708030709
201708030710
201708030711
201708030712
201708030801
201708030802
201708030803
201708030804
201708030805
201708030806
201708030807
201708030808
201708030809
201708030810
201708030811
201708030812
201708030901
201708030902
201708030903
201708030904
201708030905
201708030906
201708030907
201708030908
201708030909
201708030910
201708030911
201708030912
201708031001
201708031002
201708031003
201708031004
201708031005
201708031006
201708031007
201708031008
201708031009
201708031010
201708031011
201708031012
201708031101
201708031102
201708031103
201708031104
201708031105
201708031106
201708031107
201708031108
201708031109
201708031110
201708031111
201708031112
201708031201
201708031202
201708031203
201708031204
201708031205
201708031206
201708031207
201708031208
201708031209
201708031210
201708031211
201708031212
201708040101
201708040102
201708040103
201708040104
201708040105
201708040106
201708040107
201708040108
201708040109
201708040110
201708040111
201708040112
201708040201
201708040202
201708040203
201708040204
201708040205
201708040206
201708040207
201708040208
201708040209
201708040210
201708040211
201708040212
201708040301
201708040302
201708040303
201708040304
201708040305
201708040306
201708040307
201708040308
201708040309
201708040310
201708040311
201708040312
201708040401
201708040402
201708040403
201708040404
201708040405
201708040406
201708040407
201708040408
201708040409
201708040410
201708040411
201708040412
201708040501
201708040502
201708040503
201708040504
201708040505
201708040506
201708040507
201708040508
201708040509
201708040510
201708040511
201708040512
201708040601
201708040602
201708040603
201708040604
201708040605
201708040606
201708040607
201708040608
201708040609
201708040610
201708040611
201708040612
201708040701
201708040702
201708040703
201708040704
201708040705
201708040706
201708040707
201708040708
201708040709
201708040710
201708040711
201708040712
201708040801
201708040802
201708040803
201708040804
201708040805
201708040806
201708040807
201708040808
201708040809
201708040810
201708040811
201708040812
201708040901
201708040902
201708040903
201708040904
201708040905
201708040906
201708040907
201708040908
201708040909
201708040910
201708040911
201708040912
201708050101
201708050102
201708050103
201708050104
201708050105
201708050106
201708050107
201708050108
201708050109
201708050110
201708050111
201708050112
201708050201
201708050202
201708050203
201708050204
201708050205
201708050206
201708050207
201708050208
201708050209
201708050210
201708050211
201708050212
201708050301
201708050302
201708050303
201708050304
201708050305
201708050306
201708050307
201708050308
201708050309
201708050310
201708050311
201708050312
201708050401
201708050402
201708050403
201708050404
201708050405
201708050406
201708050407
201708050408
201708050409
201708050410
201708050411
201708050412
201708050501
201708050502
201708050503
201708050504
201708050505
201708050506
201708050507
201708050508
201708050509
201708050510
201708050511
201708050512
201708050601
201708050602
201708050603
201708050604
201708050605
201708050606
201708050607
201708050608
201708050609
201708050610
201708050611
201708050612
201708050701
201708050702
201708050703
201708050704
201708050705
201708050706
201708050707
201708050708
201708050709
201708050710
201708050711
201708050712
201708050801
201708050802
201708050803
201708050804
201708050805
201708050806
201708050807
201708050808
201708050809
201708050810
201708050811
201708050812