201710010106
201710010108
201710010112
201710010202
201710010206
201710010207
201710010208
201710010407
201710010408
201710010409
201710010412
201710010506
201710010507
201710010508
201710010512
201710010607
201710010608
201710010609
201710010704
201710010706
201710010709
201710010711
201710010807
201710010808
201710010809
201710020101
201710020105
201710020201
201710020206
201710020302
201710020305
201710020401
201710020405
201710020406
201710020502
201710020505
201710020509
201710020601
201710020605
201710020701
201710020702
201710020705
201710020801
201710020805
201710020806
201710020901
201710020902
201710020905
201710021001
201710021005
201710021102
201710021103
201710021201
201710021205
201710021211