198608010104
198608010105
198608010107
198608010209
198608010305
198608010505
198608010604
198608010706
198608010808
198608020104
198608020105
198608020206
198608020211
198608020212
198608020305
198608020403
198608020506
198608020510
198608020605
198608020706
198608020802
198608020810
198608030107
198608030112
198608030501
198608030601
198608030606
198608030712
198608030804
198608030807
198608030811
198608040111
198608040203
198608040206
198608040211
198608040304
198608040308
198608040310
198608040312
198608040406
198608040411
198608040504
198608040506
198608040509
198608040510
198608040611
198608040704
198608040711
198608040804
198608040809
198608040811
198608050104
198608050110
198608050111
198608050207
198608050210
198608050211
198608050410
198608050603
198608050604
198608050605
198608050607
198608050610
198608050611
198608050709
198608050810