198609010101
198609010102
198609010103
198609010106
198609010211
198609010212
198609010305
198609010309
198609010405
198609010406
198609010502
198609010503
198609010509
198609010604
198609010609
198609010710
198609010711
198609010809
198609010811
198609020101
198609020104
198609020107
198609020204
198609020208
198609020212
198609020404
198609020502
198609020507
198609020610
198609020805
198609020806
198609020809
198609030103
198609030302
198609030306
198609030403
198609030407
198609030503
198609030610
198609030711
198609030802
198609030804
198609030805
198609030806
198609030812
198609040106
198609040112
198609040305
198609040407
198609040409
198609040411
198609040609
198609040612
198609040706
198609040707
198609040810
198609040811
198609050103
198609050107
198609050205
198609050207
198609050211
198609050311
198609050410
198609050503
198609050505
198609050507
198609050603
198609050608
198609050610
198609050804
198609050806
198609050808
198609050811