198501010301
198501010302
198501010303
198501010304
198501010305
198501010501
198501010502
198501010503
198501010504
198501010505
198501020101
198501020102
198501020103
198501020104
198501020105
198501020106
198501020107
198501020108
198501020109
198501020110
198501020201
198501020202
198501020203
198501020204
198501020205
198501020206
198501020207
198501020401
198501020402
198501020403
198501020404
198501020405
198501020406
198501020407
198501020408
198501020409
198501020701
198501020702
198501020703
198501020704
198501020705