198507010101
198507010102
198507010103
198507010104
198507010105
198507010401
198507010402
198507010403
198507010404
198507010405
198507010406
198507010407
198507010408
198507010409
198507010701
198507010702
198507010703
198507010704
198507010705
198507010706
198507010801
198507010802
198507010803
198507010804
198507010805
198507010806
198507020101
198507020102
198507020103
198507020104
198507020105
198507020106
198507020107
198507020701
198507020702
198507020703
198507020704
198507020705
198507020706
198507020707
198507020801
198507020802
198507020803
198507020804
198507020805
198507020806
198507020807
198507020808
198507020809
198507020810
198507020811
198507030101
198507030102
198507030103
198507030104
198507030105
198507030106
198507030107
198507030108
198507030109
198507030110
198507030111
198507030801
198507030802
198507030803
198507030804
198507030805
198507030806
198507030807
198507030808
198507030809
198507030810
198507030811