198508010101
198508010102
198508010103
198508010104
198508010105
198508010106
198508010107
198508010108
198508010109
198508010110
198508010111
198508010401
198508010402
198508010403
198508010404
198508010405
198508010406
198508010407
198508010408
198508010409
198508010410
198508010411
198508010801
198508010802
198508010803
198508010804
198508010805
198508010806
198508010807
198508010808
198508010809
198508010810
198508020201
198508020202
198508020203
198508020204
198508020205
198508020206
198508020207
198508020208
198508020209
198508020210
198508020211
198508020301
198508020302
198508020303
198508020304
198508020305
198508020306
198508020307
198508020308
198508020309
198508020310
198508020311
198508020312
198508020401
198508020402
198508020403
198508020404
198508020405
198508020406
198508020407
198508020408
198508020409
198508020410
198508020411
198508020501
198508020502
198508020503
198508020504
198508020505
198508020506
198508020507
198508020508
198508020509
198508020510
198508020511
198508020601
198508020602
198508020603
198508020604
198508020605
198508020606
198508020607
198508020608
198508020609
198508020610
198508020701
198508020702
198508020703
198508020704
198508020705
198508020706
198508020707
198508020708
198508020709
198508020710
198508020711
198508020712
198508020801
198508020802
198508020803
198508020804
198508020805
198508020806
198508020807
198508020808
198508020809
198508020810
198508020811
198508030101
198508030102
198508030103
198508030104
198508030105
198508030106
198508030107
198508030108
198508030109
198508030110
198508030111
198508030401
198508030402
198508030403
198508030404
198508030405
198508030406
198508030407
198508030408
198508030409
198508030410
198508040201
198508040202
198508040203
198508040204
198508040205
198508040206
198508040207
198508040208
198508040301
198508040302
198508040303
198508040304
198508040305
198508040306
198508040307
198508040308
198508040309
198508040310
198508040311
198508040312
198508040401
198508040402
198508040403
198508040404
198508040405
198508040406
198508040407
198508040408
198508040409
198508040410
198508040411
198508040501
198508040502
198508040503
198508040504
198508040505
198508040506
198508040507
198508040508
198508040509
198508040701
198508040702
198508040703
198508040704
198508040705
198508040706
198508040707
198508040708
198508040801
198508040802
198508040803
198508040804
198508040805
198508040806
198508040807
198508040808
198508040809
198508040810
198508040811
198508050201
198508050202
198508050203
198508050204
198508050205
198508050206
198508050207
198508050208
198508050209
198508050210
198508050301
198508050302
198508050303
198508050304
198508050305
198508050306
198508050307
198508050308
198508050309
198508050310
198508050311
198508050401
198508050402
198508050403
198508050404
198508050405
198508050406
198508050407
198508050501
198508050502
198508050503
198508050504
198508050505
198508050506
198508050507
198508050508
198508050509
198508050601
198508050602
198508050603
198508050604
198508050605
198508050606
198508050607
198508050608
198508050609
198508050610
198508050611
198508050801
198508050802
198508050803
198508050804
198508050805
198508050806