200701010101
200701010102
200701010103
200701010104
200701010105
200701010106
200701010107
200701010108
200701010109
200701010110
200701010111
200701010112
200701010201
200701010202
200701010203
200701010204
200701010205
200701010206
200701010207
200701010208
200701010209
200701010210
200701010211
200701010212
200701010501
200701010502
200701010503
200701010504
200701010505
200701010506
200701010507
200701010508
200701010509
200701010510
200701010511
200701010512
200701010601
200701010602
200701010603
200701010604
200701010605
200701010606
200701010607
200701010608
200701010609
200701010610
200701010611
200701010612
200701010701
200701010702
200701010703
200701010704
200701010705
200701010706
200701010707
200701010708
200701010709
200701010710
200701010711
200701010712
200701010801
200701010802
200701010803
200701010804
200701010805
200701010806
200701010807
200701010808
200701010809
200701010810
200701010811
200701020101
200701020102
200701020103
200701020104
200701020105
200701020106
200701020107
200701020108
200701020109
200701020110
200701020111
200701020112
200701020201
200701020202
200701020203
200701020204
200701020205
200701020206
200701020207
200701020208
200701020209
200701020210
200701020211
200701020212
200701020301
200701020302
200701020303
200701020304
200701020305
200701020306
200701020307
200701020308
200701020309
200701020310
200701020311
200701020312
200701020401
200701020402
200701020403
200701020404
200701020405
200701020406
200701020407
200701020408
200701020409
200701020410
200701020411
200701020412
200701020501
200701020502
200701020503
200701020504
200701020505
200701020506
200701020507
200701020508
200701020509
200701020510
200701020511
200701020512
200701020601
200701020602
200701020603
200701020604
200701020605
200701020606
200701020607
200701020608
200701020609
200701020610
200701020611
200701020612
200701020701
200701020702
200701020703
200701020704
200701020705
200701020706
200701020707
200701020708
200701020709
200701020710
200701020711
200701020712
200701020801
200701020802
200701020803
200701020804
200701020805
200701020806
200701020807
200701020808
200701020809
200701020810
200701020811