200704010101
200704010102
200704010103
200704010104
200704010105
200704010106
200704010107
200704010108
200704010109
200704010110
200704010111
200704010112
200704010201
200704010202
200704010203
200704010204
200704010205
200704010206
200704010207
200704010208
200704010209
200704010210
200704010211
200704010301
200704010302
200704010303
200704010304
200704010305
200704010306
200704010307
200704010308
200704010309
200704010310
200704010311
200704010312
200704010401
200704010402
200704010403
200704010404
200704010405
200704010406
200704010407
200704010408
200704010409
200704010410
200704010411
200704010412
200704010501
200704010502
200704010503
200704010504
200704010505
200704010506
200704010507
200704010508
200704010509
200704010510
200704010511
200704010512
200704010601
200704010602
200704010603
200704010604
200704010605
200704010606
200704010607
200704010608
200704010609
200704010610
200704010611
200704010612
200704010701
200704010702
200704010703
200704010704
200704010705
200704010706
200704010707
200704010708
200704010709
200704010710
200704010711
200704010801
200704010802
200704010803
200704010804
200704010805
200704010806
200704010807
200704010808
200704010809
200704010810
200704010811
200704010812
200704020101
200704020102
200704020103
200704020104
200704020105
200704020106
200704020107
200704020108
200704020109
200704020110
200704020111
200704020112
200704020201
200704020202
200704020203
200704020204
200704020205
200704020206
200704020207
200704020208
200704020209
200704020210
200704020211
200704020212
200704020301
200704020302
200704020303
200704020304
200704020305
200704020306
200704020307
200704020308
200704020309
200704020310
200704020311
200704020312
200704020401
200704020402
200704020403
200704020404
200704020405
200704020406
200704020407
200704020408
200704020409
200704020410
200704020411
200704020412
200704020501
200704020502
200704020503
200704020504
200704020505
200704020506
200704020507
200704020508
200704020509
200704020510
200704020511
200704020512
200704020601
200704020602
200704020603
200704020604
200704020605
200704020606
200704020607
200704020608
200704020609
200704020610
200704020611
200704020612
200704020701
200704020702
200704020703
200704020704
200704020705
200704020706
200704020707
200704020708
200704020709
200704020710
200704020711
200704020712
200704020801
200704020802
200704020803
200704020804
200704020805
200704020806
200704020807
200704020808
200704020809
200704020810
200704020811
200704020812
200704030101
200704030102
200704030103
200704030104
200704030105
200704030106
200704030107
200704030108
200704030109
200704030110
200704030111
200704030112
200704030201
200704030202
200704030203
200704030204
200704030205
200704030206
200704030207
200704030208
200704030209
200704030210
200704030211
200704030501
200704030502
200704030503
200704030504
200704030505
200704030506
200704030507
200704030508
200704030509
200704030510
200704030511
200704030512
200704030601
200704030602
200704030603
200704030604
200704030605
200704030606
200704030607
200704030608
200704030609
200704030610
200704030611
200704030612
200704030701
200704030702
200704030703
200704030704
200704030705
200704030706
200704030707
200704030708
200704030709
200704030710
200704030711
200704030712
200704030801
200704030802
200704030803
200704030804
200704030805
200704030806
200704030807
200704030808
200704030809
200704030810
200704030811
200704030812