200705010101
200705010102
200705010103
200705010104
200705010105
200705010106
200705010107
200705010108
200705010109
200705010110
200705010111
200705010112
200705010201
200705010202
200705010203
200705010204
200705010205
200705010206
200705010207
200705010208
200705010209
200705010210
200705010301
200705010302
200705010303
200705010304
200705010305
200705010306
200705010307
200705010308
200705010309
200705010310
200705010311
200705010312
200705010401
200705010402
200705010403
200705010404
200705010405
200705010406
200705010407
200705010408
200705010409
200705010410
200705010411
200705010412
200705010501
200705010502
200705010503
200705010504
200705010505
200705010506
200705010507
200705010508
200705010509
200705010510
200705010511
200705010512
200705010601
200705010602
200705010603
200705010604
200705010605
200705010606
200705010607
200705010608
200705010609
200705010610
200705010611
200705010612
200705010701
200705010702
200705010703
200705010704
200705010705
200705010706
200705010707
200705010708
200705010709
200705010710
200705010711
200705010712
200705010801
200705010802
200705010803
200705010804
200705010805
200705010806
200705010807
200705010808
200705010809
200705010810
200705010811
200705010812
200705020101
200705020102
200705020103
200705020104
200705020105
200705020106
200705020107
200705020108
200705020109
200705020110
200705020111
200705020112
200705020201
200705020202
200705020203
200705020204
200705020205
200705020206
200705020207
200705020208
200705020209
200705020210
200705020211
200705020301
200705020302
200705020303
200705020304
200705020305
200705020306
200705020307
200705020308
200705020309
200705020310
200705020311
200705020312
200705020401
200705020402
200705020403
200705020404
200705020405
200705020406
200705020407
200705020408
200705020409
200705020410
200705020411
200705020412
200705020501
200705020502
200705020503
200705020504
200705020505
200705020506
200705020507
200705020508
200705020509
200705020510
200705020511
200705020512
200705020601
200705020602
200705020603
200705020604
200705020605
200705020606
200705020607
200705020608
200705020609
200705020610
200705020611
200705020612
200705020701
200705020702
200705020703
200705020704
200705020705
200705020706
200705020707
200705020708
200705020709
200705020710
200705020711
200705020712
200705020801
200705020802
200705020803
200705020804
200705020805
200705020806
200705020807
200705020808
200705020809
200705020810
200705020811
200705020812
200705030101
200705030102
200705030103
200705030104
200705030105
200705030106
200705030107
200705030108
200705030109
200705030110
200705030111
200705030201
200705030202
200705030203
200705030204
200705030205
200705030206
200705030207
200705030208
200705030209
200705030210
200705030211
200705030212
200705030301
200705030302
200705030303
200705030304
200705030305
200705030306
200705030307
200705030308
200705030309
200705030310
200705030311
200705030312
200705030401
200705030402
200705030403
200705030404
200705030405
200705030406
200705030407
200705030408
200705030409
200705030410
200705030411
200705030412
200705030501
200705030502
200705030503
200705030504
200705030505
200705030506
200705030507
200705030508
200705030509
200705030510
200705030511
200705030512
200705030601
200705030602
200705030603
200705030604
200705030605
200705030606
200705030607
200705030608
200705030609
200705030610
200705030611
200705030612
200705030701
200705030702
200705030703
200705030704
200705030705
200705030706
200705030707
200705030708
200705030709
200705030710
200705030711
200705030712
200705030801
200705030802
200705030803
200705030804
200705030805
200705030806
200705030807
200705030808
200705030809
200705030810
200705030811
200705030812
200705040101
200705040102
200705040103
200705040104
200705040105
200705040106
200705040107
200705040108
200705040109
200705040110
200705040111
200705040112
200705040201
200705040202
200705040203
200705040204
200705040205
200705040206
200705040207
200705040208
200705040209
200705040210
200705040211
200705040212
200705040301
200705040302
200705040303
200705040304
200705040305
200705040306
200705040307
200705040308
200705040309
200705040310
200705040311
200705040312
200705040401
200705040402
200705040403
200705040404
200705040405
200705040406
200705040407
200705040408
200705040409
200705040410
200705040411
200705040412
200705040501
200705040502
200705040503
200705040504
200705040505
200705040506
200705040507
200705040508
200705040509
200705040510
200705040511
200705040512
200705040601
200705040602
200705040603
200705040604
200705040605
200705040606
200705040607
200705040608
200705040609
200705040610
200705040611
200705040612
200705040701
200705040702
200705040703
200705040704
200705040705
200705040706
200705040707
200705040708
200705040709
200705040710
200705040711
200705040712
200705040801
200705040802
200705040803
200705040804
200705040805
200705040806
200705040807
200705040808
200705040809
200705040810
200705040811
200705040812
200705040901
200705040902
200705040903
200705040904
200705040905
200705040906
200705040907
200705040908
200705040909
200705040910
200705040911
200705040912
200705050101
200705050102
200705050103
200705050104
200705050105
200705050106
200705050107
200705050108
200705050109
200705050110
200705050111
200705050112
200705050201
200705050202
200705050203
200705050204
200705050205
200705050206
200705050207
200705050208
200705050209
200705050210
200705050211
200705050212
200705050301
200705050302
200705050303
200705050304
200705050305
200705050306
200705050307
200705050308
200705050309
200705050310
200705050311
200705050312
200705050401
200705050402
200705050403
200705050404
200705050405
200705050406
200705050407
200705050408
200705050409
200705050410
200705050411
200705050412
200705050501
200705050502
200705050503
200705050504
200705050505
200705050506
200705050507
200705050508
200705050509
200705050510
200705050511
200705050512
200705050601
200705050602
200705050603
200705050604
200705050605
200705050606
200705050607
200705050608
200705050609
200705050610
200705050611
200705050612
200705050701
200705050702
200705050703
200705050704
200705050705
200705050706
200705050707
200705050708
200705050709
200705050710
200705050711
200705050712
200705050801
200705050802
200705050803
200705050804
200705050805
200705050806
200705050807
200705050808
200705050809
200705050810
200705050811
200705050901
200705050902
200705050903
200705050904
200705050905
200705050906
200705050907
200705050908
200705050909
200705050910
200705050911
200705050912