200708010101
200708010102
200708010103
200708010104
200708010105
200708010106
200708010107
200708010108
200708010109
200708010110
200708010111
200708010201
200708010202
200708010203
200708010204
200708010205
200708010206
200708010207
200708010208
200708010209
200708010210
200708010211
200708010212
200708010301
200708010302
200708010303
200708010304
200708010305
200708010306
200708010307
200708010308
200708010309
200708010310
200708010311
200708010312
200708010401
200708010402
200708010403
200708010404
200708010405
200708010406
200708010407
200708010408
200708010409
200708010410
200708010411
200708010412
200708010501
200708010502
200708010503
200708010504
200708010505
200708010506
200708010507
200708010508
200708010509
200708010510
200708010511
200708010512
200708010601
200708010602
200708010603
200708010604
200708010605
200708010606
200708010607
200708010608
200708010609
200708010610
200708010611
200708010612
200708010701
200708010702
200708010703
200708010704
200708010705
200708010706
200708010707
200708010708
200708010709
200708010710
200708010711
200708010712
200708020101
200708020102
200708020103
200708020104
200708020105
200708020106
200708020107
200708020108
200708020109
200708020110
200708020111
200708020112
200708020201
200708020202
200708020203
200708020204
200708020205
200708020206
200708020207
200708020208
200708020209
200708020210
200708020211
200708020212
200708020301
200708020302
200708020303
200708020304
200708020305
200708020306
200708020307
200708020308
200708020309
200708020310
200708020311
200708020312
200708020401
200708020402
200708020403
200708020404
200708020405
200708020406
200708020407
200708020408
200708020409
200708020410
200708020411
200708020501
200708020502
200708020503
200708020504
200708020505
200708020506
200708020507
200708020508
200708020509
200708020510
200708020511
200708020512
200708020601
200708020602
200708020603
200708020604
200708020605
200708020606
200708020607
200708020608
200708020609
200708020610
200708020611
200708020612
200708020701
200708020702
200708020703
200708020704
200708020705
200708020706
200708020707
200708020708
200708020709
200708020710
200708020711
200708020801
200708020802
200708020803
200708020804
200708020805
200708020806
200708020807
200708020808
200708020809
200708020810
200708020811
200708020812
200708030101
200708030102
200708030103
200708030104
200708030105
200708030106
200708030107
200708030108
200708030109
200708030110
200708030111
200708030112
200708030201
200708030202
200708030203
200708030204
200708030205
200708030206
200708030207
200708030208
200708030209
200708030210
200708030211
200708030212
200708030301
200708030302
200708030303
200708030304
200708030305
200708030306
200708030307
200708030308
200708030309
200708030310
200708030311
200708030401
200708030402
200708030403
200708030404
200708030405
200708030406
200708030407
200708030408
200708030409
200708030410
200708030411
200708030412
200708030501
200708030502
200708030503
200708030504
200708030505
200708030506
200708030507
200708030508
200708030509
200708030510
200708030511
200708030512
200708030601
200708030602
200708030603
200708030604
200708030605
200708030606
200708030607
200708030608
200708030609
200708030610
200708030611
200708030612
200708030701
200708030702
200708030703
200708030704
200708030705
200708030706
200708030707
200708030708
200708030709
200708030710
200708030711
200708030712
200708030801
200708030802
200708030803
200708030804
200708030805
200708030806
200708030807
200708030808
200708030809
200708030810
200708030811
200708030812
200708040101
200708040102
200708040103
200708040104
200708040105
200708040106
200708040107
200708040108
200708040109
200708040110
200708040111
200708040112
200708040201
200708040202
200708040203
200708040204
200708040205
200708040206
200708040207
200708040208
200708040209
200708040210
200708040211
200708040212
200708040301
200708040302
200708040303
200708040304
200708040305
200708040306
200708040307
200708040308
200708040309
200708040310
200708040311
200708040312
200708040401
200708040402
200708040403
200708040404
200708040405
200708040406
200708040407
200708040408
200708040409
200708040410
200708040411
200708040412
200708040501
200708040502
200708040503
200708040504
200708040505
200708040506
200708040507
200708040508
200708040509
200708040510
200708040511
200708040512
200708040601
200708040602
200708040603
200708040604
200708040605
200708040606
200708040607
200708040608
200708040609
200708040610
200708040611
200708040612
200708040701
200708040702
200708040703
200708040704
200708040705
200708040706
200708040707
200708040708
200708040709
200708040710
200708040711
200708040712
200708040801
200708040802
200708040803
200708040804
200708040805
200708040806
200708040807
200708040808
200708040809
200708040810
200708040811
200708040812
200708040901
200708040902
200708040903
200708040904
200708040905
200708040906
200708040907
200708040908
200708040909
200708040910
200708040911
200708040912
200708050101
200708050102
200708050103
200708050104
200708050105
200708050106
200708050107
200708050108
200708050109
200708050110
200708050111
200708050201
200708050202
200708050203
200708050204
200708050205
200708050206
200708050207
200708050208
200708050209
200708050210
200708050211
200708050212
200708050301
200708050302
200708050303
200708050304
200708050305
200708050306
200708050307
200708050308
200708050309
200708050310
200708050311
200708050312
200708050401
200708050402
200708050403
200708050404
200708050405
200708050406
200708050407
200708050408
200708050409
200708050410
200708050411
200708050412
200708050501
200708050502
200708050503
200708050504
200708050505
200708050506
200708050507
200708050508
200708050509
200708050510
200708050511
200708050512
200708050601
200708050602
200708050603
200708050604
200708050605
200708050606
200708050607
200708050608
200708050609
200708050610
200708050611
200708050612
200708050701
200708050702
200708050703
200708050704
200708050705
200708050706
200708050707
200708050708
200708050709
200708050710
200708050711
200708050712
200708050801
200708050802
200708050803
200708050804
200708050805
200708050806
200708050807
200708050808
200708050809
200708050810
200708050811
200708050812
200708050901
200708050902
200708050903
200708050904
200708050905
200708050906
200708050907
200708050908
200708050909
200708050910
200708050911
200708050912