200709010101
200709010102
200709010103
200709010104
200709010105
200709010106
200709010107
200709010108
200709010109
200709010110
200709010111
200709010201
200709010202
200709010203
200709010204
200709010205
200709010206
200709010207
200709010208
200709010209
200709010210
200709010211
200709010301
200709010302
200709010303
200709010304
200709010305
200709010306
200709010307
200709010308
200709010309
200709010310
200709010311
200709010312
200709010401
200709010402
200709010403
200709010404
200709010405
200709010406
200709010407
200709010408
200709010409
200709010410
200709010411
200709010412
200709010501
200709010502
200709010503
200709010504
200709010505
200709010506
200709010507
200709010508
200709010509
200709010510
200709010511
200709010601
200709010602
200709010603
200709010604
200709010605
200709010606
200709010607
200709010608
200709010609
200709010610
200709010611
200709010701
200709010702
200709010703
200709010704
200709010705
200709010706
200709010801
200709010802
200709010803
200709010804
200709010805
200709010806
200709010807
200709010808
200709010809
200709010810
200709020101
200709020102
200709020103
200709020104
200709020105
200709020106
200709020107
200709020108
200709020109
200709020110
200709020111
200709020112
200709020201
200709020202
200709020203
200709020204
200709020205
200709020206
200709020207
200709020208
200709020209
200709020210
200709020211
200709020212
200709020301
200709020302
200709020303
200709020304
200709020305
200709020306
200709020307
200709020308
200709020309
200709020310
200709020311
200709020401
200709020402
200709020403
200709020404
200709020405
200709020406
200709020407
200709020408
200709020409
200709020410
200709020411
200709020412
200709020501
200709020502
200709020503
200709020504
200709020505
200709020506
200709020507
200709020508
200709020509
200709020510
200709020511
200709020512
200709020601
200709020602
200709020603
200709020604
200709020605
200709020606
200709020607
200709020608
200709020609
200709020610
200709020611
200709020612
200709020701
200709020702
200709020703
200709020704
200709020705
200709020706
200709020707
200709020708
200709020709
200709020710
200709020711
200709020801
200709020802
200709020803
200709020804
200709020805
200709020806
200709020807
200709020808
200709020809
200709020810
200709020811
200709030101
200709030102
200709030103
200709030104
200709030105
200709030106
200709030107
200709030108
200709030109
200709030110
200709030111
200709030112
200709030201
200709030202
200709030203
200709030204
200709030205
200709030206
200709030207
200709030208
200709030209
200709030210
200709030211
200709030212
200709030301
200709030302
200709030303
200709030304
200709030305
200709030306
200709030307
200709030308
200709030309
200709030310
200709030311
200709030312
200709030401
200709030402
200709030403
200709030404
200709030405
200709030406
200709030407
200709030408
200709030409
200709030410
200709030411
200709030501
200709030502
200709030503
200709030504
200709030505
200709030506
200709030507
200709030508
200709030509
200709030510
200709030511
200709030512
200709030601
200709030602
200709030603
200709030604
200709030605
200709030606
200709030607
200709030608
200709030609
200709030610
200709030611
200709030612
200709030701
200709030702
200709030703
200709030704
200709030705
200709030706
200709030707
200709030708
200709030709
200709030710
200709030711
200709030712
200709030801
200709030802
200709030803
200709030804
200709030805
200709030806
200709030807
200709030808
200709030809
200709030810
200709030811
200709030812
200709040101
200709040102
200709040103
200709040104
200709040105
200709040106
200709040107
200709040108
200709040109
200709040110
200709040111
200709040112
200709040201
200709040202
200709040203
200709040204
200709040205
200709040206
200709040207
200709040208
200709040209
200709040210
200709040211
200709040301
200709040302
200709040303
200709040304
200709040305
200709040306
200709040307
200709040308
200709040309
200709040310
200709040311
200709040312
200709040401
200709040402
200709040403
200709040404
200709040405
200709040406
200709040407
200709040408
200709040409
200709040410
200709040411
200709040412
200709040501
200709040502
200709040503
200709040504
200709040505
200709040506
200709040507
200709040508
200709040509
200709040510
200709040511
200709040512
200709040601
200709040602
200709040603
200709040604
200709040605
200709040606
200709040607
200709040608
200709040609
200709040610
200709040611
200709040612
200709040701
200709040702
200709040703
200709040704
200709040705
200709040706
200709040707
200709040708
200709040709
200709040710
200709040711
200709040712
200709040801
200709040802
200709040803
200709040804
200709040805
200709040806
200709040807
200709040808
200709040809
200709040810
200709040811
200709040812
200709050101
200709050102
200709050103
200709050104
200709050105
200709050106
200709050107
200709050108
200709050109
200709050110
200709050111
200709050112
200709050201
200709050202
200709050203
200709050204
200709050205
200709050206
200709050207
200709050208
200709050209
200709050210
200709050211
200709050301
200709050302
200709050303
200709050304
200709050305
200709050306
200709050307
200709050308
200709050309
200709050310
200709050311
200709050312
200709050401
200709050402
200709050403
200709050404
200709050405
200709050406
200709050407
200709050408
200709050409
200709050410
200709050411
200709050412
200709050501
200709050502
200709050503
200709050504
200709050505
200709050506
200709050507
200709050508
200709050509
200709050510
200709050511
200709050601
200709050602
200709050603
200709050604
200709050605
200709050606
200709050607
200709050608
200709050609
200709050610
200709050611
200709050612
200709050701
200709050702
200709050703
200709050704
200709050705
200709050706
200709050707
200709050708
200709050709
200709050710
200709050711
200709050712
200709050801
200709050802
200709050803
200709050804
200709050805
200709050806
200709050807
200709050808
200709050809
200709050810
200709050811
200709050812