200710010101
200710010102
200710010103
200710010104
200710010105
200710010106
200710010107
200710010108
200710010109
200710010110
200710010111
200710010201
200710010202
200710010203
200710010204
200710010205
200710010206
200710010207
200710010208
200710010209
200710010210
200710010211
200710010212
200710010301
200710010302
200710010303
200710010304
200710010305
200710010306
200710010307
200710010308
200710010309
200710010310
200710010311
200710010312
200710010401
200710010402
200710010403
200710010404
200710010405
200710010406
200710010407
200710010408
200710010409
200710010410
200710010411
200710010412
200710010501
200710010502
200710010503
200710010504
200710010505
200710010506
200710010507
200710010508
200710010509
200710010510
200710010511
200710010512
200710010601
200710010602
200710010603
200710010604
200710010605
200710010606
200710010607
200710010608
200710010609
200710010610
200710010611
200710010612
200710010701
200710010702
200710010703
200710010704
200710010705
200710010706
200710010707
200710010708
200710010709
200710010710
200710010711
200710010712
200710010801
200710010802
200710010803
200710010804
200710010805
200710010806
200710010807
200710010808
200710010809
200710010810
200710010811
200710010812
200710020101
200710020102
200710020103
200710020104
200710020105
200710020106
200710020107
200710020108
200710020109
200710020110
200710020111
200710020112
200710020201
200710020202
200710020203
200710020204
200710020205
200710020206
200710020207
200710020208
200710020209
200710020210
200710020211
200710020212
200710020301
200710020302
200710020303
200710020304
200710020305
200710020306
200710020307
200710020308
200710020309
200710020310
200710020311
200710020312
200710020401
200710020402
200710020403
200710020404
200710020405
200710020406
200710020407
200710020408
200710020409
200710020410
200710020411
200710020412
200710020501
200710020502
200710020503
200710020504
200710020505
200710020506
200710020507
200710020508
200710020509
200710020510
200710020511
200710020512
200710020601
200710020602
200710020603
200710020604
200710020605
200710020606
200710020607
200710020608
200710020609
200710020610
200710020611
200710020612
200710020701
200710020702
200710020703
200710020704
200710020705
200710020706
200710020707
200710020708
200710020709
200710020710
200710020711
200710020801
200710020802
200710020803
200710020804
200710020805
200710020806
200710020807
200710020808
200710020809
200710020810
200710020811
200710020812
200710030101
200710030102
200710030103
200710030104
200710030105
200710030106
200710030107
200710030108
200710030109
200710030110
200710030111
200710030112
200710030201
200710030202
200710030203
200710030204
200710030205
200710030206
200710030207
200710030208
200710030209
200710030210
200710030211
200710030212
200710030501
200710030502
200710030503
200710030504
200710030505
200710030506
200710030507
200710030508
200710030509
200710030510
200710030511
200710030512
200710030601
200710030602
200710030603
200710030604
200710030605
200710030606
200710030607
200710030608
200710030609
200710030610
200710030611
200710030612
200710030701
200710030702
200710030703
200710030704
200710030705
200710030706
200710030707
200710030708
200710030709
200710030710
200710030711
200710030712
200710030801
200710030802
200710030803
200710030804
200710030805
200710030806
200710030807
200710030808
200710030809
200710030810
200710030811