197105010201
197105010202
197105010203
197105010301
197105010302
197105010303
197105010304
197105010305
197105010306
197105010307
197105010308
197105010309
197105010310
197105010311
197105010401
197105010402
197105010403
197105010404
197105010405
197105010406
197105010701
197105010702
197105010703
197105010704
197105010705
197105010706
197105010707
197105010708
197105010709
197105010801
197105010802
197105010803
197105010804
197105010805
197105010806
197105010807
197105010808
197105010809
197105010810
197105010811
197105020101
197105020102
197105020103
197105020104
197105020105
197105020301
197105020302
197105020303
197105020304
197105020305
197105020306
197105020307
197105020308
197105020309
197105020310
197105020311
197105020401
197105020402
197105020403
197105020404
197105020405
197105020406
197105020407
197105020408
197105020409
197105020410
197105020601
197105020602
197105020801
197105020802
197105030101
197105030102
197105030103
197105030104
197105030105
197105030501
197105030502
197105030503
197105030504
197105030505
197105030506
197105030507
197105030601
197105030602
197105030603
197105030604
197105030605
197105030606
197105040401
197105040402
197105040403
197105040404
197105040405
197105040406
197105040801
197105040802
197105040803
197105040804
197105050601
197105050602
197105050603
197105050604
197105050605
197105050606
197105050607
197105050608
197105050701
197105050702
197105050703
197105050704
197105050705
197105050706
197105060101
197105060102
197105060103
197105060104
197105060105
197105060106
197105060107
197105060108
197105060109
197105060110
197105060501
197105060502
197105060503
197105060504
197105060505
197105060506
197105060507
197105060508
197105060509
197105060510
197105060511
197105060601
197105060602
197105060603
197105060604
197105060605
197105060606
197105060607
197105060608
197105060801
197105060802
197105060803
197105060804
197105060805
197105060806
197105060807
197105060808
197105060809
197105060810