197106020501
197106020502
197106030301
197106030302
197106030303
197106030304
197106040201
197106040202
197106040203
197106040204
197106040205
197106040801
197106040802
197106040803
197106040804
197106040805
197106040806
197106050401
197106050402
197106050403
197106050404
197106050405
197106050406
197106050407
197106050408
197106050409
197106060401
197106060402
197106060403
197106060404
197106060405
197106060406
197106060407
197106060408
197106060409
197106060410
197106060411
197106060501
197106060502
197106060503
197106060504
197106060505
197106060506
197106060507
197106060508
197106060509
197106060510
197106060601
197106060602
197106060603
197106060604
197106060605
197106060606
197106060607
197106060608
197106060609