197107010401
197107010402
197107010403
197107010404
197107010405
197107010406
197107010501
197107010502
197107010503
197107010504
197107010505
197107010506
197107010601
197107010602
197107010603
197107010604
197107010605
197107010606
197107010607
197107010608
197107010609
197107020101
197107020102
197107020103
197107020104
197107020105
197107020106
197107020201
197107020202
197107020203
197107020204
197107020205
197107020206
197107020207
197107020208
197107020209
197107020210
197107020601
197107020602
197107020603
197107020604
197107020701
197107020702
197107020703
197107020704
197107020705
197107020706
197107020707
197107020708
197107020709