197108010201
197108010202
197108010203
197108010204
197108010205
197108010206
197108010207
197108010301
197108010302
197108010303
197108020101
197108020102
197108020103
197108020201
197108020202
197108020203
197108020401
197108020402
197108020403
197108020404
197108020405
197108020406
197108020407
197108020408
197108020801
197108020802
197108020803
197108030201
197108030202
197108030203
197108040301
197108040302
197108040303
197108040304
197108040305
197108040306
197108040307
197108040308
197108040309
197108040310
197108040311
197108040401
197108040402
197108040403
197108040501
197108040502
197108040503
197108040504
197108040701
197108040702
197108040703
197108040704
197108040705
197108040706
197108040707
197108040708
197108050101
197108050102
197108050103
197108050104
197108050105
197108050106
197108050107
197108050108
197108050109
197108050110
197108050111
197108050501
197108050502
197108050503
197108050504
197108050505
197108050506
197108050507
197108050508
197108050509
197108050801
197108050802
197108050803
197108050804
197108050805
197108050806
197108050807
197108050808
197108050809
197108050810
197108050811