197109010201
197109010202
197109010203
197109010301
197109010401
197109010402
197109010403
197109010404
197109010405
197109010406
197109010407
197109010408
197109010409
197109010410
197109010701
197109010702
197109020101
197109020102
197109020103
197109020104
197109020105
197109020106
197109020201
197109020202
197109020203
197109020204
197109020205
197109020206
197109020207
197109020208
197109020601
197109020602
197109020603
197109020604
197109020605
197109020606
197109020607
197109020608
197109020701
197109020702
197109020703
197109020704
197109020705
197109020706
197109020707
197109020708
197109030101
197109030102
197109030103
197109030104
197109030105
197109030106
197109030107
197109030108
197109040601
197109040602
197109040603
197109040604
197109040605
197109040606
197109040607
197109040608
197109040801
197109040802
197109040803
197109040804
197109040805
197109050201
197109050202
197109050203
197109050204
197109050205
197109050206
197109050207
197109050208
197109050209
197109050210
197109050211