197110010301
197110010302
197110010303
197110010304
197110010305
197110010306
197110010307
197110010308
197110010309
197110010801
197110010802
197110010803
197110010804
197110010805
197110020401
197110020402
197110020403
197110020404
197110020405
197110020406
197110020407
197110020801
197110020802
197110020803
197110020804
197110020805
197110030101
197110030102
197110030103
197110030104
197110030105
197110030106
197110030601
197110030602
197110030603
197110030604
197110030701
197110030702
197110030703
197110030704