201201010101
201201010102
201201010103
201201010104
201201010105
201201010106
201201010107
201201010108
201201010109
201201010110
201201010111
201201010112
201201010201
201201010202
201201010203
201201010204
201201010205
201201010206
201201010207
201201010208
201201010209
201201010210
201201010211
201201010212
201201010301
201201010302
201201010303
201201010304
201201010305
201201010306
201201010307
201201010308
201201010309
201201010310
201201010311
201201010312
201201010401
201201010402
201201010403
201201010404
201201010405
201201010406
201201010407
201201010408
201201010409
201201010410
201201010411
201201010412
201201010501
201201010502
201201010503
201201010504
201201010505
201201010506
201201010507
201201010508
201201010509
201201010510
201201010511
201201010512
201201010601
201201010602
201201010603
201201010604
201201010605
201201010606
201201010607
201201010608
201201010609
201201010610
201201010611
201201010612
201201010701
201201010702
201201010703
201201010704
201201010705
201201010706
201201010707
201201010708
201201010709
201201010710
201201010711
201201010712
201201010801
201201010802
201201010803
201201010804
201201010805
201201010806
201201010807
201201010808
201201010809
201201010810
201201010811
201201010812
201201020101
201201020102
201201020103
201201020104
201201020105
201201020106
201201020107
201201020108
201201020109
201201020110
201201020111
201201020112
201201020201
201201020202
201201020203
201201020204
201201020205
201201020206
201201020207
201201020208
201201020209
201201020210
201201020211
201201020212
201201020301
201201020302
201201020303
201201020304
201201020305
201201020306
201201020307
201201020308
201201020309
201201020310
201201020311
201201020312
201201020401
201201020402
201201020403
201201020404
201201020405
201201020406
201201020407
201201020408
201201020409
201201020410
201201020411
201201020412
201201020501
201201020502
201201020503
201201020504
201201020505
201201020506
201201020507
201201020508
201201020509
201201020510
201201020511
201201020512
201201020601
201201020602
201201020603
201201020604
201201020605
201201020606
201201020607
201201020608
201201020609
201201020610
201201020611
201201020612