201206010101
201206010102
201206010103
201206010104
201206010105
201206010106
201206010107
201206010108
201206010109
201206010110
201206010111
201206010112
201206010201
201206010202
201206010203
201206010204
201206010205
201206010206
201206010207
201206010208
201206010209
201206010210
201206010211
201206010212
201206010301
201206010302
201206010303
201206010304
201206010305
201206010306
201206010307
201206010308
201206010309
201206010310
201206010311
201206010312
201206010401
201206010402
201206010403
201206010404
201206010405
201206010406
201206010407
201206010408
201206010409
201206010410
201206010411
201206010412
201206010501
201206010502
201206010503
201206010504
201206010505
201206010506
201206010507
201206010508
201206010509
201206010510
201206010511
201206010512
201206010601
201206010602
201206010603
201206010604
201206010605
201206010606
201206010607
201206010608
201206010609
201206010610
201206010611
201206010612
201206010701
201206010702
201206010703
201206010704
201206010705
201206010706
201206010707
201206010708
201206010709
201206010710
201206010711
201206010712
201206020101
201206020102
201206020103
201206020104
201206020105
201206020106
201206020107
201206020108
201206020109
201206020110
201206020111
201206020112
201206020201
201206020202
201206020203
201206020204
201206020205
201206020206
201206020207
201206020208
201206020209
201206020210
201206020211
201206020212
201206020301
201206020302
201206020303
201206020304
201206020305
201206020306
201206020307
201206020308
201206020309
201206020310
201206020311
201206020401
201206020402
201206020403
201206020404
201206020405
201206020406
201206020407
201206020408
201206020409
201206020410
201206020411
201206020412
201206020501
201206020502
201206020503
201206020504
201206020505
201206020506
201206020507
201206020508
201206020509
201206020510
201206020511
201206020512
201206020601
201206020602
201206020603
201206020604
201206020605
201206020606
201206020607
201206020608
201206020609
201206020610
201206020611
201206020701
201206020702
201206020703
201206020704
201206020705
201206020706
201206020707
201206020708
201206020709
201206020710
201206020711
201206020712
201206020801
201206020802
201206020803
201206020804
201206020805
201206020806
201206020807
201206020808
201206020809
201206020810
201206020811
201206020812
201206030101
201206030102
201206030103
201206030104
201206030105
201206030106
201206030107
201206030108
201206030109
201206030110
201206030111
201206030112
201206030201
201206030202
201206030203
201206030204
201206030205
201206030206
201206030207
201206030208
201206030209
201206030210
201206030211
201206030212
201206030301
201206030302
201206030303
201206030304
201206030305
201206030306
201206030307
201206030308
201206030309
201206030310
201206030311
201206030401
201206030402
201206030403
201206030404
201206030405
201206030406
201206030407
201206030408
201206030409
201206030410
201206030411
201206030412
201206030501
201206030502
201206030503
201206030504
201206030505
201206030506
201206030507
201206030508
201206030509
201206030510
201206030511
201206030512
201206030601
201206030602
201206030603
201206030604
201206030605
201206030606
201206030607
201206030608
201206030609
201206030610
201206030611
201206030612
201206030701
201206030702
201206030703
201206030704
201206030705
201206030706
201206030707
201206030708
201206030709
201206030710
201206030711
201206030712
201206030801
201206030802
201206030803
201206030804
201206030805
201206030806
201206030807
201206030808
201206030809
201206030810
201206030811
201206030812
201206040101
201206040102
201206040103
201206040104
201206040105
201206040106
201206040107
201206040108
201206040109
201206040110
201206040111
201206040112
201206040201
201206040202
201206040203
201206040204
201206040205
201206040206
201206040207
201206040208
201206040209
201206040210
201206040211
201206040212
201206040301
201206040302
201206040303
201206040304
201206040305
201206040306
201206040307
201206040308
201206040309
201206040310
201206040311
201206040312
201206040401
201206040402
201206040403
201206040404
201206040405
201206040406
201206040407
201206040408
201206040409
201206040410
201206040411
201206040412
201206040501
201206040502
201206040503
201206040504
201206040505
201206040506
201206040507
201206040508
201206040509
201206040510
201206040511
201206040512
201206040601
201206040602
201206040603
201206040604
201206040605
201206040606
201206040607
201206040608
201206040609
201206040610
201206040611
201206040612
201206040701
201206040702
201206040703
201206040704
201206040705
201206040706
201206040707
201206040708
201206040709
201206040710
201206040711
201206040712
201206040801
201206040802
201206040803
201206040804
201206040805
201206040806
201206040807
201206040808
201206040809
201206040810
201206040811
201206040812
201206040901
201206040902
201206040903
201206040904
201206040905
201206040906
201206040907
201206040908
201206040909
201206040910
201206040911
201206040912
201206050101
201206050102
201206050103
201206050104
201206050105
201206050106
201206050107
201206050108
201206050109
201206050110
201206050111
201206050112
201206050201
201206050202
201206050203
201206050204
201206050205
201206050206
201206050207
201206050208
201206050209
201206050210
201206050211
201206050301
201206050302
201206050303
201206050304
201206050305
201206050306
201206050307
201206050308
201206050309
201206050310
201206050311
201206050312
201206050401
201206050402
201206050403
201206050404
201206050405
201206050406
201206050407
201206050408
201206050409
201206050410
201206050411
201206050412
201206050501
201206050502
201206050503
201206050504
201206050505
201206050506
201206050507
201206050508
201206050509
201206050510
201206050511
201206050512
201206050601
201206050602
201206050603
201206050604
201206050605
201206050606
201206050607
201206050608
201206050609
201206050610
201206050611
201206050612
201206050701
201206050702
201206050703
201206050704
201206050705
201206050706
201206050707
201206050708
201206050709
201206050710
201206050711
201206050712
201206050801
201206050802
201206050803
201206050804
201206050805
201206050806
201206050807
201206050808
201206050809
201206050810
201206050811
201206050901
201206050902
201206050903
201206050904
201206050905
201206050906
201206050907
201206050908
201206050909
201206050910
201206050911
201206050912