201207010101
201207010102
201207010103
201207010104
201207010105
201207010106
201207010107
201207010108
201207010109
201207010110
201207010111
201207010112
201207010201
201207010202
201207010203
201207010204
201207010205
201207010206
201207010207
201207010208
201207010209
201207010210
201207010211
201207010212
201207010301
201207010302
201207010303
201207010304
201207010305
201207010306
201207010307
201207010308
201207010309
201207010310
201207010311
201207010312
201207010401
201207010402
201207010403
201207010404
201207010405
201207010406
201207010407
201207010408
201207010409
201207010410
201207010411
201207010412
201207010501
201207010502
201207010503
201207010504
201207010505
201207010506
201207010507
201207010508
201207010509
201207010510
201207010511
201207010512
201207010601
201207010602
201207010603
201207010604
201207010605
201207010606
201207010607
201207010608
201207010609
201207010610
201207010611
201207010612
201207010701
201207010702
201207010703
201207010704
201207010705
201207010706
201207010707
201207010708
201207010709
201207010710
201207010711
201207010712
201207010801
201207010802
201207010803
201207010804
201207010805
201207010806
201207010807
201207010808
201207010809
201207010810
201207010811
201207010812
201207020101
201207020102
201207020103
201207020104
201207020105
201207020106
201207020107
201207020108
201207020109
201207020110
201207020111
201207020112
201207020201
201207020202
201207020203
201207020204
201207020205
201207020206
201207020207
201207020208
201207020209
201207020210
201207020211
201207020212
201207020301
201207020302
201207020303
201207020304
201207020305
201207020306
201207020307
201207020308
201207020309
201207020310
201207020311
201207020312
201207020401
201207020402
201207020403
201207020404
201207020405
201207020406
201207020407
201207020408
201207020409
201207020410
201207020411
201207020501
201207020502
201207020503
201207020504
201207020505
201207020506
201207020507
201207020508
201207020509
201207020510
201207020511
201207020512
201207020601
201207020602
201207020603
201207020604
201207020605
201207020606
201207020607
201207020608
201207020609
201207020610
201207020611
201207020612
201207020701
201207020702
201207020703
201207020704
201207020705
201207020706
201207020707
201207020708
201207020709
201207020710
201207020711
201207020712
201207020801
201207020802
201207020803
201207020804
201207020805
201207020806
201207020807
201207020808
201207020809
201207020810
201207020811
201207020812
201207030101
201207030102
201207030103
201207030104
201207030105
201207030106
201207030107
201207030108
201207030109
201207030110
201207030111
201207030112
201207030201
201207030202
201207030203
201207030204
201207030205
201207030206
201207030207
201207030208
201207030209
201207030210
201207030211
201207030212
201207030301
201207030302
201207030303
201207030304
201207030305
201207030306
201207030307
201207030308
201207030309
201207030310
201207030311
201207030312
201207030401
201207030402
201207030403
201207030404
201207030405
201207030406
201207030407
201207030408
201207030409
201207030410
201207030411
201207030412
201207030501
201207030502
201207030503
201207030504
201207030505
201207030506
201207030507
201207030508
201207030509
201207030510
201207030511
201207030512
201207030601
201207030602
201207030603
201207030604
201207030605
201207030606
201207030607
201207030608
201207030609
201207030610
201207030611
201207030612