201208010101
201208010102
201208010103
201208010104
201208010105
201208010106
201208010107
201208010108
201208010109
201208010110
201208010111
201208010112
201208010201
201208010202
201208010203
201208010204
201208010205
201208010206
201208010207
201208010208
201208010209
201208010210
201208010211
201208010212
201208010301
201208010302
201208010303
201208010304
201208010305
201208010306
201208010307
201208010308
201208010309
201208010310
201208010311
201208010312
201208010401
201208010402
201208010403
201208010404
201208010405
201208010406
201208010407
201208010408
201208010409
201208010410
201208010411
201208010412
201208010501
201208010502
201208010503
201208010504
201208010505
201208010506
201208010507
201208010508
201208010509
201208010510
201208010511
201208010512
201208010601
201208010602
201208010603
201208010604
201208010605
201208010606
201208010607
201208010608
201208010609
201208010610
201208010611
201208010612
201208010701
201208010702
201208010703
201208010704
201208010705
201208010706
201208010707
201208010708
201208010709
201208010710
201208010711
201208010712
201208020101
201208020102
201208020103
201208020104
201208020105
201208020106
201208020107
201208020108
201208020109
201208020110
201208020111
201208020112
201208020201
201208020202
201208020203
201208020204
201208020205
201208020206
201208020207
201208020208
201208020209
201208020210
201208020211
201208020212
201208020301
201208020302
201208020303
201208020304
201208020305
201208020306
201208020307
201208020308
201208020309
201208020310
201208020311
201208020312
201208020401
201208020402
201208020403
201208020404
201208020405
201208020406
201208020407
201208020408
201208020409
201208020410
201208020411
201208020412
201208020501
201208020502
201208020503
201208020504
201208020505
201208020506
201208020507
201208020508
201208020509
201208020510
201208020511
201208020512
201208020601
201208020602
201208020603
201208020604
201208020605
201208020606
201208020607
201208020608
201208020609
201208020610
201208020611
201208020612
201208020701
201208020702
201208020703
201208020704
201208020705
201208020706
201208020707
201208020708
201208020709
201208020710
201208020711
201208020712
201208020801
201208020802
201208020803
201208020804
201208020805
201208020806
201208020807
201208020808
201208020809
201208020810
201208020811
201208020812
201208030101
201208030102
201208030103
201208030104
201208030105
201208030106
201208030107
201208030108
201208030109
201208030110
201208030111
201208030112
201208030201
201208030202
201208030203
201208030204
201208030205
201208030206
201208030207
201208030208
201208030209
201208030210
201208030211
201208030212
201208030301
201208030302
201208030303
201208030304
201208030305
201208030306
201208030307
201208030308
201208030309
201208030310
201208030311
201208030312
201208030401
201208030402
201208030403
201208030404
201208030405
201208030406
201208030407
201208030408
201208030409
201208030410
201208030411
201208030412
201208030501
201208030502
201208030503
201208030504
201208030505
201208030506
201208030507
201208030508
201208030509
201208030510
201208030511
201208030512
201208030601
201208030602
201208030603
201208030604
201208030605
201208030606
201208030607
201208030608
201208030609
201208030610
201208030611
201208030612
201208030701
201208030702
201208030703
201208030704
201208030705
201208030706
201208030707
201208030708
201208030709
201208030710
201208030711
201208030712
201208030801
201208030802
201208030803
201208030804
201208030805
201208030806
201208030807
201208030808
201208030809
201208030810
201208030811
201208030812
201208030901
201208030902
201208030903
201208030904
201208030905
201208030906
201208030907
201208030908
201208030909
201208030910
201208030911
201208030912
201208031001
201208031002
201208031003
201208031004
201208031005
201208031006
201208031007
201208031008
201208031009
201208031010
201208031011
201208031012
201208031101
201208031102
201208031103
201208031104
201208031105
201208031106
201208031107
201208031108
201208031109
201208031110
201208031111
201208031112
201208031201
201208031202
201208031203
201208031204
201208031205
201208031206
201208031207
201208031208
201208031209
201208031210
201208031211
201208031212
201208040101
201208040102
201208040103
201208040104
201208040105
201208040106
201208040107
201208040108
201208040109
201208040110
201208040111
201208040112
201208040201
201208040202
201208040203
201208040204
201208040205
201208040206
201208040207
201208040208
201208040209
201208040210
201208040211
201208040212
201208040301
201208040302
201208040303
201208040304
201208040305
201208040306
201208040307
201208040308
201208040309
201208040310
201208040311
201208040312
201208040401
201208040402
201208040403
201208040404
201208040405
201208040406
201208040407
201208040408
201208040409
201208040410
201208040411
201208040412
201208040501
201208040502
201208040503
201208040504
201208040505
201208040506
201208040507
201208040508
201208040509
201208040510
201208040511
201208040512
201208040601
201208040602
201208040603
201208040604
201208040605
201208040606
201208040607
201208040608
201208040609
201208040610
201208040611
201208040612
201208040701
201208040702
201208040703
201208040704
201208040705
201208040706
201208040707
201208040708
201208040709
201208040710
201208040711
201208040712
201208040801
201208040802
201208040803
201208040804
201208040805
201208040806
201208040807
201208040808
201208040809
201208040810
201208040811
201208040812
201208040901
201208040902
201208040903
201208040904
201208040905
201208040906
201208040907
201208040908
201208040909
201208040910
201208040911
201208040912
201208050101
201208050102
201208050103
201208050104
201208050105
201208050106
201208050107
201208050108
201208050109
201208050110
201208050111
201208050112
201208050201
201208050202
201208050203
201208050204
201208050205
201208050206
201208050207
201208050208
201208050209
201208050210
201208050211
201208050212
201208050301
201208050302
201208050303
201208050304
201208050305
201208050306
201208050307
201208050308
201208050309
201208050310
201208050311
201208050401
201208050402
201208050403
201208050404
201208050405
201208050406
201208050407
201208050408
201208050409
201208050410
201208050411
201208050412
201208050501
201208050502
201208050503
201208050504
201208050505
201208050506
201208050507
201208050508
201208050509
201208050510
201208050511
201208050512
201208050601
201208050602
201208050603
201208050604
201208050605
201208050606
201208050607
201208050608
201208050609
201208050610
201208050611
201208050612
201208050701
201208050702
201208050703
201208050704
201208050705
201208050706
201208050707
201208050708
201208050709
201208050710
201208050711
201208050712
201208050801
201208050802
201208050803
201208050804
201208050805
201208050806
201208050807
201208050808
201208050809
201208050810
201208050811
201208050812