201210010101
201210010103
201210010104
201210010106
201210010107
201210010108
201210010110
201210010111
201210010112
201210010203
201210010204
201210010205
201210010206
201210010207
201210010208
201210010209
201210010210
201210010211
201210010212
201210010301
201210010304
201210010305
201210010306
201210010307
201210010308
201210010309
201210010310
201210010312
201210010403
201210010404
201210010405
201210010408
201210010409
201210010410
201210010411
201210010412
201210010503
201210010505
201210010507
201210010508
201210010510
201210010511
201210010512
201210010601
201210010602
201210010603
201210010605
201210010606
201210010607
201210010608
201210010609
201210010611
201210010612
201210010701
201210010703
201210010704
201210010705
201210010706
201210010707
201210010709
201210010710
201210010711
201210010712
201210010801
201210010803
201210010804
201210010805
201210010807
201210010808
201210010810
201210010812
201210010901
201210010902
201210010903
201210010904
201210010905
201210010906
201210010907
201210010908
201210010910
201210010911
201210010912
201210011003
201210011004
201210011005
201210011006
201210011007
201210011008
201210011010
201210011011
201210011012
201210020101
201210020102
201210020104
201210020109
201210020112
201210020201
201210020202
201210020203
201210020206
201210020207
201210020208
201210020209
201210020210
201210020211
201210020212
201210020302
201210020304
201210020305
201210020306
201210020308
201210020309
201210020311
201210020312
201210020401
201210020402
201210020405
201210020406
201210020407
201210020409
201210020410
201210020411
201210020412
201210020502
201210020504
201210020505
201210020506
201210020507
201210020508
201210020509
201210020510
201210020511
201210020512
201210020602
201210020603
201210020607
201210020608
201210020609
201210020610
201210020612
201210020702
201210020704
201210020705
201210020706
201210020707
201210020708
201210020709
201210020710
201210020711
201210020712
201210020801
201210020802
201210020803
201210020805
201210020807
201210020808
201210020809
201210020811
201210020901
201210020903
201210020904
201210020905
201210020907
201210020908
201210020910
201210020911
201210020912
201210021002
201210021003
201210021005
201210021007
201210021008
201210021009
201210021010
201210021011
201210021012
201210021101
201210021102
201210021106
201210021107
201210021108
201210021109
201210021111
201210021112
201210021201
201210021202
201210021203
201210021205
201210021206
201210021207
201210021208
201210021209
201210021210
201210021211