199732092301
199732092302
199732092303
199732092304
199732092305
199732092306
199732092307
199732092308
199732092309
199732093001
199732093002
199732093003
199732093004
199732093005
199732093006
199732093007
199732093008
199732093009
199732100201
199732100202
199732100203
199732100204
199732100205
199732100206
199732100207
199732100208
199732100209
199732100701
199732100702
199732100703
199732100704
199732100705
199732100706
199732101601
199732101602
199732101603
199732101604
199732101605
199732101606
199732101607
199732101608
199732101609
199732101610
199732102001
199732102002
199732102003
199732102004
199732102005
199732102006
199732102007
199732102301
199732102302
199732102303
199732102304
199732102305
199732102306
199732102801
199732102802
199732102803
199732102804
199732102805
199732102806
199732102807
199732102808
199732102901
199732102902
199732102903
199732102904
199732102905
199732102906
199732102907
199732102908
199732102909
199732102910
199732103001
199732103002
199732103003
199732103004
199732103005
199732103006
199732103007
199732103008
199732103009
199732103010
199732103101
199732103102
199732103103
199732110301
199732110302
199732110303
199732110304
199732110305
199732110306
199732110307
199732110308
199732110309
199732110401
199732110402
199732110403
199732110404
199732110405
199732110406
199732110407
199732110408
199732110409
199732110410
199732110601
199732110602
199732110603
199732110604
199732110605
199732110606
199732110607
199732110608
199732110609