199733082801
199733082802
199733082803
199733082804
199733082805
199733082806
199733082807
199733082808
199733082809
199733082810
199733090201
199733090202
199733090203
199733090204
199733090301
199733090302
199733090303
199733090304
199733090305
199733090401
199733090402
199733090403
199733090404
199733090405
199733090406
199733090407
199733090408
199733090409
199733090410
199733091701
199733091702
199733091703
199733091704
199733091705
199733091706
199733091707
199733091801
199733091802
199733091803
199733091804
199733091805
199733091806
199733091807
199733091808
199733091809
199733091810