199734062501
199734062502
199734062503
199734062504
199734062505
199734062506
199734062507
199734062508
199734062509
199734062601
199734062602
199734062603
199734062604
199734062605
199734062606
199734062607
199734062608
199734062609
199734062610
199734062611
199734070801
199734070802
199734070803
199734070804
199734070805
199734070806
199734070807
199734070808
199734070809
199734070901
199734070902
199734070903
199734071001
199734071002
199734071003
199734071004
199734071005
199734071006
199734071007
199734071008
199734071009
199734071010
199734071701
199734071702
199734071703
199734071704
199734071705
199734071706
199734071707
199734071708
199734071709
199734072201
199734072202
199734072203
199734072204
199734072205
199734072401
199734072402
199734072403
199734072404
199734072405
199734072406
199734072407
199734072408
199734072409
199734072410
199734073001
199734073002
199734073003
199734073004
199734073005
199734073006
199734073007
199734073008
199734073009
199734073010
199734080501
199734080502
199734080503
199734080504
199734080505
199734080506
199734080507
199734080508
199734080509
199734080601
199734080602
199734080603
199734080604
199734080605
199734080701
199734080702
199734080703
199734080704
199734080705
199734080706
199734080707
199734080708
199734080709
199734082001
199734082002
199734082003
199734082004
199734082005
199734082006
199734082007
199734082008
199734082009
199734082010
199734082011
199734082101
199734082102
199734082103
199734082104