199735052601
199735052602
199735052603
199735052604
199735052605
199735052606
199735052607
199735053101
199735053102
199735053103
199735053104
199735053105
199735053106
199735053107
199735053108
199735053109
199735053110
199735060801
199735060802
199735060803
199735060804
199735060805
199735060806
199735060807
199735060808
199735060809
199735062101
199735062102
199735062103
199735062104
199735062105
199735062106
199735062107
199735062301
199735062302
199735062303
199735062304
199735062305
199735062306
199735062307
199735062308
199735062309
199735062310
199735072701
199735072702
199735072703
199735072704
199735072705
199735072706
199735072707
199735072708
199735072709
199735072710
199735081101
199735081102
199735081103
199735081104
199735081105
199735081106
199735081107
199735081108
199735081109
199735081110
199735081601
199735081602
199735081603
199735081604
199735081605
199735081606
199735081607
199735081608
199735081609
199735081610
199735082401
199735082402
199735082403
199735082404
199735082405
199735082406
199735082407
199735082408
199735082409
199735082410
199735083001
199735083002
199735083003
199735083004
199735083005
199735083006
199735083007
199735083008
199735083009
199735083101
199735083102
199735083103
199735083104
199735100501
199735100502
199735100503
199735100504
199735100505
199735100506
199735100507
199735100508
199735100509
199735100510
199735101001
199735101002
199735101003
199735101004
199735101005
199735101006
199735101007
199735101008
199735101009
199735101010
199735101801
199735101802
199735101803
199735101804
199735101805
199735101806
199735101807
199735101808
199735101809
199735101810
199735102601
199735102602
199735102603
199735102604
199735102605
199735102606
199735102607
199735102608
199735102701
199735102702
199735102703
199735102704
199735102705
199735102706
199735102707
199735102708
199735102709
199735102710
199735110301
199735110302
199735110303
199735110304
199735110305
199735110306
199735110307
199735110308
199735110309
199735110310
199735110801
199735110802
199735110803
199735110804
199735110805
199735110806
199735110807
199735110808
199735110809
199735110810
199735112201
199735112202
199735112203
199735112204
199735112205
199735112206
199735112207
199735112208