199736040501
199736040502
199736040503
199736040504
199736040505
199736040506
199736040507
199736040508
199736040509
199736050301
199736050302
199736050303
199736050304
199736050305
199736050306
199736050307
199736050308
199736050309
199736050310
199736050401
199736050402
199736050403
199736050404
199736050405
199736050406
199736050407
199736050408
199736050409
199736050410
199736051101
199736051102
199736051103
199736051104
199736051105
199736051106
199736051107
199736051108
199736051109
199736062801
199736062802
199736062803
199736062804
199736062805
199736062806
199736062807
199736062808
199736062809
199736062810
199736063001
199736063002
199736063003
199736063004
199736063005
199736063006
199736063007
199736063008
199736071301
199736071302
199736071303
199736071304
199736071305
199736071306
199736071307
199736071308
199736071309
199736071310
199736071901
199736071902
199736071903
199736071904
199736071905
199736071906
199736071907
199736071908
199736071909
199736090701
199736090702
199736090703
199736090704
199736090705
199736090706
199736090707
199736090708
199736090709
199736091301
199736091302
199736091303
199736091304
199736091305
199736091306
199736091307
199736091308
199736091309
199736091310
199736091401
199736091402
199736091403
199736091404
199736091405
199736091406
199736092101
199736092102
199736092103
199736092104
199736092105
199736092106
199736092107
199736092108
199736092109
199736092110
199736092201
199736092202
199736092203
199736092204
199736092205
199736092206
199736092801
199736092802
199736092803
199736092804
199736092805
199736092806
199736092807
199736113001
199736113002
199736113003
199736113004
199736113005
199736113006
199736113007
199736113008
199736113009
199736120701
199736120702
199736120703
199736120704
199736120705
199736120706
199736120707
199736120708
199736120709
199736120710
199736122301
199736122302
199736122303
199736122304
199736122305
199736122306
199736122307
199736122308
199736122309
199736122310
199736123001
199736123002
199736123003
199736123004
199736123005
199736123006
199736123007
199736123008
199736123009
199736123101
199736123102
199736123103
199736123104
199736123105
199736123106
199736123107
199736123108
199736123109