199737042901
199737042902
199737042903
199737042904
199737042905
199737042906
199737042907
199737042908
199737042909
199737042910
199737063001
199737063002
199737063003
199737063004
199737090201
199737090202
199737090203
199737090204
199737090205
199737090206
199737090207
199737092201
199737092202
199737092203
199737092204
199737092205
199737092206
199737092207
199737092208
199737092209
199737100701
199737100702
199737100703
199737100704
199737100705
199737100706
199737100707
199737100708
199737102101
199737102102
199737102103
199737102104
199737102105
199737102106
199737102107
199737102108
199737102109
199737102110
199737120101
199737120102
199737120103
199737120104
199737120105
199737120106
199737120107
199737120108