199740012001
199740012002
199740012003
199740012004
199740012005
199740012006
199740012007
199740012008
199740012009
199740012010
199740021801
199740021802
199740021803
199740021804
199740021805
199740021806
199740021807
199740021808
199740021809
199740021810
199740021811
199740051401
199740051402
199740051403
199740051404
199740051405
199740051406
199740051407
199740051408
199740051409
199740062501
199740062502
199740062503
199740062504
199740062505
199740062506
199740062507
199740062508
199740062509
199740062510
199740072301
199740072302
199740072303
199740072304
199740072305
199740072306
199740072307
199740072308
199740072309
199740072401
199740072402
199740072403
199740072404
199740072405
199740072406
199740072407
199740072408
199740072409
199740081001
199740081002
199740081003
199740081004
199740081005
199740081006
199740081007
199740081008
199740081009
199740082601
199740082602
199740082603
199740082604
199740082605
199740082606
199740082607
199740082608
199740082609
199740090901
199740090902
199740090903
199740090904
199740090905
199740090906
199740090907
199740090908
199740090909
199740101901
199740101902
199740101903
199740101904
199740101905
199740101906
199740101907
199740101908
199740101909
199740101910
199740110501
199740110502
199740110503
199740110504
199740110505
199740110506
199740110507
199740110508
199740120401
199740120402
199740120403
199740120404
199740120405
199740120406
199740120407
199740120408
199740120409
199740123001
199740123002
199740123003
199740123004
199740123005
199740123006
199740123007
199740123008
199740123009