199741010401
199741010402
199741010403
199741010404
199741010405
199741010406
199741010407
199741010408
199741010409
199741010410
199741010411
199741012601
199741012602
199741012603
199741012604
199741012605
199741012606
199741012607
199741012608
199741012609
199741021601
199741021602
199741021603
199741021604
199741021605
199741021606
199741021607
199741021608
199741021609
199741033001
199741033002
199741033003
199741033004
199741033005
199741033006
199741033007
199741033008
199741033009
199741033010
199741050501
199741050502
199741050503
199741050504
199741050505
199741050506
199741050507
199741050508
199741050509