199743012301
199743012302
199743012303
199743012304
199743012305
199743012306
199743012307
199743012308
199743012309
199743012310
199743012311
199743012401
199743012701
199743012702
199743012703
199743021301
199743021302
199743021303
199743021304
199743021305
199743021306
199743021307
199743021308
199743021309
199743021401
199743021402
199743021403
199743021404
199743021405
199743021406
199743021407
199743021408
199743021409
199743021410
199743030301
199743030302
199743030303
199743030304
199743030305
199743030306
199743030307
199743030308
199743030309
199743030401
199743030402
199743030501
199743030502
199743030503
199743030504
199743030505
199743030506
199743030507
199743030508
199743030509
199743030510
199743040101
199743040102
199743040103
199743040104
199743040105
199743040106
199743040107
199743040108
199743040109
199743040110
199743040201
199743040202
199743040203
199743040204
199743040205
199743040206
199743040207
199743040208
199743040209
199743040210
199743040211
199743040301
199743040302
199743040303
199743040304
199743040305
199743040306
199743040307
199743040308
199743040309
199743040310
199743040311
199743040401
199743050601
199743050602
199743050603
199743050604
199743050605
199743050701
199743050702
199743050703
199743050704
199743050705
199743050706
199743050707
199743052601
199743052602
199743052603
199743052604
199743052605
199743052801
199743052802
199743052803
199743052804
199743052805
199743052806
199743052807
199743052808
199743052809
199743052810
199743052901
199743052902
199743052903
199743052904
199743052905
199743052906
199743052907
199743052908
199743052909
199743062501
199743062502
199743062503
199743062504
199743062505
199743062506
199743062601
199743062602
199743062603
199743062604
199743062605
199743062606
199743062607
199743062608
199743062609
199743062610
199743062611
199743073001
199743073002
199743073003
199743073004
199743073005
199743073006
199743073007
199743073101
199743073102
199743073103
199743073104
199743073105
199743073106
199743073107
199743073108
199743073109
199743073110
199743080101
199743080102
199743080103
199743080104
199743080105
199743080106
199743080107
199743080108
199743082201
199743082202
199743082203
199743082204
199743092501
199743092502
199743092503
199743092504
199743092505
199743092506
199743092507
199743092508
199743092509
199743092601
199743092602
199743092603
199743092604
199743092605
199743092606
199743092607
199743102101
199743102102
199743102103
199743102104
199743102105
199743102106
199743102107
199743102108
199743102109
199743102201
199743102202
199743102203
199743102204
199743102205
199743102206
199743102207
199743102208
199743102209
199743102210
199743102211
199743102301
199743102302
199743102303
199743102304
199743102305
199743102306
199743102307
199743102308
199743102309
199743102310
199743102311
199743111101
199743111102
199743111103
199743111104
199743111105
199743111106
199743111107
199743111108
199743111109
199743111110
199743111111
199743111201
199743111202
199743111203
199743111204
199743111205
199743111206
199743111207
199743111208
199743111301
199743111302
199743111303
199743111304
199743111305
199743111306
199743111307
199743111308
199743111309
199743111310
199743111401
199743111402
199743111403
199743111404
199743111405
199743111406
199743111407
199743111408
199743111409
199743111410
199743111411
199743121601
199743121602
199743121603
199743121604
199743121605
199743121606
199743121607
199743121608
199743121609
199743121610
199743121611
199743121801
199743121802
199743121803
199743121804
199743121805
199743121806
199743121807
199743121808
199743121809
199743121810
199743121901
199743121902
199743121903
199743121904
199743121905
199743121906
199743121907
199743121908