199755081001
199755081002
199755082501
199755082502
199755082503
199755082504
199755082505
199755082506
199755082507
199755082508
199755082509
199755090101
199755090102
199755090103
199755090104
199755090105
199755090106
199755090801
199755090802
199755090803
199755090804
199755090805
199755090806
199755090807
199755101201
199755101202
199755101203
199755101204
199755101205
199755101206
199755101207
199755101208
199755101209
199755101210
199755110901
199755110902
199755110903
199755110904
199755110905
199755110906
199755112201
199755112202
199755112203
199755112204
199755112205
199755112206
199755112207
199755112208
199755120801
199755120802
199755120803
199755120804
199755120805
199755120806
199755120807
199755120808
199755120809
199755122701
199755122702
199755122703
199755122704
199755122705
199755122706
199755122707
199755122708
199755122709