200630041901
200630041902
200630041903
200630041904
200630041905
200630041906
200630041907
200630041908
200630041909
200630041910
200630041911
200630042001
200630042002
200630042003
200630042004
200630042005
200630042006
200630042007
200630042008
200630042009
200630042010
200630042011
200630042012
200630042601
200630042602
200630042603
200630042604
200630042605
200630042606
200630042607
200630042608
200630042609
200630042610
200630042611
200630042612
200630042701
200630042702
200630042703
200630042704
200630042705
200630042706
200630042707
200630042708
200630042709
200630042710
200630042711
200630042712