200634070401
200634070402
200634070403
200634070404
200634070405
200634070406
200634070407
200634070408
200634070409
200634070410
200634070411
200634070501
200634070502
200634070503
200634070504
200634070505
200634070506
200634070507
200634070508
200634070509
200634070510
200634070511
200634070512
200634070601
200634070602
200634070603
200634070604
200634070605
200634070606
200634070607
200634070608
200634070609
200634070610
200634070611
200634070612
200634071101
200634071102
200634071103
200634071104
200634071105
200634071106
200634071107
200634071108
200634071109
200634071201
200634071202
200634071203
200634071204
200634071205
200634071206
200634071207
200634071208
200634071209
200634071210
200634071301
200634071302
200634071303
200634071304
200634071305
200634071306
200634071307
200634071308
200634071309
200634071310
200634071311
200634071801
200634071802
200634071803
200634071804
200634071805
200634071806
200634071807
200634071808
200634071809
200634071810
200634071811
200634071812
200634071901
200634071902
200634071903
200634071904
200634071905
200634071906
200634071907
200634071908
200634071909
200634071910
200634071911
200634071912
200634072001
200634072002
200634072003
200634072004
200634072005
200634072006
200634072007
200634072008
200634072009
200634072010
200634072011
200634072012
200634072501
200634072502
200634072503
200634072504
200634072505
200634072506
200634072507
200634072508
200634072509
200634072510
200634072511
200634072512
200634072601
200634072602
200634072603
200634072604
200634072605
200634072606
200634072607
200634072608
200634072609
200634072610
200634072611
200634072701
200634072702
200634072703
200634072704
200634072705
200634072706
200634072707
200634072708
200634072709
200634072710
200634072711
200634072712
200634080101
200634080102
200634080103
200634080104
200634080105
200634080106
200634080107
200634080108
200634080109
200634080110
200634080111
200634080112
200634080201
200634080202
200634080203
200634080204
200634080205
200634080206
200634080207
200634080208
200634080209
200634080210
200634080211
200634080301
200634080302
200634080303
200634080304
200634080305
200634080306
200634080307
200634080308
200634080309
200634080310
200634080311
200634080312
200634080801
200634080802
200634080803
200634080804
200634080805
200634080806
200634080807
200634080808
200634080809
200634080810
200634080811
200634080901
200634080902
200634080903
200634080904
200634080905
200634080906
200634080907
200634080908
200634080909
200634080910
200634081001
200634081002
200634081003
200634081004
200634081005
200634081006
200634081007
200634081008
200634081009
200634081010
200634081011
200634081501
200634081502
200634081503
200634081504
200634081505
200634081506
200634081507
200634081508
200634081509
200634081510
200634081511
200634081512
200634081601
200634081602
200634081603
200634081604
200634081605
200634081606
200634081607
200634081608
200634081609
200634081610
200634081611
200634081612
200634081701
200634081702
200634081703
200634081704
200634081705
200634081706
200634081707
200634081708
200634081709
200634081710
200634081711
200634081712
200634082201
200634082202
200634082203
200634082204
200634082205
200634082206
200634082207
200634082208
200634082301
200634082302
200634082303
200634082304
200634082305
200634082306
200634082307
200634082308
200634082309
200634082310
200634082311
200634082401
200634082402
200634082403
200634082404
200634082405
200634082406
200634082407
200634082408
200634082409
200634082410
200634082411
200634082412
200634082901
200634082902
200634082903
200634082904
200634082905
200634082906
200634082907
200634082908
200634082909
200634082910
200634082911
200634083001
200634083002
200634083003
200634083004
200634083005
200634083006
200634083007
200634083008
200634083009
200634083010
200634083011
200634083012
200634083101
200634083102
200634083103
200634083104
200634083105
200634083106
200634083107
200634083108
200634083109
200634083110
200634083111
200634083112
200634090501
200634090502
200634090503
200634090504
200634090505
200634090506
200634090507
200634090508
200634090509
200634090510
200634090511
200634090601
200634090602
200634090603
200634090604
200634090605
200634090606
200634090607
200634090608
200634090609
200634090610
200634090611
200634090701
200634090702
200634090703
200634090704
200634090705
200634090706
200634090707
200634090708
200634090709
200634090710
200634090711
200634090712
200634091201
200634091202
200634091203
200634091204
200634091205
200634091206
200634091207
200634091208
200634091209
200634091210
200634091211
200634091301
200634091302
200634091303
200634091304
200634091305
200634091306
200634091307
200634091308
200634091309
200634091310
200634091311
200634091401
200634091402
200634091403
200634091404
200634091405
200634091406
200634091407
200634091408
200634091409
200634091410
200634091411
200634091412
200634091901
200634091902
200634091903
200634091904
200634091905
200634091906
200634091907
200634091908
200634091909
200634091910
200634092001
200634092002
200634092003
200634092004
200634092005
200634092006
200634092007
200634092008
200634092009
200634092010
200634092011
200634092012
200634092101
200634092102
200634092103
200634092104
200634092105
200634092106
200634092107
200634092108
200634092109
200634092110
200634092111
200634092601
200634092602
200634092603
200634092604
200634092605
200634092606
200634092607
200634092608
200634092609
200634092610
200634092611
200634092701
200634092702
200634092703
200634092704
200634092705
200634092706
200634092707
200634092708
200634092709
200634092710
200634092711
200634092712
200634092801
200634092802
200634092803
200634092804
200634092805
200634092806
200634092807
200634092808
200634092809
200634092810
200634092811
200634092812
200634100301
200634100302
200634100303
200634100304
200634100305
200634100306
200634100307
200634100308
200634100309
200634100310
200634100311
200634100312
200634100401
200634100402
200634100403
200634100404
200634100405
200634100406
200634100407
200634100408
200634100409
200634100410
200634100411
200634100501
200634100502
200634100503
200634100504
200634100505
200634100506
200634100507
200634100508
200634100509
200634100510
200634100511
200634100512
200634101001
200634101002
200634101003
200634101004
200634101005
200634101006
200634101007
200634101008
200634101009
200634101010
200634101011
200634101101
200634101102
200634101103
200634101104
200634101105
200634101106
200634101107
200634101108
200634101109
200634101110
200634101111
200634101112
200634101201
200634101202
200634101203
200634101204
200634101205
200634101206
200634101207
200634101208
200634101209
200634101210
200634101211