200642010101
200642010102
200642010103
200642010104
200642010105
200642010106
200642010107
200642010108
200642010109
200642010110
200642010201
200642010202
200642010203
200642010204
200642010205
200642010206
200642010207
200642010208
200642010209
200642010210
200642010301
200642010302
200642010303
200642010304
200642010305
200642010306
200642010307
200642010308
200642010309
200642010310
200642010401
200642010402
200642010403
200642010404
200642010405
200642010406
200642010407
200642010408
200642010409
200642010410
200642020601
200642020602
200642020603
200642020604
200642020605
200642020606
200642020607
200642020608
200642020609
200642020610
200642020701
200642020702
200642020703
200642020704
200642020705
200642020706
200642020707
200642020708
200642020709
200642020710
200642020801
200642020802
200642020803
200642020804
200642020805
200642020806
200642020807
200642020808
200642020809
200642020810
200642020901
200642020902
200642020903
200642020904
200642020905
200642020906
200642020907
200642020908
200642020909
200642020910
200642021001
200642021002
200642021003
200642021004
200642021005
200642021006
200642021007
200642021008
200642021009
200642021010
200642030701
200642030702
200642030703
200642030704
200642030705
200642030706
200642030707
200642030708
200642030709
200642030710
200642030901
200642030902
200642030903
200642030904
200642030905
200642030906
200642030907
200642030908
200642030909
200642030910
200642031001
200642031002
200642031003
200642031004
200642031005
200642031006
200642031007
200642042501
200642042502
200642042503
200642042504
200642042505
200642042506
200642042507
200642042508
200642042601
200642042602
200642042603
200642042604
200642042605
200642042606
200642042607
200642042608
200642042609
200642042610
200642042701
200642042702
200642042703
200642042704
200642042705
200642042706
200642053101
200642053102
200642053103
200642053104
200642053105
200642053106
200642053107
200642053108
200642053109
200642053110
200642060101
200642060102
200642060103
200642060104
200642060105
200642060106
200642060107
200642060108
200642060201
200642060202
200642060203
200642060204
200642060205
200642060206
200642060207
200642060208
200642060209
200642062101
200642062102
200642062103
200642062104
200642062105
200642062106
200642062107
200642062108
200642062109
200642062110
200642062111
200642062112
200642090401
200642090402
200642090403
200642090404
200642090405
200642090406
200642090407
200642090408
200642090409
200642090410
200642090501
200642090502
200642090503
200642090504
200642090505
200642090506
200642090507
200642090508
200642090509
200642090510
200642100901
200642100902
200642100903
200642100904
200642100905
200642101001
200642101002
200642101003
200642101004
200642101005
200642101006
200642101007
200642101008
200642101009
200642101010
200642101201
200642101202
200642101203
200642101204
200642101205
200642101206
200642101207
200642101208
200642101209
200642101210
200642112001
200642112002
200642112003
200642112004
200642112005
200642112006
200642112007
200642112008
200642112101
200642112102
200642112103
200642112104
200642112105
200642112106
200642112107
200642112201
200642112202
200642112203
200642112204
200642112205
200642112206
200642112207
200642112208
200642112209
200642112210
200642112301
200642112401
200642112402
200642112403
200642112404
200642112405
200642112406
200642112407
200642112408
200642112409
200642112410
200642121901
200642121902
200642121903
200642121904
200642121905
200642121906
200642121907
200642121908
200642121909
200642121910
200642121911
200642122001
200642122002
200642122101
200642122102
200642122103
200642122104
200642122105
200642122201
200642122202
200642122203