200643011005
200643011006
200643011009
200643011011
200643011102
200643011103
200643011105
200643011201
200643011209
200643011210
200643011211
200643011305
200643021301
200643021308
200643021311
200643021408
200643021504
200643021701
200643021708
200643031302
200643031304
200643031309
200643031409
200643031410
200643031507
200643031510
200643031602
200643031608
200643031701
200643031708
200643040302
200643040309
200643040406
200643040408
200643040409
200643040510
200643040602
200643040710
200643050104
200643050108
200643050201
200643050306
200643050308
200643050508
200643050510
200643061506
200643061601
200643061903
200643062001
200643062007
200643062010
200643062011
200643072506
200643072507
200643072511
200643072602
200643072605
200643072701
200643072705
200643072710
200643072804
200643080903
200643080905
200643081006
200643081011
200643081012
200643091910
200643092002
200643092010
200643092011
200643092101
200643092109
200643092110
200643092201
200643092210
200643102306
200643102308
200643102309
200643102501
200643102509
200643102603
200643102608
200643102701
200643111310
200643111405
200643111408
200643111410
200643111503
200643111504
200643111510
200643111602
200643111610
200643111702
200643111704
200643111709
200643120402
200643120410
200643120504
200643120610
200643120701
200643120805
200643120807
200643120809