200644011605
200644011610
200644011702
200644011703
200644011708
200644011710
200644011808
200644011811
200644011902
200644011906
200644011912
200644012004
200644012012
200644013010
200644013102
200644013110
200644020106
200644020107
200644020110
200644020111
200644020208
200644020302
200644020304
200644022708
200644022803
200644022804
200644022806
200644022812
200644030101
200644030108
200644030109
200644030111
200644030206
200644030208
200644030212
200644030308
200644030311
200644032001
200644032005
200644032107
200644032206
200644032210
200644032303
200644032311
200644032405
200644040907
200644040909
200644041005
200644041101
200644041108
200644041110
200644041205
200644041209
200644041210
200644041211
200644041304
200644041306
200644041308
200644041310
200644050709
200644050807
200644050809
200644050902
200644050907
200644051005
200644051009
200644051103
200644051106
200644051110
200644051202
200644052201
200644052206
200644052301
200644052307
200644052310
200644052311
200644052410
200644052506
200644052511
200644052604
200644052609
200644060605
200644060606
200644060607
200644060801
200644060805
200644060806
200644060905
200644060910
200644062711
200644062801
200644062802
200644062805
200644062808
200644062809
200644062811
200644062812
200644062909
200644063003
200644063004
200644070906
200644070909
200644071007
200644071103
200644071108
200644071202
200644071206
200644071211
200644071301
200644071302
200644071308
200644071311
200644071403
200644071405
200644071411
200644073009
200644080101
200644080106
200644080109
200644080201
200644080203
200644080206
200644080211
200644080306
200644080308
200644080311
200644080312
200644081307
200644081404
200644081510
200644081511
200644081605
200644081607
200644081610
200644081611
200644081706
200644081707
200644081710
200644081808
200644082907
200644082910
200644083002
200644083005
200644083010
200644083107
200644083108
200644083111
200644090105
200644090109
200644091309
200644091310
200644091409
200644091411
200644091505
200644091508
200644091511
200644091512
200644091705
200644091706
200644091707
200644091809
200644100101
200644100104
200644100209
200644100304
200644100309
200644100408
200644100506
200644100606
200644101502
200644101508
200644101601
200644101606
200644101708
200644101710
200644101806
200644101809
200644101810
200644101903
200644101907
200644102005
200644102006
200644102009
200644110503
200644110504
200644110509
200644110510
200644110602
200644110604
200644110609
200644110904
200644110907
200644110910
200644111005
200644111007
200644111008
200644112704
200644112705
200644112711
200644112810
200644112811
200644112909
200644112910
200644112912
200644113007
200644113008
200644113011
200644120105
200644120110
200644120111
200644122503
200644122508
200644122608
200644122609
200644122709
200644122801
200644122803
200644122804
200644122806
200644122807
200644122808
200644122809
200644122810
200644122901
200644122910
200644123003
200644123010
200644123109