200647010101
200647010102
200647010103
200647010104
200647010105
200647010106
200647010801
200647010802
200647010803
200647010804
200647010805
200647010806
200647010807
200647010808
200647010809
200647010901
200647010902
200647010903
200647010904
200647010905
200647010906
200647010907
200647010908
200647011101
200647011102
200647011103
200647011104
200647011105
200647011106
200647011107
200647011108
200647011109
200647011201
200647011202
200647011203
200647011204
200647011205
200647011206
200647011207
200647011301
200647011302
200647011303
200647011304
200647011305
200647011306
200647011307
200647011308
200647011309
200647012201
200647012202
200647012203
200647012204
200647012205
200647012206
200647012207
200647012208
200647012209
200647012401
200647012402
200647012403
200647012404
200647012405
200647012406
200647012407
200647012408
200647012409
200647012501
200647012502
200647012503
200647012504
200647012505
200647012506
200647012601
200647012602
200647012603
200647012604
200647012605
200647012606
200647012607
200647012608
200647012609
200647012701
200647012702
200647012703
200647012704
200647012705
200647012706
200647012707
200647012708
200647012709
200647020501
200647020502
200647020503
200647020504
200647020505
200647020506
200647020507
200647020508
200647020509
200647020510
200647020801
200647020802
200647020803
200647020804
200647020805
200647020806
200647020807
200647020808
200647020901
200647020902
200647020903
200647020904
200647020905
200647020906
200647020907
200647020908
200647021001
200647021002
200647021003
200647021004
200647021005
200647021006
200647021007
200647021008
200647021009
200647021010
200647021011
200647021101
200647021102
200647021103
200647021104
200647021105
200647021106
200647021107
200647021108
200647021109
200647021110
200647022101
200647022102
200647022103
200647022104
200647022105
200647022106
200647022107
200647022201
200647022202
200647022203
200647022204
200647022205
200647022206
200647022207
200647022208
200647022301
200647022302
200647022303
200647022304
200647022305
200647022306
200647022307
200647022308
200647022309
200647022401
200647022402
200647022403
200647022404
200647022405
200647022406
200647022407
200647022408
200647022409
200647030501
200647030502
200647030503
200647030504
200647030601
200647030602
200647030603
200647030604
200647030605
200647030606
200647030701
200647030702
200647030703
200647030704
200647030705
200647030706
200647030801
200647030802
200647030803
200647030804
200647030805
200647030806
200647030807
200647030808
200647030809
200647030810
200647030901
200647030902
200647030903
200647030904
200647030905
200647030906
200647030907
200647030908
200647030909
200647030910
200647031001
200647031002
200647031003
200647031004
200647031005
200647031006
200647031007
200647031008
200647031009
200647031010
200647040201
200647040202
200647040203
200647040204
200647040205
200647040206
200647040207
200647040301
200647040302
200647040303
200647040304
200647040501
200647040502
200647040503
200647040504
200647040505
200647040506
200647040507
200647040508
200647040701
200647040702
200647040703
200647040704
200647040705
200647040706
200647040707
200647040708
200647040709
200647040710
200647042301
200647042302
200647042303
200647042304
200647042305
200647042306
200647042307
200647042308
200647042309
200647042401
200647042402
200647042403
200647042601
200647042602
200647042603
200647042604
200647042605
200647042606
200647042607
200647042608
200647042609
200647042701
200647042702
200647042703
200647042704
200647042705
200647042706
200647042707
200647042708
200647042709
200647042801
200647042802
200647042803
200647042804
200647042805
200647042806
200647042807
200647051501
200647051502
200647051503
200647051504
200647051505
200647051506
200647051507
200647051508
200647051509
200647051510
200647051601
200647051602
200647051603
200647051604
200647051605
200647051606
200647051607
200647051608
200647051701
200647051702
200647051703
200647051704
200647051705
200647051706
200647051707
200647051708
200647051709
200647051710
200647051801
200647051802
200647051803
200647051804
200647051805
200647051806
200647051807
200647051808
200647051809
200647051810
200647051901
200647051902
200647051903
200647051904
200647051905
200647051906
200647051907
200647051908
200647052901
200647052902
200647052903
200647052904
200647052905
200647052906
200647052907
200647052908
200647052909
200647053001
200647053002
200647053003
200647053004
200647053005
200647053006
200647053007
200647053008
200647053009
200647053101
200647053102
200647053103
200647053104
200647053105
200647053106
200647053107
200647053108
200647060101
200647060102
200647060103
200647060104
200647060105
200647060106
200647060107
200647060108
200647060109
200647060110
200647060201
200647060202
200647060203
200647060204
200647060205
200647060206
200647060207
200647060208
200647060209
200647060210
200647061301
200647061302
200647061303
200647061304
200647061305
200647061306
200647061307
200647061308
200647061309
200647061401
200647061402
200647061403
200647061404
200647061405
200647061406
200647061407
200647061408
200647061501
200647061502
200647061503
200647061504
200647061505
200647061506
200647061507
200647061508
200647061509
200647061510
200647061601
200647061602
200647061603
200647061604
200647061605
200647061606
200647061607
200647061608
200647061609
200647061610
200647070401
200647070402
200647070501
200647070502
200647070503
200647070504
200647070505
200647070506
200647070507
200647070508
200647070509
200647070510
200647070601
200647070602
200647070603
200647070604
200647070605
200647070606
200647070607
200647070608
200647070609
200647070610
200647070701
200647070702
200647070703
200647070704
200647070705
200647070706
200647070707
200647070708
200647071701
200647071702
200647071703
200647071704
200647071705
200647071706
200647071707
200647071708
200647071709
200647071710
200647071801
200647071901
200647071902
200647071903
200647071904
200647071905
200647071906
200647071907
200647071908
200647071909
200647072001
200647072002
200647072003
200647072004
200647072101
200647072102
200647072103
200647072104
200647072105
200647072106
200647072107
200647072108
200647072109
200647072110
200647081401
200647081402
200647081403
200647081404
200647081405
200647081406
200647081407
200647081408
200647081501
200647081502
200647081601
200647081602
200647081603
200647081604
200647081605
200647081606
200647081607
200647081608
200647081609
200647081701
200647081702
200647081703
200647081704
200647081705
200647081706
200647081707
200647081708
200647081709
200647082901
200647082902
200647082903
200647082904
200647082905
200647082906
200647082907
200647082908
200647082909
200647082910
200647083001
200647083002
200647083003
200647083004
200647083005
200647083006
200647083007
200647083008
200647083101
200647083102
200647083103
200647083104
200647083105
200647083106
200647083107
200647090101
200647090102
200647090103
200647090104
200647090105
200647090106
200647090107
200647090108
200647090109
200647091201
200647091202
200647091203
200647091204
200647091205
200647091206
200647091207
200647091208
200647091209
200647091301
200647091302
200647091303
200647091304
200647091305
200647091306
200647091307
200647091401
200647091402
200647091403
200647091404
200647091405
200647091406
200647091407
200647091501
200647091502
200647091503
200647091504
200647091505
200647091506
200647091507
200647091508
200647091509
200647100201
200647100202
200647100203
200647100204
200647100205
200647100206
200647100207
200647100208
200647100209
200647100210
200647100301
200647100302
200647100303
200647100304
200647100305
200647100306
200647100307
200647100308
200647100309
200647100310
200647100401
200647100402
200647100403
200647100404
200647100405
200647100406
200647100407
200647100408
200647100501
200647100502
200647100503
200647100504
200647100505
200647100506
200647100507
200647100508
200647100509
200647100510
200647100601
200647100602
200647100603
200647100604
200647100605
200647100606
200647100607
200647100608
200647100609
200647101601
200647101602
200647101603
200647101604
200647101605
200647101606
200647101607
200647101608
200647101609
200647101701
200647101702
200647101703
200647101704
200647101705
200647101706
200647101707
200647101708
200647101709
200647101801
200647101802
200647101803
200647101804
200647101805
200647101806
200647101807
200647101808
200647101809
200647101810
200647101901
200647101902
200647101903
200647101904
200647101905
200647101906
200647101907
200647101908
200647101909
200647101910
200647110601
200647110602
200647110603
200647110604
200647110605
200647110606
200647110607
200647110608
200647110609
200647110610
200647110701
200647110702
200647110703
200647110704
200647110705
200647110706
200647110707
200647110708
200647110709
200647110801
200647110802
200647110803
200647110804
200647110805
200647110806
200647110807
200647110808
200647110809
200647110810
200647110811
200647110901
200647110902
200647110903
200647110904
200647110905
200647110906
200647110907
200647110908
200647110909
200647110910
200647111001
200647111002
200647111003
200647112001
200647112002
200647112003
200647112004
200647112005
200647112006
200647112007
200647112008
200647112101
200647112102
200647112103
200647112104
200647112105
200647112106
200647112107
200647112108
200647112109
200647112110
200647112111
200647112201
200647112202
200647112203
200647112204
200647112205
200647112206
200647112207
200647112208
200647112209
200647112210
200647112301
200647112302
200647112303
200647112304
200647112305
200647112306
200647112307
200647112308
200647112309
200647112401
200647112402
200647112403
200647112404
200647112405
200647112406
200647112407
200647112408
200647112409
200647121101
200647121102
200647121103
200647121104
200647121105
200647121106
200647121107
200647121108
200647121109
200647121201
200647121202
200647121203
200647121204
200647121205
200647121206
200647121207
200647121208
200647121209
200647121210
200647121301
200647121302
200647121303
200647121304
200647121305
200647121306
200647121307
200647121308
200647121309
200647121501
200647121502
200647121503
200647121504
200647121505
200647121506
200647121507
200647121508
200647121509
200647121510
200647122901
200647122902
200647122903
200647122904
200647122905
200647122906
200647122907
200647122908
200647122909
200647123001
200647123002
200647123003
200647123004
200647123005
200647123006
200647123007
200647123008
200647123009
200647123010
200647123101
200647123102
200647123103
200647123104
200647123105
200647123106