200648010101
200648010102
200648010103
200648010104
200648010105
200648010106
200648010107
200648010108
200648010109
200648010201
200648010202
200648010203
200648010204
200648010205
200648010206
200648010207
200648010208
200648010209
200648010210
200648010211
200648010301
200648010302
200648010303
200648010304
200648010305
200648010306
200648010307
200648010308
200648010309
200648010310
200648010311
200648010401
200648010402
200648010403
200648010404
200648010405
200648010406
200648010407
200648010408
200648010409
200648010410
200648010601
200648010602
200648010603
200648010604
200648010605
200648010606
200648010607
200648010608
200648010609
200648010610
200648011501
200648011502
200648011503
200648011504
200648011505
200648011506
200648011507
200648011508
200648011509
200648011510
200648011701
200648011702
200648011703
200648011704
200648011705
200648011706
200648011707
200648011708
200648011801
200648011802
200648011803
200648011901
200648011902
200648011903
200648011904
200648011905
200648011906
200648011907
200648011908
200648012001
200648012002
200648012003
200648012004
200648012005
200648012006
200648012007
200648012008
200648012009
200648012010
200648012901
200648012902
200648012903
200648012904
200648012905
200648012906
200648012907
200648012908
200648012909
200648012910
200648013101
200648013102
200648013103
200648013104
200648013105
200648013106
200648013107
200648013108
200648013109
200648020101
200648020102
200648020103
200648020104
200648020105
200648020301
200648020302
200648020303
200648020304
200648020305
200648020306
200648020307
200648020308
200648020309
200648020310
200648021201
200648021202
200648021203
200648021204
200648021205
200648021206
200648021301
200648021302
200648021303
200648021304
200648021305
200648021306
200648021307
200648021308
200648021309
200648021401
200648021402
200648021403
200648021404
200648021405
200648021406
200648021407
200648021408
200648021409
200648021410
200648021501
200648021502
200648021503
200648021504
200648021505
200648021506
200648021507
200648021508
200648021701
200648021702
200648021703
200648021704
200648021705
200648022701
200648022702
200648022703
200648022704
200648022705
200648022706
200648022707
200648022801
200648022802
200648022803
200648022804
200648022805
200648022806
200648022807
200648022808
200648022809
200648022810
200648030101
200648030102
200648030103
200648030104
200648030105
200648030106
200648030107
200648030108
200648030201
200648030202
200648030203
200648030204
200648030205
200648030206
200648030207
200648031401
200648031402
200648031403
200648031404
200648031405
200648031406
200648031501
200648031502
200648031503
200648031504
200648031505
200648031506
200648031507
200648031508
200648031509
200648031510
200648031511
200648031701
200648031702
200648031703
200648031704
200648031705
200648031706
200648031707
200648031708
200648031709
200648031710
200648032001
200648032002
200648032003
200648032004
200648032005
200648032006
200648032101
200648032102
200648032103
200648032104
200648032105
200648032106
200648032107
200648032108
200648032109
200648032110
200648032111
200648032701
200648032702
200648032703
200648032704
200648032705
200648032706
200648032707
200648032708
200648032709
200648032710
200648032711
200648032801
200648032802
200648032803
200648032804
200648032805
200648032806
200648032807
200648032808
200648032809
200648032901
200648032902
200648032903
200648032904
200648032905
200648032906
200648032907
200648032908
200648032909
200648033001
200648033002
200648033003
200648033004
200648033005
200648033006
200648033101
200648033102
200648033103
200648033104
200648033105
200648033106
200648033107
200648041001
200648041002
200648041003
200648041004
200648041005
200648041006
200648041007
200648041008
200648041009
200648041010
200648041011
200648041101
200648041102
200648041103
200648041104
200648041105
200648041106
200648041107
200648041201
200648041202
200648041203
200648041204
200648041205
200648041206
200648041207
200648041208
200648041209
200648041210
200648041301
200648041302
200648041303
200648041304
200648041305
200648041306
200648041307
200648041401
200648041402
200648041403
200648041404
200648041405
200648041406
200648041701
200648041702
200648041703
200648041704
200648041705
200648041706
200648041707
200648041708
200648041709
200648041710
200648041711
200648041801
200648041802
200648041803
200648041804
200648041805
200648041806
200648041807
200648041808
200648041901
200648041902
200648041903
200648041904
200648041905
200648041906
200648041907
200648041908
200648041909
200648041910
200648041911
200648042001
200648042002
200648042003
200648042004
200648042005
200648042006
200648042007
200648042008
200648042009
200648042101
200648042102
200648042103
200648042104
200648042105
200648042106
200648042107
200648042108
200648042109
200648042110
200648042111
200648050101
200648050102
200648050103
200648050104
200648050105
200648050106
200648050107
200648050108
200648050109
200648050201
200648050202
200648050203
200648050204
200648050205
200648050206
200648050207
200648050208
200648050209
200648050301
200648050302
200648050303
200648050304
200648050305
200648050306
200648050307
200648050308
200648050309
200648050310
200648050401
200648050402
200648050403
200648050404
200648050405
200648050406
200648050407
200648050501
200648050502
200648050503
200648050504
200648050505
200648050506
200648050507
200648050508
200648052301
200648052302
200648052303
200648052304
200648052305
200648052306
200648052307
200648052308
200648052309
200648052310
200648052311
200648052401
200648052402
200648052403
200648052404
200648052405
200648052406
200648052407
200648052408
200648052409
200648052410
200648052411
200648052501
200648052502
200648052503
200648052504
200648052505
200648052506
200648052507
200648052508
200648052509
200648052510
200648052511
200648052601
200648052602
200648052603
200648052604
200648052605
200648052606
200648052607
200648052608
200648052609
200648060601
200648060602
200648060603
200648060604
200648060605
200648060606
200648060607
200648060608
200648060609
200648060610
200648060611
200648060801
200648060802
200648060803
200648060804
200648060805
200648060806
200648060807
200648060808
200648060809
200648060810
200648060901
200648060902
200648060903
200648060904
200648060905
200648060906
200648060907
200648060908
200648062001
200648062002
200648062003
200648062004
200648062005
200648062006
200648062007
200648062008
200648062009
200648062010
200648062011
200648062101
200648062102
200648062103
200648062104
200648062105
200648062106
200648062107
200648062108
200648062301
200648062302
200648062303
200648062304
200648062305
200648062306
200648062307
200648062308
200648071101
200648071102
200648071103
200648071104
200648071105
200648071106
200648071107
200648071108
200648071109
200648071110
200648071201
200648071202
200648071203
200648071204
200648071205
200648071206
200648071207
200648071208
200648071209
200648071301
200648071302
200648071303
200648071304
200648071305
200648071306
200648071307
200648071308
200648071309
200648071401
200648071402
200648071403
200648071404
200648071405
200648071406
200648071407
200648071408
200648072401
200648072402
200648072403
200648072404
200648072405
200648072406
200648072407
200648072408
200648072501
200648072502
200648072503
200648072504
200648072505
200648072506
200648072507
200648072508
200648072509
200648072601
200648072602
200648072603
200648072604
200648072605
200648072606
200648072607
200648072608
200648072701
200648072702
200648072703
200648072704
200648072705
200648072706
200648072801
200648072802
200648072803
200648072804
200648072805
200648072806
200648072807
200648072808
200648072809
200648080701
200648080702
200648080703
200648080704
200648080705
200648080706
200648080707
200648080708
200648080709
200648080710
200648080801
200648080802
200648080803
200648080804
200648080805
200648080806
200648080807
200648080808
200648080809
200648080901
200648080902
200648080903
200648080904
200648080905
200648080906
200648080907
200648080908
200648080909
200648080910
200648080911
200648081001
200648081002
200648081003
200648081004
200648081005
200648081006
200648081007
200648081008
200648081009
200648082101
200648082102
200648082103
200648082104
200648082105
200648082106
200648082107
200648082108
200648082109
200648082110
200648082201
200648082202
200648082203
200648082204
200648082205
200648082206
200648082207
200648082301
200648082302
200648082303
200648082304
200648082305
200648082306
200648082307
200648082401
200648082402
200648082403
200648082404
200648082405
200648082406
200648082407
200648082501
200648082502
200648082503
200648082504
200648082505
200648082506
200648082507
200648082508
200648082509
200648090501
200648090502
200648090503
200648090504
200648090505
200648090506
200648090507
200648090508
200648090509
200648090510
200648090601
200648090602
200648090603
200648090604
200648090605
200648090606
200648090607
200648090608
200648090609
200648090610
200648090611
200648090701
200648090702
200648090703
200648090704
200648090705
200648090706
200648090707
200648090708
200648090709
200648090710
200648092501
200648092502
200648092503
200648092601
200648092602
200648092603
200648092604
200648092605
200648092606
200648092607
200648092608
200648092609
200648092610
200648092701
200648092702
200648092703
200648092704
200648092705
200648092706
200648092707
200648092708
200648092709
200648092801
200648092802
200648092803
200648092804
200648092805
200648092806
200648092807
200648092808
200648092809
200648092810
200648092811
200648101001
200648101002
200648101003
200648101004
200648101005
200648101006
200648101007
200648101008
200648101009
200648101010
200648101101
200648101102
200648101103
200648101104
200648101105
200648101106
200648101107
200648101108
200648101201
200648101202
200648101203
200648101204
200648101205
200648101206
200648101207
200648101208
200648101209
200648101210
200648101301
200648101302
200648101303
200648101304
200648101305
200648101306
200648101307
200648101308
200648102401
200648102402
200648102403
200648102404
200648102405
200648102406
200648102407
200648102408
200648102409
200648102410
200648102411
200648102501
200648102502
200648102503
200648102504
200648102505
200648102506
200648102507
200648102508
200648102509
200648102510
200648102601
200648102602
200648102603
200648102604
200648102605
200648102606
200648102607
200648102608
200648102609
200648102610
200648102611
200648111301
200648111302
200648111303
200648111304
200648111305
200648111306
200648111307
200648111308
200648111309
200648111401
200648111402
200648111403
200648111404
200648111405
200648111406
200648111407
200648111408
200648111409
200648111501
200648111502
200648111503
200648111504
200648111601
200648111602
200648111603
200648111604
200648111605
200648111606
200648111607
200648111608
200648111609
200648112701
200648112702
200648112703
200648112704
200648112705
200648112801
200648112802
200648112803
200648112804
200648112805
200648112806
200648112807
200648112808
200648112809
200648112810
200648112901
200648112902
200648112903
200648112904
200648112905
200648112906
200648112907
200648120101
200648120102
200648120103
200648120104
200648120105
200648120106
200648120107
200648120108
200648120109
200648120110
200648120111
200648120401
200648120402
200648120501
200648120502
200648120503
200648120504
200648120505
200648120506
200648120507
200648120508
200648120509
200648120510
200648120511
200648120601
200648120602
200648120603
200648120801
200648120802
200648120803
200648120804
200648120805
200648120806
200648121801
200648121802
200648121803
200648121804
200648121805
200648121901
200648121902
200648121903
200648121904
200648121905
200648121906
200648121907
200648121908
200648121909
200648121910
200648121911
200648122001
200648122002
200648122003
200648122004
200648122005
200648122006
200648122007
200648122008
200648122009
200648122010
200648122011
200648122101
200648122102
200648122103
200648122104
200648122105
200648122106
200648122107
200648122201
200648122202
200648122203
200648122204
200648122205
200648122206
200648122207
200648122208
200648122209
200648122210
200648123101
200648123102
200648123103
200648123104
200648123105
200648123106
200648123107