200650010104
200650010106
200650010108
200650010111
200650010201
200650010301
200650010308
200650010310
200650010409
200650010411
200650011107
200650011109
200650011112
200650011205
200650011208
200650011701
200650011706
200650011709
200650011711
200650011801
200650011811
200650011903
200650011905
200650011910
200650011912
200650012410
200650012411
200650012503
200650012506
200650012602
200650012604
200650012606
200650012610
200650012612
200650013103
200650013108
200650020109
200650020204
200650020210
200650020710
200650020803
200650020809
200650020811
200650020904
200650020907
200650021006
200650021011
200650021402
200650021409
200650021509
200650032108
200650032203
200650032208
200650032212
200650032305
200650032806
200650032809
200650032810
200650032912
200650033001
200650033003
200650033012
200650040401
200650040504
200650040602
200650040606
200650040610
200650041110
200650041209
200650041210
200650041211
200650041311
200650041801
200650041809
200650041910
200650041911
200650042002
200650042006
200650042610
200650050202
200650050208
200650050210
200650050211
200650050301
200650050410
200650050501
200650050508
200650050510
200650050512
200650050908
200650051010
200650051703
200650051709
200650051804
200650052402
200650052406
200650052407
200650052409
200650052410
200650052501
200650052508
200650053108
200650053111
200650060609
200650060701
200650060702
200650060703
200650060810
200650061310
200650061406
200650062106
200650062108
200650062206
200650062701
200650062901
200650062903
200650070502
200650070505
200650070508
200650070509
200650070510
200650071101
200650071109
200650071209
200650071301
200650071707
200650071801
200650071803
200650071807
200650071809
200650071810
200650071902
200650072002
200650072510
200650072602
200650080102
200650080211
200650080301
200650081001
200650081005
200650081009
200650081010
200650081501
200650081504
200650081603
200650081705
200650081709
200650100405
200650100501
200650100904
200650100907
200650100909
200650101010
200650101105
200650101109
200650101201
200650101209
200650101710
200650101801
200650101805
200650101806
200650101908
200650101911
200650102404
200650102408
200650102505
200650102509
200650102607
200650102609
200650102611
200650110105
200650110107
200650110203
200650110204
200650110303
200650110704
200650110806
200650110808
200650110907
200650111406
200650111502
200650111506
200650111510
200650111511
200650111603
200650112104
200650112204
200650112205
200650112306
200650112307
200650112308
200650112805
200650112807
200650112907
200650113005
200650120503
200650120505
200650120508
200650120604
200650120611
200650120612
200650120707
200650120708
200650120710
200650121206
200650121208
200650121905
200650121907
200650122002
200650122009
200650122101
200650122108
200650122112
200650122801
200650122806
200650123002