200651022211
200651022304
200651022410
200651022412
200651022802
200651022806
200651022809
200651022811
200651030110
200651030112
200651030208
200651030211
200651030708
200651030709
200651030803
200651030809
200651031401
200651031407
200651031409
200651031503
200651031511
200651031609
200651031610
200651082404
200651083008
200651083103
200651083105
200651083106
200651090505
200651090509
200651090606
200651090609
200651090610
200651090701
200651090702
200651090703
200651090708
200651090709
200651091408
200651091906
200651092009
200651092103
200651092106
200651092108
200651092109
200651092604
200651092610
200651092708
200651092806
200651092811