200653013001
200653013002
200653013003
200653021301
200653021302
200653021303
200653021304
200653031101
200653031102
200653031103
200653031104
200653031901
200653031902
200653031903
200653042201
200653042202
200653042203
200653042204
200653042205
200653042206
200653042207
200653042208
200653042209
200653052001
200653052002
200653052003
200653052004
200653052005
200653052006
200653052007
200653052008
200653052009
200653052010
200653061801
200653061802
200653061803
200653061804
200653061805
200653061806
200653061807
200653061808
200653061809
200653070201
200653070202
200653070203
200653070204
200653070205
200653070206
200653070207
200653070208
200653070209
200653070901
200653070902
200653070903
200653070904
200653070905
200653070906
200653070907
200653070908
200653070909
200653070910
200653072301
200653072302
200653072303
200653072304
200653072305
200653072306
200653072307
200653072308
200653072901
200653072902
200653072903
200653072904
200653072905
200653072906
200653072907
200653072908
200653081301
200653081302
200653081303
200653081304
200653081305
200653081306
200653081307
200653081308
200653081309
200653081501
200653081502
200653081503
200653081504
200653081505
200653081506
200653081507
200653081508
200653082701
200653082702
200653082703
200653082704
200653082705
200653082706
200653082707
200653082708
200653082709
200653082710
200653090201
200653090202
200653090203
200653090204
200653090205
200653090206
200653090207
200653090208
200653090209
200653090210
200653090211
200653091801
200653091802
200653091803
200653091804
200653091805
200653091806
200653091807
200653091808
200653091809
200653091810
200653092401
200653092402
200653092403
200653092404
200653092405
200653092406
200653092407
200653092408
200653092409
200653092410
200653100901
200653100902
200653100903
200653100904
200653100905
200653100906
200653100907
200653100908
200653101401
200653101402
200653101403
200653101404
200653101405
200653101406
200653101407
200653101408
200653101409
200653110401
200653110402
200653110403
200653110404
200653110405
200653110406
200653110407
200653110408
200653110501
200653110502
200653110503
200653110504
200653110505
200653110506
200653110507
200653110508
200653111901
200653111902
200653111903
200653111904
200653111905
200653111906
200653111907
200653111908
200653111909
200653111910
200653121001
200653121002
200653121003
200653121004
200653121005
200653121006
200653121007
200653121008
200653121009