200655010301
200655010302
200655010303
200655010304
200655010305
200655010306
200655010307
200655010308
200655010309
200655010310
200655010901
200655010902
200655010903
200655010904
200655010905
200655010906
200655010907
200655012101
200655012102
200655012103
200655012104
200655012105
200655012106
200655012107
200655012108
200655012109
200655012110
200655012801
200655012802
200655012803
200655012804
200655012805
200655012806
200655012807
200655013001
200655013002
200655013003
200655013004
200655013005
200655013006
200655013007
200655013008
200655013009
200655013010
200655020401
200655020402
200655020501
200655020502
200655020503
200655020504
200655020505
200655020506
200655020507
200655020508
200655021201
200655021202
200655021203
200655021204
200655021205
200655021206
200655021207
200655021208
200655021301
200655021302
200655021303
200655021304
200655021305
200655021306
200655021307
200655021308
200655021309
200655021310
200655021901
200655021902
200655021903
200655021904
200655021905
200655021906
200655021907
200655021908
200655021909
200655021910
200655030501
200655030502
200655030503
200655030504
200655030505
200655030506
200655030507
200655031201
200655031202
200655031203
200655031204
200655031205
200655031206
200655031207
200655031208
200655032501
200655032502
200655032503
200655032504
200655032505
200655032506
200655032507
200655042201
200655042901
200655042902
200655042903
200655042904
200655042905
200655042906
200655042907
200655043001
200655043002
200655043003
200655043004
200655043005
200655043006
200655043007
200655043008
200655043009
200655043010
200655050401
200655050402
200655050403
200655050404
200655052801
200655052802
200655052803
200655052804
200655052805
200655052806
200655052807
200655052808
200655052809
200655052810
200655060301
200655060302
200655060303
200655060304
200655060305
200655060306
200655060307
200655060308
200655060309
200655062501
200655062502
200655062503
200655062504
200655062505
200655062506
200655062507
200655062508
200655070801
200655070802
200655070803
200655070804
200655070805
200655070806
200655070807
200655070808
200655070809
200655070810
200655071701
200655071702
200655071703
200655071704
200655071705
200655071706
200655071707
200655071708
200655071709
200655072901
200655072902
200655072903
200655072904
200655072905
200655072906
200655072907
200655081501
200655081502
200655081503
200655081504
200655081505
200655081506
200655081507
200655081508
200655081509
200655090301
200655090302
200655090303
200655090304
200655090305
200655090306
200655090307
200655090308
200655091901
200655091902
200655091903
200655091904
200655091905
200655091906
200655091907
200655091908
200655102101
200655102102
200655102103
200655102104
200655102105
200655102106
200655110501
200655110502
200655110503
200655110504
200655110505
200655111101
200655111102
200655111103
200655111104
200655111105
200655111106
200655111107
200655111108
200655111109
200655111801
200655111802
200655111803
200655111804
200655111805
200655111806
200655112601
200655112602
200655112603
200655112604
200655112605
200655112606
200655112607
200655112608
200655120201
200655120202
200655120203
200655120204
200655120205
200655120206
200655120207
200655120208
200655120209
200655120210
200655120301
200655120302
200655120303
200655120304
200655120305
200655120306
200655120307
200655121601
200655121602
200655121603
200655121604
200655121605
200655121606
200655121607
200655121608
200655121609
200655121610
200655122401
200655122402
200655122403
200655122404
200655122405
200655122406
200655122407
200655122408