200656010201
200656010202
200656010203
200656010204
200656010205
200656010206
200656010207
200656010208
200656011101
200656011701
200656011702
200656011703
200656011704
200656011705
200656011706
200656011707
200656011708
200656011801
200656011802
200656011803
200656011804
200656011805
200656011806
200656011807
200656012501
200656012502
200656012503
200656012504
200656012505
200656012506
200656012507
200656013101
200656013102
200656013103
200656013104
200656013105
200656013106
200656013107
200656013108
200656020701
200656020702
200656020703
200656020704
200656020705
200656020706
200656020707
200656020708
200656020709
200656020801
200656020802
200656020803
200656020804
200656020805
200656020806
200656021501
200656021502
200656021503
200656021504
200656021505
200656021506
200656021507
200656021508
200656022101
200656022102
200656022103
200656031501
200656031502
200656031503
200656031504
200656031505
200656031506
200656031507
200656031508
200656032201
200656032202
200656032203
200656032204
200656032205
200656032206
200656032207
200656032208
200656040801
200656040802
200656040803
200656040901
200656041801
200656041802
200656041803
200656041804
200656041805
200656041806
200656042601
200656042602
200656042603
200656042604
200656042605
200656042606
200656042607
200656042608
200656042609
200656042610
200656050201
200656050202
200656051301
200656051302
200656051303
200656051304
200656051305
200656051306
200656051307
200656051308
200656051309
200656051401
200656051402
200656051403
200656051404
200656051405
200656051406
200656051407
200656051408
200656052401
200656052402
200656052403
200656053001
200656053002
200656053003
200656053004
200656053005
200656053006
200656053007
200656053008
200656053009
200656053101
200656053102
200656053103
200656053104
200656053105
200656053106
200656053107
200656060601
200656060602
200656060603
200656060604
200656060605
200656060606
200656060607
200656060608
200656060609
200656060610
200656060701
200656060702
200656060703
200656060704
200656060705
200656060706
200656060707
200656060708
200656060709
200656061401
200656061402
200656061403
200656061404
200656061405
200656061406
200656061407
200656061408
200656061409
200656062101
200656062102
200656062103
200656062104
200656062801
200656062802
200656062803
200656062804
200656062805
200656062806
200656062807
200656062808
200656062809
200656062810
200656070401
200656070402
200656070403
200656070404
200656070405
200656070501
200656070502
200656070503
200656070504
200656070505
200656070506
200656070507
200656070508
200656070509
200656071801
200656071802
200656071803
200656071804
200656071805
200656071806
200656071807
200656071808
200656071809
200656071901
200656071902
200656071903
200656071904
200656071905
200656071906
200656071907
200656071908
200656071909
200656072501
200656072502
200656072503
200656072504
200656072601
200656072602
200656072603
200656072604
200656072605
200656072606
200656072607
200656072608
200656080801
200656080802
200656080803
200656080804
200656080805
200656080806
200656080807
200656080808
200656080809
200656080901
200656080902
200656080903
200656080904
200656080905
200656080906
200656080907
200656080908
200656080909
200656081101
200656081102
200656081103
200656081104
200656081105
200656081106
200656081107
200656081108
200656081109
200656090601
200656090602
200656090603
200656090604
200656090605
200656090606
200656090607
200656090608
200656090609
200656091201
200656091202
200656091203
200656091204
200656091205
200656091206
200656091207
200656091208
200656091301
200656091302
200656091303
200656091304
200656091305
200656091901
200656091902
200656091903
200656091904
200656091905
200656091906
200656091907
200656092701
200656092702
200656092703
200656092704
200656092705
200656092706
200656092707
200656092708
200656100401
200656100402
200656100403
200656100404
200656100405
200656100406
200656100407
200656101801
200656101802
200656101803
200656101804
200656101805
200656101806
200656101807
200656101808
200656101809
200656102501
200656102502
200656102503
200656103101
200656103102
200656103103
200656103104
200656103105
200656103106
200656103107
200656103108
200656110801
200656110802
200656110803
200656110804
200656110805
200656110806
200656110807
200656110808
200656110809
200656112201
200656112202
200656112203
200656112301
200656112302
200656112303
200656112801
200656112802
200656112803
200656112804
200656112805
200656112806
200656112807
200656112901
200656112902
200656112903
200656112904
200656112905
200656112906
200656112907
200656112908
200656112909
200656120601
200656120602
200656120603
200656120604
200656120605
200656120606
200656121201
200656121202
200656121203
200656121204
200656121205
200656121301
200656121302
200656121303
200656121304
200656121305
200656121306
200656121307
200656122301
200656122302
200656122303
200656122304
200656122305
200656122306
200656122307
200656122308
200656122309
200656122310
200656122401
200656122402
200656122403
200656122404
200656122405
200656122406
200656122407
200656122408
200656122409
200656122410
200656123001
200656123002
200656123003
200656123004
200656123005
200656123006
200656123007
200656123101
200656123102
200656123103
200656123104
200656123105
200656123106
200656123107
200656123108