200658050301
200658050310
200658050402
200658050508
200658051106
200658051108
200658051109
200658051112
200658051605
200658051611
200658051706
200658051712
200658051801
200658051802
200658051806
200658051807
200658051810
200658051811
200658052404
200658052410
200658052411
200658052504
200658052505
200658052507
200658052510
200658053005
200658053007
200658053008
200658053110
200658053111
200658060103
200658060105
200658060106
200658060710
200658060711
200658060712
200658060802
200658060803
200658060805
200658060806
200658060809
200658060810
200658060811
200658061308
200658061310
200658061402
200658061501
200658061506
200658061510
200658062003
200658062007
200658062008
200658062011
200658062105
200658062111
200658062202
200658062212
200658062708
200658062810
200658062811
200658101809
200658101811
200658101903
200658101905
200658101906
200658102405
200658102409
200658102410
200658102507
200658102509
200658102511
200658102601
200658102603
200658102608
200658103110
200658110105
200658110106
200658110109
200658110110
200658110204
200658110207
200658110210
200658110703
200658110707
200658110708
200658110709
200658110808
200658110809
200658110902
200658110907
200658110908
200658110910