200801010101
200801010102
200801010103
200801010104
200801010105
200801010106
200801010107
200801010108
200801010109
200801010110
200801010111
200801010112
200801010201
200801010202
200801010203
200801010204
200801010205
200801010206
200801010207
200801010208
200801010209
200801010210
200801010211
200801010212
200801010301
200801010302
200801010303
200801010304
200801010305
200801010306
200801010307
200801010308
200801010309
200801010310
200801010311
200801010312
200801010401
200801010402
200801010403
200801010404
200801010405
200801010406
200801010407
200801010408
200801010409
200801010410
200801010411
200801010412
200801010501
200801010502
200801010503
200801010504
200801010505
200801010506
200801010507
200801010508
200801010509
200801010510
200801010511
200801010512
200801010601
200801010602
200801010603
200801010604
200801010605
200801010606
200801010607
200801010608
200801010609
200801010610
200801010611
200801010612
200801010701
200801010702
200801010703
200801010704
200801010705
200801010706
200801010707
200801010708
200801010709
200801010710
200801010711
200801010712
200801010801
200801010802
200801010803
200801010804
200801010805
200801010806
200801010807
200801010808
200801010809
200801010810
200801010811
200801010812
200801020101
200801020102
200801020103
200801020104
200801020105
200801020106
200801020107
200801020108
200801020109
200801020110
200801020111
200801020112
200801020201
200801020202
200801020203
200801020204
200801020205
200801020206
200801020207
200801020208
200801020209
200801020210
200801020211
200801020212
200801020301
200801020302
200801020303
200801020304
200801020305
200801020306
200801020307
200801020308
200801020309
200801020310
200801020311
200801020312
200801020401
200801020402
200801020403
200801020404
200801020405
200801020406
200801020407
200801020408
200801020409
200801020410
200801020411
200801020412
200801020501
200801020502
200801020503
200801020504
200801020505
200801020506
200801020507
200801020508
200801020509
200801020510
200801020511
200801020512
200801020601
200801020602
200801020603
200801020604
200801020605
200801020606
200801020607
200801020608
200801020609
200801020610
200801020611
200801020612
200801020701
200801020702
200801020703
200801020704
200801020705
200801020706
200801020707
200801020708
200801020709
200801020710
200801020711
200801020712
200801020801
200801020802
200801020803
200801020804
200801020805
200801020806
200801020807
200801020808
200801020809
200801020810
200801020811
200801020812