200802010101
200802010102
200802010103
200802010104
200802010105
200802010106
200802010107
200802010108
200802010109
200802010110
200802010111
200802010112
200802010201
200802010202
200802010203
200802010204
200802010205
200802010206
200802010207
200802010208
200802010209
200802010210
200802010211
200802010212
200802010301
200802010302
200802010303
200802010304
200802010305
200802010306
200802010307
200802010308
200802010309
200802010310
200802010311
200802010312
200802010401
200802010402
200802010403
200802010404
200802010405
200802010406
200802010407
200802010408
200802010409
200802010410
200802010411
200802010412
200802010501
200802010502
200802010503
200802010504
200802010505
200802010506
200802010507
200802010508
200802010509
200802010510
200802010511
200802010512
200802010601
200802010602
200802010603
200802010604
200802010605
200802010606
200802010607
200802010608
200802010609
200802010610
200802010611
200802010612
200802010701
200802010702
200802010703
200802010704
200802010705
200802010706
200802010707
200802010708
200802010709
200802010710
200802010711
200802010712
200802010801
200802010802
200802010803
200802010804
200802010805
200802010806
200802010807
200802010808
200802010809
200802010810
200802010811
200802010812
200802020101
200802020102
200802020103
200802020104
200802020105
200802020106
200802020107
200802020108
200802020109
200802020110
200802020111
200802020112
200802020201
200802020202
200802020203
200802020204
200802020205
200802020206
200802020207
200802020208
200802020209
200802020210
200802020211
200802020212
200802020301
200802020302
200802020303
200802020304
200802020305
200802020306
200802020307
200802020308
200802020309
200802020310
200802020311
200802020312
200802020401
200802020402
200802020403
200802020404
200802020405
200802020406
200802020407
200802020408
200802020409
200802020410
200802020411
200802020412
200802020501
200802020502
200802020503
200802020504
200802020505
200802020506
200802020507
200802020508
200802020509
200802020510
200802020511
200802020512
200802020601
200802020602
200802020603
200802020604
200802020605
200802020606
200802020607
200802020608
200802020609
200802020610
200802020611
200802020612
200802020701
200802020702
200802020703
200802020704
200802020705
200802020706
200802020707
200802020708
200802020709
200802020710
200802020711
200802020712
200802020801
200802020802
200802020803
200802020804
200802020805
200802020806
200802020807
200802020808
200802020809
200802020810
200802020811
200802020812