200803010101
200803010102
200803010103
200803010104
200803010105
200803010106
200803010107
200803010108
200803010109
200803010110
200803010111
200803010201
200803010202
200803010203
200803010204
200803010205
200803010206
200803010207
200803010208
200803010209
200803010210
200803010211
200803010212
200803010301
200803010302
200803010303
200803010304
200803010305
200803010306
200803010307
200803010308
200803010309
200803010310
200803010311
200803010312
200803010401
200803010402
200803010403
200803010404
200803010405
200803010406
200803010407
200803010408
200803010409
200803010410
200803010411
200803010412
200803010501
200803010502
200803010503
200803010504
200803010505
200803010506
200803010507
200803010508
200803010509
200803010510
200803010511
200803010512
200803010601
200803010602
200803010603
200803010604
200803010605
200803010606
200803010607
200803010608
200803010609
200803010610
200803010611
200803010612
200803020101
200803020102
200803020103
200803020104
200803020105
200803020106
200803020107
200803020108
200803020109
200803020110
200803020111
200803020112
200803020201
200803020202
200803020203
200803020204
200803020205
200803020206
200803020207
200803020208
200803020209
200803020210
200803020211
200803020212
200803020301
200803020302
200803020303
200803020304
200803020305
200803020306
200803020307
200803020308
200803020309
200803020310
200803020311
200803020312
200803020401
200803020402
200803020403
200803020404
200803020405
200803020406
200803020407
200803020408
200803020409
200803020410
200803020411
200803020412
200803020501
200803020502
200803020503
200803020504
200803020505
200803020506
200803020507
200803020508
200803020509
200803020510
200803020511
200803020512
200803020601
200803020602
200803020603
200803020604
200803020605
200803020606
200803020607
200803020608
200803020609
200803020610
200803020611
200803020612
200803020701
200803020702
200803020703
200803020704
200803020705
200803020706
200803020707
200803020708
200803020709
200803020710
200803020711
200803020712
200803020801
200803020802
200803020803
200803020804
200803020805
200803020806
200803020807
200803020808
200803020809
200803020810
200803020811
200803020812
200803030101
200803030102
200803030103
200803030104
200803030105
200803030106
200803030107
200803030108
200803030109
200803030110
200803030111
200803030112
200803030201
200803030202
200803030203
200803030204
200803030205
200803030206
200803030207
200803030208
200803030209
200803030210
200803030211
200803030212
200803030301
200803030302
200803030303
200803030304
200803030305
200803030306
200803030307
200803030308
200803030309
200803030310
200803030311
200803030401
200803030402
200803030403
200803030404
200803030405
200803030406
200803030407
200803030408
200803030409
200803030410
200803030411
200803030501
200803030502
200803030503
200803030504
200803030505
200803030506
200803030507
200803030508
200803030509
200803030510
200803030511
200803030512
200803030601
200803030602
200803030603
200803030604
200803030605
200803030606
200803030607
200803030608
200803030609
200803030610
200803030611
200803030612
200803030701
200803030702
200803030703
200803030704
200803030705
200803030706
200803030707
200803030708
200803030709
200803030710
200803030711
200803030712
200803030801
200803030802
200803030803
200803030804
200803030805
200803030806
200803030807
200803030808
200803030809
200803030810
200803030811
200803030812
200803030901
200803030902
200803030903
200803030904
200803030905
200803030906
200803030907
200803030908
200803030909
200803030910
200803030911
200803031001
200803031002
200803031003
200803031004
200803031005
200803031006
200803031007
200803031008
200803031009
200803031010
200803031011
200803031012