200805010101
200805010105
200805010106
200805010107
200805010108
200805010109
200805010110
200805010111
200805010112
200805010203
200805010207
200805010210
200805010211
200805010212
200805010301
200805010302
200805010304
200805010306
200805010308
200805010309
200805010311
200805010312
200805010402
200805010403
200805010405
200805010406
200805010407
200805010408
200805010409
200805010410
200805010411
200805010501
200805010503
200805010504
200805010506
200805010507
200805010508
200805010509
200805010510
200805010512
200805010601
200805010603
200805010604
200805010605
200805010607
200805010608
200805010609
200805010610
200805010611
200805010701
200805010703
200805010708
200805010709
200805010710
200805010711
200805010801
200805010802
200805010803
200805010804
200805010805
200805010806
200805010808
200805010809
200805010811
200805010812
200805020105
200805020106
200805020107
200805020108
200805020111
200805020112
200805020201
200805020203
200805020205
200805020206
200805020208
200805020209
200805020210
200805020211
200805020301
200805020305
200805020310
200805020312
200805020401
200805020405
200805020407
200805020411
200805020507
200805020508
200805020509
200805020510
200805020511
200805020512
200805020601
200805020602
200805020603
200805020604
200805020605
200805020606
200805020610
200805020611
200805020612
200805020701
200805020706
200805020707
200805020708
200805020709
200805020710
200805020711
200805020712
200805020802
200805020804
200805020806
200805020807
200805020808
200805020809
200805020810
200805020811
200805020812
200805030101
200805030102
200805030103
200805030105
200805030106
200805030107
200805030109
200805030111
200805030201
200805030203
200805030205
200805030206
200805030207
200805030208
200805030209
200805030210
200805030211
200805030301
200805030303
200805030306
200805030307
200805030308
200805030309
200805030310
200805030311
200805030312
200805030403
200805030405
200805030406
200805030407
200805030409
200805030410
200805030412
200805030501
200805030503
200805030506
200805030507
200805030508
200805030509
200805030510
200805030512
200805030601
200805030602
200805030606
200805030607
200805030608
200805030609
200805030610
200805030611
200805030612
200805030701
200805030703
200805030704
200805030707
200805030708
200805030710
200805030711
200805030712
200805030803
200805030804
200805030807
200805030808
200805030809
200805030810
200805030811
200805030812
200805040101
200805040103
200805040105
200805040106
200805040107
200805040108
200805040109
200805040110
200805040111
200805040201
200805040202
200805040203
200805040206
200805040209
200805040210
200805040211
200805040212
200805040301
200805040302
200805040303
200805040304
200805040305
200805040306
200805040307
200805040308
200805040309
200805040310
200805040311
200805040312
200805040401
200805040403
200805040404
200805040405
200805040408
200805040409
200805040410
200805040411
200805040412
200805040501
200805040503
200805040505
200805040506
200805040507
200805040508
200805040509
200805040510
200805040511
200805040601
200805040603
200805040606
200805040608
200805040609
200805040610
200805040611
200805040612
200805040705
200805040706
200805040707
200805040708
200805040709
200805040711
200805040712
200805040801
200805040802
200805040803
200805040804
200805040805
200805040807
200805040808
200805040809
200805040810
200805040811
200805040812
200805050103
200805050104
200805050105
200805050106
200805050107
200805050108
200805050109
200805050110
200805050111
200805050112
200805050201
200805050202
200805050205
200805050206
200805050207
200805050208
200805050209
200805050210
200805050211
200805050212
200805050301
200805050303
200805050304
200805050306
200805050307
200805050308
200805050310
200805050311
200805050312
200805050402
200805050405
200805050408
200805050409
200805050410
200805050411
200805050412
200805050501
200805050502
200805050503
200805050504
200805050505
200805050506
200805050507
200805050510
200805050511
200805050512
200805050603
200805050604
200805050605
200805050607
200805050608
200805050610
200805050611
200805050612
200805050701
200805050702
200805050703
200805050705
200805050706
200805050708
200805050709
200805050710
200805050711
200805050712
200805050803
200805050804
200805050805
200805050806
200805050807
200805050808
200805050809
200805050810
200805050811