200806010101
200806010102
200806010103
200806010104
200806010105
200806010106
200806010107
200806010108
200806010109
200806010110
200806010111
200806010112
200806010201
200806010202
200806010203
200806010204
200806010205
200806010206
200806010207
200806010208
200806010209
200806010210
200806010211
200806010212
200806010301
200806010302
200806010303
200806010304
200806010305
200806010306
200806010307
200806010308
200806010309
200806010310
200806010311
200806010312
200806010401
200806010402
200806010403
200806010404
200806010405
200806010406
200806010407
200806010408
200806010409
200806010410
200806010411
200806010412
200806010501
200806010502
200806010503
200806010504
200806010505
200806010506
200806010507
200806010508
200806010509
200806010510
200806010511
200806010512
200806010601
200806010602
200806010603
200806010604
200806010605
200806010606
200806010607
200806010608
200806010609
200806010610
200806010611
200806010612
200806010701
200806010702
200806010703
200806010704
200806010705
200806010706
200806010707
200806010708
200806010709
200806010710
200806010711
200806010712
200806010801
200806010802
200806010803
200806010804
200806010805
200806010806
200806010807
200806010808
200806010809
200806010810
200806010811
200806010812
200806020101
200806020102
200806020103
200806020104
200806020105
200806020106
200806020107
200806020108
200806020109
200806020110
200806020111
200806020112
200806020201
200806020202
200806020203
200806020204
200806020205
200806020206
200806020207
200806020208
200806020209
200806020210
200806020211
200806020212
200806020301
200806020302
200806020303
200806020304
200806020305
200806020306
200806020307
200806020308
200806020309
200806020310
200806020311
200806020312
200806020401
200806020402
200806020403
200806020404
200806020405
200806020406
200806020407
200806020408
200806020409
200806020410
200806020411
200806020412
200806020501
200806020502
200806020503
200806020504
200806020505
200806020506
200806020507
200806020508
200806020509
200806020510
200806020511
200806020512
200806020601
200806020602
200806020603
200806020604
200806020605
200806020606
200806020607
200806020608
200806020609
200806020610
200806020611
200806020612
200806020701
200806020702
200806020703
200806020704
200806020705
200806020706
200806020707
200806020708
200806020709
200806020710
200806020711
200806020712
200806020801
200806020802
200806020803
200806020804
200806020805
200806020806
200806020807
200806020808
200806020809
200806020810
200806020811
200806020812
200806030101
200806030102
200806030103
200806030104
200806030105
200806030106
200806030107
200806030108
200806030109
200806030110
200806030111
200806030112
200806030201
200806030202
200806030203
200806030204
200806030205
200806030206
200806030207
200806030208
200806030209
200806030210
200806030211
200806030212
200806030301
200806030302
200806030303
200806030304
200806030305
200806030306
200806030307
200806030308
200806030309
200806030310
200806030311
200806030312
200806030401
200806030402
200806030403
200806030404
200806030405
200806030406
200806030407
200806030408
200806030409
200806030410
200806030411
200806030412
200806030501
200806030502
200806030503
200806030504
200806030505
200806030506
200806030507
200806030508
200806030509
200806030510
200806030511
200806030512
200806030601
200806030602
200806030603
200806030604
200806030605
200806030606
200806030607
200806030608
200806030609
200806030610
200806030611
200806030612
200806030701
200806030702
200806030703
200806030704
200806030705
200806030706
200806030707
200806030708
200806030709
200806030710
200806030711
200806030712
200806030801
200806030802
200806030803
200806030804
200806030805
200806030806
200806030807
200806030808
200806030809
200806030810
200806030811
200806030812
200806040101
200806040102
200806040103
200806040104
200806040105
200806040106
200806040107
200806040108
200806040109
200806040110
200806040111
200806040112
200806040201
200806040202
200806040203
200806040204
200806040205
200806040206
200806040207
200806040208
200806040209
200806040210
200806040211
200806040212
200806040301
200806040302
200806040303
200806040304
200806040305
200806040306
200806040307
200806040308
200806040309
200806040310
200806040311
200806040312
200806040401
200806040402
200806040403
200806040404
200806040405
200806040406
200806040407
200806040408
200806040409
200806040410
200806040411
200806040412
200806040501
200806040502
200806040503
200806040504
200806040505
200806040506
200806040507
200806040508
200806040509
200806040510
200806040511
200806040512
200806040601
200806040602
200806040603
200806040604
200806040605
200806040606
200806040607
200806040608
200806040609
200806040610
200806040611
200806040612
200806040701
200806040702
200806040703
200806040704
200806040705
200806040706
200806040707
200806040708
200806040709
200806040710
200806040711
200806040712
200806040801
200806040802
200806040803
200806040804
200806040805
200806040806
200806040807
200806040808
200806040809
200806040810
200806040811
200806040812
200806050101
200806050102
200806050103
200806050104
200806050105
200806050106
200806050107
200806050108
200806050109
200806050110
200806050111
200806050112
200806050201
200806050202
200806050203
200806050204
200806050205
200806050206
200806050207
200806050208
200806050209
200806050210
200806050211
200806050212
200806050301
200806050302
200806050303
200806050304
200806050305
200806050306
200806050307
200806050308
200806050309
200806050310
200806050311
200806050312
200806050401
200806050402
200806050403
200806050404
200806050405
200806050406
200806050407
200806050408
200806050409
200806050410
200806050411
200806050412
200806050501
200806050502
200806050503
200806050504
200806050505
200806050506
200806050507
200806050508
200806050509
200806050510
200806050511
200806050512
200806050601
200806050602
200806050603
200806050604
200806050605
200806050606
200806050607
200806050608
200806050609
200806050610
200806050611
200806050612
200806050701
200806050702
200806050703
200806050704
200806050705
200806050706
200806050707
200806050708
200806050709
200806050710
200806050711
200806050712
200806050801
200806050802
200806050803
200806050804
200806050805
200806050806
200806050807
200806050808
200806050809
200806050810
200806050811