200807010101
200807010103
200807010104
200807010105
200807010109
200807010111
200807010112
200807010201
200807010204
200807010205
200807010207
200807010208
200807010209
200807010210
200807010211
200807010212
200807010302
200807010304
200807010305
200807010309
200807010311
200807010312
200807010401
200807010404
200807010405
200807010406
200807010409
200807010410
200807010411
200807010412
200807010503
200807010505
200807010506
200807010507
200807010509
200807010510
200807010511
200807010512
200807010601
200807010606
200807010608
200807010610
200807010611
200807010703
200807010704
200807010705
200807010708
200807010709
200807010710
200807010711
200807010712
200807010801
200807010803
200807010804
200807010805
200807010806
200807010807
200807010808
200807010810
200807010811
200807010812
200807010901
200807010903
200807010905
200807010906
200807010907
200807010908
200807010910
200807010911
200807010912
200807011001
200807011003
200807011004
200807011005
200807011007
200807011008
200807011009
200807011010
200807011011
200807011012
200807020101
200807020102
200807020103
200807020104
200807020105
200807020106
200807020107
200807020108
200807020110
200807020111
200807020112
200807020201
200807020202
200807020203
200807020205
200807020207
200807020208
200807020209
200807020210
200807020211
200807020301
200807020302
200807020303
200807020304
200807020305
200807020306
200807020307
200807020308
200807020309
200807020310
200807020311
200807020312
200807020401
200807020404
200807020405
200807020406
200807020409
200807020411
200807020412
200807020501
200807020502
200807020503
200807020507
200807020508
200807020509
200807020510
200807020511
200807020512
200807020601
200807020602
200807020603
200807020605
200807020606
200807020607
200807020608
200807020609
200807020611
200807020612
200807020701
200807020702
200807020705
200807020706
200807020707
200807020708
200807020709
200807020710
200807020711
200807020712
200807020801
200807020802
200807020803
200807020804
200807020806
200807020807
200807020808
200807020810
200807020811
200807020812
200807030101
200807030102
200807030103
200807030104
200807030105
200807030106
200807030108
200807030109
200807030110
200807030111
200807030112
200807030201
200807030202
200807030203
200807030204
200807030206
200807030207
200807030208
200807030209
200807030211
200807030212
200807030301
200807030302
200807030303
200807030305
200807030306
200807030307
200807030308
200807030309
200807030310
200807030311
200807030312
200807030401
200807030402
200807030403
200807030404
200807030405
200807030406
200807030407
200807030408
200807030409
200807030411
200807030412
200807030501
200807030502
200807030503
200807030504
200807030505
200807030506
200807030507
200807030509
200807030510
200807030511
200807030601
200807030604
200807030605
200807030608
200807030609
200807030610
200807030611
200807030612