196206000201
196206000202
196206000203
196206000204
196206000205
196206000206
196206000207
196206000208
196206000501
196206000502
196206000503
196206000504
196206000505
196206000506
196206000507
196206000508
196206000509
196206000801
196206000802
196206000803
196206000804
196206000805
196206000806
196206050101
196206050102
196206050103
196206050104
196206050105
196206050106
196206050107
196206050401
196206050402
196206050403
196206050404
196206050405
196206050406
196206050701
196206050702
196206050703
196206050704
196206050801
196206050802
196206050803
196206050804
196206050805
196206050806
196206050807
196206050808
196206050809
196206050810
196206050811
196206060101
196206060102
196206060103
196206060104
196206060105
196206060106
196206060107
196206060108
196206060201
196206060202
196206060203
196206060204
196206060205
196206060206
196206060207
196206060208
196206060209
196206060210
196206060601
196206060602
196206060603
196206060604
196206060605
196206060606
196206060607
196206060608