198701010105
198701010110
198701010205
198701010206
198701010209
198701010210
198701010306
198701010307
198701010308
198701010401
198701010406
198701010410
198701010603
198701010604
198701010606
198701010610
198701010701
198701010706
198701010708
198701010804
198701010805
198701010807
198701010809
198701010810
198701020109
198701020206
198701020211
198701020212
198701020304
198701020305
198701020306
198701020307
198701020308
198701020311
198701020402
198701020408
198701020411
198701020509
198701020604
198701020605
198701020607
198701020703
198701020708
198701020710
198701020807
198701020811