198706010101
198706010102
198706010103
198706010105
198706010106
198706010109
198706010203
198706010204
198706010210
198706010301
198706010304
198706010311
198706010406
198706010408
198706010410
198706010510
198706010601
198706010602
198706010611
198706010707
198706010708
198706010802
198706010804
198706010805
198706010806
198706010811
198706010812
198706020102
198706020110
198706020112
198706020203
198706020209
198706020210
198706020302
198706020304
198706020308
198706020310
198706020311
198706020401
198706020407
198706020411
198706020501
198706020609
198706020610
198706020611
198706020705
198706020708
198706020710
198706020711
198706020802
198706020811
198706030102
198706030104
198706030106
198706030107
198706030108
198706030109
198706030112
198706030202
198706030204
198706030206
198706030301
198706030302
198706030304
198706030401
198706030407
198706030408
198706030411
198706030509
198706030510
198706030511
198706030601
198706030604
198706030605
198706030607
198706030701
198706030706
198706030709
198706030805
198706030806
198706030808
198706030810
198706040110
198706040203
198706040209
198706040210
198706040211
198706040308
198706040309
198706040311
198706040411
198706040610
198706040706
198706040708
198706040711
198706040809
198706040810
198706050107
198706050109
198706050111
198706050203
198706050205
198706050207
198706050208
198706050209
198706050211
198706050304
198706050311
198706050312
198706050507
198706050509
198706050510
198706050511
198706050512
198706050605
198706050608
198706050610
198706050612
198706050702
198706050703
198706050707
198706050708
198706050711
198706050807
198706050810