199302010101
199302010102
199302010103
199302010104
199302010105
199302010106
199302010107
199302010108
199302010109
199302010110
199302010201
199302010202
199302010203
199302010204
199302010205
199302010206
199302010207
199302010208
199302010209
199302010210
199302010211
199302010212
199302010301
199302010302
199302010303
199302010304
199302010305
199302010306
199302010307
199302010308
199302010309
199302010310
199302010311
199302010401
199302010402
199302010403
199302010404
199302010405
199302010406
199302010407
199302010408
199302010409
199302010410
199302010411
199302010412
199302010501
199302010502
199302010503
199302010504
199302010505
199302010506
199302010507
199302010508
199302010509
199302010510
199302010511
199302010512
199302010601
199302010602
199302010603
199302010604
199302010605
199302010606
199302010607
199302010608
199302010609
199302010610
199302010611
199302010701
199302010702
199302010703
199302010704
199302010705
199302010706
199302010707
199302010708
199302010709
199302010710
199302010711
199302010712
199302010801
199302010802
199302010803
199302010804
199302010805
199302010806
199302010807
199302010808
199302010809
199302010810
199302010811
199302020101
199302020102
199302020103
199302020104
199302020105
199302020106
199302020107
199302020108
199302020109
199302020110
199302020201
199302020202
199302020203
199302020204
199302020205
199302020206
199302020207
199302020208
199302020209
199302020210
199302020211
199302020301
199302020302
199302020303
199302020304
199302020305
199302020306
199302020307
199302020308
199302020309
199302020310
199302020401
199302020402
199302020403
199302020404
199302020405
199302020406
199302020407
199302020408
199302020409
199302020501
199302020502
199302020503
199302020504
199302020505
199302020506
199302020507
199302020508
199302020509
199302020510
199302020601
199302020602
199302020603
199302020604
199302020605
199302020606
199302020607
199302020608
199302020609
199302020701
199302020702
199302020703
199302020704
199302020705
199302020706
199302020707
199302020708
199302020709
199302020710
199302020711
199302020801
199302020802
199302020803
199302020804
199302020805
199302020806
199302020807
199302020808
199302020809
199302020810