199303010106
199303010111
199303010207
199303010211
199303010306
199303010309
199303010310
199303010311
199303010312
199303010404
199303010409
199303010505
199303010511
199303010512
199303010602
199303010610
199303010707
199303010710
199303010711
199303010809
199303010811
199303020110
199303020207
199303020209
199303020304
199303020410
199303020411
199303020503
199303020506
199303020510
199303020511
199303020603
199303020703
199303020708
199303020710
199303020711
199303020808
199303020809
199303030103
199303030104
199303030202
199303030204
199303030205
199303030210
199303030211
199303030302
199303030402
199303030408
199303030409
199303030410
199303030411
199303030505
199303030604
199303030605
199303030606
199303030609
199303030611
199303030704
199303030709
199303030711
199303030811
199303030812