199304010101
199304010102
199304010103
199304010104
199304010105
199304010106
199304010107
199304010108
199304010109
199304010201
199304010202
199304010203
199304010204
199304010205
199304010206
199304010207
199304010208
199304010209
199304010210
199304010211
199304010301
199304010302
199304010303
199304010304
199304010401
199304010402
199304010403
199304010404
199304010405
199304010406
199304010407
199304010408
199304010409
199304010410
199304010411
199304010501
199304010502
199304010503
199304010504
199304010505
199304010506
199304010507
199304010508
199304010509
199304010510
199304010601
199304010602
199304010603
199304010604
199304010605
199304010606
199304010607
199304010608
199304010609
199304010610
199304010701
199304010702
199304010703
199304010704
199304010705
199304010706
199304010707
199304010708
199304010709
199304010710
199304010711
199304010712
199304010801
199304010802
199304010803
199304010804
199304010805
199304020101
199304020102
199304020103
199304020104
199304020105
199304020106
199304020107
199304020108
199304020109
199304020110
199304020201
199304020202
199304020203
199304020204
199304020205
199304020206
199304020207
199304020208
199304020209
199304020210
199304020211
199304020301
199304020302
199304020303
199304020304
199304020305
199304020306
199304020307
199304020308
199304020309
199304020310
199304020311
199304020501
199304020502
199304020503
199304020504
199304020505
199304020506
199304020507
199304020508
199304020509
199304020510
199304020511
199304020601
199304020602
199304020603
199304020604
199304020605
199304020606
199304020607
199304020608
199304020609
199304020610
199304020611
199304020701
199304020702
199304020703
199304020704
199304020705
199304020706
199304020707
199304020708
199304020709
199304020710
199304020711
199304020801
199304020802
199304020803
199304020804
199304020805
199304020806
199304020807
199304020808
199304020809
199304020810
199304020811
199304020812
199304030101
199304030102
199304030103
199304030104
199304030105
199304030106
199304030107
199304030108
199304030109
199304030110
199304030111
199304030201
199304030202
199304030203
199304030204
199304030205
199304030206
199304030207
199304030208
199304030209
199304030210
199304030211
199304030212
199304030301
199304030302
199304030303
199304030304
199304030305
199304030306
199304030307
199304030308
199304030309
199304030310
199304030311
199304030401
199304030402
199304030403
199304030404
199304030405
199304030406
199304030407
199304030408
199304030409
199304030410
199304030501
199304030502
199304030503
199304030504
199304030505
199304030506
199304030507
199304030508
199304030509
199304030510
199304030511
199304030601
199304030602
199304030603
199304030604
199304030605
199304030606
199304030607
199304030608
199304030609
199304030610
199304030611
199304030701
199304030702
199304030703
199304030704
199304030705
199304030706
199304030707
199304030708
199304030709
199304030710
199304030711
199304030801
199304030802
199304030803
199304030804
199304030805
199304030806
199304030807
199304030808
199304030809
199304030810