199305010101
199305010102
199305010103
199305010104
199305010105
199305010106
199305010107
199305010108
199305010109
199305010110
199305010111
199305010112
199305010201
199305010202
199305010203
199305010204
199305010205
199305010206
199305010207
199305010208
199305010209
199305010210
199305010211
199305010212
199305010301
199305010302
199305010303
199305010304
199305010305
199305010306
199305010307
199305010308
199305010309
199305010310
199305010311
199305010312
199305010401
199305010402
199305010403
199305010404
199305010405
199305010406
199305010407
199305010408
199305010409
199305010410
199305010411
199305010501
199305010502
199305010503
199305010504
199305010505
199305010506
199305010507
199305010508
199305010509
199305010510
199305010511
199305010601
199305010602
199305010603
199305010604
199305010605
199305010606
199305010607
199305010608
199305010609
199305010610
199305010611
199305010701
199305010702
199305010703
199305010704
199305010705
199305010706
199305010707
199305010708
199305010709
199305010710
199305010711
199305010801
199305010802
199305010803
199305010804
199305010805
199305010806
199305010807
199305010808
199305010809
199305010810
199305010811
199305020101
199305020102
199305020103
199305020104
199305020105
199305020106
199305020107
199305020108
199305020109
199305020110
199305020111
199305020201
199305020202
199305020203
199305020204
199305020205
199305020206
199305020207
199305020208
199305020209
199305020210
199305020211
199305020301
199305020302
199305020303
199305020304
199305020305
199305020306
199305020307
199305020308
199305020309
199305020310
199305020311
199305020312
199305020401
199305020402
199305020403
199305020404
199305020405
199305020406
199305020407
199305020408
199305020409
199305020410
199305020411
199305020501
199305020502
199305020503
199305020504
199305020505
199305020506
199305020507
199305020508
199305020509
199305020510
199305020511
199305020601
199305020602
199305020603
199305020604
199305020605
199305020606
199305020607
199305020608
199305020609
199305020610
199305020611
199305020701
199305020702
199305020703
199305020704
199305020705
199305020706
199305020707
199305020708
199305020709
199305020710
199305020711
199305020712
199305020801
199305020802
199305020803
199305020804
199305020805
199305020806
199305020807
199305020808
199305020809
199305020810
199305020811
199305030101
199305030102
199305030103
199305030104
199305030105
199305030106
199305030107
199305030108
199305030109
199305030110
199305030111
199305030201
199305030202
199305030203
199305030204
199305030205
199305030206
199305030207
199305030208
199305030209
199305030210
199305030211
199305030301
199305030302
199305030303
199305030304
199305030305
199305030306
199305030307
199305030308
199305030309
199305030310
199305030311
199305030401
199305030402
199305030403
199305030404
199305030405
199305030406
199305030407
199305030408
199305030409
199305030501
199305030502
199305030503
199305030504
199305030505
199305030506
199305030507
199305030508
199305030509
199305030510
199305030511
199305030601
199305030602
199305030603
199305030604
199305030605
199305030606
199305030607
199305030608
199305030609
199305030610
199305030611
199305030701
199305030702
199305030703
199305030704
199305030705
199305030706
199305030707
199305030708
199305030709
199305030710
199305030711
199305030801
199305030802
199305030803
199305030804
199305030805
199305030806
199305030807
199305030808
199305030809
199305030810
199305030811
199305030812
199305040101
199305040102
199305040103
199305040104
199305040105
199305040106
199305040107
199305040108
199305040109
199305040110
199305040111
199305040112
199305040201
199305040202
199305040203
199305040204
199305040205
199305040206
199305040207
199305040208
199305040209
199305040210
199305040301
199305040302
199305040303
199305040304
199305040305
199305040306
199305040307
199305040308
199305040309
199305040310
199305040311
199305040312
199305040401
199305040402
199305040403
199305040404
199305040405
199305040406
199305040407
199305040408
199305040409
199305040410
199305040411
199305040412
199305040501
199305040502
199305040503
199305040504
199305040505
199305040506
199305040507
199305040508
199305040509
199305040510
199305040511
199305040512
199305040601
199305040602
199305040603
199305040604
199305040605
199305040606
199305040607
199305040608
199305040609
199305040610
199305040611
199305040612
199305040701
199305040702
199305040703
199305040704
199305040705
199305040706
199305040707
199305040708
199305040709
199305040710
199305040711
199305040712
199305040801
199305040802
199305040803
199305040804
199305040805
199305040806
199305040807
199305040808
199305040809
199305040810
199305050101
199305050102
199305050103
199305050104
199305050105
199305050106
199305050107
199305050108
199305050109
199305050110
199305050111
199305050112
199305050201
199305050202
199305050203
199305050204
199305050205
199305050206
199305050207
199305050208
199305050209
199305050210
199305050211
199305050301
199305050302
199305050303
199305050304
199305050305
199305050306
199305050307
199305050308
199305050309
199305050310
199305050311
199305050401
199305050402
199305050403
199305050404
199305050405
199305050406
199305050407
199305050408
199305050409
199305050410
199305050411
199305050412
199305050501
199305050502
199305050503
199305050504
199305050505
199305050506
199305050507
199305050508
199305050509
199305050510
199305050511
199305050512
199305050601
199305050602
199305050603
199305050604
199305050605
199305050606
199305050607
199305050608
199305050609
199305050610
199305050611
199305050612
199305050701
199305050702
199305050703
199305050704
199305050705
199305050706
199305050707
199305050708
199305050709
199305050710
199305050711
199305050712
199305050801
199305050802
199305050803
199305050804
199305050805
199305050806
199305050807
199305050808
199305050809
199305050810
199305050811