199308010101
199308010102
199308010107
199308010108
199308010110
199308010111
199308010202
199308010203
199308010206
199308010207
199308010210
199308010211
199308010305
199308010307
199308010310
199308010402
199308010404
199308010407
199308010408
199308010411
199308010412
199308010502
199308010503
199308010506
199308010507
199308010508
199308010510
199308010511
199308010601
199308010604
199308010605
199308010606
199308010608
199308010610
199308010611
199308010701
199308010703
199308010711
199308010806
199308010807
199308010808
199308010811
199308010812
199308020109
199308020110
199308020111
199308020201
199308020204
199308020205
199308020206
199308020208
199308020211
199308020302
199308020304
199308020306
199308020307
199308020308
199308020311
199308020401
199308020409
199308020410
199308020411
199308020502
199308020503
199308020504
199308020509
199308020510
199308020511
199308020602
199308020603
199308020604
199308020607
199308020611
199308020701
199308020704
199308020706
199308020707
199308020709
199308020711
199308020806
199308020807
199308020809
199308020810
199308030104
199308030108
199308030109
199308030111
199308030112
199308030203
199308030204
199308030205
199308030206
199308030209
199308030210
199308030304
199308030306
199308030406
199308030409
199308030410
199308030411
199308030412
199308030502
199308030504
199308030511
199308030608
199308030609
199308030610
199308030611
199308030703
199308030706
199308030707
199308030708
199308030711
199308030806
199308030808
199308030809
199308030811
199308040109
199308040110
199308040202
199308040205
199308040206
199308040208
199308040209
199308040211
199308040212
199308040306
199308040307
199308040309
199308040311
199308040312
199308040401
199308040403
199308040407
199308040408
199308040409
199308040410
199308040411
199308040509
199308040510
199308040511
199308040603
199308040606
199308040610
199308040611
199308040612
199308040709
199308040711
199308040801
199308040806
199308040807
199308040808
199308040809
199308040811
199308050102
199308050103
199308050104
199308050111
199308050112
199308050201
199308050202
199308050207
199308050209
199308050210
199308050211
199308050305
199308050307
199308050309
199308050312
199308050402
199308050407
199308050408
199308050410
199308050411
199308050412
199308050504
199308050507
199308050508
199308050510
199308050511
199308050512
199308050603
199308050607
199308050610
199308050611
199308050612
199308050702
199308050707
199308050708
199308050710
199308050711
199308050807
199308050808
199308050809
199308050810
199308050811
199308060110
199308060111
199308060202
199308060205
199308060206
199308060207
199308060209
199308060210
199308060211
199308060306
199308060307
199308060310
199308060311
199308060312
199308060403
199308060406
199308060408
199308060409
199308060410
199308060411
199308060509
199308060510
199308060511
199308060512
199308060603
199308060605
199308060607
199308060608
199308060609
199308060610
199308060701
199308060710
199308060712
199308060807
199308060811
199308060812