199309010101
199309010102
199309010103
199309010104
199309010105
199309010106
199309010107
199309010108
199309010109
199309010110
199309010111
199309010112
199309010201
199309010202
199309010203
199309010204
199309010205
199309010206
199309010207
199309010208
199309010209
199309010210
199309010211
199309010301
199309010302
199309010303
199309010304
199309010305
199309010306
199309010307
199309010308
199309010309
199309010310
199309010311
199309010401
199309010402
199309010403
199309010404
199309010405
199309010406
199309010407
199309010408
199309010409
199309010410
199309010411
199309010412
199309010501
199309010502
199309010503
199309010504
199309010505
199309010506
199309010507
199309010508
199309010509
199309010510
199309010511
199309010601
199309010602
199309010603
199309010604
199309010605
199309010606
199309010607
199309010608
199309010609
199309010610
199309010611
199309010701
199309010702
199309010703
199309010704
199309010705
199309010706
199309010707
199309010708
199309010709
199309010710
199309010711
199309010712
199309010801
199309010802
199309010803
199309010804
199309010805
199309010806
199309010807
199309010808
199309010809
199309010810
199309010811
199309010812
199309020101
199309020102
199309020103
199309020104
199309020105
199309020106
199309020107
199309020108
199309020109
199309020110
199309020111
199309020112
199309020201
199309020202
199309020203
199309020204
199309020205
199309020206
199309020207
199309020208
199309020209
199309020210
199309020301
199309020302
199309020303
199309020304
199309020305
199309020306
199309020307
199309020308
199309020309
199309020310
199309020311
199309020312
199309020401
199309020402
199309020403
199309020404
199309020405
199309020406
199309020407
199309020408
199309020409
199309020410
199309020411
199309020501
199309020502
199309020503
199309020504
199309020505
199309020506
199309020507
199309020508
199309020509
199309020510
199309020511
199309020512
199309020601
199309020602
199309020603
199309020604
199309020605
199309020606
199309020607
199309020608
199309020609
199309020610
199309020611
199309020701
199309020702
199309020703
199309020704
199309020705
199309020706
199309020707
199309020708
199309020709
199309020710
199309020801
199309020802
199309020803
199309020804
199309020805
199309020806
199309020807
199309020808
199309020809
199309020810
199309020811
199309030101
199309030102
199309030103
199309030104
199309030105
199309030106
199309030107
199309030108
199309030109
199309030110
199309030111
199309030112
199309030201
199309030202
199309030203
199309030204
199309030205
199309030206
199309030207
199309030208
199309030209
199309030210
199309030211
199309030212
199309030301
199309030302
199309030303
199309030304
199309030305
199309030306
199309030307
199309030308
199309030309
199309030310
199309030311
199309030312
199309030401
199309030402
199309030403
199309030404
199309030405
199309030406
199309030407
199309030408
199309030409
199309030410
199309030411
199309030501
199309030502
199309030503
199309030504
199309030505
199309030506
199309030507
199309030508
199309030509
199309030510
199309030511
199309030601
199309030602
199309030603
199309030604
199309030605
199309030606
199309030607
199309030608
199309030609
199309030610
199309030611
199309030612
199309030701
199309030702
199309030703
199309030704
199309030705
199309030706
199309030707
199309030708
199309030709
199309030710
199309030711
199309030712
199309030801
199309030802
199309030803
199309030804
199309030805
199309030806
199309030807
199309030808
199309030809
199309030810
199309040101
199309040102
199309040103
199309040104
199309040105
199309040106
199309040107
199309040108
199309040109
199309040110
199309040111
199309040112
199309040201
199309040202
199309040203
199309040204
199309040205
199309040206
199309040207
199309040208
199309040209
199309040210
199309040211
199309040212
199309040301
199309040302
199309040303
199309040304
199309040305
199309040306
199309040307
199309040308
199309040309
199309040310
199309040311
199309040401
199309040402
199309040403
199309040404
199309040405
199309040406
199309040407
199309040408
199309040409
199309040410
199309040411
199309040501
199309040502
199309040503
199309040504
199309040505
199309040506
199309040507
199309040508
199309040509
199309040510
199309040511
199309040601
199309040602
199309040603
199309040604
199309040605
199309040606
199309040607
199309040608
199309040609
199309040610
199309040611
199309040701
199309040702
199309040703
199309040704
199309040705
199309040706
199309040707
199309040708
199309040709
199309040710
199309040711
199309040712
199309040801
199309040802
199309040803
199309040804
199309040805
199309040806
199309040807
199309040808
199309040809
199309040810
199309040811
199309050101
199309050102
199309050103
199309050104
199309050105
199309050106
199309050107
199309050108
199309050109
199309050110
199309050111
199309050112
199309050201
199309050202
199309050203
199309050204
199309050205
199309050206
199309050207
199309050208
199309050209
199309050210
199309050211
199309050301
199309050302
199309050303
199309050304
199309050305
199309050306
199309050307
199309050308
199309050309
199309050310
199309050311
199309050312
199309050401
199309050402
199309050403
199309050404
199309050405
199309050406
199309050407
199309050408
199309050409
199309050410
199309050411
199309050412
199309050501
199309050502
199309050503
199309050504
199309050505
199309050506
199309050507
199309050508
199309050509
199309050510
199309050511
199309050601
199309050602
199309050603
199309050604
199309050605
199309050606
199309050607
199309050608
199309050609
199309050610
199309050611
199309050612
199309050701
199309050702
199309050703
199309050704
199309050705
199309050706
199309050707
199309050708
199309050709
199309050710
199309050711
199309050712
199309050801
199309050802
199309050803
199309050804
199309050805
199309050806
199309050807
199309050808
199309050809
199309050810
199309050811
199309050812