199310010101
199310010102
199310010103
199310010104
199310010105
199310010106
199310010107
199310010108
199310010109
199310010110
199310010111
199310010201
199310010202
199310010203
199310010204
199310010205
199310010206
199310010207
199310010208
199310010209
199310010210
199310010211
199310010301
199310010302
199310010303
199310010304
199310010305
199310010306
199310010307
199310010308
199310010309
199310010310
199310010311
199310010401
199310010402
199310010403
199310010404
199310010405
199310010406
199310010407
199310010408
199310010501
199310010502
199310010503
199310010504
199310010505
199310010506
199310010507
199310010508
199310010509
199310010510
199310010511
199310010512
199310010601
199310010602
199310010603
199310010604
199310010605
199310010606
199310010607
199310010608
199310010609
199310010610
199310010701
199310010702
199310010703
199310010704
199310010705
199310010706
199310010707
199310010708
199310010709
199310010710
199310010711
199310010712
199310010801
199310010802
199310010803
199310010804
199310010805
199310010806
199310010807
199310010808
199310010809
199310010810
199310010811
199310010812
199310020101
199310020102
199310020103
199310020104
199310020105
199310020106
199310020107
199310020108
199310020109
199310020110
199310020111
199310020201
199310020202
199310020203
199310020204
199310020205
199310020206
199310020207
199310020208
199310020209
199310020210
199310020211
199310020212
199310020301
199310020302
199310020303
199310020304
199310020305
199310020306
199310020307
199310020308
199310020309
199310020401
199310020402
199310020403
199310020404
199310020405
199310020406
199310020407
199310020408
199310020409
199310020410
199310020411
199310020501
199310020502
199310020503
199310020504
199310020505
199310020506
199310020507
199310020508
199310020509
199310020510
199310020511
199310020512
199310020601
199310020602
199310020603
199310020604
199310020605
199310020606
199310020607
199310020608
199310020609
199310020610
199310020611
199310020701
199310020702
199310020703
199310020704
199310020705
199310020706
199310020707
199310020708
199310020709
199310020710
199310020711
199310020712
199310020801
199310020802
199310020803
199310020804
199310020805
199310020806
199310020807
199310020808
199310020809
199310020810
199310020811
199310030101
199310030102
199310030103
199310030104
199310030105
199310030106
199310030107
199310030108
199310030109
199310030110
199310030111
199310030112
199310030201
199310030202
199310030203
199310030204
199310030205
199310030206
199310030207
199310030208
199310030209
199310030210
199310030211
199310030301
199310030302
199310030303
199310030304
199310030305
199310030306
199310030307
199310030308
199310030309
199310030310
199310030401
199310030402
199310030403
199310030404
199310030405
199310030406
199310030407
199310030408
199310030409
199310030410
199310030411
199310030412
199310030501
199310030502
199310030503
199310030504
199310030505
199310030506
199310030507
199310030508
199310030509
199310030510
199310030511
199310030512
199310030601
199310030602
199310030603
199310030604
199310030605
199310030606
199310030607
199310030608
199310030609
199310030610
199310030611
199310030701
199310030702
199310030703
199310030704
199310030705
199310030706
199310030707
199310030708
199310030709
199310030710
199310030711
199310030801
199310030802
199310030803
199310030804
199310030805
199310030806
199310030807
199310030808
199310030809
199310030810
199310030811
199310040101
199310040102
199310040103
199310040104
199310040105
199310040106
199310040107
199310040108
199310040109
199310040110
199310040111
199310040201
199310040202
199310040203
199310040204
199310040205
199310040206
199310040207
199310040208
199310040209
199310040210
199310040211
199310040212
199310040301
199310040302
199310040303
199310040304
199310040305
199310040306
199310040307
199310040308
199310040309
199310040310
199310040311
199310040312
199310040401
199310040402
199310040403
199310040404
199310040405
199310040406
199310040407
199310040408
199310040409
199310040410
199310040411
199310040501
199310040502
199310040503
199310040504
199310040505
199310040506
199310040507
199310040508
199310040509
199310040510
199310040511
199310040512
199310040601
199310040602
199310040603
199310040604
199310040605
199310040606
199310040607
199310040608
199310040609
199310040610
199310040611
199310040612
199310040701
199310040702
199310040703
199310040704
199310040705
199310040706
199310040707
199310040708
199310040709
199310040710
199310040711
199310040801
199310040802
199310040803
199310040804
199310040805
199310040806
199310040807
199310040808
199310040809
199310040810
199310040811
199310040812