200730041801
200730041802
200730041803
200730041804
200730041805
200730041806
200730041807
200730041808
200730041809
200730041810
200730041811
200730041901
200730041902
200730041903
200730041904
200730041905
200730041906
200730041907
200730041908
200730041909
200730041910
200730041911
200730041912
200730042501
200730042502
200730042503
200730042504
200730042505
200730042506
200730042507
200730042508
200730042509
200730042510
200730042511
200730042512
200730042601
200730042602
200730042603
200730042604
200730042605
200730042606
200730042607
200730042608
200730042609
200730042610
200730050201
200730050202
200730050203
200730050204
200730050205
200730050206
200730050207
200730050208
200730050209
200730050210
200730050211
200730050212
200730050301
200730050302
200730050303
200730050304
200730050305
200730050306
200730050307
200730050308
200730050309
200730050310
200730050311
200730050312
200730050901
200730050902
200730050903
200730050904
200730050905
200730050906
200730050907
200730050908
200730050909
200730050910
200730050911
200730051001
200730051002
200730051003
200730051004
200730051005
200730051006
200730051007
200730051008
200730051009
200730051010
200730051011
200730051501
200730051502
200730051503
200730051504
200730051505
200730051506
200730051507
200730051508
200730051509
200730051510
200730051511
200730051512
200730051601
200730051602
200730051603
200730051604
200730051605
200730051606
200730051607
200730051608
200730051609
200730051610
200730051611
200730051612