200734052206
200734052306
200734052308
200734052310
200734052403
200734052405
200734052904
200734052906
200734052908
200734052909
200734052910
200734053008
200734053010
200734053104
200734053106
200734053109
200734060504
200734060506
200734060508
200734060510
200734060601
200734060606
200734060609
200734060611
200734060707
200734060711
200734061203
200734061205
200734061209
200734061210
200734061310
200734061405
200734061410
200734061901
200734061904
200734061908
200734062004
200734062005
200734062101
200734062109
200734062603
200734062608
200734062609
200734062610
200734062705
200734062709
200734062804
200734062808
200734062809
200734070301
200734070302
200734070305
200734070312
200734070406
200734070411
200734070412
200734070504
200734070506
200734071004
200734071006
200734071008
200734071009
200734071103
200734071204
200734071207
200734071209
200734071211
200734071703
200734071704
200734071705
200734071706
200734071707
200734071710
200734071804
200734071805
200734071807
200734071809
200734071810
200734071902
200734071911
200734072408
200734072409
200734072410
200734072508
200734072509
200734072510
200734072511
200734072608
200734073102
200734073104
200734073105
200734073106
200734073108
200734073110
200734073111
200734073112
200734080107
200734080111
200734080202
200734080203
200734080205
200734080211
200734080705
200734080706
200734080707
200734080711
200734080807
200734080808
200734080809
200734080810
200734080812
200734080907
200734080910
200734080911
200734081501
200734081504
200734081508
200734081510
200734081606
200734081610
200734082804
200734082806
200734082808
200734082809
200734082810
200734082811
200734082907
200734082911
200734082912
200734083001
200734083006
200734083010
200734083011
200734090407
200734090409
200734090410
200734090505
200734090507
200734090604
200734090605
200734090610
200734090611
200734091102
200734091103
200734091108
200734091109
200734091110
200734091112
200734091204
200734091209
200734091210
200734091211
200734091212
200734091310
200734091803
200734091810
200734091903
200734091907
200734091910
200734092006
200734092007
200734092012
200734092503
200734092504
200734092508
200734092509
200734092510
200734092604
200734092610
200734092611
200734092703
200734092709
200734092710
200734092711
200734100206
200734100210
200734100301
200734100303
200734100304
200734100310
200734100402
200734100403
200734100408
200734100410
200734100412
200734100909
200734100911
200734101004
200734101008
200734101010
200734101107
200734101110
200734101111