200735060201
200735060202
200735060203
200735060204
200735060205
200735060206
200735060401
200735060402
200735060403
200735060404
200735060405
200735060406
200735060407
200735060408
200735060409
200735060410
200735060411
200735060901
200735060902
200735060903
200735060904
200735060905
200735061001
200735061002
200735061003
200735061004
200735061005
200735061006
200735061007
200735061008
200735061009
200735061010
200735061101
200735061102
200735061103
200735061104
200735061105
200735061106
200735061107
200735061108
200735061109
200735061601
200735061602
200735061603
200735061604
200735061605
200735061701
200735061801
200735061802
200735061803
200735061804
200735061805
200735061806
200735061807
200735061808
200735061809
200735061810
200735062301
200735062302
200735062303
200735062304
200735062305
200735062306
200735062401
200735062402
200735062403
200735062404
200735062405
200735062406
200735062407
200735062408
200735062501
200735062502
200735062503
200735062504
200735062505
200735062506
200735062507
200735062508
200735063001
200735063002
200735063003
200735063004
200735063005
200735063006
200735063007
200735063008
200735063009
200735063010
200735070101
200735070102
200735070103
200735070104
200735070105
200735070106
200735070107
200735070108
200735070201
200735070202
200735070203
200735070204
200735070205
200735070206
200735070207
200735070208
200735070209
200735070210
200735070701
200735070702
200735070703
200735070704
200735070705
200735070801
200735070802
200735070803
200735070804
200735070805
200735070806
200735070807
200735070808
200735070809
200735070810
200735070811
200735070901
200735070902
200735070903
200735070904
200735070905
200735070906
200735070907
200735070908
200735070909
200735070910
200735070911
200735071401
200735071402
200735071403
200735071501
200735071502
200735071503
200735071504
200735071505
200735071601
200735071602
200735071603
200735071604
200735071605
200735071606
200735071607
200735071608
200735071609
200735071610
200735072201
200735072202
200735072203
200735072204
200735072205
200735072206
200735072207
200735072208
200735072209
200735072210
200735072301
200735072302
200735072303
200735072304
200735072305
200735072306
200735072307
200735072308
200735072309
200735072310
200735090901
200735090902
200735090903
200735090904
200735090905
200735090906
200735090907
200735091001
200735091002
200735091003
200735091004
200735091005
200735091006
200735091007
200735091008
200735091009
200735091010
200735091501
200735091502
200735091503
200735091504
200735091505
200735091506
200735091507
200735091508
200735091509
200735091510
200735091511
200735091601
200735091602
200735091603
200735091604
200735091605
200735091606
200735091607
200735091608
200735091609
200735091610
200735091701
200735091702
200735091703
200735091704
200735091705
200735091706
200735091707
200735091708
200735091709
200735091710
200735092201
200735092202
200735092203
200735092204
200735092205
200735092206
200735092301
200735092302
200735092303
200735092304
200735092305
200735092401
200735092402
200735092403
200735092404
200735092405
200735092406
200735092407
200735092408
200735092409
200735092410
200735092901
200735092902
200735092903
200735092904
200735092905
200735092906
200735092907
200735092908
200735092909
200735093001
200735093002
200735093003
200735093004
200735093005
200735093006
200735093007
200735093008
200735093009
200735093010
200735093011
200735100101
200735100102
200735100103
200735100104
200735100105
200735100106
200735100107
200735100108
200735100601
200735100602
200735100603
200735100604
200735100605
200735100606
200735100607
200735100608
200735100609
200735100610
200735100701
200735100702
200735100801
200735100802
200735100803
200735100804
200735100805
200735100806
200735100807
200735100808
200735100809
200735100810
200735100811
200735101301
200735101302
200735101303
200735101304
200735101305
200735101306
200735101307
200735101308
200735101309
200735101310
200735101401
200735101402
200735101403
200735101404
200735101405
200735101406
200735101407
200735101408
200735101409
200735101410
200735101501
200735101502
200735101503
200735101504
200735101505
200735101506
200735101507
200735101508
200735101509
200735101510
200735101511
200735102001
200735102002
200735102003
200735102004
200735102005
200735102006
200735102007
200735102008
200735102009
200735102010
200735102011
200735102201
200735102202
200735102203
200735102204
200735102701
200735102702
200735102703
200735102704
200735102705
200735102706
200735102707
200735102708
200735102709
200735102710
200735102801
200735102802
200735102803
200735102804
200735102805
200735102806
200735102807
200735102808
200735102809
200735102810
200735102901
200735102902
200735102903
200735102904
200735102905
200735102906
200735102907
200735102908