200742011602
200742011608
200742011706
200742011708
200742011710
200742011810
200742021211
200742021303
200742021305
200742021306
200742021408
200742021410
200742031911
200742032004
200742032007
200742032008
200742032009
200742032110
200742032111
200742032208
200742042304
200742042408
200742042409
200742042510
200742042609
200742042610
200742052802
200742052905
200742052910
200742053107
200742053110
200742060101
200742060102
200742062001
200742062007
200742062010
200742062103
200742071709
200742071711
200742071806
200742082410
200742101502
200742101505
200742101606
200742101710
200742101806
200742101810
200742101908
200742101911
200742111902
200742111905
200742111909
200742112007
200742112010
200742112110
200742112202
200742112204
200742112208
200742112302
200742112307
200742112310
200742122401
200742122409
200742122512
200742122601
200742122603
200742122611