200743010901
200743010906
200743010911
200743011101
200743011206
200743011208
200743020510
200743020511
200743020601
200743020605
200743020607
200743020610
200743020711
200743020802
200743020803
200743020806
200743030502
200743030508
200743030607
200743030609
200743030610
200743030709
200743030710
200743030801
200743030803
200743030902
200743030906
200743040202
200743040206
200743040304
200743040305
200743040308
200743040409
200743040410
200743040411
200743040501
200743040506
200743040602
200743040610
200743043001
200743043010
200743050201
200743050207
200743050210
200743050301
200743050305
200743050410
200743061401
200743061406
200743061411
200743061502
200743061508
200743061511
200743072512
200743072601
200743072602
200743072608
200743072704
200743072705
200743072712
200743082006
200743082007
200743082009
200743082102
200743082108
200743092401
200743092411
200743092505
200743092506
200743092603
200743092703
200743092803
200743092809
200743102204
200743102302
200743102304
200743102401
200743102402
200743102403
200743102404
200743102406
200743102407
200743102408
200743102505
200743102508
200743102609
200743111204
200743111207
200743111208
200743111211
200743111303
200743111304
200743111307
200743111404
200743111406
200743111507
200743111604
200743111608
200743111609
200743111610
200743120301
200743120304
200743120305
200743120307
200743120310
200743120402
200743120506
200743120508
200743120510
200743120606
200743120703
200743120705
200743120706
200743120708
200743120709
200743120710
200743120711