200745010101
200745010102
200745010103
200745010104
200745010105
200745010106
200745010107
200745010108
200745010109
200745010110
200745010201
200745010202
200745010203
200745010204
200745010205
200745010206
200745010207
200745010208
200745010209
200745010210
200745010211
200745010212
200745010301
200745010302
200745010303
200745010304
200745010305
200745010306
200745010307
200745010308
200745010309
200745010310
200745010311
200745010312
200745010401
200745010402
200745010403
200745010404
200745010405
200745010406
200745010407
200745010408
200745010409
200745010410
200745010411
200745010501
200745010502
200745010503
200745010504
200745010505
200745010506
200745010507
200745010508
200745012901
200745012902
200745012903
200745012904
200745012905
200745012906
200745012907
200745012908
200745012909
200745012910
200745013001
200745013002
200745013003
200745013004
200745013005
200745013006
200745013007
200745013008
200745013101
200745013102
200745013103
200745013104
200745013105
200745013106
200745013107
200745013108
200745013109
200745013110
200745013111
200745020101
200745020102
200745020103
200745020104
200745020105
200745020106
200745020107
200745020108
200745020109
200745020110
200745020201
200745020202
200745020203
200745020204
200745020205
200745020206
200745020207
200745020208
200745020209
200745020210
200745022601
200745022602
200745022603
200745022604
200745022605
200745022606
200745022607
200745022608
200745022609
200745022610
200745022701
200745022702
200745022703
200745022704
200745022705
200745022706
200745022707
200745022708
200745022709
200745022801
200745022802
200745022803
200745022804
200745022805
200745022806
200745022807
200745022808
200745022809
200745022810
200745030101
200745030102
200745030103
200745030104
200745030105
200745030106
200745030107
200745030108
200745030201
200745030202
200745030203
200745030204
200745030205
200745030206
200745030207
200745030208
200745030209
200745030210
200745040901
200745040902
200745040903
200745040904
200745040905
200745040906
200745040907
200745040908
200745040909
200745041001
200745041002
200745041003
200745041004
200745041005
200745041006
200745041007
200745041008
200745041009
200745041010
200745041201
200745041202
200745041203
200745041204
200745041205
200745041206
200745041207
200745041208
200745041301
200745041302
200745041303
200745041304
200745041305
200745051401
200745051402
200745051403
200745051404
200745051405
200745051406
200745051407
200745051408
200745051409
200745051410
200745051501
200745051502
200745051503
200745051504
200745051505
200745051506
200745051507
200745051508
200745051601
200745051602
200745051603
200745051604
200745051605
200745051606
200745051607
200745051608
200745051609
200745051701
200745051702
200745051703
200745051704
200745051705
200745051706
200745051707
200745051801
200745051802
200745051803
200745051804
200745051805
200745051806
200745051807
200745051808
200745051809
200745051810
200745061101
200745061102
200745061103
200745061104
200745061105
200745061106
200745061107
200745061108
200745061109
200745061110
200745061111
200745061201
200745061202
200745061203
200745061204
200745061205
200745061206
200745061207
200745061208
200745061301
200745061302
200745061303
200745061304
200745061305
200745061306
200745061307
200745061308
200745061309
200745061310
200745070201
200745070202
200745070203
200745070204
200745070205
200745070206
200745070207
200745070208
200745070301
200745070302
200745070303
200745070304
200745070305
200745070306
200745070307
200745070308
200745070309
200745070310
200745070401
200745070402
200745070403
200745070404
200745070405
200745070406
200745070407
200745070408
200745070409
200745070410
200745070411
200745070501
200745070502
200745070503
200745070504
200745070505
200745070506
200745070507
200745070508
200745070509
200745070601
200745070602
200745070603
200745070604
200745070605
200745070606
200745070607
200745070608
200745070609
200745072001
200745072002
200745072003
200745072004
200745072005
200745072006
200745072007
200745072008
200745072009
200745072201
200745072202
200745072203
200745072204
200745072205
200745072206
200745072207
200745072208
200745072209
200745072301
200745072302
200745072303
200745072304
200745072305
200745072306
200745072307
200745072308
200745072309
200745072310
200745072401
200745072402
200745072403
200745072404
200745072405
200745072406
200745072407
200745072408
200745072409
200745072410
200745072411
200745080601
200745080602
200745080603
200745080604
200745080605
200745080606
200745080607
200745080701
200745080702
200745080703
200745080704
200745080705
200745080706
200745080707
200745080708
200745080801
200745080802
200745080803
200745080804
200745080805
200745080806
200745080807
200745080808
200745080809
200745080810
200745080901
200745080902
200745080903
200745080904
200745080905
200745080906
200745080907
200745080908
200745080909
200745081001
200745081002
200745081003
200745081004
200745081005
200745081006
200745081007
200745081008
200745081009
200745081010
200745082701
200745082702
200745082703
200745082704
200745082705
200745082706
200745082707
200745082708
200745082709
200745082710
200745082801
200745082802
200745082803
200745082804
200745082805
200745082806
200745082807
200745082808
200745082809
200745082810
200745082901
200745082902
200745082903
200745082904
200745082905
200745082906
200745082907
200745082908
200745082909
200745082910
200745083101
200745083102
200745083103
200745083104
200745083105
200745083106
200745083107
200745083108
200745083109
200745091201
200745091202
200745091203
200745091204
200745091205
200745091206
200745091207
200745091208
200745091209
200745091301
200745091302
200745091303
200745091304
200745091305
200745091306
200745091307
200745091308
200745091309
200745091310
200745091401
200745091402
200745091403
200745091404
200745091405
200745091406
200745091407
200745091408
200745091409
200745091410
200745100801
200745100802
200745100803
200745100804
200745100805
200745100806
200745100807
200745100808
200745100809
200745100810
200745100901
200745100902
200745100903
200745100904
200745100905
200745100906
200745100907
200745100908
200745100909
200745100910
200745101001
200745101002
200745101003
200745101004
200745101005
200745101006
200745101007
200745101008
200745101009
200745101010
200745101101
200745101102
200745101103
200745101104
200745101105
200745101106
200745101107
200745101108
200745101109
200745101110
200745101201
200745101202
200745101203
200745101204
200745101205
200745101206
200745101207
200745101208
200745101209
200745101210
200745110601
200745110602
200745110603
200745110604
200745110605
200745110606
200745110607
200745110608
200745110609
200745110610
200745110701
200745110702
200745110703
200745110704
200745110705
200745110706
200745110707
200745110708
200745110709
200745110710
200745110801
200745110802
200745110803
200745110804
200745110805
200745110806
200745110807
200745110808
200745110809
200745110901
200745110902
200745110903
200745110904
200745110905
200745110906
200745110907
200745110908
200745110909
200745110910
200745110911
200745121701
200745121702
200745121703
200745121704
200745121705
200745121706
200745121707
200745121708
200745121801
200745121802
200745121803
200745121804
200745121805
200745121806
200745121807
200745121808
200745121809
200745121810
200745121901
200745121902
200745121903
200745121904
200745121905
200745121906
200745121907
200745121908
200745121909
200745121910
200745121911
200745122001
200745122002
200745122003
200745122004
200745122005
200745122006
200745122007
200745122008
200745122009
200745122010
200745122101
200745122102
200745122103
200745122104
200745122105
200745122106
200745122107
200745122108
200745122109
200745122110