200746010301
200746010302
200746010303
200746010304
200746010305
200746010306
200746010307
200746010308
200746010309
200746010401
200746010701
200746010702
200746010703
200746010704
200746010705
200746010801
200746040801
200746040802
200746040803
200746040804
200746040805
200746040806
200746040901
200746040902
200746040903
200746040904
200746040905
200746040906
200746040907
200746040908
200746040909
200746040910
200746042201
200746042202
200746042203
200746042204
200746042205
200746042206
200746042207
200746042301
200746042302
200746042303
200746042304
200746042305
200746042306
200746042307
200746042308
200746042309
200746042310
200746050501
200746050502
200746050503
200746050504
200746050505
200746050506
200746050507
200746050508
200746050509
200746050510
200746050601
200746050602
200746050603
200746050604
200746050605
200746050606
200746050607
200746050608
200746050609
200746051301
200746051302
200746051303
200746051304
200746051305
200746051306
200746051307
200746051308
200746051309
200746051310
200746051311
200746052001
200746052002
200746052003
200746052004
200746052005
200746052006
200746052007
200746052008
200746052101
200746052102
200746052103
200746052104
200746052105
200746052106
200746052107
200746052108
200746052109
200746052110
200746052901
200746052902
200746052903
200746052904
200746052905
200746052906
200746052907
200746052908
200746052909
200746060401
200746060402
200746060403
200746060404
200746060405
200746060406
200746060407
200746060408
200746060409
200746061101
200746061102
200746061103
200746061104
200746061105
200746061106
200746061107
200746061108
200746061109
200746061110
200746061111
200746061701
200746061702
200746061703
200746061704
200746061705
200746061706
200746061707
200746061708
200746061709
200746061710
200746061711
200746062601
200746062602
200746062603
200746062604
200746062605
200746062606
200746062607
200746062608
200746062609
200746062610
200746070101
200746070102
200746070103
200746070104
200746070105
200746070106
200746070107
200746070108
200746070109
200746070110
200746070111
200746070201
200746070202
200746070203
200746070204
200746070205
200746070206
200746070207
200746070208
200746070209
200746070210
200746070801
200746070802
200746070803
200746070804
200746070805
200746070806
200746070807
200746070808
200746071501
200746071502
200746071503
200746071504
200746071505
200746071506
200746071507
200746071508
200746071509
200746071510
200746071511
200746072201
200746072202
200746072203
200746072204
200746072205
200746072206
200746072207
200746072208
200746072209
200746072301
200746072302
200746072303
200746072304
200746072305
200746072306
200746072307
200746072308
200746073001
200746073002
200746073003
200746073004
200746073005
200746073006
200746073007
200746073008
200746073009
200746080501
200746080502
200746080503
200746080504
200746080505
200746080506
200746080507
200746080508
200746080509
200746081201
200746081202
200746081203
200746081204
200746081205
200746081206
200746081207
200746081301
200746081302
200746081303
200746081304
200746081305
200746081306
200746081307
200746081308
200746081309
200746081310
200746090201
200746090202
200746090203
200746090204
200746090205
200746090206
200746090207
200746090208
200746090209
200746090210
200746090901
200746090902
200746090903
200746090904
200746090905
200746090906
200746090907
200746090908
200746090909
200746091601
200746091602
200746091603
200746091604
200746091605
200746091606
200746091607
200746091608
200746091609
200746092301
200746092302
200746092303
200746092304
200746092305
200746092306
200746092307
200746092308
200746092309
200746092310
200746092311
200746100101
200746100102
200746100103
200746100104
200746100105
200746100106
200746100901
200746100902
200746100903
200746100904
200746100905
200746100906
200746100907
200746100908
200746100909
200746100910
200746100911
200746102101
200746102102
200746102103
200746102104
200746102201
200746102202
200746102203
200746102204
200746102205
200746102206
200746102207
200746102208
200746102209
200746102210
200746102901
200746102902
200746102903
200746102904
200746102905
200746102906
200746102907
200746110401
200746110402
200746110403
200746110404
200746110405
200746110406
200746110407
200746110408
200746110409
200746111101
200746111102
200746111103
200746111104
200746111105
200746111106
200746111107
200746111801
200746111802
200746111803
200746111804
200746111805
200746111806
200746111807
200746111808
200746111809
200746111810
200746111811
200746112501
200746112502
200746112503
200746112504
200746112505
200746112506
200746112507
200746112601
200746112602
200746112603
200746112604
200746112605
200746112606
200746112607
200746112608
200746112609
200746120301
200746120302
200746120303
200746120304
200746120305
200746120306
200746120307
200746120308
200746120309
200746120310
200746120311
200746120901
200746120902
200746120903
200746120904
200746120905
200746120906
200746120907
200746121101
200746121102
200746121103
200746121104
200746121105
200746121106
200746121107
200746121701
200746121702
200746121703
200746121704
200746121705
200746121706
200746121707
200746121708
200746121709
200746122201
200746122202
200746122203
200746122204
200746122205
200746122206
200746122207
200746122208
200746122209
200746122210
200746122211
200746122401
200746122402
200746122403
200746122404
200746122405
200746122406
200746122407
200746122408
200746122501
200746122502
200746122503
200746122504
200746122505
200746122506
200746122507
200746122508
200746122509