200748010101
200748010102
200748010103
200748010104
200748010105
200748010106
200748010107
200748010108
200748010109
200748010201
200748010202
200748010203
200748010204
200748010205
200748010206
200748010207
200748010208
200748010209
200748010210
200748010211
200748010301
200748010302
200748010303
200748010304
200748010305
200748010306
200748010307
200748010308
200748010309
200748010310
200748010311
200748010401
200748010402
200748010403
200748010404
200748010405
200748010406
200748010407
200748010408
200748010409
200748010501
200748010502
200748010503
200748010504
200748010505
200748010506
200748010507
200748010508
200748010509
200748010510
200748010511
200748011401
200748011402
200748011403
200748011404
200748011405
200748011406
200748011407
200748011408
200748011501
200748011502
200748011503
200748011504
200748011505
200748011506
200748011507
200748011508
200748011509
200748011510
200748011601
200748011602
200748011603
200748011604
200748011605
200748011606
200748011607
200748011701
200748011702
200748011703
200748011704
200748011705
200748011706
200748011707
200748011708
200748011709
200748011710
200748011801
200748011802
200748011803
200748011804
200748011805
200748011806
200748011807
200748011808
200748011809
200748011810
200748011901
200748011902
200748011903
200748011904
200748011905
200748011906
200748011907
200748011908
200748011909
200748011910
200748012801
200748012802
200748012803
200748012804
200748012805
200748012806
200748012807
200748012808
200748012901
200748012902
200748012903
200748012904
200748012905
200748012906
200748013001
200748013002
200748013003
200748013004
200748013005
200748013006
200748013007
200748013008
200748013009
200748013010
200748013101
200748013102
200748013103
200748013104
200748013105
200748013106
200748013107
200748013108
200748013109
200748013110
200748013111
200748020101
200748020102
200748020103
200748020104
200748020105
200748020106
200748020107
200748020201
200748020202
200748020203
200748020204
200748020205
200748020206
200748020207
200748020208
200748020209
200748020210
200748020401
200748020402
200748020403
200748020404
200748020405
200748020406
200748020407
200748020408
200748020409
200748020410
200748020501
200748020601
200748020602
200748020603
200748020604
200748020605
200748020606
200748020607
200748020701
200748020702
200748020703
200748020704
200748020705
200748020706
200748020707
200748020708
200748020709
200748020710
200748020801
200748020802
200748020803
200748020804
200748020805
200748020806
200748020807
200748020808
200748020901
200748020902
200748020903
200748020904
200748020905
200748020906
200748020907
200748020908
200748020909
200748020910
200748021801
200748021802
200748021803
200748021804
200748021805
200748021806
200748021901
200748021902
200748021903
200748021904
200748021905
200748021906
200748021907
200748021908
200748021909
200748022001
200748022002
200748022003
200748022004
200748022005
200748022101
200748022102
200748022103
200748022104
200748022105
200748022106
200748022107
200748022108
200748022109
200748022110
200748022111
200748022201
200748022202
200748022203
200748022204
200748022205
200748022206
200748022301
200748022302
200748022303
200748022304
200748022305
200748022306
200748022307
200748022308
200748022309
200748022310
200748030501
200748030502
200748030503
200748030504
200748030505
200748030506
200748030507
200748030508
200748030509
200748030510
200748030601
200748030602
200748030603
200748030604
200748030605
200748030606
200748030607
200748030701
200748030702
200748030703
200748030704
200748030705
200748030706
200748030707
200748030708
200748030709
200748030710
200748030711
200748030801
200748030802
200748030803
200748030804
200748030805
200748030806
200748030807
200748030808
200748030809
200748030810
200748030811
200748030901
200748030902
200748030903
200748030904
200748030905
200748030906
200748030907
200748030908
200748030909
200748030910
200748030911
200748032001
200748032002
200748032003
200748032004
200748032005
200748032006
200748032007
200748032008
200748032009
200748032101
200748032201
200748032202
200748032203
200748032204
200748032205
200748032206
200748032207
200748032208
200748032209
200748032210
200748032701
200748032702
200748032703
200748032704
200748032705
200748032706
200748032707
200748032708
200748032709
200748032710
200748032801
200748032802
200748032803
200748032804
200748032805
200748032806
200748032807
200748032808
200748032809
200748032810
200748032811
200748032901
200748032902
200748032903
200748032904
200748032905
200748032906
200748032907
200748032908
200748041001
200748041002
200748041003
200748041004
200748041005
200748041006
200748041201
200748041202
200748041203
200748041204
200748041205
200748041206
200748041207
200748041208
200748041209
200748041210
200748041211
200748041301
200748041302
200748041303
200748041304
200748041305
200748041306
200748041307
200748041308
200748041309
200748041310
200748041311
200748041312
200748041701
200748041702
200748041703
200748041704
200748041705
200748041706
200748041707
200748041801
200748041802
200748041803
200748041804
200748041805
200748041806
200748041807
200748041808
200748041809
200748041810
200748041811
200748041812
200748041901
200748041902
200748041903
200748041904
200748041905
200748041906
200748041907
200748041908
200748041909
200748041910
200748041911
200748042001
200748042002
200748042003
200748042004
200748042005
200748042006
200748042007
200748042008
200748042009
200748042010
200748042011
200748042012
200748043001
200748043002
200748043003
200748043004
200748043005
200748043006
200748043007
200748043008
200748043009
200748043010
200748043011
200748050101
200748050102
200748050103
200748050104
200748050105
200748050106
200748050107
200748050108
200748050109
200748050201
200748050202
200748050203
200748050204
200748050205
200748050206
200748050207
200748050208
200748050209
200748050210
200748050211
200748050301
200748050302
200748050303
200748050304
200748050305
200748050306
200748050307
200748050308
200748050309
200748050310
200748050311
200748050401
200748050402
200748050403
200748050404
200748050405
200748050406
200748050407
200748050408
200748050409
200748050410
200748050411
200748050701
200748050702
200748050703
200748050704
200748050705
200748050801
200748050802
200748050803
200748050804
200748050805
200748050806
200748050807
200748050808
200748050809
200748050810
200748050811
200748050901
200748050902
200748050903
200748050904
200748050905
200748050906
200748050907
200748050908
200748050909
200748050910
200748051001
200748051002
200748051003
200748051004
200748051005
200748051006
200748051007
200748051008
200748051009
200748051010
200748051101
200748051102
200748051103
200748051104
200748051105
200748051106
200748051107
200748052201
200748052202
200748052203
200748052204
200748052205
200748052206
200748052207
200748052208
200748052209
200748052210
200748052211
200748052301
200748052302
200748052303
200748052304
200748052305
200748052306
200748052307
200748052308
200748052309
200748052310
200748052311
200748052312
200748052401
200748052402
200748052403
200748052404
200748052405
200748052406
200748052407
200748052408
200748052409
200748052410
200748052411
200748052412
200748052501
200748052502
200748052503
200748052504
200748052505
200748052506
200748052507
200748052508
200748060501
200748060502
200748060503
200748060504
200748060505
200748060506
200748060507
200748060508
200748060509
200748060510
200748060511
200748060512
200748060601
200748060602
200748060603
200748060604
200748060605
200748060606
200748060701
200748060702
200748060703
200748060704
200748060705
200748060706
200748060707
200748060708
200748060709
200748060710
200748060711
200748060712
200748060801
200748060802
200748060803
200748060804
200748060805
200748060806
200748060807
200748060808
200748060809
200748060810
200748060811
200748060812
200748061901
200748061902
200748061903
200748061904
200748061905
200748061906
200748061907
200748062001
200748062002
200748062003
200748062004
200748062005
200748062006
200748062007
200748062008
200748062009
200748062010
200748062011
200748062101
200748062102
200748062103
200748062104
200748062105
200748062106
200748062107
200748062108
200748062109
200748062701
200748062702
200748062703
200748062704
200748062705
200748062706
200748062707
200748062708
200748062709
200748062710
200748062801
200748062802
200748062803
200748062804
200748062805
200748062806
200748062807
200748062808
200748071001
200748071002
200748071003
200748071004
200748071005
200748071006
200748071007
200748071008
200748071009
200748071010
200748071101
200748071102
200748071103
200748071104
200748071105
200748071106
200748071107
200748071108
200748071109
200748071110
200748071201
200748071202
200748071203
200748071204
200748071205
200748071206
200748071207
200748071208
200748071209
200748071210
200748071211
200748071301
200748071302
200748071303
200748072501
200748072502
200748072503
200748072504
200748072505
200748072506
200748072507
200748072508
200748072601
200748072602
200748072603
200748072604
200748072605
200748072606
200748072607
200748072608
200748072609
200748072610
200748072611
200748072701
200748072702
200748072703
200748072704
200748072705
200748072706
200748072707
200748072708
200748072709
200748072710
200748073101
200748073102
200748073103
200748073104
200748073105
200748073106
200748080101
200748080102
200748080103
200748080104
200748080105
200748080106
200748080107
200748080108
200748080109
200748080110
200748080701
200748080702
200748080703
200748080704
200748080705
200748080706
200748080801
200748080802
200748080803
200748080804
200748080805
200748080806
200748080807
200748080808
200748080809
200748080810
200748080901
200748080902
200748080903
200748080904
200748080905
200748080906
200748080907
200748080908
200748080909
200748080910
200748081001
200748081002
200748081003
200748081004
200748081005
200748090501
200748090502
200748090503
200748090504
200748090505
200748090506
200748090507
200748090508
200748090509
200748090510
200748090511
200748090512
200748090601
200748090602
200748090603
200748090604
200748090605
200748090606
200748090607
200748090608
200748090609
200748090610
200748090611
200748090701
200748090702
200748090703
200748090704
200748090705
200748090706
200748090707
200748090708
200748090709
200748090710
200748091901
200748091902
200748091903
200748091904
200748091905
200748091906
200748091907
200748091908
200748092001
200748092002
200748092003
200748092004
200748092005
200748092006
200748092007
200748092008
200748092009
200748092010
200748092101
200748092102
200748092103
200748092104
200748092105
200748100201
200748100202
200748100203
200748100204
200748100205
200748100206
200748100207
200748100301
200748100302
200748100303
200748100304
200748100305
200748100306
200748100307
200748100308
200748100309
200748100310
200748100311
200748100312
200748100401
200748100402
200748100403
200748100404
200748100405
200748100406
200748100407
200748100408
200748100409
200748100410
200748100411
200748100412
200748100501
200748100502
200748100503
200748100504
200748101701
200748101702
200748101703
200748101704
200748101705
200748101706
200748101707
200748101708
200748101709
200748101710
200748101801
200748101802
200748101803
200748101804
200748101805
200748101806
200748101807
200748101808
200748102301
200748102302
200748102303
200748102304
200748102305
200748102306
200748102401
200748102402
200748102403
200748102404
200748102501
200748102502
200748102503
200748102504
200748102505
200748102506
200748102601
200748102602
200748102603
200748102604
200748102605
200748102606
200748102607
200748102608
200748102609
200748102610
200748103001
200748103002
200748103003
200748103004
200748103005
200748103006
200748103007
200748103008
200748103009
200748103010
200748103101
200748103102
200748103103
200748103104
200748103105
200748103106
200748103107
200748110201
200748110202
200748110203
200748111401
200748111402
200748111403
200748111404
200748111405
200748111406
200748111407
200748111408
200748111501
200748111502
200748111503
200748111504
200748111505
200748111506
200748111507
200748111508
200748111509
200748111601
200748111602
200748111603
200748112001
200748112002
200748112003
200748112004
200748112005
200748112006
200748112007
200748112008
200748112009
200748112010
200748112011
200748112101
200748112102
200748112103
200748112104
200748112105
200748112106
200748112107
200748112108
200748120401
200748120402
200748120403
200748120404
200748120405
200748120406
200748120407
200748120408
200748120409
200748120410
200748120501
200748120502
200748120503
200748120504
200748120505
200748120506
200748120507
200748120508
200748120601
200748120602
200748120603
200748120604
200748120605
200748120606
200748120607
200748120608
200748120609
200748120610
200748120611
200748120701
200748120702
200748120703
200748120704
200748120705
200748120706
200748120707
200748120708
200748120709
200748120710
200748121801
200748121802
200748121803
200748121804
200748121901
200748121902
200748121903
200748121904
200748121905
200748121906
200748121907
200748121908
200748121909
200748121910
200748121911
200748122001
200748122002
200748122003
200748122004
200748122005
200748122006
200748122007
200748122008
200748122009
200748122101
200748122102
200748122103
200748122104
200748122105
200748122106
200748122107
200748122108
200748122109
200748122110
200748122111
200748122401
200748122402
200748122403
200748122404
200748122405
200748122406
200748122407
200748122408
200748122409
200748122410
200748122501
200748122502
200748122503
200748122504
200748122505
200748122506
200748122507
200748122601
200748122602
200748122603
200748122604
200748122701
200748122702
200748123101
200748123102
200748123103
200748123104
200748123105
200748123106
200748123107
200748123108
200748123109
200748123110