200750010101
200750010102
200750010103
200750010104
200750010105
200750010106
200750010107
200750010108
200750010109
200750010110
200750010111
200750010201
200750010202
200750010203
200750010204
200750010205
200750010206
200750010207
200750010208
200750010209
200750010301
200750010302
200750010303
200750010304
200750010305
200750010401
200750010402
200750010403
200750010404
200750010405
200750010406
200750010407
200750010408
200750010409
200750010410
200750010501
200750010502
200750010503
200750010504
200750010505
200750010506
200750011001
200750011002
200750011003
200750011004
200750011005
200750011006
200750011007
200750011008
200750011009
200750011010
200750011011
200750011101
200750011102
200750011103
200750011104
200750011105
200750011106
200750011107
200750011108
200750011109
200750011110
200750011111
200750011601
200750011602
200750011603
200750011604
200750011605
200750011606
200750011607
200750011608
200750011609
200750011610
200750011611
200750011701
200750011702
200750011703
200750011704
200750011705
200750011706
200750011707
200750011708
200750011709
200750011710
200750011801
200750011802
200750011803
200750011804
200750011805
200750011806
200750011807
200750011808
200750011809
200750012301
200750012302
200750012303
200750012304
200750012305
200750012306
200750012307
200750012308
200750012309
200750012310
200750012311
200750012312
200750012401
200750012402
200750012403
200750012404
200750012405
200750012406
200750012407
200750012408
200750012409
200750012410
200750012501
200750012502
200750012503
200750012504
200750012505
200750012506
200750012507
200750012508
200750012509
200750012510
200750013001
200750013002
200750013003
200750013004
200750013005
200750013006
200750013007
200750013008
200750013009
200750013010
200750013011
200750013101
200750013102
200750013103
200750013104
200750013105
200750013106
200750013107
200750013108
200750013109
200750013110
200750013111
200750020101
200750020102
200750020103
200750020104
200750020105
200750020106
200750020107
200750020108
200750020109
200750020110
200750020111
200750020601
200750020602
200750020603
200750020604
200750020605
200750020606
200750020607
200750020608
200750020609
200750020610
200750020701
200750020702
200750020703
200750020704
200750020705
200750020706
200750020707
200750020708
200750020709
200750020710
200750020801
200750020802
200750020803
200750020804
200750020805
200750020806
200750020807
200750020808
200750020809
200750020810
200750020811
200750021201
200750021202
200750021203
200750021204
200750021205
200750021206
200750021207
200750021208
200750021209
200750021210
200750021211
200750021301
200750021302
200750021303
200750021304
200750021305
200750021306
200750021307
200750021308
200750021309
200750021401
200750021402
200750021403
200750021404
200750021405
200750021406
200750021407
200750021408
200750021409
200750021410
200750021501
200750021502
200750021503
200750021504
200750021505
200750022001
200750022002
200750022003
200750022004
200750022005
200750022006
200750022101
200750022102
200750022103
200750022104
200750022105
200750022106
200750022107
200750022108
200750022109
200750022201
200750022202
200750022203
200750022204
200750022205
200750022206
200750022207
200750022701
200750022702
200750022703
200750022704
200750022705
200750022706
200750022707
200750022708
200750022709
200750022801
200750022802
200750022803
200750022804
200750022805
200750022806
200750022807
200750022808
200750030101
200750030102
200750030103
200750030104
200750030105
200750030106
200750030107
200750030108
200750030109
200750030110
200750030111
200750030112
200750030601
200750030602
200750030603
200750030604
200750030605
200750030606
200750030607
200750030608
200750030609
200750030610
200750030611
200750030701
200750030702
200750030703
200750030704
200750030705
200750030706
200750030707
200750030708
200750030801
200750030802
200750030803
200750030804
200750030805
200750030806
200750030807
200750030808
200750030809
200750030810
200750030811
200750030812
200750031301
200750031302
200750031303
200750031304
200750031305
200750031306
200750031307
200750031308
200750031309
200750031310
200750031401
200750031402
200750031403
200750031404
200750031405
200750031406
200750031407
200750031408
200750031501
200750031502
200750031503
200750031504
200750031505
200750031506
200750031507
200750031508
200750031509
200750031510
200750031511
200750031512
200750032001
200750032002
200750032003
200750032004
200750032005
200750032006
200750032007
200750032008
200750032009
200750032101
200750032102
200750032103
200750032104
200750032105
200750032106
200750032107
200750032108
200750032109
200750032110
200750032111
200750032201
200750032202
200750032203
200750032204
200750032205
200750032206
200750032701
200750032702
200750032703
200750032704
200750032705
200750032706
200750032707
200750032708
200750032801
200750032802
200750032803
200750032804
200750032805
200750032806
200750032807
200750032808
200750032809
200750032810
200750032811
200750032901
200750032902
200750032903
200750032904
200750032905
200750032906
200750032907
200750032908
200750032909
200750032910
200750032911
200750032912
200750040301
200750040302
200750040303
200750040304
200750040305
200750040306
200750040307
200750040308
200750040309
200750040310
200750040401
200750040402
200750040403
200750040404
200750040405
200750040406
200750040407
200750040501
200750040502
200750040503
200750040504
200750040505
200750040506
200750040507
200750040508
200750040509
200750041001
200750041002
200750041003
200750041004
200750041005
200750041006
200750041007
200750041008
200750041101
200750041102
200750041103
200750041104
200750041105
200750041106
200750041107
200750041108
200750041109
200750041110
200750041111
200750041112
200750041201
200750041202
200750041203
200750041204
200750041205
200750041206
200750041207
200750041208
200750041209
200750041210
200750041211
200750041701
200750041702
200750041703
200750041704
200750041705
200750041706
200750041707
200750041708
200750041709
200750041710
200750041801
200750041802
200750041803
200750041804
200750041805
200750041806
200750041807
200750041808
200750041809
200750041901
200750041902
200750041903
200750041904
200750041905
200750041906
200750041907
200750041908
200750041909
200750041910
200750041911
200750042401
200750042402
200750042403
200750042404
200750042405
200750042406
200750042407
200750042408
200750042501
200750042502
200750042503
200750042504
200750042505
200750042506
200750042507
200750042508
200750042509
200750042510
200750042511
200750043001
200750043002
200750043003
200750043004
200750043005
200750043006
200750043007
200750043008
200750050101
200750050102
200750050103
200750050104
200750050105
200750050201
200750050202
200750050203
200750050204
200750050205
200750050206
200750050207
200750050208
200750050209
200750050301
200750050302
200750050303
200750050304
200750050305
200750050306
200750050307
200750050308
200750050309
200750050310
200750050311
200750050401
200750050402
200750050403
200750050404
200750050405
200750050406
200750050407
200750050408
200750050409
200750050410
200750050411
200750050801
200750050802
200750050803
200750050804
200750050805
200750050806
200750050807
200750050808
200750050809
200750050810
200750050901
200750050902
200750050903
200750050904
200750050905
200750050906
200750050907
200750050908
200750050909
200750050910
200750050911
200750051001
200750051501
200750051502
200750051503
200750051504
200750051505
200750051506
200750051507
200750051508
200750051509
200750051510
200750051601
200750051602
200750051603
200750051604
200750051605
200750051606
200750051607
200750051608
200750051701
200750051702
200750051703
200750051704
200750051705
200750051706
200750051707
200750051708
200750051709
200750052201
200750052202
200750052203
200750052204
200750052205
200750052206
200750052207
200750052208
200750052301
200750052302
200750052303
200750052304
200750052305
200750052306
200750052307
200750052308
200750052309
200750052310
200750052311
200750052401
200750052402
200750052403
200750052404
200750052405
200750052406
200750052407
200750052408
200750052409
200750052410
200750052901
200750052902
200750052903
200750052904
200750052905
200750052906
200750052907
200750052908
200750052909
200750052910
200750053001
200750053002
200750053003
200750053004
200750053005
200750053006
200750053007
200750053008
200750053009
200750053010
200750053101
200750053102
200750053103
200750053104
200750053105
200750053106
200750053107
200750053108
200750053109
200750053110
200750053111
200750060501
200750060502
200750060503
200750060504
200750060505
200750060506
200750060507
200750060508
200750060601
200750060602
200750060603
200750060604
200750060605
200750060606
200750060607
200750060608
200750060609
200750060610
200750060701
200750060702
200750060703
200750060704
200750060705
200750060706
200750060707
200750060708
200750060709
200750060710
200750060711
200750061201
200750061202
200750061203
200750061204
200750061205
200750061206
200750061207
200750061208
200750061209
200750061210
200750061211
200750061301
200750061302
200750061303
200750061304
200750061305
200750061401
200750061402
200750061403
200750061404
200750061405
200750061406
200750061407
200750061408
200750072401
200750072402
200750072403
200750072404
200750072405
200750072406
200750072407
200750072408
200750072409
200750072410
200750072501
200750072502
200750072503
200750072504
200750072505
200750072506
200750072507
200750072508
200750072509
200750072510
200750072511
200750072601
200750072602
200750072603
200750073101
200750073102
200750073103
200750073104
200750073105
200750073106
200750073107
200750073108
200750073109
200750073110
200750080101
200750080102
200750080103
200750080104
200750080105
200750080106
200750080107
200750080108
200750080109
200750080201
200750080202
200750080203
200750080204
200750080205
200750080206
200750080207
200750080801
200750080802
200750080803
200750080804
200750080805
200750080806
200750080807
200750080808
200750080809
200750080810
200750080901
200750080902
200750080903
200750080904
200750080905
200750080906
200750080907
200750080908
200750081301
200750081302
200750081303
200750081304
200750081305
200750081306
200750081307
200750081308
200750081309
200750081310
200750081401
200750081402
200750081403
200750081404
200750081405
200750081406
200750081407
200750081408
200750081409
200750081410
200750081411
200750081501
200750081502
200750081503
200750081504
200750081505
200750081506
200750081507
200750081601
200750081602
200750081603
200750081604
200750081605
200750081606
200750081607
200750081608
200750081609
200750081701
200750081702
200750081703
200750081704
200750081705
200750081706
200750081707
200750081708
200750082201
200750082202
200750082203
200750082204
200750082205
200750082206
200750082207
200750082208
200750082301
200750082302
200750082303
200750082304
200750082305
200750082306
200750082801
200750082802
200750082803
200750082804
200750082805
200750082806
200750082807
200750082808
200750082809
200750082810
200750082901
200750082902
200750082903
200750082904
200750082905
200750082906
200750082907
200750082908
200750083001
200750083002
200750083003
200750091901
200750091902
200750091903
200750091904
200750091905
200750091906
200750091907
200750091908
200750091909
200750091910
200750091911
200750091912
200750092001
200750092002
200750092003
200750092004
200750092005
200750092006
200750092007
200750092008
200750092009
200750092401
200750092402
200750092403
200750092404
200750092405
200750092406
200750092407
200750092408
200750092409
200750092410
200750092411
200750092412
200750092501
200750092502
200750092503
200750092504
200750092505
200750092506
200750092507
200750092601
200750092602
200750092603
200750092604
200750092605
200750092606
200750092607
200750092608
200750092609
200750092610
200750092701
200750092702
200750092703
200750092704
200750092705
200750092706
200750092707
200750092708
200750092709
200750092710
200750092711
200750092712
200750100201
200750100202
200750100203
200750100204
200750100205
200750100206
200750100207
200750100208
200750100301
200750100302
200750100303
200750100304
200750100305
200750100306
200750100307
200750100308
200750100401
200750100402
200750100403
200750100404
200750100405
200750100406
200750100407
200750100408
200750100409
200750100410
200750100901
200750100902
200750100903
200750100904
200750100905
200750100906
200750100907
200750100908
200750101001
200750101002
200750101003
200750101101
200750101102
200750101103
200750101104
200750101105
200750101106
200750101107
200750101108
200750101109
200750101601
200750101602
200750101603
200750101604
200750101605
200750101606
200750101607
200750101608
200750101609
200750101610
200750101611
200750101701
200750101702
200750101703
200750101704
200750101705
200750101706
200750101707
200750101708
200750101709
200750101710
200750101801
200750101802
200750101803
200750101804
200750101805
200750101806
200750101807
200750102301
200750102302
200750102303
200750102304
200750102305
200750102306
200750102307
200750102308
200750102401
200750102402
200750102403
200750102404
200750102405
200750102406
200750102407
200750102408
200750102409
200750102410
200750102501
200750102502
200750102503
200750102504
200750102505
200750102506
200750102507
200750102508
200750103001
200750103002
200750103003
200750103004
200750103005
200750103006
200750103007
200750103008
200750103009
200750103101
200750103102
200750103103
200750103104
200750103105
200750103106
200750103107
200750103108
200750103109
200750103110
200750103111
200750110101
200750110102
200750110103
200750110104
200750110105
200750110106
200750110107
200750110108
200750110109
200750110601
200750110602
200750110603
200750110604
200750110605
200750110606
200750110607
200750110608
200750110609
200750110701
200750110702
200750110703
200750110704
200750110705
200750110706
200750110707
200750110708
200750110709
200750110710
200750110711
200750110801
200750110802
200750110803
200750110804
200750110805
200750110806
200750110807
200750110808
200750111301
200750111302
200750111303
200750111304
200750111305
200750111306
200750111307
200750111308
200750111309
200750111310
200750111311
200750111401
200750111402
200750111403
200750111404
200750111405
200750111406
200750111407
200750111408
200750111409
200750111410
200750111411
200750111501
200750111502
200750111503
200750111504
200750111505
200750111506
200750111507
200750111508
200750111509
200750111510
200750111511
200750111512
200750112001
200750112002
200750112003
200750112004
200750112005
200750112006
200750112007
200750112008
200750112009
200750112010
200750112011
200750112101
200750112102
200750112103
200750112104
200750112105
200750112106
200750112107
200750112108
200750112109
200750112110
200750112111
200750112112
200750112201
200750112202
200750112203
200750112204
200750112205
200750112206
200750112207
200750112208
200750112701
200750112702
200750112703
200750112704
200750112705
200750112706
200750112707
200750112708
200750112709
200750112801
200750112802
200750112803
200750112804
200750112805
200750112806
200750112807
200750112808
200750112809
200750112901
200750112902
200750112903
200750112904
200750112905
200750112906
200750112907
200750112908
200750112909
200750120401
200750120402
200750120403
200750120404
200750120405
200750120406
200750120407
200750120408
200750120409
200750120410
200750120411
200750120412
200750120501
200750120502
200750120503
200750120504
200750120505
200750120506
200750120507
200750120508
200750120509
200750120510
200750120601
200750120602
200750120603
200750120604
200750120605
200750120606
200750120607
200750120608
200750120609
200750120610
200750120611
200750120612
200750121101
200750121102
200750121103
200750121104
200750121105
200750121106
200750121107
200750121108
200750121109
200750121110
200750121111
200750121201
200750121202
200750121203
200750121204
200750121205
200750121206
200750121207
200750121208
200750121209
200750121210
200750121301
200750121302
200750121303
200750121304
200750121305
200750121306
200750121307
200750121308
200750121309
200750121310
200750121311
200750121901
200750121902
200750121903
200750121904
200750121905
200750121906
200750121907
200750121908
200750122001
200750122002
200750122003
200750122004
200750122005
200750122006
200750122007
200750122401
200750122402
200750122403
200750122404
200750122405
200750122406
200750122407
200750122408
200750122409
200750122410
200750122501
200750122601
200750122602
200750122603
200750122604
200750122605
200750122606
200750122607
200750122608
200750122609
200750122610
200750122611
200750122901
200750122902
200750122903
200750122904
200750122905
200750122906
200750122907
200750122908
200750122909
200750122910
200750123001
200750123002
200750123003
200750123004
200750123005
200750123006
200750123007
200750123008
200750123009
200750123010
200750123101
200750123102
200750123103
200750123104
200750123105
200750123106
200750123107
200750123108
200750123109
200750123110