200753010301
200753010302
200753010303
200753010304
200753010305
200753010306
200753010307
200753010308
200753010309
200753010310
200753010311
200753011401
200753011402
200753011403
200753011404
200753011405
200753011406
200753011407
200753011408
200753011409
200753020401
200753020402
200753020403
200753020404
200753020405
200753020406
200753020407
200753020408
200753020409
200753022401
200753022402
200753022403
200753022404
200753022405
200753022406
200753071501
200753071502
200753071503
200753071504
200753081601
200753081602
200753081603
200753081604
200753081605
200753081606
200753081607
200753081608
200753081609
200753081610
200753090201
200753090202
200753090203
200753090204
200753093001
200753093002
200753093003
200753093004
200753101401
200753101402
200753101403
200753101404
200753101405
200753101406
200753101407
200753101408
200753101409
200753101410
200753111801
200753112501
200753112502
200753112503
200753120901
200753120902
200753120903
200753120904
200753120905
200753120906
200753120907
200753120908
200753120909
200753120910
200753121501
200753121502
200753121503
200753121504