200755010301
200755010302
200755010303
200755010304
200755010305
200755010306
200755010307
200755010308
200755010601
200755010602
200755010603
200755010604
200755010605
200755010606
200755010607
200755010608
200755010609
200755010610
200755010701
200755010702
200755010703
200755010704
200755010705
200755010706
200755010707
200755010708
200755010709
200755011301
200755011302
200755011401
200755011402
200755011403
200755011404
200755011405
200755011406
200755011407
200755011408
200755011409
200755011410
200755012001
200755012002
200755012003
200755012004
200755012005
200755012006
200755012007
200755012008
200755012009
200755012010
200755012101
200755012102
200755012103
200755012104
200755012105
200755012801
200755012802
200755012803
200755012804
200755012805
200755012806
200755012807
200755012808
200755020301
200755020401
200755020402
200755020403
200755020404
200755020405
200755020406
200755020407
200755020408
200755020501
200755020502
200755020503
200755020504
200755020505
200755020506
200755020507
200755020508
200755020509
200755021001
200755021002
200755021003
200755021004
200755021005
200755021006
200755021007
200755021008
200755021009
200755021010
200755021101
200755021102
200755021103
200755021104
200755021105
200755021106
200755021107
200755021108
200755021201
200755021202
200755021203
200755021204
200755021205
200755021206
200755021207
200755021208
200755021209
200755021701
200755021702
200755021703
200755021704
200755021705
200755021706
200755021707
200755021708
200755021709
200755021801
200755021802
200755021803
200755022501
200755022502
200755022503
200755022504
200755022505
200755022506
200755022507
200755022508
200755030301
200755030302
200755030303
200755030304
200755030305
200755030306
200755030307
200755031001
200755031002
200755031003
200755031004
200755031005
200755031006
200755031007
200755031008
200755031009
200755031101
200755031102
200755031103
200755031701
200755031702
200755031703
200755031704
200755031705
200755031706
200755031707
200755031708
200755031801
200755031802
200755031803
200755031804
200755031805
200755031806
200755031807
200755031808
200755031809
200755031810
200755032501
200755032502
200755032503
200755032504
200755032505
200755032506
200755032507
200755041401
200755041402
200755041403
200755041404
200755041405
200755041406
200755041407
200755041501
200755041502
200755041503
200755041504
200755041505
200755041506
200755042101
200755042102
200755042103
200755042104
200755042105
200755042106
200755042107
200755042108
200755042109
200755042110
200755042111
200755042901
200755042902
200755042903
200755042904
200755042905
200755042906
200755042907
200755043001
200755043002
200755043003
200755043004
200755043005
200755043006
200755043007
200755050401
200755050402
200755050403
200755050404
200755050405
200755050406
200755050407
200755050408
200755050501
200755050502
200755050503
200755050601
200755050602
200755050603
200755050604
200755050605
200755050606
200755050607
200755050608
200755050609
200755050610
200755051901
200755051902
200755051903
200755051904
200755051905
200755051906
200755051907
200755051908
200755051909
200755052001
200755052002
200755052003
200755052004
200755052005
200755052006
200755052007
200755052701
200755052702
200755052703
200755052704
200755052705
200755052706
200755052707
200755060201
200755060202
200755060203
200755060204
200755060205
200755060206
200755060207
200755060301
200755060302
200755060303
200755060304
200755060305
200755060306
200755060307
200755060308
200755060309
200755060901
200755060902
200755060903
200755060904
200755060905
200755060906
200755060907
200755060908
200755060909
200755060910
200755061001
200755061002
200755061003
200755061004
200755061005
200755061006
200755061007
200755061008
200755061009
200755061010
200755061011
200755061601
200755061602
200755061603
200755061604
200755061605
200755061606
200755061607
200755061608
200755061609
200755061701
200755061702
200755061703
200755061704
200755061705
200755061706
200755061707
200755062301
200755062302
200755062303
200755062304
200755062305
200755062306
200755062307
200755062308
200755062309
200755062310
200755062311
200755062401
200755062402
200755062403
200755062404
200755062405
200755062406
200755062407
200755062408
200755062409
200755062410
200755063001
200755063002
200755063003
200755063004
200755063005
200755063006
200755063007
200755063008
200755070101
200755070102
200755070103
200755070104
200755070105
200755070106
200755070701
200755070702
200755070703
200755070704
200755070705
200755070706
200755070707
200755070708
200755070709
200755070801
200755070802
200755070803
200755070804
200755070805
200755070806
200755070807
200755070808
200755070809
200755071501
200755071502
200755071503
200755071504
200755071505
200755071506
200755071507
200755071508
200755071601
200755071602
200755071603
200755071604
200755071605
200755071606
200755071607
200755072101
200755072102
200755072103
200755072104
200755072105
200755072106
200755072107
200755072108
200755072109
200755072110
200755072111
200755072201
200755072202
200755072203
200755072204
200755072205
200755072206
200755072207
200755072208
200755072209
200755072801
200755072802
200755072803
200755072804
200755072805
200755072806
200755072807
200755072808
200755072901
200755072902
200755072903
200755072904
200755072905
200755072906
200755072907
200755072908
200755072909
200755072910
200755081401
200755081402
200755081403
200755081404
200755081405
200755081406
200755081407
200755081408
200755081409
200755081410
200755081501
200755081502
200755081503
200755081504
200755081505
200755081506
200755081507
200755081601
200755081602
200755081603
200755081604
200755081605
200755081606
200755081607
200755081608
200755081609
200755081610
200755090101
200755090102
200755090901
200755090902
200755090903
200755090904
200755090905
200755090906
200755090907
200755090908
200755090909
200755090910
200755090911
200755091501
200755091502
200755091503
200755091504
200755091505
200755091506
200755091507
200755091601
200755091602
200755091603
200755091604
200755091605
200755091606
200755091607
200755091608
200755091609
200755091701
200755091702
200755091703
200755091704
200755091705
200755091706
200755091707
200755091708
200755091709
200755091710
200755092901
200755093001
200755100601
200755100602
200755100603
200755100604
200755100605
200755100606
200755100607
200755100608
200755100701
200755100702
200755100703
200755100704
200755100705
200755100706
200755100707
200755100708
200755100709
200755100710
200755100801
200755100802
200755100803
200755100804
200755100805
200755100806
200755100807
200755100808
200755100809
200755100810
200755102001
200755102002
200755102003
200755102101
200755102102
200755102103
200755102701
200755102702
200755102703
200755102704
200755102705
200755102706
200755102707
200755102708
200755102709
200755102710
200755102801
200755102802
200755102803
200755102804
200755102805
200755102806
200755102807
200755102808
200755102809
200755102810
200755102811
200755110301
200755110302
200755110303
200755110401
200755110402
200755110403
200755110404
200755110405
200755111001
200755111002
200755111003
200755111004
200755111005
200755111006
200755111007
200755111008
200755111009
200755111010
200755111101
200755111102
200755111103
200755111104
200755111105
200755111106
200755111107
200755111108
200755111109
200755111110
200755111701
200755111702
200755111703
200755111704
200755111801
200755111802
200755111803
200755111804
200755111805
200755111806
200755111807
200755111808
200755112301
200755112302
200755112303
200755112304
200755112305
200755112306
200755112307
200755112308
200755112401
200755112402
200755112403
200755112404
200755112405
200755112406
200755112501
200755112502
200755112503
200755112504
200755112505
200755112506
200755112507
200755112508
200755120101
200755120102
200755120103
200755120104
200755120105
200755120201
200755120202
200755120203
200755120204
200755120205
200755120206
200755120207
200755120208
200755120209
200755120210
200755120801
200755120802
200755120803
200755120804
200755120805
200755120806
200755120901
200755120902
200755120903
200755120904
200755120905
200755120906
200755120907
200755120908
200755120909
200755120910
200755121501
200755121502
200755121503
200755121504
200755121505
200755121506
200755121507
200755121508
200755122401
200755122402
200755122403
200755122404
200755122405
200755122406
200755122407
200755122408
200755122409
200755122410