200756011001
200756011002
200756011003
200756011004
200756011005
200756011006
200756011007
200756011008
200756011009
200756011010
200756011601
200756011602
200756011603
200756011604
200756011605
200756011606
200756011607
200756011608
200756011609
200756011701
200756011702
200756011703
200756011704
200756011705
200756011706
200756011707
200756011708
200756011709
200756011710
200756012301
200756012302
200756012303
200756012304
200756012305
200756012306
200756012307
200756012308
200756031301
200756041801
200756042501
200756042502
200756050301
200756050302
200756050303
200756051301
200756051302
200756052301
200756052302
200756052901
200756052902
200756060601
200756060602
200756060603
200756061201
200756061202
200756061203
200756062001
200756062002
200756062701
200756062702
200756062703
200756062704
200756070301
200756070302
200756070303
200756071001
200756071002
200756071003
200756071004
200756071005
200756071006
200756072401
200756072402
200756072403
200756072404
200756072405
200756072501
200756072502
200756072503
200756072504
200756073101
200756073102
200756073103
200756073104
200756073105
200756073106
200756073107
200756073108
200756073109
200756081201
200756081202
200756081203
200756081204
200756081205
200756081206
200756082901
200756082902
200756082903
200756082904
200756082905
200756082906
200756091801
200756091802
200756091803
200756091804
200756091805
200756091806
200756091807
200756091901
200756091902
200756091903
200756091904
200756091905
200756091906
200756091907
200756100901
200756100902
200756100903
200756100904
200756100905
200756100906
200756101301
200756101302
200756102401
200756102402
200756103001
200756103101
200756103102
200756103103
200756103104
200756103105
200756103106
200756110601
200756110602
200756111401
200756111402
200756111403
200756111404
200756111405
200756111406
200756112701
200756112702
200756112703
200756112704
200756112705
200756112706
200756112801
200756112802
200756112803
200756112804
200756112805
200756112806
200756112807
200756120401
200756120402
200756120403
200756120404
200756120405
200756120406
200756120407
200756120408
200756120409
200756120410
200756121201
200756121202
200756121203
200756121204
200756121205
200756121206
200756121207
200756121208
200756121901
200756121902
200756121903
200756121904
200756121905
200756121906
200756122901
200756122902
200756122903
200756122904
200756122905
200756123001
200756123002
200756123003
200756123004
200756123005
200756123006
200756123007
200756123008
200756123009
200756123010
200756123101
200756123102
200756123103
200756123104
200756123105
200756123106
200756123107
200756123108
200756123109
200756123110