200758101601
200758101602
200758101603
200758101604
200758101605
200758101606
200758101607
200758101608
200758101609
200758101610
200758101611
200758101701
200758101702
200758101703
200758101704
200758101705
200758101706
200758101707
200758101708
200758101709
200758101710
200758101711
200758101801
200758101802
200758101803
200758101804
200758101805
200758101806
200758101807
200758101808
200758101809
200758101810
200758101811
200758102301
200758102302
200758102303
200758102304
200758102305
200758102306
200758102307
200758102308
200758102309
200758102310
200758102401
200758102402
200758102403
200758102404
200758102405
200758102406
200758102407
200758102408
200758102409
200758102410
200758102501
200758102502
200758102503
200758102504
200758102505
200758102506
200758102507
200758102508
200758102509
200758102510
200758102511
200758103001
200758103002
200758103003
200758103004
200758103005
200758103006
200758103007
200758103008
200758103009
200758103010
200758103101
200758103102
200758103103
200758103104
200758103105
200758103106
200758103107
200758103108
200758103109
200758103110
200758110101
200758110102
200758110103
200758110104
200758110105
200758110106
200758110107
200758110108
200758110109
200758110110
200758110601
200758110602
200758110603
200758110604
200758110605
200758110606
200758110607
200758110608
200758110609
200758110610
200758110701
200758110702
200758110703
200758110704
200758110705
200758110706
200758110707
200758110708
200758110801
200758110802
200758110803
200758110804
200758110805
200758110806
200758110807
200758110808
200758110809
200758110810
200758111301
200758111302
200758111303
200758111304
200758111305
200758111306
200758111307
200758111308
200758111309
200758111310