200002010103
200002010104
200002010105
200002010106
200002010107
200002010108
200002010111
200002010112
200002010201
200002010202
200002010203
200002010206
200002010207
200002010209
200002010210
200002010301
200002010304
200002010307
200002010308
200002010310
200002010311
200002010312
200002010401
200002010403
200002010404
200002010405
200002010406
200002010411
200002010412
200002010501
200002010502
200002010504
200002010510
200002010511
200002010605
200002010606
200002010607
200002010610
200002010701
200002010702
200002010705
200002010706
200002010710
200002010711
200002010712
200002010803
200002010804
200002010806
200002010809
200002010810
200002010811
200002020102
200002020103
200002020104
200002020106
200002020108
200002020111
200002020201
200002020204
200002020205
200002020208
200002020210
200002020211
200002020301
200002020302
200002020305
200002020306
200002020308
200002020309
200002020311
200002020401
200002020404
200002020405
200002020406
200002020408
200002020409
200002020410
200002020411
200002020504
200002020505
200002020508
200002020509
200002020511
200002020601
200002020602
200002020604
200002020605
200002020606
200002020607
200002020608
200002020610
200002020611
200002020702
200002020705
200002020706
200002020709
200002020710
200002020711
200002020712
200002020803
200002020804
200002020805
200002020809
200002020810
200002020811
200002020812