200007010104
200007010106
200007010108
200007010109
200007010110
200007010111
200007010112
200007010201
200007010203
200007010205
200007010207
200007010210
200007010211
200007010303
200007010305
200007010307
200007010308
200007010309
200007010310
200007010311
200007010401
200007010403
200007010405
200007010406
200007010407
200007010408
200007010410
200007010412
200007010503
200007010505
200007010508
200007010509
200007010510
200007010511
200007010512
200007010601
200007010603
200007010605
200007010606
200007010610
200007010611
200007010703
200007010704
200007010706
200007010708
200007010709
200007010711
200007010806
200007010807
200007010809
200007010810
200007010811
200007010812
200007020102
200007020106
200007020107
200007020108
200007020109
200007020111
200007020112
200007020201
200007020202
200007020206
200007020207
200007020210
200007020211
200007020212
200007020301
200007020302
200007020304
200007020305
200007020306
200007020307
200007020308
200007020309
200007020310
200007020311
200007020402
200007020406
200007020410
200007020411
200007020501
200007020502
200007020503
200007020504
200007020506
200007020507
200007020508
200007020510
200007020511
200007020512
200007020602
200007020603
200007020605
200007020606
200007020607
200007020608
200007020610
200007020612
200007020702
200007020703
200007020706
200007020707
200007020708
200007020710
200007020711
200007020801
200007020805
200007020806
200007020807
200007020809
200007020810
200007020811
200007020812
200007030101
200007030103
200007030105
200007030107
200007030108
200007030109
200007030110
200007030111
200007030112
200007030202
200007030203
200007030204
200007030206
200007030207
200007030209
200007030212
200007030302
200007030304
200007030305
200007030306
200007030308
200007030310
200007030311
200007030312
200007030404
200007030407
200007030409
200007030410
200007030411
200007030412
200007030501
200007030502
200007030503
200007030506
200007030508
200007030510
200007030511
200007030512
200007030601
200007030602
200007030603
200007030604
200007030605
200007030607
200007030608
200007030610
200007030611
200007030612
200007030703
200007030704
200007030706
200007030707
200007030709
200007030711
200007030712
200007030802
200007030803
200007030804
200007030805
200007030809
200007030810
200007030811