200008010104
200008010107
200008010109
200008010110
200008010111
200008010202
200008010203
200008010205
200008010207
200008010209
200008010210
200008010211
200008010212
200008010301
200008010302
200008010304
200008010305
200008010307
200008010309
200008010310
200008010311
200008010312
200008010402
200008010404
200008010406
200008010408
200008010409
200008010410
200008010411
200008010502
200008010506
200008010509
200008010510
200008010511
200008010512
200008010603
200008010604
200008010608
200008010609
200008010610
200008010611
200008010704
200008010705
200008010706
200008010707
200008010709
200008010710
200008010711
200008010712
200008010801
200008010802
200008010804
200008010807
200008010808
200008010810
200008010811
200008010812
200008020102
200008020106
200008020108
200008020109
200008020203
200008020204
200008020209
200008020210
200008020211
200008020212
200008020302
200008020304
200008020307
200008020308
200008020309
200008020310
200008020311
200008020401
200008020404
200008020406
200008020407
200008020408
200008020409
200008020410
200008020411
200008020502
200008020503
200008020505
200008020509
200008020510
200008020511
200008020605
200008020606
200008020611
200008020612
200008020702
200008020706
200008020707
200008020708
200008020709
200008020710
200008020711
200008020712
200008020806
200008020807
200008020808
200008020809
200008020811
200008020812
200008030103
200008030106
200008030107
200008030108
200008030109
200008030110
200008030111
200008030204
200008030206
200008030208
200008030209
200008030210
200008030211
200008030212
200008030301
200008030303
200008030304
200008030305
200008030306
200008030307
200008030309
200008030310
200008030311
200008030312
200008030402
200008030404
200008030406
200008030407
200008030408
200008030410
200008030411
200008030412
200008030504
200008030505
200008030506
200008030507
200008030508
200008030510
200008030511
200008030512
200008030603
200008030604
200008030606
200008030607
200008030610
200008030611
200008030612
200008030701
200008030702
200008030706
200008030707
200008030708
200008030710
200008030711
200008030712
200008030801
200008030802
200008030803
200008030805
200008030806
200008030807
200008030809
200008030810
200008030811
200008040102
200008040103
200008040104
200008040105
200008040107
200008040108
200008040110
200008040111
200008040201
200008040203
200008040209
200008040210
200008040211
200008040302
200008040303
200008040307
200008040308
200008040309
200008040310
200008040311
200008040312
200008040402
200008040404
200008040405
200008040406
200008040407
200008040409
200008040411
200008040501
200008040507
200008040511
200008040512
200008040603
200008040604
200008040607
200008040608
200008040609
200008040610
200008040611
200008040612
200008040702
200008040703
200008040704
200008040705
200008040706
200008040707
200008040709
200008040710
200008040711
200008040712
200008040801
200008040803
200008040804
200008040806
200008040807
200008040808
200008040809
200008040811
200008040812
200008050102
200008050103
200008050104
200008050107
200008050108
200008050109
200008050110
200008050111
200008050112
200008050201
200008050202
200008050203
200008050204
200008050208
200008050209
200008050210
200008050211
200008050212
200008050302
200008050304
200008050305
200008050306
200008050307
200008050308
200008050309
200008050311
200008050312
200008050402
200008050403
200008050404
200008050406
200008050407
200008050408
200008050409
200008050411
200008050412
200008050503
200008050506
200008050507
200008050509
200008050510
200008050511
200008050512
200008050601
200008050602
200008050604
200008050606
200008050610
200008050611
200008050612
200008050701
200008050702
200008050704
200008050706
200008050707
200008050708
200008050709
200008050710
200008050711
200008050712
200008050802
200008050804
200008050805
200008050806
200008050807
200008050808
200008050809
200008050810
200008050811