200009010102
200009010104
200009010107
200009010110
200009010111
200009010112
200009010202
200009010203
200009010206
200009010207
200009010211
200009010212
200009010302
200009010306
200009010309
200009010310
200009010311
200009010312
200009010404
200009010405
200009010406
200009010407
200009010408
200009010409
200009010410
200009010411
200009010501
200009010505
200009010507
200009010509
200009010511
200009010603
200009010604
200009010605
200009010610
200009010611
200009010702
200009010703
200009010704
200009010706
200009010707
200009010709
200009010711
200009010712
200009010803
200009010805
200009010809
200009010810
200009010811
200009010812
200009020101
200009020102
200009020106
200009020107
200009020108
200009020109
200009020110
200009020111
200009020112
200009020201
200009020202
200009020203
200009020204
200009020207
200009020208
200009020209
200009020211
200009020212
200009020307
200009020308
200009020309
200009020310
200009020311
200009020312
200009020401
200009020402
200009020404
200009020405
200009020406
200009020408
200009020409
200009020410
200009020411
200009020412
200009020503
200009020506
200009020508
200009020510
200009020512
200009020601
200009020603
200009020604
200009020605
200009020607
200009020608
200009020609
200009020611
200009020612
200009020701
200009020702
200009020704
200009020706
200009020708
200009020709
200009020710
200009020711
200009020802
200009020804
200009020807
200009020808
200009020810
200009020811
200009020812
200009030101
200009030104
200009030106
200009030107
200009030108
200009030109
200009030110
200009030111
200009030112
200009030202
200009030205
200009030206
200009030207
200009030208
200009030209
200009030211
200009030212
200009030301
200009030306
200009030307
200009030308
200009030309
200009030310
200009030311
200009030401
200009030404
200009030407
200009030408
200009030409
200009030410
200009030411
200009030501
200009030506
200009030507
200009030511
200009030601
200009030603
200009030606
200009030607
200009030608
200009030609
200009030611
200009030612
200009030701
200009030702
200009030703
200009030704
200009030705
200009030708
200009030711
200009030712
200009030805
200009030806
200009030808
200009030809
200009030810
200009030811
200009030812
200009040101
200009040102
200009040103
200009040106
200009040107
200009040109
200009040111
200009040206
200009040208
200009040210
200009040211
200009040212
200009040302
200009040306
200009040307
200009040310
200009040311
200009040404
200009040406
200009040410
200009040411
200009040412
200009040506
200009040508
200009040510
200009040511
200009040512
200009040602
200009040604
200009040608
200009040609
200009040610
200009040611
200009040612
200009040701
200009040704
200009040708
200009040709
200009040710
200009040801
200009040807
200009040811
200009050103
200009050104
200009050106
200009050107
200009050108
200009050109
200009050110
200009050111
200009050201
200009050202
200009050203
200009050204
200009050206
200009050207
200009050209
200009050211
200009050212
200009050303
200009050304
200009050308
200009050309
200009050311
200009050312
200009050402
200009050405
200009050406
200009050408
200009050410
200009050411
200009050412
200009050503
200009050505
200009050506
200009050507
200009050508
200009050509
200009050510
200009050511
200009050512
200009050601
200009050602
200009050603
200009050604
200009050606
200009050610
200009050611
200009050612
200009050701
200009050702
200009050703
200009050707
200009050708
200009050709
200009050710
200009050711
200009050712
200009050804
200009050806
200009050808
200009050810
200009050811
200009050812