200044010805
200044010909
200044011107
200044020110
200044020201
200044020309
200044020310
200044020405
200044022907
200044030105
200044030210
200044030304
200044030305
200044030309
200044031905
200044032207
200044032210
200044032304
200044032405
200044032409
200044041008
200044041305
200044041309
200044041502
200044050702
200044050710
200044050908
200044050909
200044051001
200044051101
200044051802
200044051808
200044051811
200044052001
200044052201
200044052209
200044060309
200044060311
200044060503
200044060607
200044060609
200044060701
200044060802
200044061901
200044062008
200044062209
200044071002
200044071003
200044071105
200044071202
200044071209
200044071410
200044072001
200044072201
200044072203
200044072409
200044081201
200044081208
200044081303
200044081402
200044081608
200044081609
200044081708
200044081709
200044082408
200044082604
200044090806
200044090807
200044091108
200044091209
200044092407
200044092506
200044092608
200044092709
200044092807
200044092910
200044101608
200044101609
200044101610
200044101705
200044101708
200044101709
200044103008
200044103109
200044110104
200044110109
200044110110
200044110310
200044111703
200044111809
200044111811
200044120504
200044120609
200044120610
200044120710
200044120903
200044122705
200044122908
200044122909
200044123009
200044123105
200044123111