200203010101
200203010106
200203010107
200203010108
200203010109
200203010111
200203010112
200203010205
200203010206
200203010207
200203010208
200203010209
200203010211
200203010212
200203010306
200203010307
200203010308
200203010311
200203010312
200203010406
200203010408
200203010411
200203010412
200203010501
200203010502
200203010505
200203010507
200203010508
200203010509
200203010510
200203010511
200203010512
200203010603
200203010604
200203010606
200203010607
200203010608
200203010610
200203010612
200203010702
200203010703
200203010705
200203010708
200203010711
200203010712
200203010802
200203010804
200203010806
200203010808
200203010809
200203010811
200203010812
200203020101
200203020105
200203020106
200203020112
200203020201
200203020202
200203020207
200203020209
200203020211
200203020212
200203020301
200203020305
200203020307
200203020308
200203020309
200203020310
200203020312
200203020401
200203020402
200203020403
200203020408
200203020409
200203020411
200203020412
200203020503
200203020504
200203020505
200203020506
200203020510
200203020512
200203020601
200203020602
200203020603
200203020606
200203020607
200203020609
200203020611
200203020612
200203020702
200203020704
200203020706
200203020707
200203020708
200203020709
200203020710
200203020711
200203020801
200203020808
200203020810
200203020811
200203020812
200203030102
200203030103
200203030104
200203030105
200203030107
200203030109
200203030110
200203030112
200203030201
200203030202
200203030203
200203030205
200203030206
200203030208
200203030209
200203030210
200203030211
200203030212
200203030301
200203030302
200203030303
200203030304
200203030308
200203030311
200203030402
200203030403
200203030405
200203030408
200203030409
200203030410
200203030411
200203030501
200203030507
200203030508
200203030512
200203030604
200203030610
200203030611
200203030701
200203030702
200203030704
200203030705
200203030707
200203030709
200203030710
200203030711
200203030712
200203030802
200203030803
200203030804
200203030808
200203030809
200203030810