200204010101
200204010103
200204010104
200204010105
200204010106
200204010107
200204010108
200204010109
200204010202
200204010203
200204010206
200204010207
200204010208
200204010210
200204010211
200204010301
200204010302
200204010305
200204010307
200204010308
200204010309
200204010310
200204010311
200204010407
200204010408
200204010409
200204010410
200204010411
200204010412
200204010503
200204010505
200204010506
200204010508
200204010509
200204010512
200204010605
200204010611
200204010702
200204010704
200204010706
200204010707
200204010708
200204010709
200204010711
200204010712
200204010805
200204010811
200204010812
200204020102
200204020103
200204020104
200204020105
200204020106
200204020107
200204020111
200204020203
200204020206
200204020207
200204020208
200204020209
200204020210
200204020211
200204020301
200204020307
200204020308
200204020309
200204020310
200204020311
200204020312
200204020401
200204020402
200204020405
200204020406
200204020408
200204020409
200204020410
200204020411
200204020412
200204020501
200204020502
200204020503
200204020507
200204020508
200204020509
200204020510
200204020511
200204020512
200204020601
200204020606
200204020608
200204020609
200204020611
200204020612
200204020701
200204020702
200204020706
200204020708
200204020710
200204020711
200204020712
200204020801
200204020805
200204020809
200204020810
200204020812
200204030101
200204030103
200204030105
200204030106
200204030107
200204030108
200204030109
200204030110
200204030111
200204030203
200204030205
200204030208
200204030209
200204030210
200204030211
200204030212
200204030301
200204030305
200204030306
200204030307
200204030308
200204030311
200204030312
200204030401
200204030402
200204030405
200204030406
200204030407
200204030408
200204030409
200204030410
200204030411
200204030501
200204030503
200204030504
200204030506
200204030508
200204030509
200204030510
200204030511
200204030604
200204030605
200204030606
200204030607
200204030610
200204030611
200204030703
200204030705
200204030708
200204030709
200204030710
200204030711
200204030712
200204030803
200204030804
200204030806
200204030807
200204030808
200204030810
200204030811
200204040101
200204040103
200204040104
200204040105
200204040106
200204040107
200204040108
200204040109
200204040110
200204040111
200204040201
200204040203
200204040204
200204040205
200204040208
200204040209
200204040210
200204040211
200204040212
200204040301
200204040303
200204040308
200204040309
200204040310
200204040311
200204040312
200204040401
200204040403
200204040404
200204040408
200204040409
200204040410
200204040411
200204040412
200204040502
200204040503
200204040504
200204040505
200204040506
200204040508
200204040509
200204040510
200204040511
200204040604
200204040605
200204040606
200204040608
200204040609
200204040610
200204040611
200204040612
200204040703
200204040706
200204040707
200204040709
200204040710
200204040712
200204040801
200204040802
200204040806
200204040809
200204040810
200204040811
200204040812