200250010410
200250010807
200250010808
200250010908
200250012307
200250012310
200250012405
200250020508
200250020606
200250020610
200250021308
200250021906
200250021908
200250022109
200250040406
200250041011
200250041109
200250041806
200250042507
200250050110
200250050907
200250051604
200250052303
200250052910
200250060408
200250061211
200250061804
200250062004
200250062005
200250062510
200250062609
200250062610
200250071010
200250071805
200250072508
200250080104
200250080708
200250080709
200250082207
200250091107
200250091109
200250091205
200250092609
200250100211
200250100910
200250112004
200250112104
200250112808
200250112811
200250121010
200250121107
200250121108
200250121806
200250121902
200250121911
200250122305
200250122510
200250122511
200250122610
200250122810
200250123005