200255010306
200255010406
200255010609
200255012106
200255012205
200255012708
200255020911
200255021007
200255021010
200255022001
200255022006
200255030405
200255032107
200255032306
200255032409
200255040704
200255041310
200255042109
200255042806
200255050509
200255051106
200255052603
200255052609
200255060307
200255061001
200255061506
200255062301
200255071306
200255072705
200255072908
200255081410
200255082505
200255091505
200255100608
200255110209
200255111702
200255112308
200255120702
200255120809
200255123002
200255123008