199101010102
199101010106
199101010107
199101010201
199101010206
199101010208
199101010209
199101010210
199101010308
199101010404
199101010405
199101010409
199101010410
199101010504
199101010505
199101010509
199101010606
199101010608
199101010610
199101010709
199101010810
199101010811
199101020103
199101020109
199101020110
199101020204
199101020211
199101020212
199101020303
199101020309
199101020407
199101020411
199101020510
199101020608
199101020610
199101020707
199101020709
199101020711
199101020712
199101020811