199102010102
199102010105
199102010106
199102010110
199102010201
199102010204
199102010208
199102010210
199102010308
199102010309
199102010310
199102010403
199102010406
199102010408
199102010409
199102010410
199102010504
199102010505
199102010510
199102010602
199102010603
199102010607
199102010608
199102010609
199102010610
199102010703
199102010709
199102010710
199102010802
199102010806
199102010809
199102020103
199102020106
199102020107
199102020108
199102020109
199102020110
199102020204
199102020205
199102020208
199102020304
199102020307
199102020308
199102020309
199102020403
199102020406
199102020407
199102020409
199102020505
199102020506
199102020508
199102020601
199102020604
199102020608
199102020609
199102020705
199102020707
199102020803
199102020804
199102020808
199102020809
199102020810