199103010111
199103010112
199103010203
199103010205
199103010209
199103010210
199103010211
199103010212
199103010303
199103010307
199103010309
199103010311
199103010408
199103010409
199103010410
199103010411
199103010503
199103010504
199103010509
199103010511
199103010512
199103010608
199103010610
199103010612
199103010706
199103010707
199103010710
199103010711
199103010808
199103010811
199103010812
199103020102
199103020110
199103020202
199103020303
199103020310
199103020311
199103020403
199103020410
199103020504
199103020507
199103020509
199103020603
199103020611
199103020709
199103020711
199103020802
199103020809
199103020811
199103020812
199103030108
199103030112
199103030203
199103030204
199103030205
199103030210
199103030304
199103030310
199103030508
199103030611
199103030704
199103030710
199103030712
199103030803
199103030810
199103030811