199107010105
199107010106
199107010202
199107010210
199107010211
199107010301
199107010309
199107010311
199107010401
199107010405
199107010407
199107010408
199107010411
199107010412
199107010507
199107010510
199107010607
199107010610
199107010611
199107010701
199107010706
199107010707
199107010709
199107010711
199107010801
199107010805
199107010808
199107010810
199107010811
199107020102
199107020104
199107020109
199107020110
199107020111
199107020202
199107020208
199107020209
199107020211
199107020304
199107020307
199107020308
199107020309
199107020312
199107020402
199107020405
199107020409
199107020410
199107020411
199107020502
199107020507
199107020508
199107020510
199107020602
199107020609
199107020703
199107020707
199107020711
199107020805
199107020806
199107020807
199107020809
199107020810
199107020811
199107030102
199107030106
199107030109
199107030112
199107030203
199107030205
199107030206
199107030209
199107030211
199107030304
199107030308
199107030311
199107030408
199107030410
199107030411
199107030503
199107030508
199107030510
199107030512
199107030607
199107030608
199107030612
199107030805
199107030808
199107030809
199107030811
199107040103
199107040104
199107040106
199107040107
199107040110
199107040111
199107040211
199107040302
199107040307
199107040308
199107040312
199107040403
199107040505
199107040506
199107040507
199107040508
199107040509
199107040511
199107040512
199107040606
199107040607
199107040609
199107040610
199107040611
199107040702
199107040703
199107040704
199107040711
199107040808
199107040811