202205010301
202205010302
202205010303
202205010304
202205010305
202205010306
202205010307
202205010308
202205010309
202205010310
202205010311
202205010312
202205010401
202205010402
202205010403
202205010404
202205010405
202205010406
202205010407
202205010408
202205010409
202205010410
202205010411
202205010412
202205010501
202205010502
202205010503
202205010504
202205010505
202205010506
202205010507
202205010508
202205010509
202205010510
202205010511
202205010512
202205010601
202205010602
202205010603
202205010604
202205010605
202205010606
202205010607
202205010608
202205010609
202205010610
202205010611
202205010612
202205010701
202205010702
202205010703
202205010704
202205010705
202205010706
202205010707
202205010708
202205010709
202205010710
202205010711
202205010712
202205010801
202205010802
202205010803
202205010804
202205010805
202205010806
202205010807
202205010808
202205010809
202205010810
202205010811
202205010812
202206020101
202206020102
202206020103
202206020104
202206020105
202206020106
202206020107
202206020108
202206020109
202206020110
202206020111
202206020112
202206020201
202206020202
202206020203
202206020204
202206020205
202206020206
202206020207
202206020208
202206020209
202206020210
202206020211
202206020212
202207011101
202207011102
202207011103
202207011104
202207011105
202207011106
202207011107
202207011108
202207011109
202207011110
202207011111
202207011112
202207011201
202207011202
202207011203
202207011204
202207011205
202207011206
202207011207
202207011208
202207011209
202207011210
202207011211
202207011212
202209010101
202209010102
202209010103
202209010104
202209010105
202209010106
202209010107
202209010108
202209010109
202209010110
202209010111
202209010112
202209010201
202209010202
202209010203
202209010204
202209010205
202209010206
202209010207
202209010208
202209010209
202209010210
202209010211
202209010212
202209010301
202209010302
202209010303
202209010304
202209010305
202209010306
202209010307
202209010308
202209010309
202209010310
202209010311
202209010312
202209010401
202209010402
202209010403
202209010404
202209010405
202209010406
202209010407
202209010408
202209010409
202209010410
202209010411
202209010412
202209010501
202209010502
202209010503
202209010504
202209010505
202209010506
202209010507
202209010508
202209010509
202209010510
202209010511
202209010512
202209010601
202209010602
202209010603
202209010604
202209010605
202209010606
202209010607
202209010608
202209010609
202209010610
202209010611
202209010612
202210010701
202210010702
202210010703
202210010704
202210010705
202210010706
202210010707
202210010708
202210010709
202210010710
202210010711
202210010712
202210010801
202210010802
202210010803
202210010804
202210010805
202210010806
202210010807
202210010808
202210010809
202210010810
202210010811
202210010812
202210020101
202210020102
202210020103
202210020104
202210020105
202210020106
202210020107
202210020108
202210020109
202210020110
202210020111
202210020112
202210020201
202210020202
202210020203
202210020204
202210020205
202210020206
202210020207
202210020208
202210020209
202210020210
202210020211
202210020212
202210020301
202210020302
202210020303
202210020304
202210020305
202210020306
202210020307
202210020308
202210020309
202210020310
202210020311
202210020312
202210020401
202210020402
202210020403
202210020404
202210020405
202210020406
202210020407
202210020408
202210020409
202210020410
202210020411
202210020412
202210020501
202210020502
202210020503
202210020504
202210020505
202210020506
202210020507
202210020508
202210020509
202210020510
202210020511
202210020512
202210020601
202210020602
202210020603
202210020604
202210020605
202210020606
202210020607
202210020608
202210020609
202210020610
202210020611
202210020612
202242022101
202242022102
202242022103
202242022104
202242022105
202242022106
202242022107
202242022108
202242022109
202242022110
202242022111
202242022112
202242022201
202242022202
202242022203
202242022204
202242022205
202242022206
202242022207
202242022208
202242022209
202242022210
202242022211
202242022212
202242022301
202242022302
202242022303
202242022304
202242022305
202242022306
202242022307
202242022308
202242022309
202242022310
202242022311
202242022312
202242022401
202242022402
202242022403
202242022404
202242022405
202242022406
202242022407
202242022408
202242022409
202242022410
202242022411
202242022412
202242022501
202242022502
202242022503
202242022504
202242022505
202242022506
202242022507
202242022508
202242022509
202242022510
202242022511
202242022512
202243021401
202243021402
202243021403
202243021404
202243021405
202243021406
202243021407
202243021408
202243021409
202243021410
202243021411
202243021412
202243021501
202243021502
202243021503
202243021504
202243021505
202243021506
202243021507
202243021508
202243021509
202243021510
202243021511
202243021512
202243021601
202243021602
202243021603
202243021604
202243021605
202243021606
202243021607
202243021608
202243021609
202243021610
202243021611
202243021612
202243021701
202243021702
202243021703
202243021704
202243021705
202243021706
202243021707
202243021708
202243021709
202243021710
202243021711
202243021712
202243021801
202243021802
202243021803
202243021804
202243021805
202243021806
202243021807
202243021808
202243021809
202243021810
202243021811
202243021812
202244020701
202244020702
202244020703
202244020704
202244020705
202244020706
202244020707
202244020708
202244020709
202244020710
202244020711
202244020712
202244020801
202244020802
202244020803
202244020804
202244020805
202244020806
202244020807
202244020808
202244020809
202244020810
202244020811
202244020812
202244020901
202244020902
202244020903
202244020904
202244020905
202244020906
202244020907
202244020908
202244020909
202244020910
202244020911
202244020912
202244021001
202244021002
202244021003
202244021004
202244021005
202244021006
202244021007
202244021008
202244021009
202244021010
202244021011
202244021012
202244021101
202244021102
202244021103
202244021104
202244021105
202244021106
202244021107
202244021108
202244021109
202244021110
202244021111
202244021112
202245020101
202245020102
202245020103
202245020104
202245020105
202245020106
202245020107
202245020108
202245020109
202245020110
202245020111
202245020112
202245020201
202245020202
202245020203
202245020204
202245020205
202245020206
202245020207
202245020208
202245020209
202245020210
202245020211
202245020212
202245020301
202245020302
202245020303
202245020304
202245020305
202245020306
202245020307
202245020308
202245020309
202245020310
202245020311
202245020312
202245020401
202245020402
202245020403
202245020404
202245020405
202245020406
202245020407
202245020408
202245020409
202245020410
202245020411
202245020412
202245022801
202245022802
202245022803
202245022804
202245022805
202245022806
202245022807
202245022808
202245022809
202245022810
202245022811
202245022812
202247020701
202247020702
202247020703
202247020704
202247020705
202247020706
202247020707
202247020708
202247020709
202247020710
202247020801
202247020802
202247020803
202247020804
202247020805
202247020806
202247020807
202247020808
202247020809
202247020810
202247020901
202247020902
202247020903
202247020904
202247020905
202247020906
202247020907
202247020908
202247020909
202247020910
202247021001
202247021002
202247021003
202247021004
202247021005
202247021006
202247021007
202247021008
202247021009
202247021010
202247021011
202247021101
202247021102
202247021103
202247021104
202247021105
202247021106
202247021107
202247021108
202247021109
202247021110
202248020101
202248020102
202248020103
202248020104
202248020105
202248020106
202248020107
202248020108
202248020109
202248020110
202248020111
202248020201
202248020202
202248020203
202248020204
202248020205
202248020206
202248020207
202248020208
202248020209
202248020210
202248020211
202248020301
202248020302
202248020303
202248020304
202248020305
202248020306
202248020307
202248020308
202248020309
202248020310
202248020311
202248020401
202248020402
202248020403
202248020404
202248020405
202248020406
202248020407
202248020408
202248020409
202248020410
202248020411
202248021401
202248021402
202248021403
202248021404
202248021405
202248021406
202248021407
202248021408
202248021409
202248021410
202248021411
202248021501
202248021502
202248021503
202248021504
202248021505
202248021506
202248021507
202248021508
202248021509
202248021510
202248021511
202248021601
202248021602
202248021603
202248021604
202248021605
202248021606
202248021607
202248021608
202248021609
202248021610
202248021611
202248021701
202248021702
202248021703
202248021704
202248021705
202248021706
202248021707
202248021708
202248021709
202248021710
202248021711
202248021801
202248021802
202248021803
202248021804
202248021805
202248021806
202248021807
202248021808
202248021809
202248021810
202248021811
202248022801
202248022802
202248022803
202248022804
202248022805
202248022806
202248022807
202248022808
202248022809
202248022810
202248022811
202248022812
202251020101
202251020102
202251020103
202251020104
202251020105
202251020106
202251020107
202251020108
202251020109
202251020110
202251020111
202251020112
202251020201
202251020202
202251020203
202251020204
202251020205
202251020206
202251020207
202251020208
202251020209
202251020210
202251020211
202251020212
202251020301
202251020302
202251020303
202251020304
202251020305
202251020306
202251020307
202251020308
202251020309
202251020310
202251020311
202251020312
202251020801
202251020802
202251020803
202251020804
202251020805
202251020806
202251020807
202251020808
202251020809
202251020810
202251020811
202251020812
202251020901
202251020902
202251020903
202251020904
202251020905
202251020906
202251020907
202251020908
202251020909
202251020910
202251020911
202251020912
202251021001
202251021002
202251021003
202251021004
202251021005
202251021006
202251021007
202251021008
202251021009
202251021010
202251021011
202251021012
202251021501
202251021502
202251021503
202251021504
202251021505
202251021506
202251021507
202251021508
202251021509
202251021510
202251021511
202251021512
202251021601
202251021602
202251021603
202251021604
202251021605
202251021606
202251021607
202251021608
202251021609
202251021610
202251021611
202251021612
202251021701
202251021702
202251021703
202251021704
202251021705
202251021706
202251021707
202251021708
202251021709
202251021710
202251021711
202251021712
202251022201
202251022202
202251022203
202251022204
202251022205
202251022206
202251022207
202251022208
202251022209
202251022210
202251022211
202251022212
202251022301
202251022302
202251022303
202251022304
202251022305
202251022306
202251022307
202251022308
202251022309
202251022310
202251022311
202251022312
202251022401
202251022402
202251022403
202251022404
202251022405
202251022406
202251022407
202251022408
202251022409
202251022410
202251022411
202251022412
202254020101
202254020102
202254020103
202254020104
202254020105
202254020106
202254020107
202254020108
202254020109
202254020110
202254020201
202254020202
202254020203
202254020204
202254020205
202254020206
202254020207
202254020208
202254020209
202254020601
202254020602
202254020603
202254020604
202254020605
202254020606
202254020607
202254020608
202254020609
202254020610
202254020611
202254020801
202254020802
202254020803
202254020804
202254020805
202254020806
202254020807
202254020808
202254020809
202254020810
202254020811
202254020901
202254020902
202254020903
202254020904
202254020905
202254020906
202254020907
202254020908
202254020909
202254020910
202254020911
202254021301
202254021302
202254021303
202254021304
202254021305
202254021306
202254021307
202254021308
202254021309
202254021310
202254021501
202254021502
202254021503
202254021504
202254021505
202254021506
202254021507
202254021508
202254021509
202254021510
202254021601
202254021602
202254021603
202254021604
202254021605
202254021606
202254021607
202254021608
202254021609
202254021610
202254022001
202254022002
202254022003
202254022004
202254022005
202254022006
202254022007
202254022008
202254022009
202254022010
202254022011
202254022201
202254022202
202254022203
202254022204
202254022205
202254022206
202254022207
202254022208
202254022209
202254022210
202254022301
202254022302
202254022303
202254022304
202254022305
202254022306
202254022307
202254022308
202254022309
202254022310
202254022701
202254022702
202254022703
202254022704
202254022705
202254022706
202254022707
202254022708
202254022709
202254022710
202255020501
202255020502
202255020503
202255020504
202255020505
202255020506
202255020507
202255020508
202255020509
202255020510
202255020511
202255020601
202255020602
202255020603
202255020604
202255020605
202255020606
202255020607
202255020608
202255020609
202255020610
202255020611
202255020801
202255020802
202255020803
202255020804
202255020805
202255020806
202255020807
202255020808
202255020809
202255020810
202255020811
202255020812
202255021201
202255021202
202255021203
202255021204
202255021205
202255021206
202255021207
202255021208
202255021209
202255021210
202255021211
202255021301
202255021302
202255021303
202255021304
202255021305
202255021306
202255021307
202255021308
202255021309
202255021310
202255021311
202255021901
202255021902
202255021903
202255021904
202255021905
202255021906
202255021907
202255021908
202255021909
202255021910
202255021911
202255022001
202255022002
202255022003
202255022004
202255022005
202255022006
202255022007
202255022008
202255022009
202255022010
202255022011
202255022301
202255022302
202255022303
202255022304
202255022305
202255022306
202255022307
202255022308
202255022309
202255022310
202255022311
202255022601
202255022602
202255022603
202255022604
202255022605
202255022606
202255022607
202255022608
202255022609
202255022610
202255022611
202255022701
202255022702
202255022703
202255022704
202255022705
202255022706
202255022707
202255022708
202255022709
202255022710
202255022711
202265020501
202265020502
202265020503
202265020504
202265020505
202265020506
202265020507
202265020508
202265020509
202265020510
202265020511
202265020601
202265020602
202265020603
202265020604
202265020605
202265020606
202265020607
202265020608
202265020609
202265020610
202265020611
202265020612
202265020701
202265020702
202265020703
202265020704
202265020705
202265020706
202265020707
202265020708
202265020709
202265020710
202265020711
202265020712
202265021201
202265021202
202265021203
202265021204
202265021205
202265021206
202265021207
202265021208
202265021209
202265021210
202265021211
202265021301
202265021302
202265021303
202265021304
202265021305
202265021306
202265021307
202265021308
202265021309
202265021310
202265021311
202265021312
202265021401
202265021402
202265021403
202265021404
202265021405
202265021406
202265021407
202265021408
202265021409
202265021410
202265021411
202265021412
202265021901
202265021902
202265021903
202265021904
202265021905
202265021906
202265021907
202265021908
202265021909
202265021910
202265021911
202265022001
202265022002
202265022003
202265022004
202265022005
202265022006
202265022007
202265022008
202265022009
202265022010
202265022011
202265022012
202265022101
202265022102
202265022103
202265022104
202265022105
202265022106
202265022107
202265022108
202265022109
202265022110
202265022111
202265022112
202265022601
202265022602
202265022603
202265022604
202265022605
202265022606
202265022607
202265022608
202265022609
202265022610
202265022611
202265022701
202265022702
202265022703
202265022704
202265022705
202265022706
202265022707
202265022708
202265022709
202265022710
202265022711
202265022712
202265022801
202265022802
202265022803
202265022804
202265022805
202265022806
202265022807
202265022808
202265022809
202265022810
202265022811
202265022812
