202236031401
202236031402
202236031403
202236031404
202236031405
202236031406
202236031407
202236031408
202236031409
202236031410
202242031401
202242031402
202242031403
202242031404
202242031405
202242031406
202242031407
202242031408
202242031409
202242031410
202242031411
202242031412
202246031401
202246031402
202246031403
202246031404
202246031405
202246031406
202246031407
202246031408
202246031409
202246031410
202246031411
202246031412
202247031401
202247031402
202247031403
202247031404
202247031405
202247031406
202247031407
202247031408
202247031409
202247031410
202247031411
202265031401
202265031402
202265031403
202265031404
202265031405
202265031406
202265031407
202265031408
202265031409
202265031410
202265031411
202265031412
