202030042801
202030042802
202030042803
202030042804
202030042805
202030042806
202030042807
202030042808
202030042809
202030042810
202030042811
202030042901
202030042902
202030042903
202030042904
202030042905
202030042906
202030042907
202030042908
202030042909
202030042910
202030042911
202030042912
202036042701
202036042702
202036042703
202036042704
202036042705
202036042706
202036042707
202036042708
202036042709
202036042710
202036042711
202036042712
202036042801
202036042802
202036042803
202036042804
202036042805
202036042806
202036042807
202036042808
202036042809
202036042810
202036042811
202036042812
202044042701
202044042702
202044042703
202044042704
202044042705
202044042706
202044042707
202044042708
202044042709
202044042710
202044042801
202044042802
202044042803
202044042804
202044042805
202044042806
202044042807
202044042808
202044042809
202044042810
202044042811
202044042812
202044042901
202044042902
202044042903
202044042904
202044042905
202044042906
202044042907
202044042908
202044042909
202044042910
202044042911
202044042912
202044043001
202044043002
202044043003
202044043004
202044043005
202044043006
202044043007
202044043008
202044043009
202044043010
202044043011
202044043012
202046042801
202046042802
202046042803
202046042804
202046042805
202046042806
202046042807
202046042808
202046042809
202046042810
202046042811
202046042812
202046042901
202046042902
202046042903
202046042904
202046042905
202046042906
202046042907
202046042908
202046042909
202046042910
202046042911
202047042801
202047042802
202047042803
202047042804
202047042805
202047042806
202047042807
202047042808
202047042809
202047042810
202047042811
202047042812
202047042901
202047042902
202047042903
202047042904
202047042905
202047042906
202047042907
202047042908
202047042909
202047042910
202047042911
202047042912
202047043001
202047043002
202047043003
202047043004
202047043005
202047043006
202047043007
202047043008
202047043009
202047043010
202047043011
202047043012
202050042801
202050042802
202050042803
202050042804
202050042805
202050042806
202050042807
202050042808
202050042809
202050042810
202050042811
202050042812
202050042901
202050042902
202050042903
202050042904
202050042905
202050042906
202050042907
202050042908
202050042909
202050042910
202050042911
202050042912
202050043001
202050043002
202050043003
202050043004
202050043005
202050043006
202050043007
202050043008
202050043009
202050043010
202050043011
202050043012
202065042701
202065042702
202065042703
202065042704
202065042705
202065042706
202065042707
202065042708
202065042709
202065042710
202065042711
