202001020301
202001020302
202001020303
202001020304
202001020305
202001020306
202001020307
202001020308
202001020309
202001020310
202001020311
202001020312
202001020401
202001020402
202001020403
202001020404
202001020405
202001020406
202001020407
202001020408
202001020409
202001020410
202001020411
202001020412
202001020501
202001020502
202001020503
202001020504
202001020505
202001020506
202001020507
202001020508
202001020509
202001020510
202001020511
202001020512
202001020601
202001020602
202001020603
202001020604
202001020605
202001020606
202001020607
202001020608
202001020609
202001020610
202001020611
202001020612
202004030301
202004030302
202004030303
202004030304
202004030305
202004030306
202004030307
202004030308
202004030309
202004030310
202004030311
202004030312
202004030401
202004030402
202004030403
202004030404
202004030405
202004030406
202004030407
202004030408
202004030409
202004030410
202004030411
202004030412
202004030501
202004030502
202004030503
202004030504
202004030505
202004030506
202004030507
202004030508
202004030509
202004030510
202004030511
202004030512
202004030601
202004030602
202004030603
202004030604
202004030605
202004030606
202004030607
202004030608
202004030609
202004030610
202004030611
202004030612
202010020301
202010020302
202010020303
202010020304
202010020305
202010020306
202010020307
202010020308
202010020309
202010020310
202010020311
202010020312
202010020401
202010020402
202010020403
202010020404
202010020405
202010020406
202010020407
202010020408
202010020409
202010020410
202010020411
202010020412
202010020501
202010020502
202010020503
202010020504
202010020505
202010020506
202010020507
202010020508
202010020509
202010020510
202010020511
202010020512
202010020601
202010020602
202010020603
202010020604
202010020605
202010020606
202010020607
202010020608
202010020609
202010020610
202010020611
202010020612
202030081801
202030081802
202030081803
202030081804
202030081805
202030081806
202030081807
202030081808
202030081809
202030081810
202030081811
202030081812
202030081901
202030081902
202030081903
202030081904
202030081905
202030081906
202030081907
202030081908
202030081909
202030081910
202030081911
202030081912
202030082001
202030082002
202030082003
202030082004
202030082005
202030082006
202030082007
202030082008
202030082009
202030082010
202030082011
202030082012
202030082501
202030082502
202030082503
202030082504
202030082505
202030082506
202030082507
202030082508
202030082509
202030082510
202030082511
202030082601
202030082602
202030082603
202030082604
202030082605
202030082606
202030082607
202030082608
202030082609
202030082610
202030082611
202030082612
202030082701
202030082702
202030082703
202030082704
202030082705
202030082706
202030082707
202030082708
202030082709
202030082710
202030082711
202030082712
202035081701
202035081702
202035081703
202035081704
202035081705
202035081706
202035081707
202035081708
202035081709
202035081710
202035081711
202036082201
202036082202
202036082203
202036082204
202036082205
202036082206
202036082207
202036082208
202036082209
202036082210
202036082301
202036082302
202036082303
202036082304
202036082305
202036082306
202036082307
202036082308
202036082309
202036082310
202036082311
202036082401
202036082402
202036082403
202036082404
202036082405
202036082406
202036082407
202036082408
202036082409
202036082410
202036082411
202036082412
202036082901
202036082902
202036082903
202036082904
202036082905
202036082906
202036082907
202036082908
202036082909
202036082910
202036083001
202036083002
202036083003
202036083004
202036083005
202036083006
202036083007
202036083008
202036083009
202036083010
202036083011
202036083101
202036083102
202036083103
202036083104
202036083105
202036083106
202036083107
202036083108
202036083109
202036083110
202036083111
202036083112
202042081701
202042081702
202042081703
202042081704
202042081705
202042081706
202042081707
202042081708
202042081709
202042081710
202044081701
202044081702
202044081703
202044081704
202044081705
202044081706
202044081707
202044081708
202044081709
202044081710
202044081711
202044081712
202044081801
202044081802
202044081803
202044081804
202044081805
202044081806
202044081807
202044081808
202044081809
202044081810
202044081811
202044081812
202044081901
202044081902
202044081903
202044081904
202044081905
202044081906
202044081907
202044081908
202044081909
202044081910
202044081911
202044081912
202044082001
202044082002
202044082003
202044082004
202044082005
202044082006
202044082007
202044082008
202044082009
202044082010
202044082011
202044082012
202044082101
202044082102
202044082103
202044082104
202044082105
202044082106
202044082107
202044082108
202044082109
202044082110
202045082401
202045082402
202045082403
202045082404
202045082405
202045082406
202045082407
202045082408
202045082409
202045082410
202045082411
202045082412
202045082501
202045082502
202045082503
202045082504
202045082505
202045082506
202045082507
202045082508
202045082509
202045082510
202045082511
202045082512
202045082601
202045082602
202045082603
202045082604
202045082605
202045082606
202045082607
202045082608
202045082609
202045082610
202045082611
202045082612
202045082701
202045082702
202045082703
202045082704
202045082705
202045082706
202045082707
202045082708
202045082709
202045082710
202045082711
202045082712
202045082801
202045082802
202045082803
202045082804
202045082805
202045082806
202045082807
202045082808
202045082809
202045082810
202045082811
202045082812
202045083101
202045083102
202045083103
202045083104
202045083105
202045083106
202045083107
202045083108
202045083109
202045083110
202045083111
202045083112
202046081801
202046081802
202046081803
202046081804
202046081805
202046081806
202046081807
202046081808
202046081809
202046081810
202046081811
202046081812
202046082301
202046082302
202046082303
202046082304
202046082305
202046082306
202046082307
202046082308
202046082309
202046082310
202046082311
202046082501
202046082502
202046082503
202046082504
202046082505
202046082506
202046082507
202046082508
202046082509
202046082510
202046082511
202046082512
202046083001
202046083002
202046083003
202046083004
202046083005
202046083006
202046083007
202046083008
202046083009
202046083010
202046083011
202047082601
202047082602
202047082603
202047082604
202047082605
202047082606
202047082607
202047082608
202047082609
202047082610
202047082611
202047082612
202047082701
202047082702
202047082703
202047082704
202047082705
202047082706
202047082707
202047082708
202047082709
202047082710
202047082711
202047082712
202047082801
202047082802
202047082803
202047082804
202047082805
202047082806
202047082807
202047082808
202047082809
202047082810
202047082811
202047082812
202048081801
202048081802
202048081803
202048081804
202048081805
202048081806
202048081807
202048081808
202048081809
202048081810
202048081811
202048081812
202048081901
202048081902
202048081903
202048081904
202048081905
202048081906
202048081907
202048081908
202048081909
202048081910
202048081911
202048081912
202048082001
202048082002
202048082003
202048082004
202048082005
202048082006
202048082007
202048082008
202048082009
202048082010
202048082011
202048082012
202048082101
202048082102
202048082103
202048082104
202048082105
202048082106
202048082107
202048082108
202048082109
202048082110
202048082111
202048082112
202050081901
202050081902
202050081903
202050081904
202050081905
202050081906
202050081907
202050081908
202050081909
202050081910
202050081911
202050081912
202050082001
202050082002
202050082003
202050082004
202050082005
202050082006
202050082007
202050082008
202050082009
202050082010
202050082011
202050082012
202050082101
202050082102
202050082103
202050082104
202050082105
202050082106
202050082107
202050082108
202050082109
202050082110
202050082111
202050082112
202050082601
202050082602
202050082603
202050082604
202050082605
202050082606
202050082607
202050082608
202050082609
202050082610
202050082611
202050082612
202050082701
202050082702
202050082703
202050082704
202050082705
202050082706
202050082707
202050082708
202050082709
202050082710
202050082711
202050082801
202050082802
202050082803
202050082804
202050082805
202050082806
202050082807
202050082808
202050082809
202050082810
202050082811
202050082812
202054082201
202054082202
202054082203
202054082204
202054082205
202054082206
202054082207
202054082208
202054082209
202054082210
202054082211
202054082212
202054082301
202054082302
202054082303
202054082304
202054082305
202054082306
202054082307
202054082308
202054082309
202054082310
202054082311
202054082312
202054082901
202054082902
202054082903
202054082904
202054082905
202054082906
202054082907
202054082908
202054082909
202054082910
202054082911
202054082912
202054083001
202054083002
202054083003
202054083004
202054083005
202054083006
202054083007
202054083008
202054083009
202054083010
202054083011
202054083012
202055081801
202055081802
202055081803
202055081804
202055081805
202055081806
202055081807
202055081808
202055081809
202055081810
202055081811
202055082201
202055082202
202055082203
202055082204
202055082205
202055082206
202055082207
202055082208
202055082209
202055082210
202055082211
202055082901
202055082902
202055082903
202055082904
202055082905
202055082906
202055082907
202055082908
202055082909
202055082910
202055082911
202055083001
202055083002
202055083003
202055083004
202055083005
202055083006
202055083007
202055083008
202055083009
202055083010
202055083011
202065081701
202065081702
202065081703
202065081704
202065081705
202065081706
202065081707
202065081708
202065081709
202065081710
202065081711
202065081712
202065082201
202065082202
202065082203
202065082204
202065082205
202065082206
202065082207
202065082208
202065082209
202065082210
202065082211
202065082301
202065082302
202065082303
202065082304
202065082305
202065082306
202065082307
202065082308
202065082309
202065082310
202065082311
202065082401
202065082402
202065082403
202065082404
202065082405
202065082406
202065082407
202065082408
202065082409
202065082410
202065082411
202065082412
202065082901
202065082902
202065082903
202065082904
202065082905
202065082906
202065082907
202065082908
202065082909
202065082910
202065082911
202065083001
202065083002
202065083003
202065083004
202065083005
202065083006
202065083007
202065083008
202065083009
202065083010
202065083011
202065083101
202065083102
202065083103
202065083104
202065083105
202065083106
202065083107
202065083108
202065083109
202065083110
202065083111
202065083112
