202006050701
202006050702
202006050703
202006050704
202006050705
202006050706
202006050707
202006050708
202006050709
202006050710
202006050711
202006050712
202006050801
202006050802
202006050803
202006050804
202006050805
202006050806
202006050807
202006050808
202006050809
202006050810
202006050811
202006050812
202009060701
202009060702
202009060703
202009060704
202009060705
202009060706
202009060707
202009060708
202009060709
202009060710
202009060711
202009060712
202009060801
202009060802
202009060803
202009060804
202009060805
202009060806
202009060807
202009060808
202009060809
202009060810
202009060811
202009060812
202036122101
202036122102
202036122103
202036122104
202036122105
202036122106
202036122107
202036122108
202036122109
202036122110
202036122111
202036122601
202036122602
202036122603
202036122604
202036122605
202036122606
202036122607
202036122608
202036122609
202036122610
202036122701
202036122702
202036122703
202036122704
202036122705
202036122706
202036122707
202036122708
202036122709
202036122710
202036122901
202036122902
202036122903
202036122904
202036122905
202036122906
202036122907
202036122908
202036122909
202036122910
202036123001
202036123002
202036123003
202036123004
202036123005
202036123006
202036123007
202036123008
202036123009
202036123010
202036123101
202036123102
202036123103
202036123104
202036123105
202036123106
202036123107
202036123108
202036123109
202036123110
202042122101
202042122102
202042122103
202042122104
202042122105
202042122106
202042122107
202042122108
202042122109
202042122110
202042122111
202042122201
202042122202
202042122203
202042122204
202042122205
202042122206
202042122207
202042122208
202042122209
202042122210
202042122211
202042122301
202042122302
202042122303
202042122304
202042122305
202042122306
202042122307
202042122308
202042122309
202042122310
202042122311
202042122401
202042122402
202042122403
202042122404
202042122405
202042122406
202042122407
202042122408
202042122409
202042122410
202042122411
202042122501
202042122502
202042122503
202042122504
202042122505
202042122506
202042122507
202042122508
202042122509
202042122510
202042122511
202044122401
202044122402
202044122403
202044122404
202044122405
202044122406
202044122407
202044122408
202044122409
202044122501
202044122502
202044122503
202044122504
202044122505
202044122506
202044122507
202044122508
202044122509
202044122510
202044122801
202044122802
202044122803
202044122804
202044122805
202044122806
202044122807
202044122808
202044122809
202044122810
202044122811
202044122812
202044122901
202044122902
202044122903
202044122904
202044122905
202044122906
202044122907
202044122908
202044122909
202044122910
202044122911
202044122912
202044123001
202044123002
202044123003
202044123004
202044123005
202044123006
202044123007
202044123008
202044123009
202044123010
202044123011
202044123012
202044123101
202044123102
202044123103
202044123104
202044123105
202044123106
202044123107
202044123108
202044123109
202044123110
202044123111
202044123112
202046122201
202046122202
202046122203
202046122204
202046122205
202046122206
202046122207
202046122208
202046122209
202046122210
202046122211
202046122301
202046122302
202046122303
202046122304
202046122305
202046122306
202046122307
202046122308
202046122309
202046122310
202046122311
202046122501
202046122502
202046122503
202046122504
202046122505
202046122506
202046122507
202046122508
202046122509
202046122510
202046122511
202047122801
202047122802
202047122803
202047122804
202047122805
202047122806
202047122807
202047122808
202047122809
202047122810
202047122811
202047122901
202047122902
202047122903
202047122904
202047122905
202047122906
202047122907
202047122908
202047122909
202047122910
202047122911
202047122912
202047123001
202047123002
202047123003
202047123004
202047123005
202047123006
202047123007
202047123008
202047123009
202047123010
202047123011
202047123012
202047123101
202047123102
202047123103
202047123104
202047123105
202047123106
202047123107
202047123108
202047123109
202047123110
202047123111
202048122201
202048122202
202048122203
202048122204
202048122205
202048122206
202048122207
202048122208
202048122209
202048122210
202048122211
202048122301
202048122302
202048122303
202048122304
202048122305
202048122306
202048122307
202048122308
202048122309
202048122310
202048122311
202048122312
202048122401
202048122402
202048122403
202048122404
202048122405
202048122406
202048122407
202048122408
202048122409
202048122410
202048122411
202048122412
202048122501
202048122502
202048122503
202048122504
202048122505
202048122506
202048122507
202048122508
202048122509
202048122510
202048122511
202048122512
202050122201
202050122202
202050122203
202050122204
202050122205
202050122206
202050122207
202050122208
202050122209
202050122210
202050122211
202050122212
202050122301
202050122302
202050122303
202050122304
202050122305
202050122306
202050122307
202050122308
202050122309
202050122310
202050122311
202050122401
202050122402
202050122403
202050122404
202050122405
202050122406
202050122407
202050122408
202050122409
202050122410
202050122411
202050122801
202050122802
202050122803
202050122804
202050122805
202050122806
202050122807
202050122808
202050122809
202050122810
202050122811
202050122901
202050122902
202050122903
202050122904
202050122905
202050122906
202050122907
202050122908
202050122909
202050122910
202050122911
202050123001
202050123002
202050123003
202050123004
202050123005
202050123006
202050123007
202050123008
202050123009
202050123010
202050123011
202050123101
202050123102
202050123103
202050123104
202050123105
202050123106
202050123107
202050123108
202050123109
202050123110
202050123111
202054122601
202054122602
202054122603
202054122604
202054122605
202054122606
202054122607
202054122608
202054122609
202054122610
202054122611
202054122612
202054122701
202054122702
202054122703
202054122704
202054122705
202054122706
202054122707
202054122708
202054122709
202054122710
202054122711
202054122712
202054123101
202054123102
202054123103
202054123104
202054123105
202054123106
202054123107
202054123108
202054123109
202054123110
202054123111
202054123112
202055122601
202055122602
202055122603
202055122604
202055122605
202055122606
202055122607
202055122608
202055122609
202055122610
202055122611
202055122701
202055122702
202055122703
202055122704
202055122705
202055122706
202055122707
202055122708
202055122709
202055122710
202055122711
202065122101
202065122102
202065122103
202065122104
202065122105
202065122106
202065122107
202065122108
202065122109
202065122110
202065122111
202065122112
202065122601
202065122602
202065122603
202065122604
202065122605
202065122606
202065122607
202065122608
202065122609
202065122610
202065122611
202065122612
202065122701
202065122702
202065122703
202065122704
202065122705
202065122706
202065122707
202065122708
202065122709
202065122710
202065122711
202065122712
202065122801
202065122802
202065122803
202065122804
202065122805
202065122806
202065122807
202065122808
202065122809
202065122810
202065122811
202065122812
202065122901
202065122902
202065122903
202065122904
202065122905
202065122906
202065122907
202065122908
202065122909
202065122910
202065122911
202065122912
202065123001
202065123002
202065123003
202065123004
202065123005
202065123006
202065123007
202065123008
202065123009
202065123010
202065123011
202065123012
