202005010701
202005010702
202005010703
202005010704
202005010705
202005010706
202005010707
202005010708
202005010709
202005010710
202005010711
202005010712
202005010801
202005010802
202005010803
202005010804
202005010805
202005010806
202005010807
202005010808
202005010809
202005010810
202005010811
202005010812
202006020101
202006020102
202006020103
202006020104
202006020105
202006020106
202006020107
202006020108
202006020109
202006020110
202006020111
202006020112
202007010101
202007010102
202007010103
202007010104
202007010105
202007010106
202007010107
202007010108
202007010109
202007010110
202007010111
202007010112
202008020701
202008020702
202008020703
202008020704
202008020705
202008020706
202008020707
202008020708
202008020709
202008020710
202008020711
202008020712
202008020801
202008020802
202008020803
202008020804
202008020805
202008020806
202008020807
202008020808
202008020809
202008020810
202008020811
202008020812
202009010101
202009010102
202009010103
202009010104
202009010105
202009010106
202009010107
202009010108
202009010109
202009010110
202009010111
202009010112
202010011101
202010011102
202010011103
202010011104
202010011105
202010011106
202010011107
202010011108
202010011109
202010011110
202010011111
202010011112
202010011201
202010011202
202010011203
202010011204
202010011205
202010011206
202010011207
202010011208
202010011209
202010011210
202010011211
202010011212
202042021701
202042021702
202042021703
202042021704
202042021705
202042021706
202042021707
202042021708
202042021709
202042021710
202042021711
202042021712
202042021801
202042021802
202042021803
202042021804
202042021805
202042021806
202042021807
202042021808
202042021809
202042021810
202042021811
202042021812
202042021901
202042021902
202042021903
202042021904
202042021905
202042021906
202042021907
202042021908
202042021909
202042021910
202042021911
202042021912
202042022001
202042022002
202042022003
202042022004
202042022005
202042022006
202042022007
202042022008
202042022009
202042022010
202042022011
202042022012
202042022101
202042022102
202042022103
202042022104
202042022105
202042022106
202042022107
202042022108
202042022109
202042022110
202042022111
202042022112
202044022401
202044022402
202044022403
202044022404
202044022405
202044022406
202044022407
202044022408
202044022409
202044022410
202044022411
202044022412
202044022501
202044022502
202044022503
202044022504
202044022505
202044022506
202044022507
202044022508
202044022509
202044022510
202044022511
202044022512
202044022601
202044022602
202044022603
202044022604
202044022605
202044022606
202044022607
202044022608
202044022609
202044022610
202044022611
202044022612
202044022701
202044022702
202044022703
202044022704
202044022705
202044022706
202044022707
202044022708
202044022709
202044022710
202044022711
202044022712
202044022801
202044022802
202044022803
202044022804
202044022805
202044022806
202044022807
202044022808
202044022809
202044022810
202044022811
202044022812
202047021701
202047021702
202047021703
202047021704
202047021705
202047021706
202047021707
202047021708
202047021709
202047021710
202047021801
202047021802
202047021803
202047021804
202047021805
202047021806
202047021807
202047021808
202047021809
202047021810
202047021901
202047021902
202047021903
202047021904
202047021905
202047021906
202047021907
202047021908
202047021909
202047021910
202047022001
202047022002
202047022003
202047022004
202047022005
202047022006
202047022007
202047022008
202047022009
202047022010
202047022101
202047022102
202047022103
202047022104
202047022105
202047022106
202047022107
202047022108
202047022109
202047022110
202048022401
202048022402
202048022403
202048022404
202048022405
202048022406
202048022407
202048022408
202048022409
202048022410
202048022411
202048022412
202048022601
202048022602
202048022603
202048022604
202048022605
202048022606
202048022607
202048022608
202048022609
202048022610
202048022611
202048022612
202048022701
202048022702
202048022703
202048022704
202048022705
202048022706
202048022707
202048022708
202048022709
202048022710
202048022711
202048022712
202048022801
202048022802
202048022803
202048022804
202048022805
202048022806
202048022807
202048022808
202048022809
202048022810
202048022811
202048022812
202050021801
202050021802
202050021803
202050021804
202050021805
202050021806
202050021807
202050021808
202050021809
202050021810
202050021811
202050021901
202050021902
202050021903
202050021904
202050021905
202050021906
202050021907
202050021908
202050021909
202050021910
202050021911
202050022001
202050022002
202050022003
202050022004
202050022005
202050022006
202050022007
202050022008
202050022009
202050022010
202050022011
202050022401
202050022402
202050022403
202050022404
202050022405
202050022406
202050022407
202050022408
202050022409
202050022410
202050022411
202050022501
202050022502
202050022503
202050022504
202050022505
202050022506
202050022507
202050022508
202050022509
202050022510
202050022601
202050022602
202050022603
202050022604
202050022605
202050022606
202050022607
202050022608
202050022609
202050022610
202050022611
202050022701
202050022702
202050022703
202050022704
202050022705
202050022706
202050022707
202050022708
202050022709
202050022710
202050022711
202054021801
202054021802
202054021803
202054021804
202054021805
202054021806
202054021807
202054021808
202054021809
202054021810
202054021811
202054021901
202054021902
202054021903
202054021904
202054021905
202054021906
202054021907
202054021908
202054021909
202054021910
202054021911
202054022301
202054022302
202054022303
202054022304
202054022305
202054022306
202054022307
202054022308
202054022309
202054022310
202054022311
202054022401
202054022402
202054022403
202054022404
202054022405
202054022406
202054022407
202054022408
202054022409
202054022410
202054022411
202054022601
202054022602
202054022603
202054022604
202054022605
202054022606
202054022607
202054022608
202054022609
202054022610
202054022611
202054022612
202055022201
202055022202
202055022203
202055022204
202055022205
202055022206
202055022207
202055022208
202055022209
202055022210
202055022211
202055022301
202055022302
202055022303
202055022304
202055022305
202055022306
202055022307
202055022308
202055022309
202055022310
202055022311
202055022312
202055022701
202055022702
202055022703
202055022704
202055022705
202055022706
202055022707
202055022708
202055022709
202055022710
202055022711
202055022901
202055022902
202055022903
202055022904
202055022905
202055022906
202055022907
202055022908
202055022909
202055022910
202055022911
202055022912
202065021701
202065021702
202065021703
202065021704
202065021705
202065021706
202065021707
202065021708
202065021709
202065021710
202065021711
202065021712
202065022201
202065022202
202065022203
202065022204
202065022205
202065022206
202065022207
202065022208
202065022209
202065022210
202065022211
202065022301
202065022302
202065022303
202065022304
202065022305
202065022306
202065022307
202065022308
202065022309
202065022310
202065022311
202065022401
202065022402
202065022403
202065022404
202065022405
202065022406
202065022407
202065022408
202065022409
202065022410
202065022411
202065022412
202065022901
202065022902
202065022903
202065022904
202065022905
202065022906
202065022907
202065022908
202065022909
202065022910
202065022911
