202006010801
202006010802
202006010803
202006010804
202006010805
202006010806
202006010807
202006010808
202006010809
202006010810
202006010811
202006010812
202006010901
202006010902
202006010903
202006010904
202006010905
202006010906
202006010907
202006010908
202006010909
202006010910
202006010911
202006010912
202008010801
202008010802
202008010803
202008010804
202008010805
202008010806
202008010807
202008010808
202008010809
202008010810
202008010811
202008010812
202008010901
202008010902
202008010903
202008010904
202008010905
202008010906
202008010907
202008010908
202008010909
202008010910
202008010911
202008010912
202010010301
202010010302
202010010303
202010010304
202010010305
202010010306
202010010307
202010010308
202010010309
202010010310
202010010311
202010010312
202010010401
202010010402
202010010403
202010010404
202010010405
202010010406
202010010407
202010010408
202010010409
202010010410
202010010411
202010010412
202044012001
202044012002
202044012003
202044012004
202044012005
202044012006
202044012007
202044012008
202044012009
202044012010
202044012011
202044012012
202044012101
202044012102
202044012103
202044012104
202044012105
202044012106
202044012107
202044012108
202044012109
202044012110
202044012111
202044012112
202044012201
202044012202
202044012203
202044012204
202044012205
202044012206
202044012207
202044012208
202044012209
202044012210
202044012211
202044012212
202044012301
202044012302
202044012303
202044012304
202044012305
202044012306
202044012307
202044012308
202044012309
202044012310
202044012311
202044012312
202044012401
202044012402
202044012403
202044012404
202044012405
202044012406
202044012407
202044012408
202044012409
202044012410
202044012411
202044012412
202045012701
202045012702
202045012703
202045012704
202045012705
202045012706
202045012707
202045012708
202045012709
202045012710
202045012711
202045012712
202045012801
202045012802
202045012803
202045012804
202045012805
202045012806
202045012807
202045012808
202045012809
202045012810
202045012811
202045012812
202045012901
202045012902
202045012903
202045012904
202045012905
202045012906
202045012907
202045012908
202045012909
202045012910
202045012911
202045012912
202045013001
202045013002
202045013003
202045013004
202045013005
202045013006
202045013007
202045013008
202045013009
202045013010
202045013011
202045013012
202045013101
202045013102
202045013103
202045013104
202045013105
202045013106
202045013107
202045013108
202045013109
202045013110
202045013111
202045013112
202047012001
202047012002
202047012003
202047012004
202047012005
202047012006
202047012007
202047012008
202047012009
202047012010
202047012101
202047012102
202047012103
202047012104
202047012105
202047012106
202047012107
202047012108
202047012109
202047012110
202047012201
202047012202
202047012203
202047012204
202047012205
202047012206
202047012207
202047012208
202047012209
202047012210
202047012301
202047012302
202047012303
202047012304
202047012305
202047012306
202047012307
202047012308
202047012309
202047012310
202047012401
202047012402
202047012403
202047012404
202047012405
202047012406
202047012407
202047012408
202047012409
202047012410
202048012701
202048012702
202048012703
202048012704
202048012705
202048012706
202048012707
202048012708
202048012709
202048012710
202048012801
202048012802
202048012803
202048012804
202048012805
202048012806
202048012807
202048012808
202048012809
202048012810
202048012811
202048012901
202048012902
202048012903
202048012904
202048012905
202048012906
202048012907
202048012908
202048012909
202048012910
202048012911
202048013001
202048013002
202048013003
202048013004
202048013005
202048013006
202048013007
202048013008
202048013009
202048013010
202048013011
202048013101
202048013102
202048013103
202048013104
202048013105
202048013106
202048013107
202048013108
202048013109
202048013110
202051012101
202051012102
202051012103
202051012104
202051012105
202051012106
202051012107
202051012108
202051012109
202051012110
202051012111
202051012112
202051012201
202051012202
202051012203
202051012204
202051012205
202051012206
202051012207
202051012208
202051012209
202051012210
202051012211
202051012212
202051012301
202051012302
202051012303
202051012304
202051012305
202051012306
202051012307
202051012308
202051012309
202051012310
202051012311
202051012801
202051012802
202051012803
202051012804
202051012805
202051012806
202051012807
202051012808
202051012809
202051012810
202051012811
202051012901
202051012902
202051012903
202051012904
202051012905
202051012906
202051012907
202051012908
202051012909
202051012910
202051012911
202051013001
202051013002
202051013003
202051013004
202051013005
202051013006
202051013007
202051013008
202051013009
202051013010
202051013011
202054012101
202054012102
202054012103
202054012104
202054012105
202054012106
202054012107
202054012108
202054012109
202054012110
202054012111
202054012112
202054012201
202054012202
202054012203
202054012204
202054012205
202054012206
202054012207
202054012208
202054012209
202054012210
202054012211
202054012212
202054012601
202054012602
202054012603
202054012604
202054012605
202054012606
202054012607
202054012608
202054012609
202054012610
202054012611
202054012801
202054012802
202054012803
202054012804
202054012805
202054012806
202054012807
202054012808
202054012809
202054012810
202054012811
202054012812
202054012901
202054012902
202054012903
202054012904
202054012905
202054012906
202054012907
202054012908
202054012909
202054012910
202054012911
202054012912
202055012501
202055012502
202055012503
202055012504
202055012505
202055012506
202055012507
202055012508
202055012509
202055012510
202055012511
202055012601
202055012602
202055012603
202055012604
202055012605
202055012606
202055012607
202055012608
202055012609
202055012610
202055012611
202065012001
202065012002
202065012003
202065012004
202065012005
202065012006
202065012007
202065012008
202065012009
202065012010
202065012011
202065012012
202065012501
202065012502
202065012503
202065012504
202065012505
202065012506
202065012507
202065012508
202065012509
202065012510
202065012511
202065012601
202065012602
202065012603
202065012604
202065012605
202065012606
202065012607
202065012608
202065012609
202065012610
202065012611
202065012701
202065012702
202065012703
202065012704
202065012705
202065012706
202065012707
202065012708
202065012709
202065012710
202065012711
202065012712
