202001010101
202001010102
202001010103
202001010104
202001010105
202001010106
202001010107
202001010108
202001010109
202001010110
202001010111
202001010112
202001010201
202001010202
202001010203
202001010204
202001010205
202001010206
202001010207
202001010208
202001010209
202001010210
202001010211
202001010212
202004020101
202004020102
202004020103
202004020104
202004020105
202004020106
202004020107
202004020108
202004020109
202004020110
202004020111
202004020112
202004020201
202004020202
202004020203
202004020204
202004020205
202004020206
202004020207
202004020208
202004020209
202004020210
202004020211
202004020212
202030072101
202030072102
202030072103
202030072104
202030072105
202030072106
202030072107
202030072108
202030072109
202030072110
202030072111
202030072201
202030072202
202030072203
202030072204
202030072205
202030072206
202030072207
202030072208
202030072209
202030072210
202030072211
202030072301
202030072302
202030072303
202030072304
202030072305
202030072306
202030072307
202030072308
202030072309
202030072310
202030072311
202030072312
202030072801
202030072802
202030072803
202030072804
202030072805
202030072806
202030072807
202030072808
202030072809
202030072810
202030072811
202030072812
202030072901
202030072902
202030072903
202030072904
202030072905
202030072906
202030072907
202030072908
202030072909
202030072910
202030072911
202030072912
202030073001
202030073002
202030073003
202030073004
202030073005
202030073006
202030073007
202030073008
202030073009
202030073010
202030073011
202030073012
202035072001
202035072002
202035072003
202035072004
202035072005
202035072006
202035072007
202035072008
202035072009
202035072010
202035072011
202035072012
202035072101
202035072102
202035072103
202035072104
202035072105
202035072106
202035072107
202035072108
202035072109
202035072110
202035072111
202035072112
202035072601
202035072602
202035072603
202035072604
202035072605
202035072606
202035072607
202035072608
202035072609
202035072610
202035072611
202035072701
202035072702
202035072703
202035072704
202035072705
202035072706
202035072707
202035072708
202035072709
202035072710
202035072711
202035072712
202035072801
202035072802
202035072803
202035072804
202035072805
202035072806
202035072807
202035072808
202035072809
202035072810
202035072811
202035072812
202042072301
202042072302
202042072303
202042072304
202042072305
202042072306
202042072307
202042072308
202042072309
202042072310
202042072311
202042072312
202042072401
202042072402
202042072403
202042072404
202042072405
202042072406
202042072407
202042072408
202042072409
202042072410
202042072411
202042072412
202042072701
202042072702
202042072703
202042072704
202042072705
202042072706
202042072707
202042072708
202042072709
202042072710
202042072711
202042072712
202043072001
202043072002
202043072003
202043072004
202043072005
202043072006
202043072007
202043072008
202043072009
202043072010
202043072011
202043072012
202043072101
202043072102
202043072103
202043072104
202043072105
202043072106
202043072107
202043072108
202043072109
202043072110
202043072111
202043072112
202043072201
202043072202
202043072203
202043072204
202043072205
202043072206
202043072207
202043072208
202043072209
202043072210
202043072211
202043072212
202044072801
202044072802
202044072803
202044072804
202044072805
202044072806
202044072807
202044072808
202044072809
202044072810
202044072811
202044072812
202044072901
202044072902
202044072903
202044072904
202044072905
202044072906
202044072907
202044072908
202044072909
202044072910
202044072911
202044072912
202044073001
202044073002
202044073003
202044073004
202044073005
202044073006
202044073007
202044073008
202044073009
202044073010
202044073011
202044073012
202044073101
202044073102
202044073103
202044073104
202044073105
202044073106
202044073107
202044073108
202044073109
202044073110
202044073111
202044073112
202046072001
202046072002
202046072003
202046072004
202046072005
202046072006
202046072007
202046072008
202046072009
202046072010
202046072011
202046072012
202046072101
202046072102
202046072103
202046072104
202046072105
202046072106
202046072107
202046072108
202046072109
202046072110
202046072111
202046072112
202046072601
202046072602
202046072603
202046072604
202046072605
202046072606
202046072607
202046072608
202046072609
202046072610
202046072611
202046072801
202046072802
202046072803
202046072804
202046072805
202046072806
202046072807
202046072808
202046072809
202046072810
202046072811
202046072812
202048072201
202048072202
202048072203
202048072204
202048072205
202048072206
202048072207
202048072208
202048072209
202048072210
202048072211
202048072212
202048072301
202048072302
202048072303
202048072304
202048072305
202048072306
202048072307
202048072308
202048072309
202048072310
202048072311
202048072312
202048072401
202048072402
202048072403
202048072404
202048072405
202048072406
202048072407
202048072408
202048072409
202048072410
202048072411
202048072412
202048073101
202048073102
202048073103
202048073104
202048073105
202048073106
202048073107
202048073108
202048073109
202048073110
202048073111
202048073112
202050072201
202050072202
202050072203
202050072204
202050072205
202050072206
202050072207
202050072208
202050072209
202050072210
202050072211
202050072212
202050072301
202050072302
202050072303
202050072304
202050072305
202050072306
202050072307
202050072308
202050072309
202050072310
202050072311
202050072312
202050072401
202050072402
202050072403
202050072404
202050072405
202050072406
202050072407
202050072408
202050072409
202050072410
202050072411
202050072412
202050072901
202050072902
202050072903
202050072904
202050072905
202050072906
202050072907
202050072908
202050072909
202050072910
202050072911
202050072912
202050073001
202050073002
202050073003
202050073004
202050073005
202050073006
202050073007
202050073008
202050073009
202050073010
202050073011
202050073012
202050073101
202050073102
202050073103
202050073104
202050073105
202050073106
202050073107
202050073108
202050073109
202050073110
202050073111
202050073112
202054072501
202054072502
202054072503
202054072504
202054072505
202054072506
202054072507
202054072508
202054072509
202054072510
202054072511
202054072512
202054072601
202054072602
202054072603
202054072604
202054072605
202054072606
202054072607
202054072608
202054072609
202054072610
202054072611
202054072612
202065072001
202065072002
202065072003
202065072004
202065072005
202065072006
202065072007
202065072008
202065072009
202065072010
202065072011
202065072012
202065072501
202065072502
202065072503
202065072504
202065072505
202065072506
202065072507
202065072508
202065072509
202065072510
202065072511
202065072601
202065072602
202065072603
202065072604
202065072605
202065072606
202065072607
202065072608
202065072609
202065072610
202065072611
202065072701
202065072702
202065072703
202065072704
202065072705
202065072706
202065072707
202065072708
202065072709
202065072710
202065072711
202065072712
