202002010101
202002010102
202002010103
202002010104
202002010105
202002010106
202002010107
202002010108
202002010109
202002010110
202002010111
202002010112
202002010201
202002010202
202002010203
202002010204
202002010205
202002010206
202002010207
202002010208
202002010209
202002010210
202002010211
202002010212
202002010301
202002010302
202002010303
202002010304
202002010305
202002010306
202002010307
202002010308
202002010309
202002010310
202002010311
202002010312
202002010401
202002010402
202002010403
202002010404
202002010405
202002010406
202002010407
202002010408
202002010409
202002010410
202002010411
202002010412
202002010501
202002010502
202002010503
202002010504
202002010505
202002010506
202002010507
202002010508
202002010509
202002010510
202002010511
202002010512
202002010601
202002010602
202002010603
202002010604
202002010605
202002010606
202002010607
202002010608
202002010609
202002010610
202002010611
202002010612
202005030101
202005030102
202005030103
202005030104
202005030105
202005030106
202005030107
202005030108
202005030109
202005030110
202005030111
202005030112
202005030201
202005030202
202005030203
202005030204
202005030205
202005030206
202005030207
202005030208
202005030209
202005030210
202005030211
202005030212
202005030301
202005030302
202005030303
202005030304
202005030305
202005030306
202005030307
202005030308
202005030309
202005030310
202005030311
202005030312
202005030401
202005030402
202005030403
202005030404
202005030405
202005030406
202005030407
202005030408
202005030409
202005030410
202005030411
202005030412
202005030501
202005030502
202005030503
202005030504
202005030505
202005030506
202005030507
202005030508
202005030509
202005030510
202005030511
202005030512
202005030601
202005030602
202005030603
202005030604
202005030605
202005030606
202005030607
202005030608
202005030609
202005030610
202005030611
202005030612
202005030701
202005030702
202005030703
202005030704
202005030705
202005030706
202005030707
202005030708
202005030709
202005030710
202005030711
202005030712
202005030801
202005030802
202005030803
202005030804
202005030805
202005030806
202005030807
202005030808
202005030809
202005030810
202005030811
202005030812
202009030101
202009030102
202009030103
202009030104
202009030105
202009030106
202009030107
202009030108
202009030109
202009030110
202009030111
202009030112
202009030201
202009030202
202009030203
202009030204
202009030205
202009030206
202009030207
202009030208
202009030209
202009030210
202009030211
202009030212
202009030301
202009030302
202009030303
202009030304
202009030305
202009030306
202009030307
202009030308
202009030309
202009030310
202009030311
202009030312
202009030401
202009030402
202009030403
202009030404
202009030405
202009030406
202009030407
202009030408
202009030409
202009030410
202009030411
202009030412
202009030501
202009030502
202009030503
202009030504
202009030505
202009030506
202009030507
202009030508
202009030509
202009030510
202009030511
202009030512
202009030601
202009030602
202009030603
202009030604
202009030605
202009030606
202009030607
202009030608
202009030609
202009030610
202009030611
202009030612
202009030701
202009030702
202009030703
202009030704
202009030705
202009030706
202009030707
202009030708
202009030709
202009030710
202009030711
202009030712
202009030801
202009030802
202009030803
202009030804
202009030805
202009030806
202009030807
202009030808
202009030809
202009030810
202009030811
202009030812
202030060301
202030060302
202030060303
202030060304
202030060305
202030060306
202030060307
202030060308
202030060309
202030060310
202030060311
202030060312
202030060401
202030060402
202030060403
202030060404
202030060405
202030060406
202030060407
202030060408
202030060409
202030060410
202030060411
202030060412
202030060901
202030060902
202030060903
202030060904
202030060905
202030060906
202030060907
202030060908
202030060909
202030060910
202030060911
202030060912
202030061001
202030061002
202030061003
202030061004
202030061005
202030061006
202030061007
202030061008
202030061009
202030061010
202030061011
202030061012
202030061101
202030061102
202030061103
202030061104
202030061105
202030061106
202030061107
202030061108
202030061109
202030061110
202030061111
202030061112
202030061701
202030061702
202030061703
202030061704
202030061705
202030061706
202030061707
202030061708
202030061709
202030061710
202030061711
202030061712
202030061801
202030061802
202030061803
202030061804
202030061805
202030061806
202030061807
202030061808
202030061809
202030061810
202030061811
202030061812
202030062301
202030062302
202030062303
202030062304
202030062305
202030062306
202030062307
202030062308
202030062309
202030062310
202030062311
202030062401
202030062402
202030062403
202030062404
202030062405
202030062406
202030062407
202030062408
202030062409
202030062410
202030062411
202030062412
202030062501
202030062502
202030062503
202030062504
202030062505
202030062506
202030062507
202030062508
202030062509
202030062510
202030062511
202030062512
202030063001
202030063002
202030063003
202030063004
202030063005
202030063006
202030063007
202030063008
202030063009
202030063010
202030063011
202035060101
202035060102
202035060103
202035060104
202035060105
202035060106
202035060107
202035060108
202035060109
202035060110
202035060111
202035060112
202035060201
202035060202
202035060203
202035060204
202035060205
202035060206
202035060207
202035060208
202035060209
202035060210
202035060211
202035060701
202035060702
202035060703
202035060704
202035060705
202035060706
202035060707
202035060708
202035060709
202035060710
202035060711
202035060801
202035060802
202035060803
202035060804
202035060805
202035060806
202035060807
202035060808
202035060809
202035060810
202035060811
202035060812
202035060901
202035060902
202035060903
202035060904
202035060905
202035060906
202035060907
202035060908
202035060909
202035060910
202035060911
202035060912
202036061401
202036061402
202036061403
202036061404
202036061405
202036061406
202036061407
202036061408
202036061409
202036061410
202036061411
202036061501
202036061502
202036061503
202036061504
202036061505
202036061506
202036061507
202036061508
202036061509
202036061510
202036061511
202036061512
202036061601
202036061602
202036061603
202036061604
202036061605
202036061606
202036061607
202036061608
202036061609
202036061610
202036061611
202036061612
202036062101
202036062102
202036062103
202036062104
202036062105
202036062106
202036062107
202036062108
202036062109
202036062110
202036062111
202036062201
202036062202
202036062203
202036062204
202036062205
202036062206
202036062207
202036062208
202036062209
202036062210
202036062211
202036062212
202036062301
202036062302
202036062303
202036062304
202036062305
202036062306
202036062307
202036062308
202036062309
202036062310
202036062311
202036062312
202036062801
202036062802
202036062803
202036062804
202036062805
202036062806
202036062807
202036062808
202036062809
202036062810
202036062811
202036062901
202036062902
202036062903
202036062904
202036062905
202036062906
202036062907
202036062908
202036062909
202036062910
202036062911
202036062912
202036063001
202036063002
202036063003
202036063004
202036063005
202036063006
202036063007
202036063008
202036063009
202036063010
202036063011
202036063012
202042062901
202042062902
202042062903
202042062904
202042062905
202042062906
202042062907
202042062908
202042062909
202042062910
202042062911
202042062912
202042063001
202042063002
202042063003
202042063004
202042063005
202042063006
202042063007
202042063008
202042063009
202042063010
202042063011
202042063012
202043061501
202043061502
202043061503
202043061504
202043061505
202043061506
202043061507
202043061508
202043061509
202043061510
202043061511
202043061512
202043061601
202043061602
202043061603
202043061604
202043061605
202043061606
202043061607
202043061608
202043061609
202043061610
202043061611
202043061612
202043061701
202043061702
202043061703
202043061704
202043061705
202043061706
202043061707
202043061708
202043061709
202043061710
202043061711
202043061712
202043061801
202043061802
202043061803
202043061804
202043061805
202043061806
202043061807
202043061808
202043061809
202043061810
202043061811
202043061812
202043061901
202043061902
202043061903
202043061904
202043061905
202043061906
202043061907
202043061908
202043061909
202043061910
202043061911
202043061912
202044060101
202044060102
202044060103
202044060104
202044060105
202044060106
202044060107
202044060108
202044060109
202044060110
202044060111
202044060112
202044060201
202044060202
202044060203
202044060204
202044060205
202044060206
202044060207
202044060208
202044060209
202044060210
202044060211
202044060212
202044060301
202044060302
202044060303
202044060304
202044060305
202044060306
202044060307
202044060308
202044060309
202044060310
202044060311
202044060312
202044060401
202044060402
202044060403
202044060404
202044060405
202044060406
202044060407
202044060408
202044060409
202044060410
202044060411
202044060412
202044060501
202044060502
202044060503
202044060504
202044060505
202044060506
202044060507
202044060508
202044060509
202044060510
202044060511
202044060512
202044062201
202044062202
202044062203
202044062204
202044062205
202044062206
202044062207
202044062208
202044062209
202044062210
202044062211
202044062212
202044062301
202044062302
202044062303
202044062304
202044062305
202044062306
202044062307
202044062308
202044062309
202044062310
202044062311
202044062312
202044062401
202044062402
202044062403
202044062404
202044062405
202044062406
202044062407
202044062408
202044062409
202044062410
202044062411
202044062412
202044062501
202044062502
202044062503
202044062504
202044062505
202044062506
202044062507
202044062508
202044062509
202044062510
202044062511
202044062512
202044062601
202044062602
202044062603
202044062604
202044062605
202044062606
202044062607
202044062608
202044062609
202044062610
202044062611
202044062612
202045060801
202045060802
202045060803
202045060804
202045060805
202045060806
202045060807
202045060808
202045060809
202045060810
202045060811
202045060812
202045060901
202045060902
202045060903
202045060904
202045060905
202045060906
202045060907
202045060908
202045060909
202045060910
202045060911
202045060912
202045061001
202045061002
202045061003
202045061004
202045061005
202045061006
202045061007
202045061008
202045061009
202045061010
202045061011
202045061012
202045061101
202045061102
202045061103
202045061104
202045061105
202045061106
202045061107
202045061108
202045061109
202045061110
202045061111
202045061112
202045061201
202045061202
202045061203
202045061204
202045061205
202045061206
202045061207
202045061208
202045061209
202045061210
202045061211
202045061212
202046060201
202046060202
202046060203
202046060204
202046060205
202046060206
202046060207
202046060208
202046060209
202046060210
202046060211
202046060212
202046060701
202046060702
202046060703
202046060704
202046060705
202046060706
202046060707
202046060708
202046060709
202046060710
202046060711
202046060712
202046060901
202046060902
202046060903
202046060904
202046060905
202046060906
202046060907
202046060908
202046060909
202046060910
202046060911
202046061401
202046061402
202046061403
202046061404
202046061405
202046061406
202046061407
202046061408
202046061409
202046061410
202046061411
202046061601
202046061602
202046061603
202046061604
202046061605
202046061606
202046061607
202046061608
202046061609
202046061610
202046061611
202046061612
202046062101
202046062102
202046062103
202046062104
202046062105
202046062106
202046062107
202046062108
202046062109
202046062110
202046062111
202046062301
202046062302
202046062303
202046062304
202046062305
202046062306
202046062307
202046062308
202046062309
202046062310
202046062311
202046062312
202046062801
202046062802
202046062803
202046062804
202046062805
202046062806
202046062807
202046062808
202046062809
202046062810
202046062811
202046062812
202046063001
202046063002
202046063003
202046063004
202046063005
202046063006
202046063007
202046063008
202046063009
202046063010
202046063011
202046063012
202047060301
202047060302
202047060303
202047060304
202047060305
202047060306
202047060307
202047060308
202047060309
202047060310
202047060311
202047060312
202047060401
202047060402
202047060403
202047060404
202047060405
202047060406
202047060407
202047060408
202047060409
202047060410
202047060411
202047060412
202047060501
202047060502
202047060503
202047060504
202047060505
202047060506
202047060507
202047060508
202047060509
202047060510
202047060511
202047060512
202047061501
202047061502
202047061503
202047061504
202047061505
202047061506
202047061507
202047061508
202047061509
202047061510
202047061701
202047061702
202047061703
202047061704
202047061705
202047061706
202047061707
202047061708
202047061709
202047061710
202047061711
202047061801
202047061802
202047061803
202047061804
202047061805
202047061806
202047061807
202047061808
202047061809
202047061810
202047061811
202047061901
202047061902
202047061903
202047061904
202047061905
202047061906
202047061907
202047061908
202047061909
202047061910
202047061911
202048060901
202048060902
202048060903
202048060904
202048060905
202048060906
202048060907
202048060908
202048060909
202048060910
202048060911
202048061001
202048061002
202048061003
202048061004
202048061005
202048061006
202048061007
202048061008
202048061009
202048061010
202048061011
202048061012
202048061101
202048061102
202048061103
202048061104
202048061105
202048061106
202048061107
202048061108
202048061109
202048061110
202048061111
202048061112
202048061201
202048061202
202048061203
202048061204
202048061205
202048061206
202048061207
202048061208
202048061209
202048061210
202048061211
202048061212
202048062301
202048062302
202048062303
202048062304
202048062305
202048062306
202048062307
202048062308
202048062309
202048062310
202048062311
202048062312
202048062401
202048062402
202048062403
202048062404
202048062405
202048062406
202048062407
202048062408
202048062409
202048062410
202048062411
202048062412
202048062501
202048062502
202048062503
202048062504
202048062505
202048062506
202048062507
202048062508
202048062509
202048062510
202048062511
202048062512
202048062601
202048062602
202048062603
202048062604
202048062605
202048062606
202048062607
202048062608
202048062609
202048062610
202048062611
202048062612
202050060301
202050060302
202050060303
202050060304
202050060305
202050060306
202050060307
202050060308
202050060309
202050060310
202050060311
202050060312
202050060401
202050060402
202050060403
202050060404
202050060405
202050060406
202050060407
202050060408
202050060409
202050060410
202050060411
202050060412
202050060501
202050060502
202050060503
202050060504
202050060505
202050060506
202050060507
202050060508
202050060509
202050060510
202050060511
202050060512
202050061001
202050061002
202050061003
202050061004
202050061005
202050061006
202050061007
202050061008
202050061009
202050061010
202050061011
202050061012
202050061101
202050061102
202050061103
202050061104
202050061105
202050061106
202050061107
202050061108
202050061109
202050061110
202050061111
202050061201
202050061202
202050061203
202050061204
202050061205
202050061206
202050061207
202050061208
202050061209
202050061210
202050061211
202050061701
202050061702
202050061703
202050061704
202050061705
202050061706
202050061707
202050061708
202050061709
202050061710
202050061711
202050061712
202050061801
202050061802
202050061803
202050061804
202050061805
202050061806
202050061807
202050061808
202050061809
202050061810
202050061811
202050061812
202050061901
202050061902
202050061903
202050061904
202050061905
202050061906
202050061907
202050061908
202050061909
202050061910
202050061911
202050061912
202050062401
202050062402
202050062403
202050062404
202050062405
202050062406
202050062407
202050062408
202050062409
202050062410
202050062411
202050062501
202050062502
202050062503
202050062504
202050062505
202050062506
202050062507
202050062508
202050062509
202050062510
202050062511
202050062512
202050062601
202050062602
202050062603
202050062604
202050062605
202050062606
202050062607
202050062608
202050062609
202050062610
202050062611
202050062612
202054061301
202054061302
202054061303
202054061304
202054061305
202054061306
202054061307
202054061308
202054061309
202054061310
202054061311
202054061312
202054061401
202054061402
202054061403
202054061404
202054061405
202054061406
202054061407
202054061408
202054061409
202054061410
202054061411
202054061412
202054062001
202054062002
202054062003
202054062004
202054062005
202054062006
202054062007
202054062008
202054062009
202054062010
202054062011
202054062012
202054062101
202054062102
202054062103
202054062104
202054062105
202054062106
202054062107
202054062108
202054062109
202054062110
202054062111
202054062112
202054062701
202054062702
202054062703
202054062704
202054062705
202054062706
202054062707
202054062708
202054062709
202054062710
202054062711
202054062712
202054062801
202054062802
202054062803
202054062804
202054062805
202054062806
202054062807
202054062808
202054062809
202054062810
202054062811
202054062812
202055060601
202055060602
202055060603
202055060604
202055060605
202055060606
202055060607
202055060608
202055060609
202055060610
202055060611
202055060612
202055060701
202055060702
202055060703
202055060704
202055060705
202055060706
202055060707
202055060708
202055060709
202055060710
202055060711
202055060712
202055061301
202055061302
202055061303
202055061304
202055061305
202055061306
202055061307
202055061308
202055061309
202055061310
202055061311
202055061312
202055061401
202055061402
202055061403
202055061404
202055061405
202055061406
202055061407
202055061408
202055061409
202055061410
202055061411
202055061412
202055062001
202055062002
202055062003
202055062004
202055062005
202055062006
202055062007
202055062008
202055062009
202055062010
202055062011
202055062012
202055062101
202055062102
202055062103
202055062104
202055062105
202055062106
202055062107
202055062108
202055062109
202055062110
202055062111
202055062112
202055062701
202055062702
202055062703
202055062704
202055062705
202055062706
202055062707
202055062708
202055062709
202055062710
202055062711
202055062712
202055062801
202055062802
202055062803
202055062804
202055062805
202055062806
202055062807
202055062808
202055062809
202055062810
202055062811
202055062812
202065060101
202065060102
202065060103
202065060104
202065060105
202065060106
202065060107
202065060108
202065060109
202065060110
202065060111
202065060601
202065060602
202065060603
202065060604
202065060605
202065060606
202065060607
202065060608
202065060609
202065060610
202065060611
202065060701
202065060702
202065060703
202065060704
202065060705
202065060706
202065060707
202065060708
202065060709
202065060710
202065060711
202065060801
202065060802
202065060803
202065060804
202065060805
202065060806
202065060807
202065060808
202065060809
202065060810
202065060811
202065061301
202065061302
202065061303
202065061304
202065061305
202065061306
202065061307
202065061308
202065061309
202065061310
202065061311
202065061401
202065061402
202065061403
202065061404
202065061405
202065061406
202065061407
202065061408
202065061409
202065061410
202065061411
202065061501
202065061502
202065061503
202065061504
202065061505
202065061506
202065061507
202065061508
202065061509
202065061510
202065061511
202065062001
202065062002
202065062003
202065062004
202065062005
202065062006
202065062007
202065062008
202065062009
202065062010
202065062011
202065062101
202065062102
202065062103
202065062104
202065062105
202065062106
202065062107
202065062108
202065062109
202065062110
202065062111
202065062201
202065062202
202065062203
202065062204
202065062205
202065062206
202065062207
202065062208
202065062209
202065062210
202065062211
202065062701
202065062702
202065062703
202065062704
202065062705
202065062706
202065062707
202065062708
202065062709
202065062710
202065062711
202065062801
202065062802
202065062803
202065062804
202065062805
202065062806
202065062807
202065062808
202065062809
202065062810
202065062811
202065062901
202065062902
202065062903
202065062904
202065062905
202065062906
202065062907
202065062908
202065062909
202065062910
202065062911
