202006020701
202006020702
202006020703
202006020704
202006020705
202006020706
202006020707
202006020708
202006020709
202006020710
202006020711
202006020712
202006020801
202006020802
202006020803
202006020804
202006020805
202006020806
202006020807
202006020808
202006020809
202006020810
202006020811
202006020812
202006020901
202006020902
202006020903
202006020904
202006020905
202006020906
202006020907
202006020908
202006020909
202006020910
202006020911
202006020912
202006030101
202006030102
202006030103
202006030104
202006030105
202006030106
202006030107
202006030108
202006030109
202006030110
202006030111
202006030112
202006030201
202006030202
202006030203
202006030204
202006030205
202006030206
202006030207
202006030208
202006030209
202006030210
202006030211
202006030212
202007010701
202007010702
202007010703
202007010704
202007010705
202007010706
202007010707
202007010708
202007010709
202007010710
202007010711
202007010712
202007010801
202007010802
202007010803
202007010804
202007010805
202007010806
202007010807
202007010808
202007010809
202007010810
202007010811
202007010812
202009010701
202009010702
202009010703
202009010704
202009010705
202009010706
202009010707
202009010708
202009010709
202009010710
202009010711
202009010712
202009010801
202009010802
202009010803
202009010804
202009010805
202009010806
202009010807
202009010808
202009010809
202009010810
202009010811
202009010812
202009010901
202009010902
202009010903
202009010904
202009010905
202009010906
202009010907
202009010908
202009010909
202009010910
202009010911
202009010912
202009020101
202009020102
202009020103
202009020104
202009020105
202009020106
202009020107
202009020108
202009020109
202009020110
202009020111
202009020112
202009020201
202009020202
202009020203
202009020204
202009020205
202009020206
202009020207
202009020208
202009020209
202009020210
202009020211
202009020212
202036032001
202036032002
202036032003
202036032004
202036032005
202036032006
202036032007
202036032008
202036032009
202036032010
202036032011
202036032101
202036032102
202036032103
202036032104
202036032105
202036032106
202036032107
202036032108
202036032109
202036032110
202036032111
202036032201
202036032202
202036032203
202036032204
202036032205
202036032206
202036032207
202036032208
202036032209
202036032210
202036032211
202036032801
202036032802
202036032803
202036032804
202036032805
202036032806
202036032807
202036032808
202036032809
202036032810
202036032811
202036032901
202036032902
202036032903
202036032904
202036032905
202036032906
202036032907
202036032908
202036032909
202036032910
202036032911
202036033001
202036033002
202036033003
202036033004
202036033005
202036033006
202036033007
202036033008
202036033009
202036033010
202036033011
202042032301
202042032302
202042032303
202042032304
202042032305
202042032306
202042032307
202042032308
202042032309
202042032310
202042032311
202042032312
202042032401
202042032402
202042032403
202042032404
202042032405
202042032406
202042032407
202042032408
202042032409
202042032410
202042032411
202042032412
202042032501
202042032502
202042032503
202042032504
202042032505
202042032506
202042032507
202042032508
202042032509
202042032510
202042032511
202042032512
202042032601
202042032602
202042032603
202042032604
202042032605
202042032606
202042032607
202042032608
202042032609
202042032610
202042032611
202042032612
202042032701
202042032702
202042032703
202042032704
202042032705
202042032706
202042032707
202042032708
202042032709
202042032710
202042032711
202042032712
202043033001
202043033002
202043033003
202043033004
202043033005
202043033006
202043033007
202043033008
202043033009
202043033010
202043033011
202043033012
202043033101
202043033102
202043033103
202043033104
202043033105
202043033106
202043033107
202043033108
202043033109
202043033110
202043033111
202043033112
202044031601
202044031602
202044031603
202044031604
202044031605
202044031606
202044031607
202044031608
202044031609
202044031610
202044031611
202044031612
202044031701
202044031702
202044031703
202044031704
202044031705
202044031706
202044031707
202044031708
202044031709
202044031710
202044031711
202044031712
202044031801
202044031802
202044031803
202044031804
202044031805
202044031806
202044031807
202044031808
202044031809
202044031810
202044031811
202044031812
202044031901
202044031902
202044031903
202044031904
202044031905
202044031906
202044031907
202044031908
202044031909
202044031910
202044031911
202044031912
202046031601
202046031602
202046031603
202046031604
202046031605
202046031606
202046031607
202046031608
202046031609
202046031610
202046031611
202046031612
202046031701
202046031702
202046031703
202046031704
202046031705
202046031706
202046031707
202046031708
202046031709
202046031710
202046031711
202046031712
202046032201
202046032202
202046032203
202046032204
202046032205
202046032206
202046032207
202046032208
202046032209
202046032210
202046032401
202046032402
202046032403
202046032404
202046032405
202046032406
202046032407
202046032408
202046032409
202046032410
202046032901
202046032902
202046032903
202046032904
202046032905
202046032906
202046032907
202046032908
202046032909
202046032910
202046033101
202046033102
202046033103
202046033104
202046033105
202046033106
202046033107
202046033108
202046033109
202046033110
202047031701
202047031702
202047031703
202047031704
202047031705
202047031706
202047031707
202047031708
202047031709
202047031710
202047031711
202047031712
202047031801
202047031802
202047031803
202047031804
202047031805
202047031806
202047031807
202047031808
202047031809
202047031810
202047031811
202047031812
202047031901
202047031902
202047031903
202047031904
202047031905
202047031906
202047031907
202047031908
202047031909
202047031910
202047031911
202047031912
202048032301
202048032302
202048032303
202048032304
202048032305
202048032306
202048032307
202048032308
202048032309
202048032310
202048032311
202048032312
202048032501
202048032502
202048032503
202048032504
202048032505
202048032506
202048032507
202048032508
202048032509
202048032510
202048032511
202048032512
202048032601
202048032602
202048032603
202048032604
202048032605
202048032606
202048032607
202048032608
202048032609
202048032610
202048032611
202048032612
202048032701
202048032702
202048032703
202048032704
202048032705
202048032706
202048032707
202048032708
202048032709
202048032710
202048032711
202048032712
202050031701
202050031702
202050031703
202050031704
202050031705
202050031706
202050031707
202050031708
202050031709
202050031710
202050031711
202050031801
202050031802
202050031803
202050031804
202050031805
202050031806
202050031807
202050031808
202050031809
202050031810
202050031811
202050031812
202050031901
202050031902
202050031903
202050031904
202050031905
202050031906
202050031907
202050031908
202050031909
202050031910
202050031911
202050032401
202050032402
202050032403
202050032404
202050032405
202050032406
202050032407
202050032408
202050032409
202050032410
202050032411
202050032412
202050032501
202050032502
202050032503
202050032504
202050032505
202050032506
202050032507
202050032508
202050032509
202050032510
202050032511
202050032512
202050032601
202050032602
202050032603
202050032604
202050032605
202050032606
202050032607
202050032608
202050032609
202050032610
202050032611
202050033101
202050033102
202050033103
202050033104
202050033105
202050033106
202050033107
202050033108
202050033109
202050033110
202050033111
202054031701
202054031702
202054031703
202054031704
202054031705
202054031706
202054031707
202054031708
202054031709
202054031710
202054031711
202054031801
202054031802
202054031803
202054031804
202054031805
202054031806
202054031807
202054031808
202054031809
202054031810
202054031811
202054032201
202054032202
202054032203
202054032204
202054032205
202054032206
202054032207
202054032208
202054032209
202054032210
202054032401
202054032402
202054032403
202054032404
202054032405
202054032406
202054032407
202054032408
202054032409
202054032410
202054032501
202054032502
202054032503
202054032504
202054032505
202054032506
202054032507
202054032508
202054032509
202054032510
202054032901
202054032902
202054032903
202054032904
202054032905
202054032906
202054032907
202054032908
202054032909
202054032910
202054032911
202054032912
202054033001
202054033002
202054033003
202054033004
202054033005
202054033006
202054033007
202054033008
202054033009
202054033010
202054033011
202054033012
202054033101
202054033102
202054033103
202054033104
202054033105
202054033106
202054033107
202054033108
202054033109
202054033110
202054033111
202054033112
202055032001
202055032002
202055032003
202055032004
202055032005
202055032006
202055032007
202055032008
202055032009
202055032010
202055032011
202055032101
202055032102
202055032103
202055032104
202055032105
202055032106
202055032107
202055032108
202055032109
202055032110
202055032111
202055032601
202055032602
202055032603
202055032604
202055032605
202055032606
202055032607
202055032608
202055032609
202055032610
202055032611
202055032801
202055032802
202055032803
202055032804
202055032805
202055032806
202055032807
202055032808
202055032809
202055032810
202055032811
202055032901
202055032902
202055032903
202055032904
202055032905
202055032906
202055032907
202055032908
202055032909
202055032910
202055032911
202065031601
202065031602
202065031603
202065031604
202065031605
202065031606
202065031607
202065031608
202065031609
202065031610
202065031611
202065031612
202065032001
202065032002
202065032003
202065032004
202065032005
202065032006
202065032007
202065032008
202065032009
202065032010
202065032011
202065032012
202065032101
202065032102
202065032103
202065032104
202065032105
202065032106
202065032107
202065032108
202065032109
202065032110
202065032111
202065032201
202065032202
202065032203
202065032204
202065032205
202065032206
202065032207
202065032208
202065032209
202065032210
202065032211
202065032301
202065032302
202065032303
202065032304
202065032305
202065032306
202065032307
202065032308
202065032309
202065032310
202065032311
202065032401
202065032402
202065032403
202065032404
202065032405
202065032406
202065032407
202065032408
202065032409
202065032410
202065032411
