202005021101
202005021102
202005021103
202005021104
202005021105
202005021106
202005021107
202005021108
202005021109
202005021110
202005021111
202005021112
202005021201
202005021202
202005021203
202005021204
202005021205
202005021206
202005021207
202005021208
202005021209
202005021210
202005021211
202005021212
202008031101
202008031102
202008031103
202008031104
202008031105
202008031106
202008031107
202008031108
202008031109
202008031110
202008031111
202008031112
202008031201
202008031202
202008031203
202008031204
202008031205
202008031206
202008031207
202008031208
202008031209
202008031210
202008031211
202008031212
202030052601
202030052602
202030052603
202030052604
202030052605
202030052606
202030052607
202030052608
202030052609
202030052610
202030052611
202030052612
202030052701
202030052702
202030052703
202030052704
202030052705
202030052706
202030052707
202030052708
202030052709
202030052710
202030052711
202030052712
202030052801
202030052802
202030052803
202030052804
202030052805
202030052806
202030052807
202030052808
202030052809
202030052810
202035052501
202035052502
202035052503
202035052504
202035052505
202035052506
202035052507
202035052508
202035052509
202035052510
202035052511
202035052512
202035052601
202035052602
202035052603
202035052604
202035052605
202035052606
202035052607
202035052608
202035052609
202035052610
202035052611
202035052612
202035053101
202035053102
202035053103
202035053104
202035053105
202035053106
202035053107
202035053108
202035053109
202035053110
202042052501
202042052502
202042052503
202042052504
202042052505
202042052506
202042052507
202042052508
202042052509
202042052510
202042052511
202042052512
202042052601
202042052602
202042052603
202042052604
202042052605
202042052606
202042052607
202042052608
202042052609
202042052610
202042052611
202042052612
202042052701
202042052702
202042052703
202042052704
202042052705
202042052706
202042052707
202042052708
202042052709
202042052710
202042052711
202042052712
202042052801
202042052802
202042052803
202042052804
202042052805
202042052806
202042052807
202042052808
202042052809
202042052810
202042052811
202042052812
202042052901
202042052902
202042052903
202042052904
202042052905
202042052906
202042052907
202042052908
202042052909
202042052910
202042052911
202042052912
202046052601
202046052602
202046052603
202046052604
202046052605
202046052606
202046052607
202046052608
202046052609
202046052610
202046052611
202046052612
202046053101
202046053102
202046053103
202046053104
202046053105
202046053106
202046053107
202046053108
202046053109
202046053110
202046053111
202048052601
202048052602
202048052603
202048052604
202048052605
202048052606
202048052607
202048052608
202048052609
202048052610
202048052611
202048052701
202048052702
202048052703
202048052704
202048052705
202048052706
202048052707
202048052708
202048052709
202048052710
202048052711
202048052712
202048052801
202048052802
202048052803
202048052804
202048052805
202048052806
202048052807
202048052808
202048052809
202048052810
202048052811
202048052812
202048052901
202048052902
202048052903
202048052904
202048052905
202048052906
202048052907
202048052908
202048052909
202048052910
202048052911
202048052912
202050052701
202050052702
202050052703
202050052704
202050052705
202050052706
202050052707
202050052708
202050052709
202050052710
202050052711
202050052712
202050052801
202050052802
202050052803
202050052804
202050052805
202050052806
202050052807
202050052808
202050052809
202050052810
202050052811
202050052901
202050052902
202050052903
202050052904
202050052905
202050052906
202050052907
202050052908
202050052909
202050052910
202050052911
202050052912
202054053001
202054053002
202054053003
202054053004
202054053005
202054053006
202054053007
202054053008
202054053009
202054053010
202054053011
202054053012
202054053101
202054053102
202054053103
202054053104
202054053105
202054053106
202054053107
202054053108
202054053109
202054053110
202054053111
202054053112
202055053001
202055053002
202055053003
202055053004
202055053005
202055053006
202055053007
202055053008
202055053009
202055053010
202055053011
202055053012
202055053101
202055053102
202055053103
202055053104
202055053105
202055053106
202055053107
202055053108
202055053109
202055053110
202055053111
202055053112
202065052501
202065052502
202065052503
202065052504
202065052505
202065052506
202065052507
202065052508
202065052509
202065052510
202065052511
202065053001
202065053002
202065053003
202065053004
202065053005
202065053006
202065053007
202065053008
202065053009
202065053010
202065053011
202065053101
202065053102
202065053103
202065053104
202065053105
202065053106
202065053107
202065053108
202065053109
202065053110
202065053111
