202005050701
202005050702
202005050703
202005050704
202005050705
202005050706
202005050707
202005050708
202005050709
202005050710
202005050711
202005050712
202005050801
202005050802
202005050803
202005050804
202005050805
202005050806
202005050807
202005050808
202005050809
202005050810
202005050811
202005050812
202005050901
202005050902
202005050903
202005050904
202005050905
202005050906
202005050907
202005050908
202005050909
202005050910
202005050911
202005050912
202009050701
202009050702
202009050703
202009050704
202009050705
202009050706
202009050707
202009050708
202009050709
202009050710
202009050711
202009050712
202009050801
202009050802
202009050803
202009050804
202009050805
202009050806
202009050807
202009050808
202009050809
202009050810
202009050811
202009050812
202009050901
202009050902
202009050903
202009050904
202009050905
202009050906
202009050907
202009050908
202009050909
202009050910
202009050911
202009050912
202035112301
202035112302
202035112303
202035112304
202035112305
202035112306
202035112307
202035112308
202035112309
202035112310
202035112311
202035112312
202035112401
202035112402
202035112403
202035112404
202035112405
202035112406
202035112407
202035112408
202035112409
202035112410
202035112411
202035112412
202036112901
202036112902
202036112903
202036112904
202036112905
202036112906
202036112907
202036112908
202036112909
202036112910
202036112911
202036113001
202036113002
202036113003
202036113004
202036113005
202036113006
202036113007
202036113008
202036113009
202036113010
202036113011
202042112401
202042112402
202042112403
202042112404
202042112405
202042112406
202042112407
202042112408
202042112409
202042112410
202042112411
202042112501
202042112502
202042112503
202042112504
202042112505
202042112506
202042112507
202042112508
202042112509
202042112510
202042112511
202042112601
202042112602
202042112603
202042112604
202042112605
202042112606
202042112607
202042112608
202042112609
202042112610
202042112611
202042112701
202042112702
202042112703
202042112704
202042112705
202042112706
202042112707
202042112708
202042112709
202042112710
202042112711
202043113001
202043113002
202043113003
202043113004
202043113005
202043113006
202043113007
202043113008
202043113009
202043113010
202043113011
202043113012
202046112401
202046112402
202046112403
202046112404
202046112405
202046112406
202046112407
202046112408
202046112409
202046112410
202046112901
202046112902
202046112903
202046112904
202046112905
202046112906
202046112907
202046112908
202046112909
202046113001
202046113002
202046113003
202046113004
202046113005
202046113006
202046113007
202046113008
202046113009
202046113010
202047113001
202047113002
202047113003
202047113004
202047113005
202047113006
202047113007
202047113008
202047113009
202047113010
202048112401
202048112402
202048112403
202048112404
202048112405
202048112406
202048112407
202048112408
202048112409
202048112410
202048112411
202048112412
202048112501
202048112502
202048112503
202048112504
202048112505
202048112506
202048112507
202048112508
202048112509
202048112510
202048112511
202048112512
202048112601
202048112602
202048112603
202048112604
202048112605
202048112606
202048112607
202048112608
202048112609
202048112610
202048112611
202048112612
202048112701
202048112702
202048112703
202048112704
202048112705
202048112706
202048112707
202048112708
202048112709
202048112710
202048112711
202048112712
202050112401
202050112402
202050112403
202050112404
202050112405
202050112406
202050112407
202050112408
202050112409
202050112410
202050112411
202050112412
202050112501
202050112502
202050112503
202050112504
202050112505
202050112506
202050112507
202050112508
202050112509
202050112510
202050112511
202050112512
202050112601
202050112602
202050112603
202050112604
202050112605
202050112606
202050112607
202050112608
202050112609
202050112610
202050112611
202054112301
202054112302
202054112303
202054112304
202054112305
202054112306
202054112307
202054112308
202054112309
202054112310
202054112311
202054112312
202054112801
202054112802
202054112803
202054112804
202054112805
202054112806
202054112807
202054112808
202054112809
202054112810
202054112811
202054112812
202054112901
202054112902
202054112903
202054112904
202054112905
202054112906
202054112907
202054112908
202054112909
202054112910
202054112911
202054112912
202055112301
202055112302
202055112303
202055112304
202055112305
202055112306
202055112307
202055112308
202055112309
202055112310
202055112311
202055112801
202055112802
202055112803
202055112804
202055112805
202055112806
202055112807
202055112808
202055112809
202055112810
202055112811
202055112901
202055112902
202055112903
202055112904
202055112905
202055112906
202055112907
202055112908
202055112909
202055112910
202055112911
202065112301
202065112302
202065112303
202065112304
202065112305
202065112306
202065112307
202065112308
202065112309
202065112310
202065112311
202065112312
202065112801
202065112802
202065112803
202065112804
202065112805
202065112806
202065112807
202065112808
202065112809
202065112810
202065112811
202065112901
202065112902
202065112903
202065112904
202065112905
202065112906
202065112907
202065112908
202065112909
202065112910
202065112911
202065112912
202065113001
202065113002
202065113003
202065113004
202065113005
202065113006
202065113007
202065113008
202065113009
202065113010
202065113011
202065113012
