202003030101
202003030102
202003030103
202003030104
202003030105
202003030106
202003030107
202003030108
202003030109
202003030110
202003030111
202003030112
202004040301
202004040302
202004040303
202004040304
202004040305
202004040306
202004040307
202004040308
202004040309
202004040310
202004040311
202004040312
202004040401
202004040402
202004040403
202004040404
202004040405
202004040406
202004040407
202004040408
202004040409
202004040410
202004040411
202004040412
202004040501
202004040502
202004040503
202004040504
202004040505
202004040506
202004040507
202004040508
202004040509
202004040510
202004040511
202004040512
202004040601
202004040602
202004040603
202004040604
202004040605
202004040606
202004040607
202004040608
202004040609
202004040610
202004040611
202004040612
202005040301
202005040302
202005040303
202005040304
202005040305
202005040306
202005040307
202005040308
202005040309
202005040310
202005040311
202005040312
202005040401
202005040402
202005040403
202005040404
202005040405
202005040406
202005040407
202005040408
202005040409
202005040410
202005040411
202005040412
202005040501
202005040502
202005040503
202005040504
202005040505
202005040506
202005040507
202005040508
202005040509
202005040510
202005040511
202005040512
202005040601
202005040602
202005040603
202005040604
202005040605
202005040606
202005040607
202005040608
202005040609
202005040610
202005040611
202005040612
202005040701
202005040702
202005040703
202005040704
202005040705
202005040706
202005040707
202005040708
202005040709
202005040710
202005040711
202005040712
202008040301
202008040302
202008040303
202008040304
202008040305
202008040306
202008040307
202008040308
202008040309
202008040310
202008040311
202008040312
202008040401
202008040402
202008040403
202008040404
202008040405
202008040406
202008040407
202008040408
202008040409
202008040410
202008040411
202008040412
202008040501
202008040502
202008040503
202008040504
202008040505
202008040506
202008040507
202008040508
202008040509
202008040510
202008040511
202008040512
202008040601
202008040602
202008040603
202008040604
202008040605
202008040606
202008040607
202008040608
202008040609
202008040610
202008040611
202008040612
202008040701
202008040702
202008040703
202008040704
202008040705
202008040706
202008040707
202008040708
202008040709
202008040710
202008040711
202008040712
202030101301
202030101302
202030101303
202030101304
202030101305
202030101306
202030101307
202030101308
202030101309
202030101310
202030101311
202030101401
202030101402
202030101403
202030101404
202030101405
202030101406
202030101407
202030101408
202030101409
202030101410
202030101411
202030101412
202030101501
202030101502
202030101503
202030101504
202030101505
202030101506
202030101507
202030101508
202030101509
202030101510
202030101511
202030101512
202030102001
202030102002
202030102003
202030102004
202030102005
202030102006
202030102007
202030102008
202030102009
202030102010
202030102011
202030102012
202030102101
202030102102
202030102103
202030102104
202030102105
202030102106
202030102107
202030102108
202030102109
202030102110
202030102111
202030102112
202030102201
202030102202
202030102203
202030102204
202030102205
202030102206
202030102207
202030102208
202030102209
202030102210
202030102211
202030102212
202030102701
202030102702
202030102703
202030102704
202030102705
202030102706
202030102707
202030102708
202030102709
202030102710
202030102711
202030102712
202030102801
202030102802
202030102803
202030102804
202030102805
202030102806
202030102807
202030102808
202030102809
202030102810
202030102811
202030102812
202030102901
202030102902
202030102903
202030102904
202030102905
202030102906
202030102907
202030102908
202030102909
202030102910
202030102911
202030102912
202035101201
202035101202
202035101203
202035101204
202035101205
202035101206
202035101207
202035101208
202035101209
202035101210
202035101211
202035101212
202035101701
202035101702
202035101703
202035101704
202035101705
202035101706
202035101707
202035101708
202035101709
202035101710
202035101801
202035101802
202035101803
202035101804
202035101805
202035101806
202035101807
202035101808
202035101809
202035101810
202035101811
202035101901
202035101902
202035101903
202035101904
202035101905
202035101906
202035101907
202035101908
202035101909
202035101910
202035101911
202035101912
202035102401
202035102402
202035102403
202035102404
202035102405
202035102406
202035102407
202035102408
202035102409
202035102410
202035102411
202035102501
202035102502
202035102503
202035102504
202035102505
202035102506
202035102507
202035102508
202035102509
202035102510
202035102511
202035102601
202035102602
202035102603
202035102604
202035102605
202035102606
202035102607
202035102608
202035102609
202035102610
202035102611
202035102612
202035103101
202035103102
202035103103
202035103104
202035103105
202035103106
202035103107
202035103108
202035103109
202035103110
202035103111
202042101901
202042101902
202042101903
202042101904
202042101905
202042101906
202042101907
202042101908
202042101909
202042101910
202042101911
202042101912
202042102001
202042102002
202042102003
202042102004
202042102005
202042102006
202042102007
202042102008
202042102009
202042102010
202042102011
202042102012
202042102101
202042102102
202042102103
202042102104
202042102105
202042102106
202042102107
202042102108
202042102109
202042102110
202042102111
202042102112
202042102201
202042102202
202042102203
202042102204
202042102205
202042102206
202042102207
202042102208
202042102209
202042102210
202042102211
202042102212
202042102301
202042102302
202042102303
202042102304
202042102305
202042102306
202042102307
202042102308
202042102309
202042102310
202042102311
202042102312
202043102601
202043102602
202043102603
202043102604
202043102605
202043102606
202043102607
202043102608
202043102609
202043102610
202043102611
202043102612
202043102701
202043102702
202043102703
202043102704
202043102705
202043102706
202043102707
202043102708
202043102709
202043102710
202043102711
202043102712
202043102801
202043102802
202043102803
202043102804
202043102805
202043102806
202043102807
202043102808
202043102809
202043102810
202043102811
202043102812
202043102901
202043102902
202043102903
202043102904
202043102905
202043102906
202043102907
202043102908
202043102909
202043102910
202043102911
202043102912
202043103001
202043103002
202043103003
202043103004
202043103005
202043103006
202043103007
202043103008
202043103009
202043103010
202043103011
202043103012
202045101201
202045101202
202045101203
202045101204
202045101205
202045101206
202045101207
202045101208
202045101209
202045101210
202045101211
202045101212
202045101301
202045101302
202045101303
202045101304
202045101305
202045101306
202045101307
202045101308
202045101309
202045101310
202045101311
202045101312
202045101401
202045101402
202045101403
202045101404
202045101405
202045101406
202045101407
202045101408
202045101409
202045101410
202045101411
202045101412
202045101501
202045101502
202045101503
202045101504
202045101505
202045101506
202045101507
202045101508
202045101509
202045101510
202045101511
202045101512
202045101601
202045101602
202045101603
202045101604
202045101605
202045101606
202045101607
202045101608
202045101609
202045101610
202045101611
202046101301
202046101302
202046101303
202046101304
202046101305
202046101306
202046101307
202046101308
202046101309
202046101310
202046101311
202046101312
202046101801
202046101802
202046101803
202046101804
202046101805
202046101806
202046101807
202046101808
202046101809
202046101810
202046101811
202046102001
202046102002
202046102003
202046102004
202046102005
202046102006
202046102007
202046102008
202046102009
202046102010
202046102011
202046102501
202046102502
202046102503
202046102504
202046102505
202046102506
202046102507
202046102508
202046102509
202046102510
202046102511
202046102701
202046102702
202046102703
202046102704
202046102705
202046102706
202046102707
202046102708
202046102709
202046102710
202046102711
202047102001
202047102002
202047102003
202047102004
202047102005
202047102006
202047102007
202047102008
202047102009
202047102010
202047102011
202047102101
202047102102
202047102103
202047102104
202047102105
202047102106
202047102107
202047102108
202047102109
202047102110
202047102111
202047102201
202047102202
202047102203
202047102204
202047102205
202047102206
202047102207
202047102208
202047102209
202047102210
202047102211
202047102301
202047102302
202047102303
202047102304
202047102305
202047102306
202047102307
202047102308
202047102309
202047102310
202047102311
202048101201
202048101202
202048101203
202048101204
202048101205
202048101206
202048101207
202048101208
202048101209
202048101210
202048101211
202048101212
202048101401
202048101402
202048101403
202048101404
202048101405
202048101406
202048101407
202048101408
202048101409
202048101410
202048101411
202048101412
202048101501
202048101502
202048101503
202048101504
202048101505
202048101506
202048101507
202048101508
202048101509
202048101510
202048101511
202048101512
202048101601
202048101602
202048101603
202048101604
202048101605
202048101606
202048101607
202048101608
202048101609
202048101610
202048101611
202048101612
202048102701
202048102702
202048102703
202048102704
202048102705
202048102706
202048102707
202048102708
202048102709
202048102710
202048102711
202048102712
202048102801
202048102802
202048102803
202048102804
202048102805
202048102806
202048102807
202048102808
202048102809
202048102810
202048102811
202048102812
202048102901
202048102902
202048102903
202048102904
202048102905
202048102906
202048102907
202048102908
202048102909
202048102910
202048102911
202048102912
202048103001
202048103002
202048103003
202048103004
202048103005
202048103006
202048103007
202048103008
202048103009
202048103010
202048103011
202048103012
202050101401
202050101402
202050101403
202050101404
202050101405
202050101406
202050101407
202050101408
202050101409
202050101410
202050101411
202050101412
202050101501
202050101502
202050101503
202050101504
202050101505
202050101506
202050101507
202050101508
202050101509
202050101510
202050101511
202050101512
202050101601
202050101602
202050101603
202050101604
202050101605
202050101606
202050101607
202050101608
202050101609
202050101610
202050101611
202050101612
202050102101
202050102102
202050102103
202050102104
202050102105
202050102106
202050102107
202050102108
202050102109
202050102110
202050102111
202050102112
202050102201
202050102202
202050102203
202050102204
202050102205
202050102206
202050102207
202050102208
202050102209
202050102210
202050102211
202050102212
202050102301
202050102302
202050102303
202050102304
202050102305
202050102306
202050102307
202050102308
202050102309
202050102310
202050102311
202050102312
202050102801
202050102802
202050102803
202050102804
202050102805
202050102806
202050102807
202050102808
202050102809
202050102810
202050102811
202050102812
202050102901
202050102902
202050102903
202050102904
202050102905
202050102906
202050102907
202050102908
202050102909
202050102910
202050102911
202050102912
202050103001
202050103002
202050103003
202050103004
202050103005
202050103006
202050103007
202050103008
202050103009
202050103010
202050103011
202050103012
202054101701
202054101702
202054101703
202054101704
202054101705
202054101706
202054101707
202054101708
202054101709
202054101710
202054101711
202054101712
202054101801
202054101802
202054101803
202054101804
202054101805
202054101806
202054101807
202054101808
202054101809
202054101810
202054101811
202054101812
202054102401
202054102402
202054102403
202054102404
202054102405
202054102406
202054102407
202054102408
202054102409
202054102410
202054102411
202054102412
202054102501
202054102502
202054102503
202054102504
202054102505
202054102506
202054102507
202054102508
202054102509
202054102510
202054102511
202054102512
202054103101
202054103102
202054103103
202054103104
202054103105
202054103106
202054103107
202054103108
202054103109
202054103110
202054103111
202054103112
202055101701
202055101702
202055101703
202055101704
202055101705
202055101706
202055101707
202055101708
202055101709
202055101710
202055101711
202055101801
202055101802
202055101803
202055101804
202055101805
202055101806
202055101807
202055101808
202055101809
202055101810
202055101811
202055102401
202055102402
202055102403
202055102404
202055102405
202055102406
202055102407
202055102408
202055102409
202055102410
202055102411
202055102501
202055102502
202055102503
202055102504
202055102505
202055102506
202055102507
202055102508
202055102509
202055102510
202055102511
202055103101
202055103102
202055103103
202055103104
202055103105
202055103106
202055103107
202055103108
202055103109
202055103110
202055103111
202065101201
202065101202
202065101203
202065101204
202065101205
202065101206
202065101207
202065101208
202065101209
202065101210
202065101211
202065101212
202065101701
202065101702
202065101703
202065101704
202065101705
202065101706
202065101707
202065101708
202065101709
202065101710
202065101711
202065101801
202065101802
202065101803
202065101804
202065101805
202065101806
202065101807
202065101808
202065101809
202065101810
202065101811
202065101812
202065101901
202065101902
202065101903
202065101904
202065101905
202065101906
202065101907
202065101908
202065101909
202065101910
202065101911
202065101912
202065102401
202065102402
202065102403
202065102404
202065102405
202065102406
202065102407
202065102408
202065102409
202065102410
202065102411
202065102501
202065102502
202065102503
202065102504
202065102505
202065102506
202065102507
202065102508
202065102509
202065102510
202065102511
202065102512
202065102601
202065102602
202065102603
202065102604
202065102605
202065102606
202065102607
202065102608
202065102609
202065102610
202065102611
202065102612
202065103101
202065103102
202065103103
202065103104
202065103105
202065103106
202065103107
202065103108
202065103109
202065103110
202065103111
