200035051307
200035051310
200035052207
200035052210
200035052709
200035052710
200035060508
200035060510
200035061008
200035061810
200035061903
200035072008
200035072010
200035072209
200035072911
200035073110
200035080609
200035081610
200035081909
200035081910
200035082010
200035082108
200035082607
200035100101
200035100110
200035100809
200035100910
200035101410
200035101510
200035101610
200035102203
200035102211
200035102810
200035102910
200035110409
200035111210
200035111310
200035111905
200035112010