200036010801
200036010802
200036010803
200036010804
200036010805
200036010806
200036010807
200036010808
200036011001
200036011002
200036011003
200036040101
200036040102
200036040103
200036040104
200036040105
200036040106
200036040107
200036040301
200036040302
200036040303
200036040304
200036040305
200036040901
200036040902
200036040903
200036040904
200036040905
200036040906
200036040907
200036040908
200036040909
200036040910
200036040911
200036041001
200036041002
200036041003
200036041004
200036041005
200036042301
200036042302
200036042303
200036042304
200036042305
200036042306
200036042307
200036042308
200036050401
200036050402
200036050403
200036050404
200036050405
200036050406
200036050407
200036050601
200036050602
200036050603
200036050604
200036050605
200036050606
200036050607
200036050608
200036050609
200036050610
200036062401
200036062402
200036062403
200036062404
200036062405
200036062406
200036062407
200036062408
200036062409
200036062501
200036062502
200036062503
200036062504
200036062505
200036062506
200036062507
200036062508
200036062509
200036062510
200036070201
200036070202
200036070301
200036070302
200036070303
200036070304
200036070305
200036070306
200036070307
200036071001
200036071002
200036071003
200036071004
200036071005
200036071006
200036071007
200036071008
200036071009
200036071601
200036071602
200036071603
200036071604
200036071605
200036071606
200036071607
200036071608
200036071609
200036071610
200036071611
200036090201
200036090202
200036090203
200036090204
200036090205
200036090206
200036090207
200036090208
200036090209
200036090210
200036090301
200036090302
200036090303
200036090304
200036090305
200036090306
200036090307
200036090308
200036090309
200036090310
200036091101
200036091102
200036091103
200036091104
200036091105
200036091106
200036091107
200036091108
200036091109
200036091110
200036091601
200036091602
200036091603
200036091604
200036091605
200036091606
200036091607
200036091608
200036091609
200036091610
200036092301
200036092302
200036092303
200036092304
200036092401
200036092402
200036092403
200036092404
200036092405
200036092406
200036092407
200036092408
200036092409
200036092410
200036112301
200036112302
200036112303
200036112304
200036112305
200036112306
200036112307
200036112308
200036112309
200036112310
200036120301
200036120302
200036120303
200036120304
200036120305
200036120306
200036120307
200036120308
200036120309
200036120901
200036120902
200036120903
200036120904
200036120905
200036120906
200036120907
200036120908
200036121701
200036121702
200036121703
200036121704
200036121705
200036121706
200036121707
200036121708
200036121709
200036122301
200036122302
200036122303
200036122304
200036122305
200036122306
200036122307
200036122308
200036123001
200036123002
200036123101
200036123102
200036123103
200036123104
200036123105
200036123106
200036123107
200036123108
200036123109