200044010801
200044010802
200044010803
200044010804
200044010805
200044010901
200044010902
200044010903
200044010904
200044010905
200044010906
200044010907
200044010908
200044010909
200044011101
200044011102
200044011103
200044011104
200044011105
200044011106
200044011107
200044020101
200044020102
200044020103
200044020104
200044020105
200044020106
200044020107
200044020108
200044020109
200044020110
200044020201
200044020301
200044020302
200044020303
200044020304
200044020305
200044020306
200044020307
200044020308
200044020309
200044020310
200044020401
200044020402
200044020403
200044020404
200044020405
200044022901
200044022902
200044022903
200044022904
200044022905
200044022906
200044022907
200044030101
200044030102
200044030103
200044030104
200044030105
200044030201
200044030202
200044030203
200044030204
200044030205
200044030206
200044030207
200044030208
200044030209
200044030210
200044030301
200044030302
200044030303
200044030304
200044030305
200044030306
200044030307
200044030308
200044030309
200044031901
200044031902
200044031903
200044031904
200044031905
200044032201
200044032202
200044032203
200044032204
200044032205
200044032206
200044032207
200044032208
200044032209
200044032210
200044032301
200044032302
200044032303
200044032304
200044032401
200044032402
200044032403
200044032404
200044032405
200044032406
200044032407
200044032408
200044032409
200044041001
200044041002
200044041003
200044041004
200044041005
200044041006
200044041007
200044041008
200044041301
200044041302
200044041303
200044041304
200044041305
200044041306
200044041307
200044041308
200044041309
200044041501
200044041502
200044050701
200044050702
200044050703
200044050704
200044050705
200044050706
200044050707
200044050708
200044050709
200044050710
200044050901
200044050902
200044050903
200044050904
200044050905
200044050906
200044050907
200044050908
200044050909
200044051001
200044051101
200044051801
200044051802
200044051803
200044051804
200044051805
200044051806
200044051807
200044051808
200044051809
200044051810
200044051811
200044052001
200044052201
200044052202
200044052203
200044052204
200044052205
200044052206
200044052207
200044052208
200044052209
200044060301
200044060302
200044060303
200044060304
200044060305
200044060306
200044060307
200044060308
200044060309
200044060310
200044060311
200044060501
200044060502
200044060503
200044060601
200044060602
200044060603
200044060604
200044060605
200044060606
200044060607
200044060608
200044060609
200044060701
200044060801
200044060802
200044061901
200044062001
200044062002
200044062003
200044062004
200044062005
200044062006
200044062007
200044062008
200044062201
200044062202
200044062203
200044062204
200044062205
200044062206
200044062207
200044062208
200044062209
200044071001
200044071002
200044071003
200044071101
200044071102
200044071103
200044071104
200044071105
200044071201
200044071202
200044071203
200044071204
200044071205
200044071206
200044071207
200044071208
200044071209
200044071401
200044071402
200044071403
200044071404
200044071405
200044071406
200044071407
200044071408
200044071409
200044071410
200044072001
200044072201
200044072202
200044072203
200044072401
200044072402
200044072403
200044072404
200044072405
200044072406
200044072407
200044072408
200044072409
200044081201
200044081202
200044081203
200044081204
200044081205
200044081206
200044081207
200044081208
200044081301
200044081302
200044081303
200044081401
200044081402
200044081601
200044081602
200044081603
200044081604
200044081605
200044081606
200044081607
200044081608
200044081609
200044081701
200044081702
200044081703
200044081704
200044081705
200044081706
200044081707
200044081708
200044081709
200044082401
200044082402
200044082403
200044082404
200044082405
200044082406
200044082407
200044082408
200044082601
200044082602
200044082603
200044082604
200044090801
200044090802
200044090803
200044090804
200044090805
200044090806
200044090807
200044091101
200044091102
200044091103
200044091104
200044091105
200044091106
200044091107
200044091108
200044091201
200044091202
200044091203
200044091204
200044091205
200044091206
200044091207
200044091208
200044091209
200044092401
200044092402
200044092403
200044092404
200044092405
200044092406
200044092407
200044092501
200044092502
200044092503
200044092504
200044092505
200044092506
200044092601
200044092602
200044092603
200044092604
200044092605
200044092606
200044092607
200044092608
200044092701
200044092702
200044092703
200044092704
200044092705
200044092706
200044092707
200044092708
200044092709
200044092801
200044092802
200044092803
200044092804
200044092805
200044092806
200044092807
200044092901
200044092902
200044092903
200044092904
200044092905
200044092906
200044092907
200044092908
200044092909
200044092910
200044101601
200044101602
200044101603
200044101604
200044101605
200044101606
200044101607
200044101608
200044101609
200044101610
200044101701
200044101702
200044101703
200044101704
200044101705
200044101706
200044101707
200044101708
200044101709
200044103001
200044103002
200044103003
200044103004
200044103005
200044103006
200044103007
200044103008
200044103101
200044103102
200044103103
200044103104
200044103105
200044103106
200044103107
200044103108
200044103109
200044110101
200044110102
200044110103
200044110104
200044110105
200044110106
200044110107
200044110108
200044110109
200044110110
200044110301
200044110302
200044110303
200044110304
200044110305
200044110306
200044110307
200044110308
200044110309
200044110310
200044111701
200044111702
200044111703
200044111801
200044111802
200044111803
200044111804
200044111805
200044111806
200044111807
200044111808
200044111809
200044111810
200044111811
200044120501
200044120502
200044120503
200044120504
200044120601
200044120602
200044120603
200044120604
200044120605
200044120606
200044120607
200044120608
200044120609
200044120610
200044120701
200044120702
200044120703
200044120704
200044120705
200044120706
200044120707
200044120708
200044120709
200044120710
200044120901
200044120902
200044120903
200044122701
200044122702
200044122703
200044122704
200044122705
200044122901
200044122902
200044122903
200044122904
200044122905
200044122906
200044122907
200044122908
200044122909
200044123001
200044123002
200044123003
200044123004
200044123005
200044123006
200044123007
200044123008
200044123009
200044123101
200044123102
200044123103
200044123104
200044123105
200044123106
200044123107
200044123108
200044123109
200044123110
200044123111