200045011201
200045011202
200045011203
200045011301
200045011302
200045011303
200045011304
200045011305
200045011306
200045011307
200045011308
200045011309
200045011310
200045020701
200045020702
200045020801
200045020802
200045020803
200045020804
200045020805
200045020806
200045020807
200045020808
200045020809
200045020901
200045020902
200045020903
200045020904
200045020905
200045020906
200045020907
200045020908
200045020909
200045020910
200045031301
200045031302
200045031303
200045031304
200045031305
200045031306
200045031307
200045031308
200045031309
200045031401
200045031402
200045031403
200045031404
200045031501
200045031502
200045031503
200045031504
200045031505
200045031506
200045031507
200045031508
200045031509
200045031510
200045031701
200045031702
200045031703
200045031704
200045031705
200045031706
200045031707
200045031708
200045031709
200045042401
200045042402
200045042403
200045042404
200045042405
200045042501
200045042502
200045042503
200045042504
200045042505
200045042506
200045042507
200045042508
200045042601
200045042602
200045042603
200045042604
200045042605
200045042606
200045042607
200045042608
200045042609
200045051401
200045051402
200045051501
200045051502
200045051503
200045051504
200045051505
200045051506
200045051507
200045051508
200045051509
200045051701
200045051702
200045051703
200045051704
200045051705
200045051706
200045051707
200045051708
200045051709
200045051710
200045061201
200045061202
200045061203
200045061204
200045061205
200045061206
200045061207
200045061208
200045061209
200045070501
200045070502
200045070503
200045070504
200045070505
200045070506
200045070507
200045070508
200045070509
200045070510
200045070601
200045070602
200045070603
200045070604
200045070605
200045070606
200045070607
200045070608
200045070609
200045070610
200045080901
200045080902
200045080903
200045080904
200045080905
200045080906
200045080907
200045080908
200045080909
200045082901
200045082902
200045082903
200045082904
200045082905
200045082906
200045091501
200045091502
200045091503
200045091504
200045091505
200045091506
200045091507
200045091508
200045091509
200045091701
200045100401
200045100402
200045100403
200045100404
200045100405
200045100406
200045100407
200045101801
200045101802
200045101803
200045101804
200045101805
200045101806
200045101807
200045101808
200045101901
200045101902
200045101903
200045101904
200045101905
200045101906
200045102201
200045102202
200045102203
200045102204
200045102205
200045102206
200045102207
200045102208
200045102301
200045102302
200045102303
200045102304
200045102305
200045102306
200045102307
200045102308
200045102309
200045111401
200045111402
200045111403
200045111404
200045111405
200045111406
200045111407
200045111408
200045111409
200045111410
200045121201
200045121202
200045121203
200045121204
200045121205
200045121206
200045121401
200045121402
200045121403
200045121404
200045121405
200045121406
200045121407
200045121408
200045121409
200045121410