200047010101
200047010102
200047010103
200047010104
200047010105
200047010106
200047010107
200047010108
200047011301
200047011302
200047011303
200047011304
200047011305
200047011306
200047012801
200047012802
200047012803
200047012804
200047012805
200047012806
200047020801
200047020802
200047020803
200047020804
200047020805
200047020806
200047020901
200047020902
200047020903
200047020904
200047020905
200047020906
200047020907
200047020908
200047020909
200047022101
200047022102
200047022103
200047022104
200047022105
200047022106
200047022107
200047030701
200047030702
200047030703
200047030704
200047030705
200047030706
200047030801
200047030802
200047030803
200047030804
200047030805
200047030806
200047030807
200047030808
200047030809
200047030810
200047040501
200047040502
200047040503
200047040504
200047040505
200047040506
200047040507
200047040508
200047040509
200047040510
200047042601
200047042602
200047042603
200047042604
200047042605
200047042606
200047042607
200047042608
200047042609
200047042610
200047053101
200047071001
200047071002
200047071003
200047071004
200047071005
200047071006
200047071007
200047071008
200047073001
200047073002
200047073003
200047073004
200047073005
200047073006
200047073007
200047073008
200047073009
200047073010
200047073011
200047082801
200047082802
200047082803
200047082804
200047082805
200047082806
200047082807
200047082808
200047082809
200047082810
200047082901
200047082902
200047082903
200047082904
200047082905
200047082906
200047082907
200047082908
200047082909
200047082910
200047091101
200047091102
200047091103
200047091104
200047091105
200047091106
200047091107
200047091108
200047091109
200047092501
200047092502
200047092503
200047092504
200047092505
200047092506
200047092507
200047092508
200047092509
200047092510
200047101501
200047101502
200047101503
200047101504
200047101505
200047101506
200047110501
200047110502
200047110503
200047110504
200047110505
200047110506
200047110507
200047110508
200047110509
200047111001
200047111002
200047112101
200047112102
200047112103
200047112104
200047112105
200047112106
200047112107
200047112108
200047112109
200047112110
200047112701
200047112702
200047112703
200047112704
200047112705
200047112706
200047112707
200047112708
200047112709
200047112710
200047112801
200047112802
200047112803
200047112804
200047112805
200047112806
200047112807
200047112808
200047112809
200047121301
200047121302
200047121303
200047121304
200047121305
200047121306
200047121307
200047121308
200047121309
200047121310
200047122001
200047122002
200047122003
200047122004
200047122005
200047122006
200047122007
200047122008
200047122009
200047122010