200048011601
200048011602
200048011603
200048011604
200048011605
200048011606
200048011607
200048011608
200048011609
200048011801
200048011802
200048011803
200048011804
200048011805
200048011806
200048011807
200048011808
200048011809
200048011810
200048011811
200048011901
200048011902
200048011903
200048011904
200048011905
200048011906
200048011907
200048011908
200048011909
200048011910
200048011911
200048013101
200048013102
200048013103
200048013104
200048013105
200048013106
200048013107
200048013108
200048013109
200048013110
200048020101
200048020102
200048020103
200048020104
200048020105
200048020106
200048020107
200048020108
200048021301
200048021302
200048021303
200048021304
200048021305
200048021306
200048021307
200048021308
200048021309
200048021401
200048021402
200048021403
200048021404
200048021405
200048021406
200048021501
200048021502
200048021503
200048021504
200048021505
200048021506
200048021507
200048021508
200048021509
200048021510
200048021601
200048021602
200048021603
200048021604
200048021605
200048021606
200048021607
200048021608
200048021609
200048021610
200048022701
200048022702
200048022703
200048022704
200048022705
200048022706
200048022707
200048022708
200048022709
200048022901
200048022902
200048022903
200048022904
200048022905
200048022906
200048022907
200048030101
200048030102
200048030103
200048030104
200048030105
200048030106
200048030107
200048030108
200048030109
200048030110
200048031301
200048031302
200048031303
200048031304
200048031305
200048031306
200048031307
200048031308
200048031309
200048031310
200048031501
200048031502
200048031503
200048031504
200048031505
200048031506
200048031507
200048031508
200048031509
200048032001
200048032002
200048032003
200048032004
200048032005
200048032006
200048032007
200048032008
200048032009
200048032101
200048032102
200048032103
200048032104
200048032701
200048032702
200048032703
200048032704
200048032705
200048032801
200048032802
200048032803
200048032804
200048032805
200048032806
200048032807
200048032808
200048032809
200048032810
200048032901
200048032902
200048032903
200048032904
200048032905
200048032906
200048041201
200048041202
200048041203
200048041204
200048041205
200048041206
200048041207
200048041208
200048041209
200048041210
200048041211
200048041401
200048041402
200048041403
200048041404
200048041405
200048041406
200048041407
200048041408
200048041409
200048041410
200048041411
200048041901
200048041902
200048041903
200048041904
200048041905
200048041906
200048041907
200048041908
200048042101
200048042102
200048042103
200048042104
200048042105
200048042106
200048042107
200048042108
200048042109
200048042110
200048042111
200048050401
200048050402
200048050403
200048050404
200048050405
200048050406
200048050407
200048050408
200048050409
200048050410
200048050801
200048050802
200048050803
200048050804
200048050805
200048050806
200048050807
200048050808
200048050809
200048050810
200048050901
200048050902
200048050903
200048050904
200048050905
200048050906
200048050907
200048050908
200048050909
200048051101
200048051102
200048051103
200048051104
200048051105
200048051106
200048051201
200048051202
200048051203
200048051204
200048051205
200048051206
200048051207
200048051208
200048051209
200048051210
200048052201
200048052202
200048052203
200048052204
200048052205
200048052206
200048052207
200048052208
200048052209
200048052301
200048052302
200048052303
200048052304
200048052305
200048052306
200048052307
200048052308
200048052309
200048060901
200048060902
200048060903
200048060904
200048060905
200048060906
200048060907
200048060908
200048060909
200048060910
200048061201
200048061202
200048061203
200048061204
200048061301
200048061302
200048061303
200048061304
200048061305
200048061306
200048061307
200048061308
200048061401
200048061402
200048061403
200048061404
200048061405
200048061406
200048061407
200048061408
200048061409
200048061410
200048062601
200048062602
200048062603
200048062604
200048062605
200048062606
200048062607
200048062608
200048062609
200048062610
200048062611
200048062801
200048062802
200048062803
200048062804
200048062805
200048062806
200048062807
200048062808
200048062809
200048062810
200048062811
200048070401
200048070402
200048070403
200048070404
200048070405
200048070406
200048070407
200048070408
200048070701
200048070702
200048070703
200048070704
200048070705
200048071801
200048071802
200048071803
200048071804
200048071805
200048071806
200048071807
200048071808
200048071809
200048071901
200048071902
200048071903
200048071904
200048071905
200048071906
200048072001
200048072002
200048072003
200048072004
200048072005
200048072006
200048072007
200048072008
200048072009
200048080701
200048080702
200048080703
200048080704
200048080705
200048080706
200048080707
200048080708
200048080709
200048080710
200048080801
200048080802
200048080803
200048080804
200048080805
200048080806
200048080807
200048080808
200048080809
200048080810
200048082401
200048082402
200048082403
200048082404
200048082405
200048082406
200048082407
200048082408
200048082409
200048082410
200048090501
200048090502
200048090503
200048090504
200048090505
200048090506
200048090507
200048090508
200048090509
200048090510
200048091901
200048091902
200048091903
200048091904
200048091905
200048091906
200048091907
200048091908
200048091909
200048091910
200048092001
200048092002
200048092003
200048092004
200048092005
200048092006
200048092007
200048092008
200048092009
200048092010
200048092011
200048092201
200048092202
200048092203
200048092204
200048092205
200048092206
200048092207
200048092208
200048092209
200048100201
200048100202
200048100203
200048100204
200048100205
200048100206
200048100207
200048100208
200048100209
200048100210
200048100401
200048100402
200048100403
200048100404
200048100405
200048100406
200048100407
200048100408
200048100409
200048100410
200048101101
200048101102
200048101103
200048101104
200048101105
200048101106
200048101107
200048101108
200048101109
200048101201
200048101202
200048101203
200048101204
200048101205
200048101206
200048101207
200048101208
200048101209
200048101210
200048101301
200048101302
200048101303
200048101304
200048101305
200048101306
200048101307
200048101308
200048102301
200048102501
200048102502
200048102503
200048102504
200048102505
200048102506
200048102507
200048102508
200048102701
200048102702
200048102703
200048102704
200048102705
200048102706
200048102707
200048102708
200048102709
200048102710
200048102711
200048103001
200048103002
200048103003
200048103004
200048103005
200048103006
200048103007
200048103008
200048103009
200048103101
200048103102
200048103103
200048103104
200048103105
200048103106
200048103107
200048103108
200048103109
200048103110
200048103111
200048110201
200048110202
200048110203
200048110204
200048110205
200048110206
200048110207
200048110301
200048110302
200048110303
200048110304
200048110305
200048110306
200048110307
200048110308
200048110309
200048110310
200048111301
200048111302
200048111303
200048111304
200048111305
200048111306
200048111307
200048111308
200048111401
200048111402
200048111403
200048111404
200048111405
200048111406
200048111501
200048111502
200048111503
200048111504
200048111505
200048111506
200048111507
200048111508
200048111509
200048111510
200048111511
200048111701
200048111702
200048111703
200048111704
200048111705
200048111706
200048111707
200048111708
200048111709
200048112901
200048113001
200048113002
200048113003
200048113004
200048113005
200048113006
200048113007
200048113008
200048120101
200048120102
200048120103
200048120104
200048120105
200048120106
200048120107
200048120108
200048120109
200048120110
200048120111
200048120701
200048120702
200048120703
200048120704
200048120705
200048120706
200048120707
200048120708
200048120709
200048120710
200048120801
200048120802
200048120803
200048120804
200048120805
200048120806
200048120807
200048120808
200048120809
200048121201
200048121202
200048121203
200048121204
200048121205
200048121206
200048121207
200048121208
200048121209
200048122101
200048122102
200048122103
200048122104
200048122105
200048122106
200048122107
200048122108
200048122109
200048122201
200048122202
200048122203
200048122204
200048122205
200048122501
200048122502
200048122503
200048122504
200048122505
200048122506
200048122701
200048122702
200048122703
200048122704
200048122705
200048122706
200048122707
200048122708
200048122709