200050010301
200050010302
200050010303
200050012001
200050012002
200050012003
200050012004
200050012005
200050012006
200050012007
200050012008
200050012009
200050021101
200050021102
200050021103
200050021104
200050021105
200050021106
200050021107
200050021108
200050021109
200050021110
200050021601
200050021602
200050021603
200050021604
200050041201
200050041202
200050041203
200050041204
200050041205
200050041206
200050041207
200050041208
200050041209
200050041210
200050042101
200050042102
200050042103
200050042104
200050042105
200050042106
200050042107
200050042108
200050050301
200050050302
200050050303
200050050304
200050050305
200050050306
200050050307
200050050308
200050050309
200050050310
200050051801
200050051802
200050051803
200050051804
200050051805
200050051806
200050051807
200050052401
200050052402
200050052403
200050060101
200050060102
200050060103
200050060104
200050060105
200050060106
200050060107
200050061401
200050061402
200050061403
200050061404
200050061405
200050061406
200050061407
200050061408
200050061409
200050061601
200050061602
200050061603
200050061604
200050061605
200050061606
200050061607
200050062301
200050062302
200050062303
200050062304
200050062305
200050062306
200050062307
200050080301
200050080302
200050080303
200050080304
200050080901
200050080902
200050080903
200050080904
200050081001
200050081002
200050081003
200050081004
200050081005
200050081006
200050081601
200050081602
200050081603
200050081604
200050081605
200050081606
200050081607
200050081608
200050081609
200050082401
200050082402
200050082403
200050082404
200050082405
200050082406
200050082407
200050082408
200050090501
200050090502
200050090503
200050090504
200050090505
200050091301
200050091302
200050091303
200050091304
200050091305
200050091306
200050091501
200050091502
200050091503
200050091504
200050091505
200050091901
200050091902
200050091903
200050091904
200050091905
200050092201
200050092202
200050092203
200050092204
200050092601
200050092602
200050092701
200050092702
200050092703
200050092704
200050092705
200050092706
200050092707
200050092708
200050092709
200050092710
200050092801
200050092802
200050092803
200050092804
200050092805
200050092806
200050092807
200050092808
200050092809
200050100901
200050100902
200050100903
200050100904
200050101001
200050101002
200050101003
200050101004
200050101005
200050101006
200050101101
200050101102
200050101103
200050101104
200050101105
200050101106
200050101107
200050101108
200050101109
200050101110
200050101111
200050112201
200050112202
200050112203
200050112204
200050112205
200050112206
200050112207
200050112208
200050112209
200050112210
200050112801
200050112802
200050112803
200050112804
200050112805
200050112806
200050112807
200050113001
200050113002
200050113003
200050113004
200050113005
200050113006
200050120801
200050120802
200050120803
200050120804
200050120805
200050120806
200050120807
200050121201
200050121202
200050121203
200050121204
200050121205
200050121206
200050121207
200050121208
200050121209
200050121301
200050121302
200050121303
200050121304
200050121305
200050121306
200050121307
200050121308
200050122001
200050122002
200050122003
200050122004
200050122005
200050122006
200050122007
200050122101
200050122102
200050122103
200050123001
200050123002
200050123003
200050123004
200050123005
200050123006
200050123007
200050123008
200050123009
200050123010
200050123101
200050123102
200050123103
200050123104
200050123105
200050123106