200051070501
200051070502
200051070503
200051070504
200051070505
200051070506
200051071301
200051071302
200051071303
200051071304
200051071305
200051071801
200051071802
200051071803
200051071804
200051071805
200051071806
200051071901
200051071902
200051071903
200051071904
200051071905
200051071906
200051071907
200051071908
200051071909
200051072601
200051072602
200051072603
200051072604
200051072801
200051072802
200051072803
200051072804
200051072805
200051072806
200051072807
200051072808
200051072809
200051072810
200051101901
200051101902
200051102401
200051102402
200051102403
200051102404
200051102405
200051102406
200051102601
200051102602
200051102603
200051102604
200051102605
200051102606
200051102607
200051110701
200051110702
200051110703
200051110704
200051110705
200051110706
200051110707
200051110801
200051110802
200051110803
200051110804
200051110805
200051110806
200051111501
200051111502
200051111503
200051111504
200051111505
200051111701
200051111702
200051111703
200051111704
200051111705
200051111706