200052010401
200052010402
200052010403
200052010801
200052010802
200052010803
200052010804
200052010805
200052011501
200052011502
200052011503
200052031101
200052031102
200052031103
200052031104
200052032601
200052032602
200052032603
200052040101
200052040102
200052040103
200052041601
200052041602
200052042301
200052042302
200052042303
200052042304
200052042305
200052050401
200052050402
200052051301
200052051302
200052051303
200052051304
200052051305
200052051306
200052051307
200052052001
200052052002
200052052003
200052052004
200052052005
200052052006
200052060401
200052060402
200052060403
200052060404
200052060405
200052060406
200052060407
200052061101
200052061102
200052061103
200052061104
200052061105
200052061106
200052061107
200052061108
200052061109
200052061110
200052093001
200052093002
200052093003
200052093004
200052093005
200052093006
200052093007
200052093008
200052100901
200052100902
200052100903
200052100904
200052100905
200052100906
200052100907
200052102201
200052102202
200052102203
200052102204
200052110501
200052110502
200052110503
200052110504
200052110505
200052110506
200052111101
200052111102
200052111103
200052111104
200052111105
200052111901
200052111902
200052111903
200052111904
200052111905
200052111906
200052111907
200052111908
200052111909
200052111910
200052120301
200052120302
200052120303
200052120304
200052120305
200052120306
200052120307
200052120308
200052120309
200052120310
200052120311
200052120901
200052120902
200052120903
200052120904
200052120905
200052120906
200052120907
200052122301
200052122302
200052122303
200052122304
200052122305
200052122306
200052122307
200052122308