200055010901
200055010902
200055010903
200055010904
200055010905
200055010906
200055010907
200055012201
200055020501
200055020502
200055020503
200055020601
200055020602
200055020603
200055020604
200055020605
200055020606
200055020607
200055022001
200055022002
200055022003
200055022004
200055022005
200055022006
200055022007
200055030401
200055030402
200055030403
200055030404
200055031201
200055031202
200055031203
200055031204
200055031205
200055031206
200055031207
200055031801
200055031802
200055031803
200055031804
200055031805
200055031806
200055031807
200055031808
200055032601
200055032602
200055032603
200055032604
200055032605
200055032701
200055032702
200055032703
200055032704
200055032705
200055032706
200055040901
200055040902
200055040903
200055040904
200055040905
200055040906
200055042201
200055042202
200055042203
200055042204
200055042205
200055042206
200055050401
200055050402
200055050403
200055050404
200055050405
200055050406
200055050407
200055050601
200055050602
200055050603
200055050604
200055051301
200055051302
200055051303
200055051304
200055051305
200055051306
200055051307
200055051308
200055051401
200055051402
200055051403
200055052101
200055052102
200055052103
200055052801
200055052802
200055052803
200055052804
200055052805
200055052806
200055052807
200055052808
200055052809
200055052810
200055060301
200055060302
200055060303
200055060304
200055060901
200055060902
200055060903
200055060904
200055060905
200055060906
200055060907
200055060908
200055061101
200055061102
200055061103
200055061104
200055061105
200055061106
200055061107
200055061108
200055061109
200055061110
200055061111
200055062401
200055062402
200055062403
200055062404
200055062405
200055062406
200055062407
200055062408
200055062501
200055062502
200055062503
200055062504
200055062505
200055062506
200055062507
200055062508
200055062509
200055062510
200055062511
200055070301
200055070302
200055070303
200055070304
200055070305
200055070306
200055070307
200055071401
200055071402
200055071403
200055071404
200055071405
200055071406
200055071407
200055071408
200055071409
200055071410
200055071601
200055071602
200055071603
200055071604
200055072301
200055072302
200055072303
200055072304
200055072305
200055072306
200055072307
200055072308
200055072309
200055072801
200055072802
200055072803
200055072804
200055072805
200055072806
200055072807
200055072808
200055072809
200055072810
200055072901
200055072902
200055072903
200055072904
200055072905
200055072906
200055072907
200055081301
200055081302
200055081303
200055081304
200055081305
200055081306
200055081307
200055081308
200055081309
200055081310
200055081401
200055081402
200055081403
200055081404
200055081405
200055081406
200055081407
200055081408
200055081409
200055093001
200055093002
200055093003
200055093004
200055093005
200055100801
200055100802
200055100803
200055100804
200055100805
200055100806
200055100807
200055100808
200055100809
200055100810
200055100901
200055100902
200055100903
200055100904
200055100905
200055100906
200055100907
200055100908
200055100909
200055100910
200055102901
200055102902
200055102903
200055102904
200055102905
200055102906
200055102907
200055102908
200055110401
200055110402
200055110403
200055110404
200055110405
200055111001
200055111002
200055111003
200055111004
200055111005
200055111006
200055111007
200055111008
200055111009
200055111801
200055111802
200055111803
200055111804
200055111805
200055112301
200055112302
200055112303
200055112304
200055112305
200055112306
200055112307
200055112308
200055112309
200055112401
200055112402
200055112403
200055112404
200055112405
200055112406
200055112407
200055112408
200055112409
200055112410
200055120301
200055120302
200055120303
200055120304
200055120305
200055120306
200055120307
200055120308
200055120309
200055120310
200055121001
200055121801
200055121802
200055121803
200055121804
200055121805
200055122401
200055122402
200055122403
200055122404
200055122405
200055122406
200055122407
200055122408
200055122409
200055122410