200056010101
200056010102
200056010103
200056010104
200056010105
200056010106
200056010107
200056010108
200056011501
200056011502
200056011503
200056011504
200056012901
200056012902
200056012903
200056012904
200056012905
200056012906
200056012907
200056012908
200056012909
200056012910
200056030401
200056030402
200056030403
200056030404
200056030405
200056030406
200056031101
200056031102
200056031103
200056031104
200056031105
200056032601
200056032602
200056032603
200056032604
200056032605
200056032606
200056032607
200056040801
200056040802
200056040803
200056040804
200056040805
200056040806
200056040807
200056042201
200056042202
200056042203
200056042204
200056042205
200056042206
200056042207
200056042901
200056042902
200056042903
200056042904
200056042905
200056042906
200056042907
200056050701
200056050702
200056050703
200056050704
200056050705
200056050706
200056050707
200056051301
200056051302
200056051303
200056051304
200056051305
200056051306
200056060601
200056060602
200056060603
200056060604
200056060605
200056060606
200056060607
200056061801
200056061802
200056061803
200056061804
200056061805
200056062901
200056062902
200056062903
200056062904
200056062905
200056062906
200056062907
200056062908
200056072001
200056072002
200056072003
200056072004
200056072005
200056080201
200056080202
200056080203
200056080204
200056080205
200056080206
200056081201
200056081202
200056081203
200056081204
200056081205
200056081206
200056081207
200056081208
200056081209
200056081210
200056081301
200056081302
200056081303
200056081304
200056081305
200056081901
200056081902
200056081903
200056081904
200056081905
200056081906
200056081907
200056081908
200056082601
200056082602
200056082603
200056082604
200056082605
200056082606
200056082607
200056082608
200056082609
200056091001
200056091002
200056091003
200056091004
200056091005
200056091006
200056091007
200056091501
200056091502
200056091503
200056091504
200056091505
200056091506
200056091507
200056091508
200056091509
200056091510
200056100801
200056100802
200056100803
200056100804
200056100805
200056100806
200056100807
200056100808
200056102101
200056102102
200056102103
200056102104
200056102105
200056102106
200056102107
200056102108
200056102109
200056102110
200056102111
200056111301
200056111302
200056111303
200056111304
200056111305
200056111401
200056111402
200056111403
200056111404
200056111405
200056111406
200056111407
200056111408
200056111409
200056111410
200056120501
200056120502
200056120503
200056120504
200056120505
200056120506
200056120507
200056120508
200056120509
200056121701
200056121702
200056121703
200056121704
200056121705
200056121706
200056121707
200056121708
200056121709
200056121710