200057022101
200057022102
200057022103
200057022104
200057022105
200057022106
200057022107
200057022108
200057040201
200057040202
200057040203
200057040204
200057040205
200057040206
200057040207
200057040208
200057041601
200057041602
200057041603
200057041604
200057041605
200057041606
200057041607
200057041608
200057041609
200057041610
200057043001
200057043002
200057043003
200057043004
200057043005
200057043006
200057043007
200057043008
200057050601
200057050602
200057050603
200057050604
200057050605
200057050606
200057050607
200057051401
200057051402
200057051403
200057051404
200057051405
200057051406
200057051407
200057051408
200057052801
200057052802
200057052803
200057052804
200057052805
200057060801
200057060802
200057060803
200057060804
200057060805
200057060806
200057060807
200057060808
200057060809
200057060810
200057071001
200057071002
200057071003
200057071004
200057071005
200057071006
200057071007
200057071008
200057071009
200057071010
200057071701
200057071702
200057071703
200057071704
200057071705
200057071706
200057071707
200057071708
200057071709
200057071801
200057071802
200057071803
200057071804
200057071805
200057071806
200057073101
200057073102
200057073103
200057073104
200057073105
200057073106
200057073107
200057073108
200057073109
200057080701
200057080702
200057080703
200057080704
200057080705
200057080706
200057081401
200057081402
200057081403
200057081404
200057081405
200057081406
200057081407
200057081408
200057081409
200057081410
200057082801
200057082802
200057082803
200057082804
200057082805
200057082806
200057082807
200057082808
200057082809
200057082810
200057091201
200057091202
200057091203
200057091204
200057091205
200057091206
200057091207
200057091208
200057091209
200057091210
200057091901
200057091902
200057091903
200057091904
200057091905
200057091906
200057091907
200057091908
200057092601
200057092602
200057092603
200057092604
200057092605
200057092606
200057092607
200057111601
200057111602
200057111603
200057111604
200057111605
200057111606
200057111607
200057113001
200057113002
200057113003
200057113004
200057113005
200057113006
200057113007
200057113008
200057113009
200057113010
200057120601
200057120602
200057120603
200057120604
200057120605
200057120606
200057120607
200057120608
200057120609
200057120610
200057121301
200057121302
200057121303
200057121304
200057121305
200057121306
200057121307
200057121308
200057121309
200057121310