200058041801
200058041802
200058041803
200058041804
200058041805
200058041806
200058041807
200058041808
200058041901
200058041902
200058041903
200058041904
200058041905
200058041906
200058041907
200058041908
200058041909
200058042001
200058042002
200058042003
200058042004
200058042005
200058042006
200058042007
200058042008
200058042601
200058050301
200058050302
200058050303
200058050304
200058050305
200058050306
200058050307
200058050308
200058050309
200058050310
200058050311
200058050401
200058050402
200058050403
200058050404
200058050405
200058050406
200058050407
200058050408
200058050409
200058050410
200058050501
200058050502
200058050503
200058050504
200058051001
200058051002
200058051003
200058051004
200058051005
200058051601
200058051602
200058051603
200058051604
200058051605
200058051606
200058051607
200058051701
200058051702
200058051703
200058051704
200058051705
200058051706
200058051707
200058051708
200058051709
200058051710
200058051711
200058051801
200058051802
200058051803
200058051804
200058051805
200058051806
200058051807
200058051808
200058051809
200058052401
200058052402
200058052403
200058052404
200058052405
200058052406
200058052407
200058052408
200058052409
200058052410
200058052411
200058053001
200058053002
200058053003
200058053004
200058053005
200058053006
200058053007
200058053008
200058053101
200058053102
200058053103
200058053104
200058053105
200058053106
200058053107
200058053108
200058053109
200058053110
200058060101
200058060102
200058060103
200058060104
200058060105
200058060106
200058060107
200058060108
200058060109
200058060110
200058060601
200058060602
200058060603
200058060604
200058060801
200058060802
200058060803
200058060804
200058060805
200058060806
200058060807
200058060808
200058060809
200058060810
200058061301
200058061302
200058061303
200058061304
200058061305
200058061306
200058061307
200058061308
200058061401
200058061402
200058061403
200058061404
200058061405
200058061406
200058061407
200058061408
200058061409
200058061501
200058061502
200058061503
200058061504
200058061505
200058061506
200058061507
200058061508
200058061509
200058062001
200058062002
200058062003
200058062004
200058062005
200058062101
200058062102
200058062103
200058062104
200058062201
200058062202
200058062203
200058062204
200058062205
200058062206
200058062207
200058062208