200060040801
200060041501
200060041502
200060041503
200060041504
200060043001
200060043002
200060043003
200060043004
200060043005
200060043006
200060043007
200060050401
200060050402
200060050403
200060050404
200060050405
200060050406
200060050407
200060050408
200060050601
200060050602
200060050603
200060050604
200060050605
200060050606
200060050607
200060050608
200060051301
200060051302
200060051303
200060051304
200060051305
200060051306
200060051307
200060052001
200060052002
200060052003
200060052004
200060052005
200060052006
200060052701
200060052702
200060052703
200060052801
200060052802
200060052803
200060052804
200060052805
200060052806
200060052807
200060052808
200060060301
200060060302
200060060303
200060060304
200060060305
200060060306
200060060307
200060060308
200060060501
200060060502
200060060503
200060060504
200060060505
200060060506
200060060507
200060060508
200060061601
200060061602
200060061603
200060061604
200060061605
200060061606
200060061607
200060061608
200060061609
200060061610
200060061901
200060061902
200060062401
200060062402
200060062501
200060062502
200060062503
200060062504
200060062505
200060062506
200060062507
200060062508
200060063001
200060063002
200060063003
200060063004
200060063005
200060063006
200060063007
200060063008
200060070701
200060070702
200060070801
200060070802
200060070803
200060070804
200060070901
200060070902
200060070903
200060070904
200060070905
200060070906
200060070907
200060070908
200060070909
200060070910
200060071501
200060071502
200060071503
200060071504
200060071505
200060071506
200060072201
200060072202
200060072203
200060072204
200060072205
200060072206
200060072207
200060072208
200060072301
200060072302
200060073001
200060073002
200060073003
200060073004
200060073005
200060073006
200060073007
200060073008
200060073009
200060073010
200060081201
200060081301
200060081302
200060081303
200060081304
200060081401
200060081402
200060081403
200060081404
200060081405
200060081406
200060081407
200060081408
200060081409
200060082701
200060082702
200060082703
200060082704
200060082705
200060082706
200060082707
200060082708
200060082709
200060090201
200060090202
200060090203
200060090301
200060090302
200060090303
200060091001
200060091002
200060091003
200060091004
200060091005
200060091006
200060091007
200060091701
200060091702
200060091703
200060091704
200060091705
200060091706
200060091707
200060091708
200060091709
200060091710
200060092401
200060092402
200060092403
200060093001
200060093002
200060093003
200060093004
200060093005
200060093006
200060093007
200060093008
200060093009
200060100801
200060100802
200060100803
200060100804
200060100805
200060100806
200060100807
200060100901
200060101501
200060101502
200060101503
200060101504
200060101505
200060101506
200060101507
200060101508
200060101509
200060102901
200060110301
200060110302
200060110303
200060110304
200060110305
200060110306
200060110307
200060110308
200060110309
200060110801
200060110802
200060110803
200060110804
200060110805
200060110806
200060110807
200060110808
200060110809
200060110810
200060111101
200060111102
200060111701
200060111702
200060111703
200060111704
200060112501
200060112502
200060112601
200060112602
200060112603
200060120901
200060120902
200060120903
200060120904
200060120905
200060120906
200060120907
200060121501
200060121601
200060121602
200060121603
200060121604
200060121605
200060121606
200060121607
200060121608
200060123101
200060123102
200060123103
200060123104
200060123105
200060123106