1955100002
1955100006
1955100011
1955100023
1955100024
1955100026
1955100027
1955100028
1955100031
1955100032
1955100033
1955100036
1955100037
1955100040
1955100041
1955100044
1955100049
1955100050
1955100052
1955100054
1955100056
1955100057
1955100058
1955100059
1955100062
1955100067
1955100069
1955100070
1955100071
1955100076
1955100078
1955100080
1955100081
1955100083
1955100085
1955100086
1955100096
1955100097
1955100098
1955100105
1955100106
1955100108
1955100109
1955100110
1955100111
1955100115
1955100116
1955100118
1955100120
1955100121
1955100122
1955100129
1955100131
1955100133
1955100140
1955100141
1955100143
1955100146
1955100147
1955100149
1955100158
1955100160
1955100163
1955100166
1955100168
1955100170
1955100179
1955100181
1955100189
1955100191
1955100192
1955100193
1955100194
1955100196
1955100198
1955100215
1955100218
1955100221
1955100223
1955100236
1955100237
1955100238
1955100243
1955100246
1955100251
1955100261
1955100262
1955100263
1955100265
1955100266
1955100270
1955100271
1955100272
1955100273
1955100282
1955100294
1955100298
1955100300
1955100301
1955100302
1955100306
1955100309
1955100311
1955100312
1955100316
1955100319
1955100322
1955100324
1955100330
1955100331
1955100338
1955100342
1955100351
1955100358
1955100361
1955100363
1955100364
1955100370
1955100374
1955100387
1955100389
1955100393
1955100394
1955100401
1955100402
1955100403
1955100406
1955100417
1955100425
1955100432
1955100438
1955100447
1955100448
1955100450
1955100452
1955100457
1955100458
1955100462
1955100464
1955100470
1955100472
1955100475
1955100478
1955100482
1955100487
1955100499
1955100507
1955100512
1955100514
1955100518
1955100519
1955100523
1955100525
1955100528
1955100529
1955100532
1955100540
1955100542
1955100558
1955100566
1955100569
1955100578
1955100581
1955100597
1955100603
1955100605
1955100606
1955100615
1955100617
1955100623
1955100625
1955100626
1955100627
1955100629
1955100679
1955100687
1955100690
1955100699
1955100700
1955100707
1955100708
1955100712
1955100715
1955100724
1955100726
1955100729
1955100730
1955100737
1955100740
1955100742
1955100743
1955100744
1955100748
1955100755
1955100756
1955100791
1955100796
1955100798
1955100799
1955100820
1955100824
1955100837
1955100850
1955100851
1955100852
1955100875
1955100876
1955100881
1955100890
1955100891
1955100895
1955100903
1955100910
1955100912
1955100917
1955100918
1955100923
1955100929
1955100931
1955100932
1955100937
1955100939
1955100951
1955100959
1955100978
1955100983
1955100984
1955100987
1955100989
1955100990
1955101012
1955101017
1955101024
1955101027
1955101031
1955101033
1955101035
1955101037
1955101046
1955101048
1955101055
1955101058
1955101063
1955101068
1955101069
1955101072
1955101076
1955101088
1955101095
1955101096
1955101098
1955101111
1955101152
1955101155
1955101156
1955101160
1955101163
1955101166
1955101168
1955101175
1955101178
1955101181
1955101184
1955101193
1955101203
1955101206
1955101208
1955101211
1955101214
1955101216
1955101217
1955101219
1955101220
1955101222
1955101223
1955101231
1955101232
1955101234
1955101240
1955101255
1955101257
1955101261
1955101263
1955101273
1955101275
1955101282
1955101288
1955101290
1955101291
1955101293
1955101297
1955101299
1955101309
1955101310
1955101327
1955101328
1955101329
1955101330
1955101346
1955101351
1955101353
1955101356
1955101380
1955101390
1955101399
1955101424
1955101440
1955101444
1955101455
1955101457
1955101461
1955101462
1955101465
1955101470
1955101475
1955101483
1955101489
1955101502
1955101507
1955101520
1955101535
1955101570
1955101573
1955101575
1955101581
1955101588
1955101601
1955101602
1955101609
1955101611
1955101614
1955101616
1955101620
1955101622
1955101630
1955101633
1955101634
1955101646
1955101648
1955101653
1955101655
1955101658
1955101663
1955101675
1955101676
1955101678
1955101679
1955101690
1955101693
1955101700
1955101710
1955101712
1955101716
1955101745
1955101746
1955101752
1955101758
1955101759
1955101772
1955101774
1955101776
1955101778
1955101791
1955101800
1955101827
1955101837
1955101839
1955101853
1955101854
1955101858
1955101859
1955101861
1955101869
1955101875
1955101880
1955101901
1955101908
1955101909
1955101910
1955101913
1955101923
1955101936
1955101949
1955101953
1955101954
1955101965
1955101970
1955101994
1955102011
1955102016
1955102027
1955102033
1955102036
1955102055
1955102060
1955102063
1955102065
1955102066
1955102079
1955102080
1955102087
1955102091
1955102092
1955102096
1955102100
1955102112
1955102113
1955102121
1955102123
1955102124
1955102132
1955102142
1955102145
1955102150
1955102160
1955102165
1955102168
1955102177
1955102201
1955102203
1955102204
1955102212
1955102223
1955102224
1955102230
1955102233
1955102236
1955102253
1955102263
1955102275
1955102276
1955102277
1955102280
1955102286
1955102294
1955102306
1955102311
1955102313
1955102315
1955102319
1955102326
1955102333
1955102334
1955102345
1955102348
1955102355
1955102356
1955102361
1955102366
1955102374
1955102388
1955102398
1955102401
1955102406
1955102413
1955102416
1955102423
1955102432
1955102441
1955102445
1955102452
1955102454
1955102462
1955102467
1955102469
1955102472
1955102479
1955102483
1955102489
1955102495
1955102513
1955102525
1955102527
1955102528
1955102542
1955102555
1955102558
1955102565
1955102571
1955102574
1955102588
1955102589
1955102591
1955102593
1955102609
1955102621
1955102623
1955102625
1955102627
1955102637
1955102668
1955102677
1955102678
1955102706
1955102708
1955102712
1955102713
1955102718
1955102728
1955102732
1955102736
1955102758
1955102768
1955102785
1955102799
1955102802
1955102804
1955102807
1955102816
1955102829
1955102843
1955102844
1955102854
1955102856
1955102867
1955102878
1955102891
1955102893
1955102931
1955102933
1955102938
1955102948
1955102962
1955102975
1955102977
1955102989
1955102998
1955103004
1955103018
1955103025
1955103048
1955103056
1955103059
1955103075
1955103095
1955103098
1955103100
1955103106
1955103111
1955103116
1955103119
1955103126
1955103127
1955103130
1955103139
1955103149
1955103152
1955103157
1955103158
1955103167
1955103176
1955103181
1955103185
1955103187
1955103189
1955103196
1955103250
1955103265
1955103281
1955103294
1955103306
1955103312
1955103314
1955103315
1955103319
1955103325
1955103326
1955103334
1955103339
1955103348
1955103363
1955103376
1955103397
1955103433
1955103452
1955103459
1955103465
1955103469
1955103472
1955103501
1955103526
1955103528
1955103533
1955103547
1955103560
1955103564
1955103576
1955103587
1955103597
1955103610
1955103659
1955103663
1955103670
1955103676
1955103681
1955103685
1955103692
1955103711
1955103713
1955103718
1955103720
1955103738
1955103743
1955103745
1955103746
1955103747
1955103754
1955103763
1955103768
1955103779
1955103781
1955103789
1955103795
1955103823
1955103832
1955103837
1955103839
1955103846
1955103847
1955103851
1955103853
1955103857
1955103858
1955103870
1955103876
1955103881
1955103895
1955103896
1955103903
1955103905
1955103914
1955103915
1955103919
1955103920
1955103925
1955103936
1955103948
1955103982
1955103999
1955104003
1955104009
1955104019
1955104020
1955104021
1955104024
1955104030
1955104034
1955104038
1955104043
1955104044
1955104048
1955104049
1955104052
1955104058
1955104061
1955104065
1955104069
1955104073
1955104075
1955104084
1955104093
1955104107
1955104123
1955104131
1955104149
1955104152
1955104158
1955104160
1955104161
1955104166
1955104183
1955104184
1955104187
1955104189
1955104195
1955104203
1955104206
1955104211
1955104212
1955104227
1955104240
1955104242
1955104244
1955104264
1955104270
1955104272
1955104277
1955104288
1955104291
1955104293
1955104295
1955104304
1955104313
1955104319
1955104330
1955104331
1955104333
1955104335
1955104338
1955104340
1955104354
1955104355
1955104361
1955104381
1955104396
1955104412
1955104443
1955104446
1955104458
1955104459
1955104464
1955104478
1955104484
1955104536
1955104542
1955104547
1955104551
1955104553
1955104578
1955104579
1955104595
1955104620
1955104628
1955104629
1955104631
1955104633
1955104634
1955104636
1955104642
1955104650
1955104668
1955104669
1955104694
1955104706
1955104715
1955104734
1955104739
1955104764
1955104775
1955104784
1955104786
1955104817
1955104823
1955104824
1955104836
1955104839
1955104842
1955104844
1955104854
1955104856
1955104867
1955104868
1955104871
1955104908
1955104922
1955104940
1955104950
1955104972
1955105014
1955105023
1955105029
1955105030
1955105047
1955105048
1955105051
1955105079
1955105081
1955105083
1955105090
1955105104
1955105105
1955105110
1955105111
1955105125
1955105129
1955105130
1955105147
1955105169
1955105175
1955105187
1955105193
1955105194
1955105198
1955105207
1955105214
1955105224
1955105226
1955105233
1955105235
1955105246
1955105247
1955105252
1955105265
1955105276
1955105281
1955105305
1955105321
1955105322
1955105342
1955105346
1955105347
1955105352
1955105378
1955105379
1955105390
1955105405
1955105428
1955105431
1955105445
1955105457
1955105458
1955105481
1955105484
1955105492
1955105496
1955105498
1955105500
1955105513
1955105520
1955105540
1955105561
1955105568
1955105576
1955105578
1955105583
1955105603
1955105619
1955105626
1955105635
1955105637
1955105646
1955105648
1955105650
1955105675
1955105692
1955105696
1955105705
1955105710
1955105713
1955105715
1955105737
1955105739
1955105754
1955105758
1955105761
1955105801
1955105809
1955105827
1955105837
1955105838
1955105854
1955105859
1955105868
1955105873
1955105875
1955105876
1955105902
1955105921
1955105922
1955105937
1955105942
1955105954
1955105956
1955105959
1955105960
1955105963
1955105965
1955105970
1955105973
1955105975
1955105999
1955106004
1955106006
1955106013
1955106023
1955106028
1955106037
1955106053
1955106088
1955106089
1955106091
1955106095
1955106099
1955106109
1955106111
1955106118
1955106155
1955106187
1955106201
1955106232
1955106243
1955106246
1955106249
1955106261
1955106298
1955106308
1955106313
1955106314
1955106315
1955106319
1955106330
1955106331
1955106337
1955106341
1955106351
1955106366
1955106393
1955106410
1955106419
1955106444
1955106447
1955106451
1955106457
1955106458
1955106461
1955106462
1955106463
1955106466
1955106494
1955106495
1955106501
1955106504
1955106505
1955106506
1955106520
1955106523
1955106528
1955106536
1955106546
1955106553
1955106566
1955106596
1955106600
1955106605
1955106610
1955106615
1955106626
1955106631
1955106632
1955106634
1955106638
1955106668
1955106676
1955106684
1955106692
1955106718
1955106743
1955106751
1955106753
1955106760
1955106783
1955106791
1955106798
1955106803
1955106835
1955106838
1955106839
1955106841
1955106843
1955106845
1955106853
1955106860
1955106863
1955106871
1955106880
1955106898
1955106905
1955106910
1955106942
1955106956
1955106957
1955106960
1955106994
1955107004
1955107005
1955107022
1955107040
1955107050
1955107072
1955107077
1955107079
1955107084
1955107088
1955107105
1955107109
1955107110
1955107120
1955107122
1955107132
1955107135
1955107147
1955107175
1955107186
1955107196
1955107203
1955107216
1955107255
1955107280
1955107288
1955107303
1955107313
1955107319
1955107329
1955107333
1955107335
1955107345
1955107353
1955107359
1955107360
1955107373
1955107375
1955107381
1955107383
1955107386
1955107399
1955107400
1955107402
1955107403
1955107404
1955107408
1955107409
1955107410
1955107422
1955107424
1955107433
1955107436
1955107440
1955107487
1955107502
1955107515
1955107589
1955107609
1955107620
1955107632
1955107640
1955107644
1955107647
1955107648
1955107669
1955107683
1955107708
1955107737
1955107747
1955107766
1955107767
1955107771
1955107779
1955107782
1955107785
1955107798
1955107818
1955107899
1955107945
1955107948
1955107968
1955107978
1955108000
1955108003
1955108006
1955108026
1955108057
1955108068
1955108074
1955108075
1955108147
1955108152
1955108160
1955108161
1955108181
1955108191
1955108197
1955108198
1955108273
1955108338
1955108342
1955108356
1955108357
1955108358
1955108418
1955108451
1955108457
1955108461
1955108490
1955108537
1955108554
1955108560
1955108565
1955108577
1955108590
1955108603
1955200004
1955200010
1955200031
1955200034
1955200106
1955200150
1955500002
1955500017
1955500053
1955500273
1955500923
1955501132
1955501779
1955501909
1955502055
1955503102
1955103972
1955102647
1955101872
1955104477
1955106029
1955105542
1955200095
1955101365
1955100289
1955103087
1955102431
1955103300
1955102918
1955100171
1955104664
1955106685
1955102373
1955102913
1955100224
1955100117
1955106305
1955106825
1955101269
1955104377
1955105491
1955101514
1955107195
1955102475
1955103331
1955101450
1955104215
1955103125
1955105976
1955104053
1955103954
1955106087
1955100751
1955103834
1955100437
1955104282
1955103721
1955106513
1955102705
1955101430
1955106532
1955101154
1955105800
1955100012
1955100575
1955101651
1955100244
1955103393
1955105017
1955101464
1955102090
1955106719
1955104113
1955101323
1955103411
1955106312
1955106565
1955101408
1955104773
1955106918
1955104413
1955101061
1955101557
1955100091
1955105353
1955105359
1955102173
1955104001
1955106950
1955105370
1955101548
1955104530
1955101526
1955104373
1955105565
1955105756
1955103446
1955106267
1955100972
1955101381
1955105612
1955100992
1955103450
1955100063
1955107330
1955100633
1955103457
1955100567
1955104063
1955101407
1955103960
1955106677
1955105264
1955100188
1955102486
1955103565
1955105633
1955100355
1955107395
1955100047
1955101591
1955102143
1955102347
1955100232
1955105201
1955102342
1955104933
1955103723
1955101741
1955105890
1955101191
1955101484
1955106522
1955100781
1955106669
1955105624
1955100583
1955101225
1955105884
1955101682
1955102455
1955100592
1955106408
1955107007
1955103386
1955106070
1955106403
1955105425
1955104526
1955100968
1955100568
1955100681
1955104391
1955101389
1955101302
1955103430
1955100888
1955103444
1955106767
1955106779
1955106334
1955102522
1955105077
1955105089
1955102994
1955106484
1955106557
1955100548
1955106559
1955100253
1955105067
1955102195
1955107139
1955100112
1955102389
1955107145
1955100325
1955106041
1955101496
1955106763
1955106129
1955101814
1955100407
1955105212
1955200139
1955100997
1955101783
1955500433
1955501145
1955500297
1955500274
1955500519
1955104144
1955103891
1955106508
1955107557
1955107800
1955103683
1955101026
1955107633
1955103646
1955101362
1955105013
1955100136
1955104998
1955105600
1955106122
1955108416
1955101964
1955108063
1955100788
1955101662
1955105250
1955104735
1955108056
1955102093
1955104774
1955101708
1955105519
1955105237
1955108047
1955105240
1955101691
1955105515
1955103382
1955102108
1955104504
1955106059
1955100682
1955108087
1955103380
1955103384
1955104511
1955104512
1955103416
1955105219
1955103375
1955102576
1955108099
1955102957
1955107030
1955100440
1955106355
1955100484
1955103594
1955100072
1955101052
1955101492
1955106177
1955104487
1955102665
1955107478
1955104243
1955101883
1955102523
1955102628
1955105580
1955100668
1955105101
1955101642
1955107500
1955106485
1955102847
1955105045
1955101038
1955107127
1955100646
1955102098
1955100329
1955101357
1955101902
1955104788
1955102187
1955105061
1955103367
1955106033
1955103140
1955103504
1955102667
1955102191
1955106167
1955102707
1955106820
1955102720
1955103726
1955105780
1955106812
1955102724
1955100659
1955105856
1955100205
1955103811
1955101195
1955102298
1955107971
1955105424
1955102296
1955101439
1955102104
1955100900
1955105630
1955102360
1955102754
1955102291
1955102749
1955101768
1955101141
1955106094
1955105849
1955102290
1955104181
1955107938
1955105888
1955104345
1955105176
1955104925
1955101613
1955102775
1955106665
1955106694
1955105892
1955101719
1955103750
1955100830
1955100804
1955106642
1955103522
1955107354
1955103556
1955107363
1955101615
1955102135
1955108550
1955103558
1955106254
1955106224
1955105291
1955108540
1955103761
1955103568
1955200146
1955200041
1955100637
1955101597
1955100184
1955107392
1955100904
1955100099
1955105487
1955107397
1955100634
1955103574
1955108519
1955101586
1955108541
1955101754
1955100317
1955101584
1955108315
1955104688
1955102899
1955108482
1955101813
1955107792
1955100940
1955101413
1955101233
1955105657
1955108491
1955102935
1955105654
1955104778
1955103714
1955104973
1955101612
1955100810
1955102916
1955102556
1955102182
1955103332
1955105501
1955102902
1955100286
1955101871
1955104932
1955104590
1955106674
1955102421
1955106078
1955100853
1955107183
1955103709
1955106018
1955108465
1955107236
1955100805
1955105116
1955101221
1955104287
1955101477
1955105712
1955100800
1955103190
1955100240
1955100547
1955103680
1955102580
1955105106
1955100239
1955100854
1955200008
1955106108
1955108371
1955104594
1955105117
1955102026
1955106829
1955100783
1955103874
1955100259
1955105636
1955100257
1955108407
1955107225
1955107226
1955100833
1955102359
1955101779
1955106085
1955104231
1955100732
1955101979
1955107306
1955102702
1955100380
1955107512
1955102791
1955106795
1955105912
1955101815
1955106436
1955108274
1955101986
1955100248
1955101987
1955103436
1955104370
1955101904
1955102767
1955108253
1955106300
1955101400
1955107593
1955108270
1955104943
1955104944
1955106257
1955104028
1955106283
1955102383
1955106384
1955102477
1955103645
1955104539
1955101132
1955103228
1955101524
1955105387
1955103211
1955101534
1955104416
1955106935
1955103040
1955104414
1955101528
1955103013
1955102072
1955100225
1955104737
1955101401
1955104750
1955101065
1955105699
1955103105
1955101070
1955106479
1955107755
1955106500
1955105590
1955101079
1955107831
1955106407
1955106580
1955105278
1955101755
1955102034
1955106659
1955107795
1955104214
1955103715
1955100352
1955108426
1955104494
1955103885
1955104246
1955104273
1955104994
1955500816
1955500229
1955502251
1955500166
1955500375
1955500001
1955500575
1955500216
1955102853
1955104558
1955101848
1955102050
1955106190
1955105545
1955102077
1955100653
1955101569
1955100802
1955102133
1955102480
1955102497
1955104014
1955101845
1955105254
1955107371
1955107372
1955101603
1955105736
1955101714
1955106235
1955107378
1955100691
1955103892
1955102141
1955108558
1955102488
1955100906
1955108555
1955100638
1955106161
1955105865
1955100269
1955102884
1955105672
1955104336
1955102890
1955101593
1955102887
1955107411
1955100164
1955103766
1955100752
1955102910
1955105268
1955100441
1955105459
1955104033
1955106727
1955101595
1955103953
1955101841
1955107417
1955107421
1955103950
1955105741
1955104873
1955102554
1955107222
1955102021
1955101942
1955107663
1955104051
1955104312
1955104637
1955106680
1955101619
1955104670
1955100935
1955105986
1955101120
1955103689
1955101865
1955102946
1955104875
1955107193
1955101835
1955106090
1955104119
1955105114
1955101294
1955108449
1955106469
1955100859
1955103682
1955102575
1955106830
1955104878
1955105984
1955101515
1955100839
1955101635
1955105103
1955102581
1955104680
1955100928
1955107228
1955108422
1955107229
1955107653
1955104883
1955100290
1955103107
1955102606
1955106417
1955100314
1955107572
1955106509
1955102514
1955104651
1955107059
1955107001
1955104653
1955103388
1955100217
1955103377
1955101670
1955107013
1955101082
1955102232
1955104507
1955101080
1955103374
1955104509
1955106061
1955108088
1955108089
1955103379
1955107020
1955108090
1955106065
1955107024
1955104514
1955101157
1955107027
1955108098
1955105222
1955104516
1955106073
1955103272
1955101083
1955106311
1955100390
1955103588
1955103403
1955107064
1955101665
1955108078
1955106630
1955106496
1955104109
1955107642
1955106636
1955106637
1955106639
1955107060
1955102058
1955108069
1955104268
1955101441
1955103412
1955100624
1955105243
1955102984
1955107068
1955103408
1955103987
1955106309
1955106316
1955100563
1955104891
1955104263
1955108067
1955108065
1955103394
1955108048
1955104703
1955103409
1955101498
1955103470
1955104615
1955105536
1955103800
1955103034
1955100307
1955105777
1955100513
1955100761
1955105783
1955103602
1955104326
1955107369
1955104022
1955100543
1955104018
1955100787
1955106882
1955105203
1955105744
1955104157
1955105340
1955107238
1955102742
1955106521
1955101025
1955101276
1955106391
1955101105
1955101103
1955108008
1955101757
1955105898
1955100291
1955102303
1955100328
1955105170
1955103172
1955101780
1955106758
1955107249
1955107506
1955105490
1955103514
1955105850
1955102750
1955104632
1955107941
1955100204
1955101692
1955102700
1955103899
1955100889
1955103527
1955107256
1955102138
1955101763
1955107621
1955104934
1955108002
1955102759
1955103530
1955103047
1955102312
1955104343
1955101153
1955104557
1955102512
1955100898
1955101467
1955101075
1955104554
1955101179
1955106527
1955104640
1955102084
1955104154
1955103239
1955100279
1955103078
1955107270
1955101186
1955103742
1955106575
1955101527
1955100227
1955102302
1955103757
1955103840
1955107989
1955105189
1955101148
1955103542
1955106529
1955101151
1955104643
1955102300
1955107566
1955105826
1955105180
1955103861
1955104199
1955102457
1955105191
1955101874
1955105886
1955101140
1955103129
1955103902
1955107334
1955106374
1955100821
1955100068
1955103269
1955104831
1955100736
1955102385
1955100229
1955101448
1955100231
1955104230
1955101237
1955104224
1955101242
1955100029
1955105300
1955101243
1955102271
1955100688
1955101245
1955100811
1955104833
1955102905
1955100942
1955103253
1955101787
1955104324
1955103313
1955104779
1955105804
1955101788
1955108481
1955103328
1955101789
1955102940
1955101418
1955104835
1955100100
1955103554
1955107000
1955101200
1955101102
1955100497
1955106198
1955100734
1955101925
1955104766
1955101550
1955106202
1955107714
1955107890
1955105863
1955104641
1955101549
1955102070
1955106931
1955100267
1955105522
1955101486
1955102954
1955101541
1955106222
1955104769
1955104770
1955105386
1955106936
1955102167
1955105384
1955107495
1955103661
1955107182
1955106422
1955102917
1955100419
1955104828
1955105952
1955101724
1955107190
1955101797
1955107192
1955100806
1955104284
1955103474
1955107662
1955101124
1955108462
1955105139
1955104818
1955101957
1955102846
1955104126
1955103462
1955102682
1955100840
1955105764
1955100620
1955102592
1955107215
1955104894
1955102851
1955103701
1955106081
1955102599
1955107219
1955104811
1955101369
1955105178
1955103958
1955107221
1955103712
1955106086
1955107223
1955101280
1955106556
1955100884
1955101982
1955102426
1955106017
1955106996
1955100966
1955104961
1955103085
1955105509
1955104375
1955102596
1955101212
1955101425
1955104702
1955106282
1955105319
1955102235
1955103153
1955107312
1955101349
1955103774
1955107686
1955102061
1955108292
1955101198
1955107317
1955101825
1955108219
1955106648
1955105326
1955104083
1955108168
1955102094
1955106301
1955100725
1955105494
1955106595
1955100973
1955100144
1955104386
1955100337
1955102125
1955100963
1955101628
1955100965
1955105906
1955102504
1955106412
1955106286
1955105916
1955100855
1955100249
1955100970
1955103099
1955104708
1955103943
1955101951
1955105315
1955100979
1955103270
1955106548
1955101966
1955106761
1955102199
1955100774
1955100775
1955101817
1955108243
1955104701
1955108320
1955102422
1955106594
1955104705
1955106435
1955103440
1955102377
1955104371
1955105608
1955100930
1955103178
1955108231
1955101992
1955102832
1955105316
1955100961
1955100975
1955101292
1955100066
1955103580
1955100760
1955107746
1955101826
1955106568
1955100874
1955104772
1955104980
1955103976
1955102395
1955103637
1955106627
1955101397
1955107085
1955108170
1955103866
1955107094
1955101187
1955106774
1955102336
1955103798
1955106769
1955105546
1955103916
1955102530
1955102849
1955108137
1955100074
1955100899
1955104462
1955105209
1955103238
1955101213
1955101334
1955108164
1955102014
1955103607
1955104174
1955102046
1955103483
1955100256
1955107107
1955101009
1955101039
1955108199
1955103101
1955102433
1955106482
1955103015
1955100152
1955107501
1955100925
1955104711
1955103619
1955105179
1955103906
1955102640
1955100656
1955101879
1955104789
1955107123
1955101022
1955104447
1955100157
1955103136
1955104550
1955103970
1955104235
1955102536
1955102561
1955102655
1955104237
1955105639
1955108104
1955102539
1955103502
1955102658
1955100943
1955106598
1955106343
1955105661
1955100843
1955104895
1955101044
1955104376
1955101960
1955105489
1955102694
1955101049
1955101050
1955102669
1955101926
1955103508
1955104486
1955105092
1955107154
1955102730
1955106616
1955101836
1955108031
1955106959
1955105086
1955102179
1955105429
1955103341
1955101666
1955103471
1955107985
1955107263
1955107385
1955101318
1955100305
1955106939
1955106241
1955108350
1955101567
1955101336
1955106380
1955103911
1955101002
1955102287
1955100195
1955100922
1955200066
1955200002
1955200113
1955200045
1955200058
1955200109
1955200126
1955100962
1955200171
1955200033
1955102650
1955104993
1955501078
1955500360
1955500342
1955502363
1955500190
1955100280
1955501980
1955102585
1955502606
1955502241
1955500459
1955501221
1955102056
1955103069
1955101649
1955101887
1955105790
1955101319
1955101361
1955100060
1955105566
1955107171
1955102102
1955101114
1955107168
1955102364
1955100090
1955106446
1955105920
1955106440
1955106907
1955101226
1955100885
1955102343
1955103952
1955102859
1955102862
1955103579
1955105275
1955103566
1955104015
1955101756
1955107374
1955105337
1955107497
1955101274
1955104341
1955107498
1955104320
1955101809
1955102709
1955108318
1955102613
1955101846
1955106153
1955108532
1955101605
1955108569
1955102872
1955101331
1955103636
1955104765
1955106226
1955101218
1955104311
1955105273
1955106550
1955102485
1955103570
1955108552
1955102877
1955107389
1955106259
1955104007
1955103324
1955101842
1955105266
1955105258
1955107121
1955101699
1955102136
1955100486
1955105289
1955100137
1955107508
1955104332
1955108567
1955103575
1955102144
1955107401
1955105293
1955102494
1955104607
1955101980
1955101587
1955104687
1955107418
1955102129
1955108562
1955101227
1955106255
1955105296
1955105467
1955102860
1955108316
1955101583
1955106156
1955102924
1955104008
1955100790
1955104997
1955104744
1955107770
1955103453
1955103150
1955100095
1955107483
1955102273
1955102679
1955105497
1955100365
1955106599
1955105328
1955103437
1955104364
1955100320
1955108522
1955105131
1955102310
1955102331
1955104316
1955101981
1955108251
1955100451
1955103786
1955100468
1955105552
1955101238
1955103787
1955104964
1955106096
1955101373
1955107308
1955100927
1955102404
1955107310
1955103758
1955108244
1955101281
1955108058
1955103428
1955103838
1955101210
1955102410
1955101506
1955104568
1955107458
1955101886
1955103794
1955103212
1955102793
1955102875
1955108260
1955102246
1955107318
1955104785
1955105332
1955104580
1955100371
1955100958
1955100128
1955102259
1955100793
1955103500
1955104794
1955104062
1955101183
1955105349
1955102400
1955107298
1955106414
1955105918
1955108299
1955107328
1955103164
1955107692
1955105602
1955102729
1955103166
1955106695
1955107086
1955103399
1955100449
1955102969
1955106649
1955100933
1955101657
1955102970
1955100985
1955104681
1955106794
1955200180
1955101396
1955105913
1955105423
1955108293
1955105614
1955101376
1955103869
1955103161
1955103168
1955103441
1955102743
1955105944
1955101807
1955104987
1955100630
1955101377
1955100663
1955102755
1955102761
1955107342
1955101829
1955102805
1955102023
1955101265
1955101215
1955101832
1955100727
1955105560
1955104583
1955100728
1955104584
1955101833
1955104591
1955104585
1955104586
1955102806
1955100169
1955103550
1955106804
1955103110
1955104945
1955101988
1955105869
1955101974
1955105302
1955103581
1955101174
1955104026
1955101873
1955107349
1955106157
1955106985
1955102407
1955103257
1955105227
1955103266
1955104241
1955106785
1955102272
1955103248
1955107510
1955102255
1955101785
1955106704
1955102923
1955102251
1955101717
1955107296
1955105802
1955104225
1955104616
1955200022
1955103258
1955102888
1955103345
1955105797
1955103631
1955107316
1955105653
1955102264
1955105283
1955101252
1955101416
1955103251
1955105558
1955100379
1955102864
1955106856
1955101165
1955105655
1955103928
1955102936
1955103815
1955106861
1955101452
1955103843
1955108508
1955101047
1955106995
1955106381
1955105810
1955100264
1955101420
1955100340
1955106293
1955104834
1955106824
1955104776
1955106852
1955103255
1955106716
1955105795
1955107761
1955100862
1955105813
1955106992
1955107174
1955103148
1955104806
1955104281
1955104150
1955103600
1955107464
1955104657
1955104658
1955104216
1955100534
1955104661
1955104662
1955101870
1955100107
1955107178
1955107179
1955107181
1955104136
1955101518
1955102605
1955106456
1955102357
1955107447
1955104721
1955101596
1955105506
1955102828
1955105990
1955100234
1955101028
1955101857
1955101578
1955100842
1955106470
1955101271
1955103671
1955103112
1955105948
1955106003
1955105488
1955100924
1955106101
1955106734
1955101298
1955106961
1955108080
1955103186
1955106681
1955103154
1955102837
1955102029
1955102154
1955106304
1955108444
1955104111
1955108445
1955106474
1955106396
1955101260
1955107511
1955104889
1955100293
1955105964
1955100087
1955101190
1955103114
1955103679
1955107202
1955102842
1955104675
1955100964
1955100292
1955102030
1955103690
1955104825
1955107210
1955103595
1955101503
1955103871
1955108370
1955102590
1955100546
1955104041
1955104872
1955107545
1955100982
1955104077
1955105845
1955101632
1955104827
1955106294
1955106206
1955101574
1955103195
1955103875
1955106840
1955105974
1955104677
1955102009
1955103104
1955108438
1955107244
1955107322
1955102017
1955104176
1955103710
1955100913
1955102041
1955105132
1955101150
1955108435
1955107224
1955105833
1955105098
1955105121
1955106001
1955105751
1955108427
1955100960
1955106471
1955104682
1955100934
1955103824
1955100618
1955101311
1955101432
1955102857
1955101726
1955101531
1955107586
1955107560
1955101896
1955101542
1955104104
1955107814
1955100696
1955107805
1955102436
1955106722
1955106723
1955106724
1955101897
1955100819
1955102434
1955106726
1955100716
1955106968
1955106135
1955103623
1955104981
1955102740
1955106972
1955107563
1955101354
1955107691
1955104362
1955104384
1955105671
1955101956
1955103364
1955101843
1955105205
1955102194
1955108053
1955107033
1955107035
1955103037
1955100114
1955104517
1955108043
1955101372
1955102577
1955101117
1955107010
1955102973
1955100206
1955104502
1955100573
1955101669
1955105215
1955100814
1955106063
1955106071
1955107015
1955103381
1955104506
1955102234
1955103373
1955104262
1955104360
1955103589
1955106060
1955103372
1955107018
1955101673
1955108092
1955100684
1955100771
1955106064
1955107026
1955107028
1955108097
1955106067
1955106069
1955103567
1955105638
1955100474
1955103093
1955103322
1955106325
1955103980
1955103981
1955105678
1955102990
1955105679
1955101652
1955107490
1955102335
1955100784
1955107494
1955103402
1955107061
1955105242
1955104258
1955100077
1955103404
1955105238
1955101959
1955104266
1955108070
1955105460
1955104736
1955105234
1955107071
1955105236
1955107073
1955105729
1955103996
1955107251
1955106306
1955102226
1955101773
1955104279
1955100477
1955105016
1955106498
1955105018
1955103316
1955105021
1955101644
1955101664
1955106635
1955106502
1955104116
1955105249
1955106327
1955104738
1955104167
1955106885
1955102328
1955103515
1955100399
1955106888
1955101434
1955101438
1955102582
1955103361
1955106818
1955104179
1955100766
1955101442
1955105778
1955101733
1955102715
1955102004
1955104849
1955101436
1955101631
1955102089
1955102615
1955106768
1955107608
1955106390
1955102038
1955103072
1955104031
1955106166
1955106776
1955104525
1955106358
1955105677
1955106614
1955103923
1955106361
1955107338
1955105432
1955105084
1955105711
1955101794
1955106478
1955103618
1955100005
1955105427
1955100977
1955104250
1955103957
1955100252
1955102620
1955101802
1955106040
1955101950
1955102610
1955105516
1955106766
1955103477
1955104207
1955101248
1955103261
1955103405
1955106543
1955106335
1955105096
1955108113
1955100999
1955100662
1955104587
1955103604
1955100767
1955103901
1955103900
1955100349
1955108138
1955101013
1955102624
1955107097
1955106397
1955106679
1955102639
1955104588
1955103913
1955100130
1955101469
1955100075
1955100610
1955103414
1955105426
1955108585
1955200094
1955200014
1955104941
1955106027
1955101618
1955106289
1955102659
1955106750
1955106036
1955101229
1955102526
1955107114
1955104271
1955106537
1955101018
1955101881
1955103908
1955101078
1955102641
1955104198
1955102774
1955102097
1955102532
1955107124
1955107125
1955106178
1955108174
1955102197
1955103844
1955105620
1955107444
1955101568
1955101912
1955107131
1955102651
1955104914
1955103493
1955108102
1955100678
1955104489
1955107138
1955100686
1955104947
1955104479
1955104959
1955108159
1955106031
1955105468
1955102662
1955108169
1955102044
1955105059
1955104476
1955108117
1955102660
1955102661
1955104248
1955100341
1955102134
1955106035
1955101043
1955108597
1955104648
1955100260
1955103760
1955102541
1955104481
1955101511
1955100733
1955103963
1955108208
1955103505
1955100683
1955107153
1955106182
1955103506
1955102540
1955103064
1955101378
1955102670
1955104430
1955107336
1955104768
1955105389
1955100034
1955107460
1955103016
1955105533
1955100226
1955107895
1955103206
1955100882
1955100954
1955101803
1955103039
1955103219
1955100878
1955107894
1955106583
1955101545
1955104757
1955106571
1955106578
1955101546
1955105362
1955104755
1955103221
1955100579
1955106932
1955106587
1955105419
1955101551
1955107728
1955102474
1955105365
1955101429
1955101933
1955104253
1955107924
1955101903
1955107733
1955105416
1955107739
1955106219
1955104771
1955102206
1955104409
1955104000
1955101490
1955105530
1955106940
1955102176
1955101801
1955103802
1955107720
1955102921
1955105821
1955104911
1955100926
1955101685
1955107973
1955105181
1955100908
1955102293
1955101443
1955107764
1955105128
1955107473
1955102459
1955104930
1955101182
1955105752
1955104201
1955107981
1955100378
1955103535
1955104541
1955100600
1955108022
1955104626
1955101705
1955107658
1955101688
1955104445
1955102451
1955105253
1955106757
1955100887
1955105171
1955100976
1955107786
1955104097
1955101145
1955100274
1955101725
1955107846
1955103733
1955107469
1955105836
1955101194
1955104919
1955105858
1955105279
1955104900
1955100893
1955101681
1955104918
1955107794
1955105592
1955101660
1955105597
1955107257
1955103852
1955101272
1955101246
1955104572
1955107258
1955102450
1955103842
1955105829
1955106667
1955101775
1955106382
1955101180
1955104921
1955103071
1955106399
1955107267
1955100055
1955107248
1955101359
1955103741
1955101713
1955107269
1955105820
1955105881
1955103859
1955105165
1955106645
1955104182
1955105456
1955107277
1955102963
1955106657
1955108024
1955105182
1955106273
1955103569
1955103544
1955107217
1955104645
1955102289
1955105871
1955101627
1955105623
1955106180
1955104552
1955105848
1955108343
1955102748
1955107289
1955100376
1955108004
1955102171
1955102745
1955107290
1955105887
1955102461
1955105595
1955104917
1955102140
1955105290
1955104606
1955107294
1955103225
1955104169
1955106531
1955101707
1955100896
1955108341
1955101188
1955107982
1955103516
1955104170
1955103638
1955105734
1955104613
1955101769
1955102375
1955106248
1955105297
1955101207
1955107361
1955100758
1955106247
1955103559
1955105298
1955106240
1955107366
1955101358
1955103563
1955102870
1955102073
1955103340
1955106857
1955104209
1955103422
1955103204
1955105971
1955106944
1955107187
1955108387
1955108365
1955106490
1955102600
1955103705
1955100551
1955104724
1955105940
1955102781
1955102318
1955101975
1955106544
1955103499
1955104795
1955102676
1955106420
1955104485
1955105033
1955105195
1955103371
1955106620
1955105135
1955103279
1955105839
1955108282
1955103061
1955103352
1955107184
1955100746
1955102874
1955100123
1955101847
1955100919
1955103524
1955104915
1955102894
1955200155
1955102501
1955104059
1955103188
1955200127
1955200156
1955200042
1955200131
1955200018
1955200044
1955200011
1955200035
1955200092
1955200055
1955200172
1955200173
1955200147
1955502029
1955500542
1955501960
1955502533
1955501429
1955501964
1955502545
1955500255
1955500227
1955500351
1955106901
1955500805
1955104996
1955102686
1955501228
1955500907
1955500253
1955502015
1955501675
1955500539
1955500619
1955500936
1955502813
1955501197
1955501873
1955500919
1955500019
1955500362
1955502810
1955501093
1955500086
1955502159
1955502872
1955502650
1955500213
1955502905
1955503066
1955500786
1955500187
1955500895
1955500063
1955501830
1955104392
1955101671
1955503205
1955500198
1955103520
1955500189
1955500271
1955500417
1955502173
1955502079
1955501781
1955502557
1955501023
1955502940
1955500284
1955503167
1955500436
1955500435
1955501147
1955501814
1955503078
1955500708
1955502063
1955500446
1955502242
1955501919
1955102376
1955501599
1955501045
1955500379
1955501364
1955500678
1955501217
1955501056
1955502453
1955501498
1955500073
1955500156
1955502165
1955107884
1955101564
1955104472
1955104560
1955106266
1955101560
1955102517
1955102107
1955104318
1955101112
1955107875
1955106908
1955102074
1955100584
1955101131
1955103702
1955100572
1955103658
1955105997
1955102024
1955103184
1955103235
1955101001
1955108460
1955103792
1955105260
1955101016
1955108383
1955106678
1955105880
1955104573
1955106105
1955104035
1955101529
1955104809
1955105746
1955102370
1955108425
1955101512
1955102386
1955107427
1955101624
1955102506
1955101278
1955106499
1955103864
1955105141
1955104289
1955102028
1955106827
1955103557
1955106468
1955105961
1955106012
1955104213
1955104036
1955104037
1955107250
1955101885
1955200080
1955200023
1955105063
1955102054
1955104125
1955100860
1955101077
1955108377
1955107207
1955108630
1955106104
1955107209
1955107211
1955106467
1955101823
1955107575
1955105112
1955106460
1955103696
1955104879
1955103443
1955100915
1955103879
1955102032
1955107214
1955105388
1955103868
1955105749
1955103050
1955105717
1955108434
1955106000
1955108437
1955101481
1955103708
1955107429
1955105557
1955104804
1955106728
1955103814
1955107231
1955107234
1955100667
1955102604
1955105907
1955100647
1955101491
1955105294
1955105755
1955106653
1955108204
1955103434
1955105329
1955108269
1955101598
1955104078
1955104379
1955101497
1955101370
1955102673
1955105318
1955100035
1955103944
1955106437
1955103162
1955100220
1955104070
1955100463
1955103458
1955100996
1955102414
1955105317
1955101990
1955106395
1955102075
1955101423
1955108397
1955103120
1955102198
1955106693
1955104471
1955107677
1955103573
1955108225
1955102516
1955105613
1955100145
1955105343
1955101976
1955104074
1955103159
1955104079
1955101023
1955108275
1955107325
1955103163
1955101493
1955105327
1955100980
1955101997
1955105324
1955108229
1955103932
1955101394
1955104949
1955105615
1955102503
1955105908
1955104353
1955102417
1955108245
1955108246
1955105927
1955104133
1955102567
1955101995
1955103426
1955103232
1955108277
1955105338
1955101834
1955105929
1955107346
1955107347
1955106597
1955102282
1955106796
1955102510
1955104142
1955100288
1955101202
1955103320
1955105280
1955101205
1955100053
1955104314
1955101322
1955108509
1955102119
1955103041
1955105271
1955100242
1955103561
1955104920
1955105166
1955108529
1955101144
1955103562
1955108514
1955102137
1955104005
1955105285
1955107388
1955100521
1955104267
1955105539
1955102490
1955107624
1955106076
1955100065
1955100350
1955104334
1955104337
1955107406
1955101592
1955104700
1955102035
1955100520
1955100524
1955100504
1955107420
1955105292
1955104308
1955100500
1955104323
1955106725
1955101927
1955107558
1955105579
1955101916
1955101062
1955106735
1955100313
1955107802
1955101734
1955106740
1955101767
1955106516
1955107684
1955104937
1955101149
1955107748
1955103203
1955104982
1955103233
1955104990
1955107488
1955104388
1955107362
1955107396
1955107146
1955102883
1955101577
1955103664
1955106291
1955101978
1955103959
1955105311
1955104117
1955105877
1955105455
1955102062
1955103517
1955108242
1955102803
1955104855
1955106216
1955105706
1955103210
1955101889
1955104733
1955106359
1955106357
1955100506
1955106986
1955104202
1955108499
1955100498
1955102278
1955100496
1955106416
1955105042
1955103806
1955108480
1955103934
1955100941
1955104926
1955108502
1955104843
1955101239
1955107133
1955106864
1955100822
1955101241
1955105815
1955108495
1955107297
1955108223
1955101417
1955102254
1955106990
1955108257
1955107485
1955102262
1955100677
1955105652
1955104846
1955102189
1955103347
1955104147
1955106826
1955106998
1955108486
1955104740
1955104234
1955101316
1955102281
1955100866
1955106453
1955103956
1955100287
1955103267
1955101728
1955101347
1955104893
1955101258
1955104437
1955102927
1955107128
1955107828
1955100427
1955107607
1955106771
1955107966
1955105781
1955107700
1955106811
1955106525
1955103703
1955101446
1955100589
1955102960
1955106353
1955108051
1955103170
1955100471
1955105284
1955108380
1955100412
1955103271
1955102972
1955105216
1955107014
1955104505
1955104510
1955108085
1955101209
1955107017
1955105218
1955101521
1955107029
1955104251
1955106623
1955108077
1955103147
1955104257
1955101097
1955107067
1955103407
1955105726
1955103277
1955105231
1955107070
1955101645
1955105722
1955105725
1955103280
1955104276
1955105724
1955103183
1955105126
1955106326
1955104106
1955107637
1955103321
1955105582
1955106633
1955103894
1955105025
1955107041
1955107673
1955101696
1955105594
1955101792
1955102250
1955105190
1955102332
1955105846
1955107619
1955103074
1955108012
1955103841
1955103986
1955104193
1955108336
1955105643
1955100094
1955101753
1955102288
1955103042
1955104610
1955107470
1955102105
1955105862
1955101427
1955102756
1955102007
1955106567
1955107380
1955100609
1955107954
1955108005
1955103534
1955103245
1955102751
1955104906
1955104145
1955104025
1955102466
1955100456
1955105852
1955102372
1955105928
1955106747
1955100594
1955103729
1955106148
1955100867
1955104229
1955105762
1955105627
1955107272
1955101057
1955105879
1955103744
1955104465
1955107957
1955100902
1955102301
1955101781
1955107281
1955102350
1955104604
1955103246
1955107282
1955101920
1955101718
1955107283
1955101086
1955101855
1955103751
1955107972
1955105172
1955101782
1955106449
1955108017
1955105414
1955104939
1955108587
1955103967
1955100333
1955104712
1955105640
1955102801
1955101137
1955104032
1955104434
1955101487
1955107056
1955106350
1955102544
1955105076
1955100741
1955104461
1955103173
1955107100
1955102622
1955105145
1955100424
1955103614
1955107106
1955107772
1955106404
1955100815
1955106347
1955103748
1955107439
1955105035
1955108194
1955107098
1955105100
1955103609
1955101054
1955102635
1955106439
1955103613
1955105669
1955105666
1955103244
1955100588
1955106844
1955108216
1955103801
1955103487
1955101479
1955105050
1955108212
1955103491
1955105095
1955108177
1955102339
1955105075
1955101476
1955102064
1955106473
1955102997
1955100911
1955100801
1955104490
1955102634
1955108149
1955107140
1955102349
1955100652
1955106032
1955107002
1955106025
1955107681
1955101689
1955103662
1955107546
1955100782
1955104521
1955101338
1955105406
1955104491
1955104325
1955106545
1955100354
1955104422
1955104767
1955105448
1955103772
1955106199
1955104424
1955103020
1955103030
1955106926
1955105380
1955102861
1955100177
1955106387
1955107738
1955101538
1955100357
1955106573
1955100738
1955103213
1955106577
1955103898
1955107976
1955105478
1955101303
1955102956
1955106149
1955104837
1955103673
1955104952
1955102741
1955107914
1955101170
1955104408
1955106014
1955106411
1955101348
1955104601
1955101422
1955105263
1955101135
1955107518
1955103349
1955200140
1955200048
1955200007
1955200071
1955200159
1955200152
1955200069
1955200091
1955200037
1955200082
1955103084
1955200097
1955104561
1955107165
1955500885
1955104745
1955501854
1955500491
1955500860
1955106896
1955501037
1955500864
1955100864
1955103776
1955502958
1955500439
1955502971
1955501026
1955500089
1955500880
1955501819
1955502488
1955501038
1955500009
1955500683
1955500347
1955501123
1955501497
1955502024
1955502423
1955500075
1955501113
1955502483
1955501194
1955502030
1955502643
1955501935
1955501115
1955500014
1955502149
1955106923
1955500201
1955502935
1955500084
1955501859
1955501778
1955500366
1955502828
1955501274
1955501825
1955501807
1955502071
1955502350
1955500488
1955500023
1955104428
1955502364
1955501544
1955500389
1955501685
1955500022
1955500918
1955501547
1955502852
1955500044
1955500322
1955501196
1955500045
1955500699
1955500349
1955501226
1955502224
1955500580
1955501770
1955500440
1955500681
1955501908
1955500998
1955502428
1955503140
1955500154
1955502602
1955500269
1955500830
1955500071
1955502825
1955501055
1955501608
1955104433
1955502213
1955501318
1955500515
1955501941
1955501057
1955500982
1955501775
1955502459
1955500270
1955502749
1955104954
1955500994
1955502014
1955600036
1955102456
1955104931
1955101661
1955104592
1955105153
1955101566
1955105605
1955102776
1955100485
1955105537
1955103209
1955108333
1955105577
1955102378
1955102690
1955100180
1955200027
1955103513
1955103264
1955102117
1955106909
1955103076
1955106808
1955102717
1955106773
1955103180
1955105882
1955106221
1955101325
1955103657
1955100868
1955104663
1955103667
1955100921
1955101428
1955106375
1955104286
1955104609
1955102907
1955104815
1955103121
1955105998
1955105933
1955101283
1955106832
1955104545
1955101860
1955106651
1955105950
1955106652
1955105951
1955106154
1955106851
1955103389
1955106097
1955107206
1955105767
1955100295
1955107428
1955101500
1955106133
1955105759
1955102848
1955103700
1955104877
1955102850
1955105127
1955101402
1955105979
1955105607
1955103217
1955106822
