1975100572
1975100902
1975101210
1975101314
1975101366
1975101367
1975101390
1975101505
1975101854
1975101856
1975102382
1975102387
1975102595
1975102626
1975102675
1975102677
1975102698
1975102886
1975102909
1975102920
1975102944
1975103164
1975103192
1975103195
1975103197
1975103207
1975103255
1975103300
1975103515
1975103517
1975103624
1975103678
1975103876
1975103967
1975104173
1975104515
1975104583
1975104721
1975104761
1975104804
1975104959
1975104967
1975104990
1975105098
1975105200
1975105569
1975105688
1975105797
1975105906
1975105966
1975106601
1975106657
1975106661
1975106933
1975107217
1975107247
1975107264
1975107312
1975106299
1975105102
1975106690
1975103309
1975104765
1975102679
1975104569
1975102533
1975106258
1975102889
1975102715
1975100944
1975105571
1975106370
1975106008
1975106228
1975106491
1975106393
1975106450
1975106906
1975102004
1975103867
1975103347
1975101581
1975100484
1975100654
1975101086
1975101137
1975107104
1975101353
1975106757
1975103304
1975105593
1975101667
1975100136
1975106689
1975104816
1975100570
1975100763
1975105469
1975106368
1975100856
1975107382
1975103472
1975102248
1975101801
1975103172
1975103499
1975100673
1975103500
1975103724
1975103976
1975101793
1975100532
1975102259
1975100888
1975106141
1975102512
1975101634
1975105731
1975104350
1975100367
1975104128
1975101231
1975101412
1975104474
1975103542
1975101973
1975102606
1975105234
1975101625
1975105580
1975105887
1975106216
1975101439
1975100743
1975100153
1975103447
1975104293
1975102903
1975103726
1975102401
1975103349
1975105431
1975101330
1975101356
1975100047
1975101510
1975104918
1975102229
1975105069
1975102351
1975105696
1975107007
1975106658
1975104071
1975106937
1975104480
1975105560
1975102881
1975103822
1975102738
1975102699
1975102754
1975102904
1975102701
1975101764
1975101891
1975103868
1975106177
1975106839
1975104330
1975101081
1975105758
1975104408
1975103082
1975101512
1975101554
1975200269
1975200118
1975501738
1975104353
1975102213
1975103531
