1977100022
1977100099
1977100117
1977100119
1977100135
1977100267
1977100294
1977100321
1977100330
1977100387
1977100388
1977100389
1977100476
1977100487
1977100494
1977100517
1977100518
1977100520
1977100523
1977100531
1977100537
1977100546
1977100551
1977100578
1977100582
1977100584
1977100587
1977100591
1977100595
1977100599
1977100609
1977100675
1977100680
1977100690
1977100699
1977100708
1977100729
1977100733
1977100744
1977100778
1977100781
1977100786
1977100795
1977100805
1977100816
1977100819
1977100825
1977100834
1977100850
1977100855
1977100869
1977100934
1977100945
1977100953
1977100961
1977100965
1977100970
1977101003
1977101009
1977101014
1977101029
1977101032
1977101054
1977101057
1977101064
1977101065
1977101092
1977101098
1977101104
1977101120
1977101122
1977101131
1977101172
1977101173
1977101178
1977101182
1977101183
1977101196
1977101219
1977101234
1977101235
1977101248
1977101249
1977101261
1977101289
1977101290
1977101296
1977101310
1977101311
1977101344
1977101420
1977101438
1977101439
1977101441
1977101449
1977101472
1977101559
1977101573
1977101642
1977101704
1977101708
1977101742
1977101750
1977101791
1977101808
1977101809
1977101811
1977101847
1977101882
1977101898
1977101904
1977101906
1977101908
1977101942
1977101955
1977101964
1977101971
1977101972
1977102018
1977102021
1977102040
1977102119
1977102131
1977102166
1977102236
1977102241
1977102254
1977102272
1977102275
1977102288
1977102290
1977102293
1977102300
1977102329
1977102334
1977102340
1977102346
1977102403
1977102410
1977102412
1977102452
1977102453
1977102466
1977102489
1977102495
1977102499
1977102522
1977102533
1977102549
1977102557
1977102567
1977102572
1977102618
1977102627
1977102633
1977102661
1977102664
1977102666
1977102681
1977102685
1977102686
1977102687
1977102689
1977102691
1977102692
1977102695
1977102698
1977102701
1977102713
1977102737
1977102758
1977102767
1977102768
1977102797
1977102816
1977102824
1977102833
1977102840
1977102852
1977102872
1977102909
1977102929
1977102987
1977103034
1977103115
1977103118
1977103132
1977103159
1977103163
1977103181
1977103184
1977103210
1977103217
1977103233
1977103276
1977103313
1977103315
1977103346
1977103361
1977103401
1977103413
1977103417
1977103432
1977103455
1977103466
1977103471
1977103483
1977103493
1977103505
1977103523
1977103532
1977103534
1977103535
1977103539
1977103545
1977103550
1977103559
1977103565
1977103584
1977103587
1977103588
1977103592
1977103607
1977103613
1977103621
1977103642
1977103644
1977103646
1977103652
1977103654
1977103672
1977103676
1977103696
1977103700
1977103703
1977103752
1977103813
1977103817
1977103820
1977103825
1977103827
1977103835
1977103837
1977103846
1977103847
1977103848
1977103849
1977103850
1977103854
1977103860
1977103865
1977103867
1977103870
1977103873
1977103876
1977103877
1977103880
1977103884
1977103892
1977103897
1977103898
1977103910
1977103917
1977103926
1977103941
1977103944
1977103959
1977103962
1977103966
1977103970
1977103971
1977103976
1977103981
1977103982
1977103985
1977103996
1977103997
1977104003
1977104008
1977104009
1977104014
1977104017
1977104027
1977104028
1977104037
1977104038
1977104051
1977104053
1977104066
1977104068
1977104073
1977104077
1977104091
1977104094
1977104100
1977104107
1977104108
1977104109
1977104114
1977104116
1977104118
1977104119
1977104128
1977104131
1977104152
1977104157
1977104158
1977104179
1977104193
1977104201
1977104212
1977104213
1977104216
1977104219
1977104222
1977104226
1977104266
1977104268
1977104312
1977104315
1977104337
1977104344
1977104347
1977104349
1977104354
1977104372
1977104373
1977104374
1977104377
1977104381
1977104396
1977104399
1977104402
1977104410
1977104454
1977104457
1977104459
1977104464
1977104468
1977104478
1977104479
1977104500
1977104521
1977104530
1977104539
1977104548
1977104559
1977104577
1977104603
1977104643
1977104667
1977104668
1977104676
1977104681
1977104685
1977104714
1977104730
1977104739
1977104755
1977104806
1977104810
1977104833
1977104838
1977104845
1977104873
1977104920
1977104951
1977104958
1977104965
1977104969
1977105002
1977105008
1977105015
1977105016
1977105035
1977105065
1977105119
1977105155
1977105156
1977105166
1977105169
1977105174
1977105203
1977105206
1977105231
1977105232
1977105289
1977105311
1977105314
1977105315
1977105335
1977105354
1977105355
1977105356
1977105358
1977105359
1977105402
1977105411
1977105452
1977105472
1977105473
1977105478
1977105493
1977105498
1977105527
1977105531
1977105533
1977105556
1977105557
1977105577
1977105580
1977105592
1977105596
1977105649
1977105667
1977105681
1977105683
1977105685
1977105689
1977105729
1977105752
1977105772
1977105792
1977105836
1977105852
1977105863
1977105864
1977105887
1977105945
1977105956
1977105959
1977105962
1977106039
1977106062
1977106112
1977106115
1977106120
1977106126
1977106137
1977106146
1977106147
1977106150
1977106161
1977106166
1977106173
1977106174
1977106175
1977106178
1977106180
1977106182
1977106184
1977106185
1977106205
1977106207
1977106208
1977106209
1977106212
1977106214
1977106216
1977106227
1977106234
1977106293
1977106305
1977106313
1977106316
1977106325
1977106371
1977106389
1977106435
1977106452
1977106461
1977106464
1977106465
1977106468
1977106471
1977106472
1977106482
1977106497
1977106500
1977106502
1977106507
1977106519
1977106555
1977106560
1977106581
1977106595
1977106598
1977106612
1977106622
1977106639
1977106668
1977106685
1977106694
1977106754
1977106756
1977106774
1977106782
1977106783
1977106786
1977106794
1977106795
1977106812
1977106831
1977106863
1977106924
1977106941
1977106994
1977107017
1977107029
1977107049
1977107061
1977107062
1977107065
1977107071
1977107074
1977107081
1977200138
1977200186
1977200211
1977500910
