1978100405
1978100414
1978100418
1978100618
1978100648
1978100691
1978100730
1978100876
1978100881
1978100898
1978100945
1978100954
1978100997
1978101029
1978101044
1978101073
1978101097
1978101119
1978101120
1978101121
1978101127
1978101165
1978101174
1978101183
1978101248
1978101249
1978101263
1978101357
1978101369
1978101383
1978101432
1978101437
1978101483
1978101496
1978101516
1978101521
1978101583
1978101616
1978101629
1978101678
1978101740
1978101828
1978102254
1978102304
1978102479
1978102490
1978102525
1978102528
1978102549
1978102598
1978102638
1978102689
1978102696
1978102708
1978102770
1978102849
1978102850
1978103116
1978103138
1978103273
1978103281
1978103416
1978103434
1978103436
1978103439
1978103529
1978103530
1978103650
1978103667
1978103678
1978103891
1978103979
1978104023
1978104078
1978104097
1978104116
1978104304
1978104384
1978104413
1978104414
1978104418
1978104428
1978104457
1978104459
1978104464
1978104484
1978104485
1978104666
1978104758
1978104809
1978104820
1978104850
1978104851
1978104881
1978105117
1978105142
1978105201
1978105208
1978105246
1978105281
1978105339
1978105364
1978105417
1978105455
1978105496
1978105531
1978105595
1978105650
1978105678
1978105727
1978105740
1978105785
1978105786
1978105950
1978105968
1978106002
1978106003
1978106010
1978106019
1978106062
1978106067
1978106128
1978106131
1978106177
1978106184
1978106291
1978106345
1978106405
1978106432
1978106463
1978106551
1978106568
1978106598
1978106600
1978106626
1978106628
1978106631
1978106763
1978106770
1978106781
1978106791
1978106794
1978106795
1978106801
1978106807
1978106828
1978106834
1978106838
1978106844
1978106847
1978106851
1978106854
1978106864
1978106867
1978106869
1978106906
1978107000
1978109002
1978109004
1978109006
1978104053
1978105423
