1979100197
1979100207
1979100210
1979100301
1979100359
1979100541
1979100550
1979100551
1979100554
1979100619
1979100634
1979100637
1979100785
1979100822
1979100878
1979100903
1979100914
1979100919
1979100926
1979100927
1979100931
1979100932
1979100948
1979100953
1979100956
1979100976
1979100995
1979101024
1979101054
1979101088
1979101102
1979101117
1979101163
1979101164
1979101202
1979101247
1979101252
1979101368
1979101377
1979101395
1979101459
1979101467
1979101518
1979101550
1979101567
1979101569
1979101600
1979101603
1979101608
1979101622
1979101634
1979101650
1979101701
1979101702
1979101707
1979101714
1979101729
1979101735
1979101738
1979101739
1979101740
1979101744
1979101752
1979101756
1979101760
1979101764
1979101768
1979101769
1979101774
1979101775
1979101777
1979101786
1979101787
1979101819
1979101858
1979101859
1979101873
1979101890
1979102004
1979102086
1979102194
1979102213
1979102228
1979102262
1979102364
1979102369
1979102458
1979102561
1979102629
1979102644
1979102774
1979102908
1979102934
1979102965
1979102968
1979102982
1979102992
1979103003
1979103004
1979103008
1979103026
1979103069
1979103100
1979103117
1979103148
1979103153
1979103170
1979103173
1979103175
1979103176
1979103184
1979103259
1979103265
1979103270
1979103296
1979103347
1979103349
1979103355
1979103373
1979103396
1979103440
1979103529
1979103609
1979103628
1979103687
1979103709
1979103724
1979103754
1979103904
1979103935
1979103987
1979104021
1979104022
1979104059
1979104099
1979104100
1979104102
1979104106
1979104117
1979104149
1979104198
1979104467
1979104491
1979104526
1979104534
1979104576
1979104646
1979104654
1979104664
1979104688
1979104709
1979104717
1979104766
1979104915
1979104916
1979104921
1979104924
1979104929
1979104930
1979104965
1979105019
1979105060
1979105066
1979105145
1979105159
1979105163
1979105171
1979105216
1979105243
1979105260
1979105288
1979105309
1979105524
1979105597
1979105601
1979105640
1979105707
1979105802
1979105823
1979105883
1979105884
1979106046
1979106064
1979106146
1979106177
1979106199
1979106202
1979106258
1979106302
1979106304
1979106351
1979106353
1979106436
1979106456
1979106457
1979106459
1979106460
1979106463
1979106480
1979106489
1979106501
1979106543
1979106546
1979106588
1979106595
1979106655
1979106663
1979106677
1979106686
1979106709
1979106730
1979106754
1979106761
1979106813
1979106897
1979106961
1979106965
1979106969
1979109002
1979109003
1979109005
1979109007
1979109009
1979200114
1979200145
1979200164
1979502477
1979105532
1979101092
1979101238
1979104411
1979105619
1979104749
1979104657
1979104782
1979104901
1979102632
1979104800
1979104379
1979103260
1979105356
1979105559
1979106960
1979102667
1979105878
1979103071
1979102985
1979103404
1979103319
1979102760
1979100268
1979103382
1979101619
1979101624
1979101635
1979101506
1979101687
1979106179
1979106558
1979106815
1979106833
1979106464
1979101864
1979102043
1979102352
1979103638
1979103733
1979100986
1979103764
1979106920
1979100058
1979105375
1979103759
1979104177
1979104354
1979101863
1979100920
1979100944
1979100913
1979103304
1979106934
1979105585
1979501059
1979200033
1979100704
1979103793
1979105648
1979100590
1979104285
1979105841
1979104559
1979106725
1979102542
1979102624
1979106242
1979101588
1979102951
1979102685
1979105840
1979102789
1979103752
1979104221
1979104471
1979102966
1979101104
1979106079
1979102734
1979103116
1979104925
1979103156
1979105276
1979102942
1979102940
1979105945
1979103346
1979106495
1979102938
1979106899
1979104408
1979104420
1979101186
1979104649
1979105187
1979104714
1979105149
1979104944
1979101226
1979105033
1979105056
1979105083
1979105097
1979105111
1979105124
1979105195
1979100897
1979101705
1979100904
1979105273
1979105857
1979105850
1979101012
1979101193
1979101245
1979101267
1979101371
1979103215
1979102568
1979105526
1979101720
1979100832
1979100850
1979104237
1979101187
1979105779
1979105278
1979100537
1979103669
1979102971
1979105581
1979105525
1979104776
1979100556
1979105922
1979101475
1979105684
1979104707
1979103766
1979106094
1979100290
1979100311
1979100258
1979100319
1979102878
1979101644
1979101561
1979106341
1979101638
1979103525
1979103557
1979103576
1979103642
1979103661
1979101049
1979103974
1979103772
1979103773
1979105407
1979103717
1979103705
1979103928
1979103640
1979104008
1979100711
1979104054
1979106253
1979104321
1979104154
1979104121
1979106148
1979104000
1979103799
1979101578
1979106086
1979103151
1979105997
1979101094
1979106915
1979103637
1979106307
1979106317
1979100906
1979100652
1979106577
1979103113
1979106631
1979106735
1979106746
1979106010
1979106587
1979106818
1979103650
1979104204
1979104091
1979102280
1979102316
1979105837
1979105986
1979101061
1979102340
1979102133
1979106035
1979105563
1979102067
1979102814
1979105129
1979501223
1979502599
1979501355
1979102309
1979502631
1979105025
1979101128
1979103783
1979101463
1979100794
1979100820
1979105284
1979103610
1979102292
1979106426
1979103165
1979103415
1979102646
1979102653
1979105265
1979102746
1979102765
1979102804
1979103368
1979102980
1979103091
1979103214
1979103257
