1980101425
1980106128
1980101983
1980102021
1980106362
1980109003
1980106180
1980102011
1980100797
1980106705
1980101263
1980103694
1980102035
1980101871
1980103440
1980106844
1980106474
1980101995
1980106681
1980101955
1980100784
1980107022
1980105762
1980100954
1980106416
1980101546
1980101875
1980103452
1980102001
1980100827
1980101941
1980103554
1980105943
1980106009
1980100904
1980103948
1980104863
1980103866
1980103966
1980100636
1980105985
1980104191
1980101797
1980104736
1980100427
1980104625
1980101974
1980104969
1980105099
1980103046
1980104826
1980104272
1980103640
1980104988
1980106010
1980106454
1980102939
1980104647
1980100871
1980104059
1980101169
1980103907
1980101986
1980102099
1980102878
1980104709
1980105277
1980103576
1980104581
1980100916
1980104075
1980101143
1980102237
1980105818
1980103080
1980103139
1980100896
1980104873
1980101026
1980100825
1980104161
1980103772
1980106461
1980106569
1980101071
1980101870
1980106541
1980106415
1980103862
1980104232
1980104877
1980104857
1980106102
1980106803
1980102044
1980101225
1980103842
1980106965
1980104127
1980100456
1980106408
1980105587
1980101391
1980106996
1980101245
1980103230
1980103464
1980101873
1980101566
1980101992
1980101149
1980101158
1980105981
1980103676
1980104271
1980102851
1980102209
1980104475
1980104576
1980109002
1980102332
1980101993
1980103867
1980105499
1980105418
1980102007
1980106006
1980104057
1980101962
1980100618
1980105376
1980102440
1980101879
1980100899
1980100416
1980100308
1980105874
1980104681
1980104891
1980105974
1980104890
1980105946
1980104579
1980101950
1980106791
1980100927
1980103103
1980103911
1980105228
1980104282
1980100717
1980105236
1980103999
1980103138
1980103266
1980105761
1980102316
1980103465
1980106555
1980105960
1980101010
1980102132
1980100831
1980105838
1980103382
1980105114
1980106572
1980103087
1980101949
1980104655
1980104773
1980106056
