1983102786
1983104087
1983109006
1983104002
1983104089
1983102268
1983104014
1983105007
1983105000
1983104092
1983103979
1983109000
1983104038
1983104517
1983100899
1983103838
1983101051
1983104037
1983106919
1983104853
1983106735
1983104380
1983101589
1983102592
1983104076
1983101504
1983104053
1983102587
1983104487
1983101648
1983104058
1983100389
1983103996
1983104353
1983104186
1983106890
1983107147
1983102947
1983104064
1983105125
1983100947
1983105244
1983106936
1983101721
1983100285
1983104006
1983100355
1983106548
1983106194
1983101835
1983109003
1983106447
1983100487
1983100530
