1984104366
1984104387
1984105868
1984109003
1984104819
1984104160
1984104435
1984100626
1984101673
1984101736
1984102302
1984104358
1984101200
1984100651
1984105106
1984102867
1984100579
1984101150
1984109006
1984106784
1984104295
1984101819
1984100994
1984100577
1984100851
1984101865
1984100859
1984106886
1984105175
1984104489
1984103550
1984102822
1984104996
1984104442
1984101560
1984104824
1984106298
1984104457
1984103559
1984102453
1984101962
1984104825
1984105148
1984105240
1984104564
1984104909
1984104666
1984104665
