1985103538
1985103592
1985109002
1985103615
1985103227
1985106991
1985109004
1985103527
1985100783
1985106928
1985109001
1985103293
1985105977
1985105340
1985104886
1985103458
1985103849
1985105346
1985105232
1985103257
1985101365
1985106012
1985103580
1985102966
1985102361
1985100827
1985103325
1985104082
1985100903
1985103549
1985105858
1985102543
1985100442
1985100907
1985103734
1985101878
1985101088
1985100206
1985104782
1985100825
1985102238
1985103922
1985101821
1985105606
1985104614
1985102160
1985104246
1985100745
1985104541
1985100748
1985103597
1985103541
1985105686
1985100990
1985103594
1985103516
1985103547
1985101044
