1987100002
1987100003
1987100009
1987100010
1987100011
1987100012
1987100015
1987100016
1987100017
1987100018
1987100019
1987100020
1987100024
1987100025
1987100027
1987100029
1987100030
1987100031
1987100033
1987100037
1987100038
1987100040
1987100041
1987100043
1987100044
1987100045
1987100048
1987100054
1987100055
1987100056
1987100058
1987100061
1987100064
1987100065
1987100066
1987100067
1987100068
1987100069
1987100071
1987100072
1987100076
1987100078
1987100086
1987100087
1987100088
1987100090
1987100091
1987100092
1987100093
1987100096
1987100098
1987100099
1987100100
1987100101
1987100102
1987100103
1987100112
1987100113
1987100116
1987100136
1987100140
1987100142
1987100144
1987100146
1987100148
1987100150
1987100151
1987100153
1987100154
1987100156
1987100158
1987100159
1987100161
1987100162
1987100163
1987100170
1987100171
1987100173
1987100175
1987100177
1987100179
1987100184
1987100186
1987100188
1987100192
1987100195
1987100196
1987100197
1987100198
1987100202
1987100204
1987100208
1987100210
1987100214
1987100215
1987100217
1987100220
1987100222
1987100224
1987100225
1987100226
1987100227
1987100228
1987100229
1987100231
1987100232
1987100233
1987100234
1987100235
1987100236
1987100238
1987100239
1987100240
1987100241
1987100242
1987100245
1987100246
1987100247
1987100249
1987100250
1987100251
1987100253
1987100256
1987100257
1987100258
1987100259
1987100260
1987100263
1987100264
1987100272
1987100273
1987100274
1987100275
1987100276
1987100278
1987100279
1987100280
1987100287
1987100291
1987100293
1987100295
1987100296
1987100297
1987100302
1987100303
1987100304
1987100308
1987100309
1987100312
1987100313
1987100314
1987100315
1987100317
1987100318
1987100319
1987100323
1987100325
1987100326
1987100327
1987100328
1987100329
1987100331
1987100333
1987100334
1987100335
1987100336
1987100338
1987100339
1987100341
1987100342
1987100344
1987100348
1987100351
1987100352
1987100354
1987100363
1987100364
1987100366
1987100369
1987100370
1987100376
1987100378
1987100380
1987100388
1987100393
1987100396
1987100399
1987100402
1987100407
1987100408
1987100409
1987100410
1987100411
1987100412
1987100415
1987100417
1987100418
1987100419
1987100422
1987100424
1987100425
1987100426
1987100427
1987100428
1987100429
1987100430
1987100435
1987100436
1987100438
1987100442
1987100446
1987100447
1987100448
1987100451
1987100453
1987100457
1987100458
1987100459
1987100461
1987100464
1987100465
1987100466
1987100467
1987100468
1987100470
1987100471
1987100473
1987100474
1987100475
1987100476
1987100478
1987100481
1987100484
1987100486
1987100487
1987100493
1987100495
1987100496
1987100498
1987100499
1987100500
1987100503
1987100513
1987100514
1987100521
1987100522
1987100525
1987100526
1987100535
1987100536
1987100541
1987100542
1987100544
1987100546
1987100547
1987100550
1987100551
1987100552
1987100553
1987100554
1987100555
1987100556
1987100558
1987100559
1987100564
1987100568
1987100570
1987100573
1987100575
1987100578
1987100579
1987100580
1987100581
1987100582
1987100584
1987100585
1987100590
1987100591
1987100595
1987100596
1987100597
1987100602
1987100606
1987100607
1987100608
1987100610
1987100612
1987100616
1987100617
1987100619
1987100620
1987100621
1987100624
1987100626
1987100630
1987100632
1987100633
1987100634
1987100635
1987100636
1987100638
1987100643
1987100644
1987100645
1987100646
1987100649
1987100650
1987100653
1987100654
1987100656
1987100657
1987100658
1987100659
1987100661
1987100663
1987100664
1987100666
1987100667
1987100668
1987100670
1987100671
1987100673
1987100679
1987100680
1987100681
1987100683
1987100687
1987100690
1987100692
1987100695
1987100698
1987100699
1987100701
1987100703
1987100704
1987100705
1987100706
1987100710
1987100713
1987100715
1987100720
1987100725
1987100727
1987100728
1987100733
1987100738
1987100741
1987100742
1987100743
1987100745
1987100749
1987100750
1987100752
1987100753
1987100760
1987100762
1987100764
1987100775
1987100777
1987100779
1987100780
1987100782
1987100783
1987100784
1987100785
1987100787
1987100788
1987100789
1987100790
1987100793
1987100795
1987100799
1987100800
1987100801
1987100802
1987100805
1987100808
1987100811
1987100812
1987100815
1987100819
1987100820
1987100821
1987100822
1987100823
1987100826
1987100830
1987100831
1987100832
1987100835
1987100843
1987100844
1987100845
1987100847
1987100852
1987100854
1987100855
1987100864
1987100872
1987100875
1987100876
1987100877
1987100878
1987100880
1987100881
1987100882
1987100883
1987100896
1987100897
1987100901
1987100907
1987100911
1987100912
1987100915
1987100916
1987100919
1987100920
1987100925
1987100933
1987100934
1987100936
1987100938
1987100939
1987100944
1987100947
1987100953
1987100954
1987100956
1987100959
1987100961
1987100965
1987100966
1987100967
1987100970
1987100974
1987100975
1987100981
1987100984
1987100985
1987100986
1987100987
1987100988
1987100993
1987100994
1987100995
1987100997
1987100999
1987101002
1987101006
1987101013
1987101015
1987101022
1987101024
1987101029
1987101031
1987101040
1987101043
1987101044
1987101046
1987101049
1987101053
1987101062
1987101065
1987101070
1987101081
1987101083
1987101089
1987101090
1987101093
1987101094
1987101096
1987101097
1987101103
1987101105
1987101106
1987101107
1987101110
1987101112
1987101113
1987101114
1987101117
1987101119
1987101120
1987101121
1987101122
1987101123
1987101124
1987101130
1987101131
1987101133
1987101139
1987101140
1987101142
1987101146
1987101147
1987101149
1987101150
1987101155
1987101161
1987101172
1987101174
1987101175
1987101176
1987101178
1987101179
1987101180
1987101181
1987101184
1987101185
1987101186
1987101190
1987101192
1987101193
1987101194
1987101195
1987101199
1987101200
1987101201
1987101202
1987101203
1987101204
1987101205
1987101206
1987101207
1987101208
1987101209
1987101211
1987101212
1987101214
1987101219
1987101220
1987101221
1987101223
1987101225
1987101226
1987101227
1987101228
1987101229
1987101230
1987101231
1987101234
1987101236
1987101237
1987101239
1987101240
1987101241
1987101242
1987101246
1987101247
1987101251
1987101253
1987101258
1987101261
1987101262
1987101263
1987101266
1987101267
1987101269
1987101277
1987101283
1987101284
1987101285
1987101286
1987101287
1987101289
1987101290
1987101291
1987101296
1987101297
1987101299
1987101301
1987101302
1987101303
1987101304
1987101311
1987101314
1987101316
1987101317
1987101318
1987101319
1987101323
1987101336
1987101337
1987101340
1987101343
1987101347
1987101349
1987101351
1987101352
1987101354
1987101355
1987101356
1987101358
1987101360
1987101366
1987101370
1987101371
1987101373
1987101375
1987101377
1987101378
1987101379
1987101380
1987101381
1987101384
1987101399
1987101404
1987101405
1987101406
1987101408
1987101409
1987101411
1987101415
1987101418
1987101419
1987101421
1987101422
1987101426
1987101427
1987101429
1987101430
1987101434
1987101436
1987101438
1987101439
1987101441
1987101442
1987101443
1987101444
1987101453
1987101455
1987101457
1987101459
1987101461
1987101464
1987101466
1987101467
1987101469
1987101472
1987101473
1987101474
1987101477
1987101478
1987101479
1987101480
1987101481
1987101482
1987101483
1987101484
1987101488
1987101491
1987101492
1987101494
1987101495
1987101497
1987101500
1987101504
1987101509
1987101510
1987101512
1987101513
1987101515
1987101518
1987101521
1987101527
1987101529
1987101530
1987101531
1987101533
1987101534
1987101538
1987101544
1987101545
1987101546
1987101551
1987101555
1987101558
1987101563
1987101566
1987101567
1987101570
1987101571
1987101573
1987101578
1987101579
1987101580
1987101584
1987101585
1987101589
1987101593
1987101595
1987101596
1987101597
1987101598
1987101599
1987101601
1987101603
1987101604
1987101605
1987101606
1987101610
1987101615
1987101617
1987101620
1987101621
1987101624
1987101625
1987101628
1987101630
1987101631
1987101633
1987101634
1987101635
1987101636
1987101643
1987101644
1987101645
1987101646
1987101648
1987101649
1987101651
1987101653
1987101654
1987101656
1987101657
1987101659
1987101660
1987101661
1987101662
1987101663
1987101664
1987101665
1987101667
1987101668
1987101678
1987101684
1987101690
1987101692
1987101693
1987101702
1987101706
1987101707
1987101709
1987101716
1987101717
1987101720
1987101721
1987101724
1987101728
1987101730
1987101731
1987101732
1987101735
1987101736
1987101737
1987101738
1987101739
1987101741
1987101743
1987101744
1987101746
1987101747
1987101750
1987101751
1987101765
1987101769
1987101770
1987101771
1987101772
1987101773
1987101774
1987101775
1987101776
1987101777
1987101778
1987101779
1987101780
1987101783
1987101787
1987101788
1987101789
1987101793
1987101795
1987101797
1987101802
1987101803
1987101805
1987101808
1987101809
1987101811
1987101814
1987101819
1987101822
1987101823
1987101824
1987101828
1987101829
1987101830
1987101832
1987101833
1987101834
1987101835
1987101836
1987101840
1987101846
1987101851
1987101853
1987101859
1987101860
1987101863
1987101864
1987101865
1987101867
1987101870
1987101875
1987101882
1987101895
1987101899
1987101902
1987101906
1987101907
1987101910
1987101911
1987101912
1987101913
1987101916
1987101918
1987101920
1987101921
1987101922
1987101928
1987101929
1987101930
1987101931
1987101932
1987101933
1987101935
1987101936
1987101937
1987101939
1987101940
1987101941
1987101943
1987101944
1987101946
1987101947
1987101948
1987101951
1987101953
1987101954
1987101955
1987101956
1987101957
1987101958
1987101959
1987101966
1987101967
1987101968
1987101969
1987101970
1987101972
1987101973
1987101974
1987101976
1987101981
1987101982
1987101983
1987101985
1987101995
1987101996
1987102005
1987102006
1987102007
1987102008
1987102010
1987102011
1987102012
1987102013
1987102014
1987102015
1987102017
1987102019
1987102025
1987102028
1987102031
1987102034
1987102038
1987102039
1987102042
1987102046
1987102049
1987102054
1987102055
1987102059
1987102066
1987102069
1987102070
1987102071
1987102072
1987102073
1987102075
1987102076
1987102077
1987102080
1987102081
1987102082
1987102085
1987102088
1987102089
1987102092
1987102094
1987102097
1987102100
1987102102
1987102103
1987102104
1987102107
1987102110
1987102113
1987102115
1987102116
1987102119
1987102121
1987102123
1987102124
1987102125
1987102126
1987102127
1987102128
1987102129
1987102130
1987102131
1987102132
1987102134
1987102135
1987102136
1987102137
1987102139
1987102140
1987102143
1987102145
1987102146
1987102147
1987102149
1987102151
1987102152
1987102153
1987102154
1987102156
1987102160
1987102162
1987102164
1987102165
1987102166
1987102167
1987102169
1987102171
1987102174
1987102175
1987102176
1987102177
1987102181
1987102184
1987102185
1987102187
1987102188
1987102190
1987102191
1987102194
1987102195
1987102196
1987102197
1987102199
1987102206
1987102207
1987102209
1987102210
1987102216
1987102219
1987102220
1987102223
1987102225
1987102226
1987102227
1987102229
1987102230
1987102232
1987102234
1987102235
1987102236
1987102241
1987102242
1987102246
1987102250
1987102258
1987102259
1987102260
1987102263
1987102264
1987102265
1987102269
1987102271
1987102274
1987102275
1987102277
1987102278
1987102279
1987102284
1987102285
1987102287
1987102288
1987102290
1987102291
1987102292
1987102293
1987102299
1987102300
1987102301
1987102302
1987102304
1987102307
1987102308
1987102311
1987102313
1987102314
1987102315
1987102317
1987102318
1987102320
1987102321
1987102323
1987102324
1987102326
1987102327
1987102329
1987102330
1987102331
1987102332
1987102333
1987102335
1987102337
1987102339
1987102340
1987102341
1987102343
1987102345
1987102349
1987102350
1987102351
1987102353
1987102354
1987102355
1987102356
1987102358
1987102359
1987102360
1987102361
1987102362
1987102363
1987102364
1987102365
1987102366
1987102369
1987102370
1987102371
1987102373
1987102382
1987102386
1987102387
1987102388
1987102389
1987102390
1987102391
1987102393
1987102394
1987102395
1987102396
1987102398
1987102399
1987102400
1987102402
1987102403
1987102404
1987102405
1987102408
1987102410
1987102413
1987102415
1987102417
1987102418
1987102419
1987102421
1987102422
1987102426
1987102428
1987102429
1987102430
1987102440
1987102441
1987102443
1987102447
1987102448
1987102450
1987102451
1987102452
1987102458
1987102460
1987102463
1987102465
1987102466
1987102467
1987102468
1987102470
1987102472
1987102474
1987102475
1987102477
1987102479
1987102481
1987102483
1987102484
1987102485
1987102490
1987102493
1987102494
1987102497
1987102501
1987102503
1987102505
1987102506
1987102514
1987102516
1987102518
1987102521
1987102522
1987102524
1987102528
1987102530
1987102532
1987102537
1987102539
1987102543
1987102544
1987102545
1987102547
1987102550
1987102552
1987102553
1987102555
1987102556
1987102557
1987102558
1987102559
1987102561
1987102563
1987102569
1987102570
1987102571
1987102573
1987102574
1987102575
1987102576
1987102578
1987102579
1987102581
1987102584
1987102585
1987102587
1987102589
1987102591
1987102592
1987102594
1987102597
1987102598
1987102599
1987102600
1987102601
1987102605
1987102607
1987102608
1987102610
1987102611
1987102614
1987102615
1987102617
1987102619
1987102623
1987102624
1987102629
1987102630
1987102631
1987102632
1987102633
1987102635
1987102637
1987102638
1987102639
1987102642
1987102644
1987102653
1987102655
1987102658
1987102660
1987102661
1987102666
1987102667
1987102668
1987102669
1987102671
1987102672
1987102675
1987102677
1987102687
1987102693
1987102694
1987102695
1987102697
1987102698
1987102701
1987102703
1987102705
1987102706
1987102707
1987102710
1987102714
1987102715
1987102716
1987102725
1987102726
1987102727
1987102736
1987102740
1987102747
1987102751
1987102755
1987102756
1987102757
1987102758
1987102759
1987102761
1987102762
1987102763
1987102765
1987102769
1987102771
1987102773
1987102774
1987102778
1987102781
1987102787
1987102789
1987102790
1987102791
1987102792
1987102793
1987102794
1987102795
1987102796
1987102797
1987102798
1987102799
1987102800
1987102801
1987102808
1987102810
1987102813
1987102814
1987102816
1987102817
1987102818
1987102822
1987102830
1987102831
1987102832
1987102834
1987102836
1987102841
1987102842
1987102843
1987102844
1987102845
1987102847
1987102850
1987102854
1987102856
1987102858
1987102859
1987102862
1987102863
1987102866
1987102867
1987102874
1987102875
1987102876
1987102877
1987102878
1987102879
1987102880
1987102886
1987102889
1987102893
1987102898
1987102900
1987102901
1987102902
1987102904
1987102905
1987102906
1987102907
1987102908
1987102909
1987102910
1987102911
1987102912
1987102916
1987102917
1987102928
1987102931
1987102943
1987102945
1987102947
1987102950
1987102955
1987102956
1987102963
1987102969
1987102977
1987102985
1987103005
1987103006
1987103007
1987103018
1987103021
1987103023
1987103026
1987103029
1987103031
1987103032
1987103034
1987103036
1987103046
1987103047
1987103049
1987103050
1987103053
1987103060
1987103061
1987103062
1987103063
1987103064
1987103065
1987103067
1987103068
1987103069
1987103071
1987103074
1987103088
1987103094
1987103095
1987103103
1987103118
1987103120
1987103126
1987103131
1987103141
1987103150
1987103153
1987103156
1987103159
1987103161
1987103176
1987103178
1987103179
1987103183
1987103184
1987103190
1987103192
1987103195
1987103204
1987103207
1987103212
1987103217
1987103219
1987103223
1987103239
1987103240
1987103241
1987103244
1987103262
1987103263
1987103264
1987103265
1987103270
1987103271
1987103279
1987103283
1987103292
1987103309
1987103311
1987103312
1987103313
1987103316
1987103317
1987103318
1987103319
1987103320
1987103325
1987103326
1987103327
1987103328
1987103329
1987103335
1987103337
1987103338
1987103339
1987103343
1987103348
1987103349
1987103352
1987103353
1987103356
1987103357
1987103360
1987103361
1987103362
1987103363
1987103364
1987103365
1987103366
1987103368
1987103369
1987103371
1987103373
1987103376
1987103396
1987103401
1987103403
1987103404
1987103406
1987103408
1987103409
1987103411
1987103412
1987103413
1987103414
1987103416
1987103417
1987103418
1987103420
1987103421
1987103422
1987103436
1987103437
1987103438
1987103449
1987103451
1987103457
1987103461
1987103462
1987103465
1987103467
1987103470
1987103471
1987103475
1987103477
1987103485
1987103486
1987103488
1987103489
1987103490
1987103495
1987103496
1987103498
1987103499
1987103501
1987103503
1987103505
1987103507
1987103508
1987103509
1987103510
1987103511
1987103514
1987103515
1987103518
1987103521
1987103524
1987103525
1987103526
1987103527
1987103528
1987103530
1987103534
1987103535
1987103537
1987103538
1987103540
1987103542
1987103544
1987103546
1987103548
1987103549
1987103551
1987103552
1987103553
1987103554
1987103555
1987103556
1987103557
1987103559
1987103561
1987103562
1987103566
1987103568
1987103569
1987103570
1987103572
1987103573
1987103575
1987103577
1987103580
1987103582
1987103590
1987103597
1987103599
1987103600
1987103603
1987103604
1987103605
1987103607
1987103609
1987103611
1987103614
1987103615
1987103617
1987103618
1987103619
1987103622
1987103623
1987103624
1987103626
1987103635
1987103636
1987103637
1987103643
1987103644
1987103647
1987103649
1987103650
1987103654
1987103658
1987103659
1987103662
1987103664
1987103667
1987103668
1987103669
1987103671
1987103674
1987103676
1987103678
1987103679
1987103680
1987103682
1987103683
1987103685
1987103689
1987103692
1987103693
1987103694
1987103695
1987103696
1987103697
1987103698
1987103705
1987103709
1987103710
1987103714
1987103716
1987103717
1987103719
1987103720
1987103721
1987103722
1987103724
1987103726
1987103727
1987103728
1987103729
1987103733
1987103737
1987103738
1987103739
1987103742
1987103743
1987103745
1987103747
1987103752
1987103753
1987103754
1987103757
1987103759
1987103761
1987103762
1987103765
1987103770
1987103771
1987103772
1987103773
1987103775
1987103776
1987103779
1987103785
1987103787
1987103788
1987103793
1987103795
1987103798
1987103804
1987103805
1987103807
1987103808
1987103811
1987103821
1987103822
1987103825
1987103831
1987103837
1987103838
1987103841
1987103842
1987103844
1987103850
1987103852
1987103853
1987103854
1987103855
1987103856
1987103859
1987103861
1987103863
1987103864
1987103865
1987103866
1987103869
1987103881
1987103889
1987103894
1987103897
1987103898
1987103900
1987103902
1987103904
1987103905
1987103910
1987103911
1987103913
1987103918
1987103922
1987103927
1987103930
1987103931
1987103934
1987103935
1987103939
1987103941
1987103942
1987103946
1987103949
1987103955
1987103970
1987103973
1987103975
1987103978
1987103980
1987103981
1987103982
1987103990
1987103991
1987103992
1987103994
1987103995
1987103996
1987103998
1987104002
1987104004
1987104008
1987104011
1987104012
1987104014
1987104015
1987104017
1987104019
1987104020
1987104022
1987104028
1987104035
1987104037
1987104038
1987104046
1987104047
1987104051
1987104056
1987104057
1987104058
1987104063
1987104064
1987104070
1987104077
1987104083
1987104084
1987104085
1987104087
1987104090
1987104100
1987104101
1987104103
1987104106
1987104110
1987104120
1987104121
1987104124
1987104126
1987104129
1987104131
1987104132
1987104133
1987104134
1987104138
1987104141
1987104142
1987104143
1987104144
1987104145
1987104149
1987104153
1987104155
1987104156
1987104158
1987104159
1987104163
1987104164
1987104170
1987104173
1987104174
1987104175
1987104179
1987104180
1987104185
1987104186
1987104187
1987104198
1987104199
1987104200
1987104201
1987104203
1987104204
1987104207
1987104208
1987104209
1987104213
1987104214
1987104218
1987104219
1987104222
1987104225
1987104227
1987104228
1987104229
1987104231
1987104233
1987104234
1987104235
1987104238
1987104239
1987104241
1987104242
1987104243
1987104246
1987104252
1987104255
1987104257
1987104258
1987104259
1987104260
1987104263
1987104265
1987104268
1987104269
1987104272
1987104273
1987104281
1987104284
1987104287
1987104290
1987104296
1987104297
1987104299
1987104300
1987104307
1987104308
1987104309
1987104311
1987104324
1987104325
1987104326
1987104327
1987104328
1987104329
1987104330
1987104334
1987104335
1987104336
1987104337
1987104338
1987104339
1987104343
1987104344
1987104346
1987104347
1987104348
1987104349
1987104353
1987104355
1987104357
1987104360
1987104361
1987104362
1987104363
1987104364
1987104365
1987104366
1987104370
1987104371
1987104374
1987104376
1987104377
1987104378
1987104381
1987104383
1987104386
1987104396
1987104405
1987104406
1987104407
1987104408
1987104411
1987104416
1987104418
1987104419
1987104422
1987104423
1987104425
1987104426
1987104427
1987104428
1987104429
1987104430
1987104432
1987104435
1987104436
1987104437
1987104438
1987104439
1987104440
1987104441
1987104442
1987104443
1987104444
1987104445
1987104446
1987104448
1987104449
1987104451
1987104452
1987104453
1987104455
1987104457
1987104458
1987104460
1987104461
1987104462
1987104467
1987104468
1987104470
1987104471
1987104475
1987104480
1987104482
1987104483
1987104484
1987104485
1987104486
1987104494
1987104497
1987104498
1987104499
1987104502
1987104503
1987104506
1987104508
1987104509
1987104511
1987104516
1987104517
1987104519
1987104520
1987104521
1987104526
1987104528
1987104529
1987104530
1987104531
1987104534
1987104537
1987104538
1987104539
1987104545
1987104546
1987104548
1987104549
1987104551
1987104554
1987104555
1987104556
1987104559
1987104560
1987104562
1987104563
1987104564
1987104569
1987104572
1987104574
1987104576
1987104577
1987104578
1987104579
1987104585
1987104586
1987104591
1987104592
1987104595
1987104597
1987104601
1987104603
1987104609
1987104610
1987104612
1987104613
1987104614
1987104616
1987104617
1987104618
1987104619
1987104620
1987104622
1987104624
1987104626
1987104627
1987104628
1987104638
1987104642
1987104644
1987104649
1987104651
1987104656
1987104663
1987104664
1987104668
1987104669
1987104671
1987104674
1987104675
1987104678
1987104679
1987104680
1987104681
1987104682
1987104684
1987104685
1987104686
1987104687
1987104688
1987104689
1987104690
1987104691
1987104692
1987104693
1987104694
1987104697
1987104698
1987104699
1987104701
1987104702
1987104704
1987104707
1987104708
1987104709
1987104710
1987104711
1987104712
1987104716
1987104718
1987104719
1987104720
1987104721
1987104722
1987104724
1987104725
1987104726
1987104730
1987104731
1987104732
1987104736
1987104737
1987104739
1987104741
1987104742
1987104745
1987104747
1987104750
1987104751
1987104752
1987104755
1987104756
1987104757
1987104758
1987104760
1987104761
1987104763
1987104765
1987104766
1987104767
1987104768
1987104770
1987104774
1987104781
1987104782
1987104784
1987104785
1987104786
1987104789
1987104790
1987104792
1987104793
1987104794
1987104796
1987104797
1987104798
1987104799
1987104802
1987104805
1987104806
1987104808
1987104810
1987104814
1987104817
1987104821
1987104824
1987104833
1987104838
1987104841
1987104846
1987104847
1987104848
1987104849
1987104854
1987104857
1987104858
1987104859
1987104866
1987104867
1987104869
1987104873
1987104874
1987104875
1987104877
1987104878
1987104879
1987104880
1987104882
1987104883
1987104884
1987104885
1987104886
1987104887
1987104888
1987104889
1987104892
1987104893
1987104894
1987104896
1987104897
1987104898
1987104899
1987104900
1987104902
1987104907
1987104908
1987104909
1987104911
1987104912
1987104913
1987104916
1987104917
1987104918
1987104919
1987104920
1987104923
1987104924
1987104926
1987104927
1987104928
1987104929
1987104930
1987104931
1987104932
1987104934
1987104939
1987104942
1987104946
1987104947
1987104948
1987104952
1987104956
1987104957
1987104959
1987104960
1987104965
1987104967
1987104968
1987104977
1987104978
1987104979
1987104980
1987104981
1987104984
1987104986
1987104987
1987104988
1987104991
1987104993
1987104994
1987104998
1987104999
1987105000
1987105001
1987105002
1987105003
1987105005
1987105006
1987105007
1987105009
1987105010
1987105012
1987105014
1987105016
1987105017
1987105018
1987105020
1987105022
1987105025
1987105026
1987105032
1987105034
1987105035
1987105036
1987105037
1987105039
1987105040
1987105044
1987105046
1987105050
1987105052
1987105054
1987105055
1987105057
1987105061
1987105062
1987105065
1987105066
1987105068
1987105069
1987105070
1987105074
1987105076
1987105078
1987105079
1987105081
1987105082
1987105087
1987105088
1987105090
1987105092
1987105094
1987105098
1987105099
1987105100
1987105102
1987105103
1987105104
1987105105
1987105107
1987105108
1987105111
1987105112
1987105117
1987105127
1987105128
1987105129
1987105130
1987105131
1987105133
1987105135
1987105136
1987105137
1987105138
1987105139
1987105140
1987105142
1987105145
1987105146
1987105147
1987105149
1987105151
1987105152
1987105153
1987105154
1987105155
1987105157
1987105158
1987105159
1987105160
1987105162
1987105163
1987105164
1987105165
1987105166
1987105167
1987105168
1987105170
1987105172
1987105173
1987105174
1987105175
1987105176
1987105179
1987105185
1987105187
1987105190
1987105191
1987105193
1987105194
1987105195
1987105198
1987105199
1987105200
1987105204
1987105207
1987105208
1987105209
1987105210
1987105211
1987105214
1987105215
1987105218
1987105225
1987105229
1987105230
1987105231
1987105242
1987105243
1987105244
1987105245
1987105247
1987105248
1987105249
1987105252
1987105253
1987105255
1987105257
1987105258
1987105262
1987105263
1987105264
1987105266
1987105267
1987105270
1987105271
1987105275
1987105276
1987105277
1987105292
1987105294
1987105295
1987105296
1987105297
1987105299
1987105301
1987105302
1987105305
1987105309
1987105310
1987105311
1987105312
1987105313
1987105317
1987105318
1987105320
1987105324
1987105325
1987105326
1987105328
1987105329
1987105330
1987105332
1987105333
1987105334
1987105335
1987105338
1987105339
1987105340
1987105344
1987105346
1987105348
1987105349
1987105350
1987105352
1987105353
1987105354
1987105357
1987105358
1987105359
1987105360
1987105361
1987105363
1987105364
1987105366
1987105367
1987105368
1987105369
1987105370
1987105371
1987105372
1987105374
1987105375
1987105376
1987105377
1987105378
1987105379
1987105382
1987105383
1987105387
1987105388
1987105389
1987105396
1987105397
1987105398
1987105399
1987105400
1987105401
1987105404
1987105405
1987105407
1987105408
1987105409
1987105413
1987105415
1987105418
1987105420
1987105421
1987105422
1987105423
1987105424
1987105425
1987105427
1987105429
1987105430
1987105432
1987105433
1987105434
1987105438
1987105439
1987105440
1987105441
1987105445
1987105446
1987105447
1987105448
1987105449
1987105450
1987105451
1987105453
1987105458
1987105460
1987105461
1987105462
1987105464
1987105467
1987105469
1987105474
1987105478
1987105480
1987105481
1987105482
1987105483
1987105484
1987105485
1987105486
1987105488
1987105491
1987105493
1987105494
1987105495
1987105497
1987105499
1987105505
1987105506
1987105507
1987105510
1987105512
1987105518
1987105523
1987105524
1987105525
1987105526
1987105527
1987105529
1987105531
1987105532
1987105533
1987105534
1987105535
1987105536
1987105537
1987105538
1987105539
1987105541
1987105543
1987105544
1987105546
1987105548
1987105550
1987105551
1987105552
1987105553
1987105554
1987105555
1987105556
1987105557
1987105558
1987105559
1987105560
1987105561
1987105562
1987105563
1987105564
1987105565
1987105566
1987105567
1987105568
1987105569
1987105571
1987105573
1987105574
1987105575
1987105576
1987105577
1987105578
1987105579
1987105580
1987105581
1987105582
1987105583
1987105585
1987105586
1987105587
1987105588
1987105589
1987105590
1987105591
1987105592
1987105593
1987105594
1987105596
1987105597
1987105599
1987105601
1987105602
1987105603
1987105605
1987105607
1987105608
1987105609
1987105611
1987105612
1987105615
1987105616
1987105617
1987105618
1987105621
1987105622
1987105623
1987105625
1987105626
1987105627
1987105628
1987105629
1987105630
1987105632
1987105633
1987105634
1987105635
1987105636
1987105637
1987105638
1987105639
1987105640
1987105642
1987105643
1987105644
1987105645
1987105646
1987105647
1987105648
1987105649
1987105650
1987105651
1987105652
1987105653
1987105654
1987105655
1987105656
1987105657
1987105659
1987105660
1987105661
1987105662
1987105663
1987105665
1987105666
1987105667
1987105669
1987105670
1987105671
1987105672
1987105673
1987105674
1987105675
1987105676
1987105677
1987105680
1987105681
1987105682
1987105683
1987105684
1987105686
1987105687
1987105689
1987105690
1987105691
1987105692
1987105693
1987105694
1987105696
1987105698
1987105699
1987105712
1987105716
1987105718
1987105724
1987105725
1987105726
1987105730
1987105732
1987105734
1987105735
1987105739
1987105742
1987105745
1987105747
1987105748
1987105753
1987105754
1987105755
1987105759
1987105762
1987105763
1987105767
1987105768
1987105769
1987105771
1987105775
1987105779
1987105781
1987105788
1987105790
1987105793
1987105795
1987105798
1987105799
1987105800
1987105801
1987105803
1987105804
1987105805
1987105807
1987105809
1987105810
1987105811
1987105812
1987105815
1987105820
1987105823
1987105826
1987105829
1987105830
1987105831
1987105832
1987105833
1987105834
1987105839
1987105840
1987105844
1987105845
1987105846
1987105850
1987105851
1987105852
1987105853
1987105855
1987105856
1987105858
1987105860
1987105861
1987105862
1987105863
1987105867
1987105871
1987105874
1987105875
1987105876
1987105878
1987105882
1987105886
1987105889
1987105897
1987105901
1987105905
1987105909
1987105912
1987105914
1987105917
1987105919
1987105925
1987105927
1987105933
1987105937
1987105938
1987105941
1987105943
1987105952
1987105955
1987105957
1987105959
1987105963
1987105966
1987105968
1987105969
1987105971
1987105974
1987105980
1987105983
1987105985
1987105986
1987105990
1987105991
1987106007
1987106011
1987106013
1987106017
1987106022
1987106026
1987106036
1987106044
1987106053
1987106054
1987106058
1987106061
1987106070
1987106071
1987106087
1987106088
1987106093
1987106095
1987106096
1987106101
1987106104
1987106106
1987106109
1987106114
1987106115
1987106116
1987106118
1987106122
1987106123
1987106126
1987106128
1987106134
1987106137
1987106142
1987106150
1987106153
1987106156
1987106158
1987106163
1987106164
1987106167
1987106168
1987106171
1987106176
1987106178
1987106179
1987106182
1987106184
1987106186
1987106189
1987106190
1987106192
1987106194
1987106199
1987106200
1987106203
1987106208
1987106212
1987106222
1987106223
1987106224
1987106225
1987106226
1987106227
1987106228
1987106232
1987106235
1987106238
1987106244
1987106246
1987106247
1987106248
1987106249
1987106250
1987106252
1987106253
1987106255
1987106256
1987106257
1987106259
1987106260
1987106261
1987106262
1987106263
1987106264
1987106265
1987106266
1987106267
1987106268
1987106269
1987106271
1987106272
1987106273
1987106274
1987106275
1987106276
1987106277
1987106278
1987106279
1987106280
1987106281
1987106282
1987106284
1987106287
1987106288
1987106289
1987106294
1987106295
1987106296
1987106297
1987106298
1987106304
1987106309
1987106310
1987106316
1987106319
1987106320
1987106321
1987106322
1987106323
1987106326
1987106327
1987106328
1987106334
1987106335
1987106336
1987106337
1987106338
1987106341
1987106342
1987106346
1987106351
1987106352
1987106353
1987106354
1987106355
1987106357
1987106360
1987106363
1987106364
1987106365
1987106366
1987106367
1987106368
1987106372
1987106373
1987106374
1987106375
1987106378
1987106381
1987106382
1987106383
1987106384
1987106385
1987106386
1987106388
1987106392
1987106393
1987106394
1987106395
1987106396
1987106397
1987106398
1987106399
1987106401
1987106403
1987106406
1987106408
1987106410
1987106413
1987106416
1987106418
1987106421
1987106425
1987106428
1987106430
1987106433
1987106434
1987106436
1987106440
1987106441
1987106442
1987106443
1987106444
1987106446
1987106451
1987106455
1987106456
1987106459
1987106460
1987106463
1987106465
1987106466
1987106467
1987106468
1987106469
1987106471
1987106473
1987106477
1987106479
1987106483
1987106484
1987106486
1987106487
1987106489
1987106490
1987106491
1987106492
1987106493
1987106494
1987106495
1987106506
1987106507
1987106508
1987106511
1987106512
1987106513
1987106515
1987106516
1987106518
1987106519
1987106523
1987106524
1987106529
1987106530
1987106533
1987106539
1987106540
1987106541
1987106549
1987106550
1987106552
1987106553
1987106554
1987106555
1987106556
1987106559
1987106560
1987106561
1987106564
1987106565
1987106566
1987106567
1987106568
1987106569
1987106571
1987106572
1987106573
1987106574
1987106575
1987106578
1987106579
1987106580
1987106582
1987106583
1987106585
1987106588
1987106591
1987106592
1987106594
1987106595
1987106596
1987106597
1987106600
1987106602
1987106603
1987106605
1987106609
1987106610
1987106614
1987106615
1987106617
1987106618
1987106619
1987106622
1987106623
1987106626
1987106627
1987106628
1987106630
1987106631
1987106632
1987106634
1987106635
1987106637
1987106639
1987106640
1987106641
1987106642
1987106643
1987106644
1987106645
1987106646
1987106647
1987106648
1987106650
1987106651
1987106652
1987106653
1987106654
1987106655
1987106656
1987106658
1987106660
1987106662
1987106663
1987106664
1987106665
1987106667
1987106668
1987106669
1987106670
1987106671
1987106672
1987106673
1987106674
1987106675
1987106676
1987106678
1987106682
1987106684
1987106690
1987106691
1987106696
1987106697
1987106699
1987106700
1987106705
1987106707
1987106718
1987106722
1987106724
1987106726
1987106728
1987106733
1987106734
1987106737
1987106738
1987106740
1987106743
1987106745
1987106746
1987106750
1987106753
1987106755
1987106756
1987106757
1987106758
1987106759
1987106760
1987106761
1987106762
1987106763
1987106764
1987106765
1987106766
1987106767
1987106772
1987106773
1987106775
1987106779
1987106785
1987106789
1987106790
1987106791
1987106793
1987106794
1987106795
1987106801
1987106804
1987106805
1987106806
1987106808
1987106809
1987106810
1987106811
1987106812
1987106815
1987106816
1987106826
1987106827
1987106832
1987106838
1987106839
1987106840
1987106841
1987106842
1987106844
1987106845
1987106846
1987106847
1987106848
1987106849
1987106850
1987106851
1987106852
1987106854
1987106855
1987106858
1987106859
1987106861
1987106863
1987106864
1987106865
1987106871
1987106872
1987106873
1987106874
1987106877
1987106878
1987106879
1987106881
1987106882
1987106883
1987106885
1987106887
1987106888
1987106889
1987106891
1987106892
1987106895
1987106897
1987106898
1987106899
1987106900
1987106904
1987106905
1987106906
1987106907
1987106910
1987106911
1987106913
1987106916
1987106917
1987106921
1987106926
1987106927
1987106930
1987106933
1987106935
1987106936
1987106938
1987106939
1987106940
1987106942
1987106943
1987106944
1987106945
1987106949
1987106950
1987106951
1987106952
1987106953
1987106958
1987106962
1987106964
1987106965
1987106966
1987106967
1987106968
1987106970
1987106978
1987106980
1987106982
1987106984
1987106985
1987106996
1987106998
1987107002
1987107003
1987107010
1987107011
1987107018
1987107019
1987107020
1987107022
1987107025
1987107030
1987107032
1987107033
1987107034
1987107035
1987107038
1987107041
1987107042
1987107043
1987107045
1987107048
1987107052
1987107056
1987107058
1987107059
1987107060
1987107064
1987107066
1987107067
1987107069
1987107071
1987107073
1987107075
1987107076
1987107077
1987107079
1987107080
1987107081
1987107082
1987107083
1987107085
1987107088
1987107090
1987107097
1987107099
1987107103
1987107105
1987107107
1987107108
1987107109
1987107110
1987107114
1987107115
1987107118
1987107119
1987107121
1987107122
1987107125
1987107127
1987107128
1987107132
1987107134
1987107135
1987107136
1987107138
1987107139
1987107142
1987107145
1987107147
1987107148
1987107149
1987107150
1987107151
1987107152
1987107154
1987107155
1987107156
1987107157
1987107161
1987107162
1987107163
1987107164
1987107165
1987107167
1987107168
1987107170
1987107171
1987107172
1987107174
1987107176
1987107178
1987107179
1987107180
1987107182
1987107183
1987107184
1987107185
1987107186
1987107192
1987107198
1987107199
1987107201
1987107202
1987107203
1987107206
1987107207
1987107209
1987107210
1987107215
1987107216
1987107218
1987107219
1987107220
1987107223
1987107224
1987107225
1987107226
1987107229
1987107230
1987107231
1987107233
1987107234
1987107235
1987107236
1987107237
1987107243
1987107245
1987107248
1987107249
1987107250
1987107252
1987107253
1987107256
1987107261
1987107264
1987107268
1987107272
1987107275
1987107276
1987107283
1987107285
1987107286
1987107288
1987107292
1987107293
1987107294
1987107295
1987107297
1987107298
1987107300
1987107302
1987107305
1987107307
1987107310
1987107311
1987107312
1987107315
1987107316
1987107318
1987107321
1987107323
1987107325
1987107326
1987107328
1987107331
1987107332
1987107334
1987107335
1987107336
1987107337
1987107340
1987107341
1987107343
1987107345
1987107347
1987107354
1987107356
1987107358
1987107360
1987107361
1987107362
1987107363
1987107364
1987107367
1987107369
1987107374
1987107376
1987107379
1987107383
1987107384
1987107391
1987107394
1987107397
1987107399
1987107401
1987107412
1987107416
1987107417
1987107427
1987107428
1987107429
1987107431
1987107432
1987107433
1987107440
1987107441
1987107444
1987107445
1987107449
1987107450
1987107451
1987107452
1987107455
1987107456
1987107460
1987107461
1987107462
1987107463
1987107464
1987107467
1987107468
1987107469
1987107470
1987107471
1987107472
1987107473
1987107474
1987107475
1987107476
1987107477
1987107479
1987107481
1987107483
1987107484
1987107485
1987107486
1987107487
1987107488
1987107490
1987107491
1987107492
1987107493
1987107494
1987107496
1987107497
1987107498
1987107499
1987107501
1987107502
1987107503
1987107507
1987109000
1987109103
1987109106
1987109107
1987109108
1987109109
1987109110
1987109111
1987109112
1987109113
1987200001
1987200002
1987200003
1987200006
1987200009
1987200013
1987200015
1987200016
1987200017
1987200021
1987200024
1987200025
1987200029
1987200031
1987200034
1987200039
1987200044
1987200049
1987200054
1987200055
1987200057
1987200058
1987200059
1987200060
1987200061
1987200062
1987200066
1987200072
1987200074
1987200077
1987200079
1987200081
1987200082
1987200085
1987200086
1987200087
1987200091
1987200092
1987200093
1987500040
1987500043
1987500056
1987500057
1987500060
1987500071
1987500072
1987500073
1987500077
1987500081
1987500091
1987500107
1987500113
1987500116
1987500185
1987500222
1987500223
1987500228
1987500229
1987500237
1987500246
1987500247
1987500256
1987500258
1987500280
1987500287
1987500290
1987500294
1987500303
1987500337
1987500350
1987500392
1987500436
1987500455
1987500473
1987500479
1987500494
1987500514
1987500570
1987500600
1987500623
1987500638
1987500647
1987500695
1987500709
1987500720
1987500727
1987500730
1987500734
1987500767
1987500825
1987500834
1987500929
1987500972
1987501044
1987501045
1987501062
1987501114
1987501128
1987501130
1987501145
1987501149
1987501193
1987501212
1987501213
1987501219
1987501241
1987501253
1987501300
1987501307
1987501310
1987501345
1987501346
1987501351
1987501395
1987501437
1987501495
1987501517
1987501540
1987501570
1987501573
1987501580
1987501598
1987501600
1987501602
1987501603
1987501609
1987501633
1987501644
1987501657
1987501663
1987501664
1987501673
1987501682
1987501696
1987501721
1987501730
1987501742
1987501744
1987501754
1987501774
1987501809
1987501820
1987501822
1987501850
1987501867
1987501898
1987501906
1987501937
1987502020
1987502027
1987502096
1987502107
1987502125
1987502192
1987502272
1987502280
1987502339
1987502424
1987502478
1987502482
1987502488
1987502523
1987502611
1987502633
1987502727
1987502756
1987502760
1987502815
1987106043
