1988107894
1988107320
1988102339
1988107344
1988109108
1988105774
1988102419
1988100893
1988101334
1988100742
1988102734
1988107396
1988107357
1988106083
1988105653
1988107083
1988102243
1988101069
1988101025
1988104459
1988107444
1988104240
1988107314
1988101128
1988103261
1988102981
1988102965
1988107300
1988106095
1988107262
1988101476
1988100490
1988100498
1988107914
1988100647
1988106518
1988109110
1988107691
1988107334
1988101625
1988104724
1988100831
1988102444
1988104764
1988109109
1988105579
1988107363
1988105985
1988107913
1988103715
1988105320
1988107934
1988106097
1988104912
1988100852
1988106215
1988104330
1988105854
1988107901
1988106663
1988103129
1988107365
