1989106053
1989102331
1989108341
1989109101
1989106152
1989107262
1989109110
1989105174
1989102534
1989109107
1989109105
1989109102
1989100591
1989107919
1989105210
1989107363
1989108418
1989107848
1989101659
1989106462
1989107921
1989107818
1989108588
1989107950
1989107125
1989101365
1989108586
1989103785
1989102650
1989104995
1989104335
1989103386
1989107846
1989101390
1989106366
1989100602
1989103189
1989100199
1989104350
1989108514
1989107473
1989106950
1989107823
1989103908
1989102375
1989107842
1989106512
1989107925
1989107602
1989108599
1989104837
1989100713
1989100316
1989105513
1989108577
1989104490
1989107117
1989105260
1989100785
1989104796
1989104900
1989103049
1989104914
1989107799
1989102647
1989106748
1989101827
1989100816
1989105327
1989108541
1989100771
1989107268
1989107966
1989100767
1989107904
1989106741
1989106812
1989101361
1989107947
1989108205
1989107852
1989101909
1989101990
1989106035
1989107121
1989106596
1989108561
1989106472
1989105021
1989107941
1989102694
1989102140
1989107932
1989107965
1989105216
1989104569
1989104294
1989101985
1989107849
1989108596
1989102032
1989100310
1989102447
1989100488
1989101549
1989105165
1989102760
1989101194
1989107929
1989105251
1989104716
1989103551
1989101161
1989108544
1989107597
1989106995
1989107902
1989103062
1989108365
1989100546
1989106626
1989106041
1989101250
1989106224
1989103064
1989107880
1989100259
1989104499
1989100632
1989107894
1989108558
1989101021
1989107851
1989108570
1989106102
1989105844
1989101402
1989108373
1989100566
1989107901
1989108540
1989108580
1989108554
1989100357
1989107946
1989103027
1989102639
1989101919
1989100409
1989106473
1989104766
1989106809
1989105518
1989108578
1989106816
1989108615
1989103809
1989105069
1989101192
1989106244
1989105880
1989102702
1989102975
1989107200
