1990104638
1990105303
1990104626
1990104269
1990104501
1990109701
1990104521
1990105093
1990104462
1990101607
1990106921
1990104543
1990101569
1990109700
1990105877
1990104519
1990102468
1990109168
1990104389
1990105730
1990101922
1990103979
1990109706
1990102842
1990100610
1990106138
1990108511
1990105152
1990104600
1990106148
1990105947
1990104660
1990101940
1990104483
1990105398
1990107822
1990109208
1990104480
1990109129
1990102788
1990101889
1990109139
1990108918
1990104468
1990102992
1990104507
1990101989
1990109143
1990109138
1990104645
1990104577
1990105069
1990104798
1990106693
1990103949
1990109201
1990104643
1990103355
1990108898
1990107549
1990101981
1990102314
1990104647
1990104561
1990108111
1990105400
1990108333
1990108007
1990106611
1990100342
1990106156
1990109110
1990106513
