1991100001
1991100002
1991100003
1991100004
1991100005
1991100012
1991100014
1991100017
1991100019
1991100021
1991100022
1991100023
1991100024
1991100025
1991100026
1991100027
1991100030
1991100032
1991100035
1991100036
1991100038
1991100039
1991100042
1991100043
1991100044
1991100049
1991100050
1991100053
1991100055
1991100059
1991100060
1991100061
1991100064
1991100066
1991100070
1991100074
1991100075
1991100077
1991100080
1991100081
1991100082
1991100085
1991100087
1991100088
1991100091
1991100092
1991100093
1991100094
1991100098
1991100099
1991100100
1991100101
1991100104
1991100109
1991100113
1991100130
1991100138
1991100139
1991100140
1991100143
1991100145
1991100146
1991100149
1991100154
1991100155
1991100156
1991100164
1991100165
1991100166
1991100167
1991100168
1991100170
1991100179
1991100180
1991100183
1991100185
1991100189
1991100191
1991100193
1991100194
1991100195
1991100197
1991100202
1991100206
1991100220
1991100233
1991100235
1991100238
1991100239
1991100240
1991100242
1991100243
1991100245
1991100248
1991100249
1991100250
1991100251
1991100256
1991100259
1991100262
1991100264
1991100265
1991100266
1991100267
1991100268
1991100269
1991100270
1991100271
1991100272
1991100273
1991100274
1991100275
1991100278
1991100283
1991100284
1991100285
1991100287
1991100288
1991100290
1991100292
1991100293
1991100296
1991100298
1991100300
1991100303
1991100304
1991100307
1991100308
1991100311
1991100312
1991100313
1991100314
1991100316
1991100317
1991100318
1991100320
1991100321
1991100325
1991100326
1991100327
1991100328
1991100330
1991100331
1991100332
1991100333
1991100334
1991100338
1991100340
1991100341
1991100342
1991100343
1991100344
1991100345
1991100348
1991100349
1991100350
1991100351
1991100352
1991100353
1991100354
1991100356
1991100357
1991100358
1991100362
1991100363
1991100364
1991100365
1991100369
1991100370
1991100371
1991100372
1991100373
1991100374
1991100375
1991100377
1991100381
1991100382
1991100383
1991100384
1991100385
1991100388
1991100391
1991100392
1991100393
1991100394
1991100396
1991100397
1991100398
1991100399
1991100400
1991100403
1991100404
1991100410
1991100413
1991100415
1991100416
1991100420
1991100421
1991100422
1991100423
1991100425
1991100427
1991100429
1991100430
1991100431
1991100432
1991100437
1991100440
1991100442
1991100444
1991100447
1991100449
1991100450
1991100452
1991100453
1991100454
1991100455
1991100458
1991100459
1991100460
1991100461
1991100463
1991100466
1991100467
1991100468
1991100470
1991100471
1991100474
1991100475
1991100477
1991100478
1991100480
1991100483
1991100485
1991100486
1991100488
1991100495
1991100498
1991100499
1991100500
1991100505
1991100506
1991100507
1991100508
1991100509
1991100511
1991100513
1991100515
1991100517
1991100518
1991100519
1991100522
1991100523
1991100526
1991100528
1991100530
1991100532
1991100533
1991100534
1991100536
1991100540
1991100547
1991100548
1991100553
1991100554
1991100555
1991100556
1991100558
1991100559
1991100560
1991100561
1991100563
1991100564
1991100566
1991100569
1991100571
1991100573
1991100574
1991100575
1991100576
1991100581
1991100582
1991100583
1991100585
1991100588
1991100590
1991100591
1991100592
1991100593
1991100598
1991100600
1991100606
1991100607
1991100609
1991100610
1991100611
1991100612
1991100613
1991100615
1991100618
1991100619
1991100625
1991100627
1991100628
1991100629
1991100630
1991100634
1991100635
1991100636
1991100637
1991100639
1991100641
1991100642
1991100644
1991100645
1991100646
1991100648
1991100651
1991100652
1991100653
1991100654
1991100655
1991100656
1991100657
1991100658
1991100665
1991100666
1991100667
1991100668
1991100669
1991100672
1991100673
1991100674
1991100677
1991100679
1991100681
1991100682
1991100685
1991100686
1991100687
1991100688
1991100689
1991100691
1991100692
1991100693
1991100694
1991100696
1991100697
1991100698
1991100704
1991100705
1991100707
1991100708
1991100715
1991100716
1991100717
1991100718
1991100720
1991100722
1991100726
1991100730
1991100731
1991100732
1991100733
1991100735
1991100736
1991100739
1991100740
1991100741
1991100742
1991100743
1991100745
1991100746
1991100747
1991100749
1991100751
1991100753
1991100754
1991100755
1991100757
1991100759
1991100761
1991100763
1991100764
1991100766
1991100768
1991100770
1991100772
1991100774
1991100775
1991100776
1991100779
1991100780
1991100781
1991100783
1991100787
1991100788
1991100789
1991100790
1991100792
1991100794
1991100797
1991100800
1991100803
1991100805
1991100811
1991100814
1991100815
1991100816
1991100817
1991100821
1991100822
1991100823
1991100824
1991100825
1991100827
1991100828
1991100830
1991100832
1991100833
1991100834
1991100838
1991100839
1991100842
1991100845
1991100847
1991100848
1991100849
1991100851
1991100853
1991100855
1991100859
1991100860
1991100861
1991100862
1991100863
1991100865
1991100866
1991100867
1991100869
1991100870
1991100871
1991100872
1991100873
1991100875
1991100878
1991100879
1991100880
1991100881
1991100883
1991100885
1991100886
1991100887
1991100889
1991100890
1991100891
1991100892
1991100893
1991100895
1991100896
1991100897
1991100898
1991100901
1991100906
1991100908
1991100910
1991100911
1991100912
1991100913
1991100915
1991100916
1991100918
1991100919
1991100921
1991100922
1991100923
1991100924
1991100926
1991100927
1991100928
1991100929
1991100930
1991100931
1991100932
1991100933
1991100935
1991100936
1991100937
1991100938
1991100939
1991100940
1991100941
1991100942
1991100943
1991100944
1991100945
1991100947
1991100948
1991100949
1991100951
1991100953
1991100956
1991100957
1991100958
1991100959
1991100961
1991100966
1991100967
1991100968
1991100971
1991100974
1991100975
1991100976
1991100978
1991100979
1991100982
1991100985
1991100986
1991100988
1991100989
1991100990
1991100992
1991100993
1991100994
1991100997
1991100998
1991100999
1991101000
1991101001
1991101003
1991101006
1991101007
1991101009
1991101012
1991101013
1991101014
1991101015
1991101016
1991101017
1991101019
1991101024
1991101025
1991101026
1991101027
1991101028
1991101029
1991101030
1991101035
1991101036
1991101037
1991101040
1991101041
1991101042
1991101044
1991101046
1991101047
1991101048
1991101049
1991101050
1991101052
1991101053
1991101055
1991101056
1991101058
1991101060
1991101061
1991101062
1991101063
1991101064
1991101071
1991101072
1991101075
1991101076
1991101078
1991101079
1991101083
1991101084
1991101085
1991101088
1991101093
1991101094
1991101095
1991101097
1991101098
1991101099
1991101100
1991101102
1991101103
1991101104
1991101105
1991101106
1991101107
1991101108
1991101112
1991101114
1991101116
1991101119
1991101122
1991101124
1991101125
1991101126
1991101127
1991101128
1991101130
1991101132
1991101133
1991101134
1991101135
1991101137
1991101140
1991101142
1991101146
1991101155
1991101157
1991101158
1991101161
1991101162
1991101163
1991101168
1991101170
1991101172
1991101173
1991101174
1991101175
1991101176
1991101178
1991101179
1991101180
1991101181
1991101182
1991101183
1991101185
1991101186
1991101188
1991101189
1991101190
1991101193
1991101194
1991101196
1991101197
1991101199
1991101201
1991101202
1991101203
1991101204
1991101205
1991101207
1991101209
1991101218
1991101220
1991101221
1991101222
1991101224
1991101225
1991101226
1991101227
1991101229
1991101232
1991101234
1991101240
1991101241
1991101242
1991101245
1991101246
1991101248
1991101250
1991101252
1991101257
1991101258
1991101259
1991101262
1991101268
1991101269
1991101271
1991101273
1991101276
1991101278
1991101279
1991101282
1991101283
1991101285
1991101289
1991101290
1991101291
1991101292
1991101293
1991101294
1991101295
1991101297
1991101300
1991101303
1991101304
1991101306
1991101308
1991101309
1991101310
1991101314
1991101318
1991101319
1991101323
1991101325
1991101326
1991101327
1991101331
1991101332
1991101333
1991101338
1991101339
1991101340
1991101342
1991101343
1991101345
1991101346
1991101348
1991101350
1991101353
1991101358
1991101359
1991101361
1991101362
1991101363
1991101364
1991101365
1991101366
1991101367
1991101370
1991101371
1991101372
1991101373
1991101374
1991101375
1991101376
1991101377
1991101378
1991101379
1991101381
1991101386
1991101389
1991101394
1991101396
1991101398
1991101399
1991101400
1991101401
1991101402
1991101403
1991101406
1991101407
1991101408
1991101412
1991101413
1991101414
1991101415
1991101416
1991101417
1991101418
1991101419
1991101420
1991101421
1991101422
1991101424
1991101425
1991101426
1991101427
1991101428
1991101430
1991101432
1991101433
1991101435
1991101436
1991101437
1991101438
1991101440
1991101443
1991101445
1991101446
1991101448
1991101449
1991101450
1991101452
1991101453
1991101454
1991101455
1991101456
1991101460
1991101461
1991101462
1991101464
1991101465
1991101466
1991101467
1991101469
1991101471
1991101472
1991101473
1991101474
1991101475
1991101479
1991101481
1991101484
1991101485
1991101487
1991101488
1991101489
1991101490
1991101491
1991101492
1991101493
1991101494
1991101495
1991101496
1991101497
1991101504
1991101507
1991101509
1991101510
1991101511
1991101512
1991101514
1991101515
1991101517
1991101518
1991101519
1991101520
1991101522
1991101525
1991101526
1991101527
1991101528
1991101531
1991101535
1991101536
1991101538
1991101540
1991101543
1991101551
1991101553
1991101556
1991101558
1991101563
1991101565
1991101567
1991101569
1991101570
1991101571
1991101572
1991101573
1991101574
1991101575
1991101578
1991101581
1991101582
1991101584
1991101585
1991101589
1991101592
1991101594
1991101595
1991101598
1991101601
1991101602
1991101603
1991101607
1991101608
1991101610
1991101612
1991101614
1991101617
1991101619
1991101623
1991101624
1991101627
1991101628
1991101631
1991101635
1991101636
1991101637
1991101639
1991101641
1991101644
1991101645
1991101646
1991101648
1991101650
1991101651
1991101652
1991101653
1991101655
1991101659
1991101660
1991101661
1991101665
1991101666
1991101669
1991101680
1991101681
1991101687
1991101689
1991101690
1991101691
1991101694
1991101695
1991101696
1991101700
1991101701
1991101702
1991101703
1991101704
1991101705
1991101711
1991101713
1991101714
1991101715
1991101720
1991101724
1991101731
1991101732
1991101735
1991101739
1991101742
1991101743
1991101744
1991101748
1991101752
1991101754
1991101755
1991101757
1991101762
1991101763
1991101765
1991101766
1991101767
1991101768
1991101770
1991101771
1991101774
1991101779
1991101780
1991101786
1991101787
1991101792
1991101793
1991101794
1991101796
1991101797
1991101798
1991101803
1991101804
1991101808
1991101809
1991101813
1991101815
1991101816
1991101817
1991101828
1991101829
1991101830
1991101832
1991101837
1991101838
1991101840
1991101842
1991101843
1991101844
1991101845
1991101848
1991101849
1991101851
1991101852
1991101853
1991101855
1991101856
1991101857
1991101858
1991101860
1991101862
1991101864
1991101865
1991101866
1991101868
1991101871
1991101873
1991101875
1991101876
1991101877
1991101878
1991101880
1991101881
1991101882
1991101884
1991101886
1991101887
1991101888
1991101892
1991101893
1991101894
1991101895
1991101896
1991101898
1991101901
1991101902
1991101905
1991101906
1991101907
1991101908
1991101911
1991101914
1991101915
1991101916
1991101917
1991101919
1991101920
1991101921
1991101925
1991101927
1991101928
1991101929
1991101930
1991101932
1991101933
1991101934
1991101936
1991101937
1991101941
1991101944
1991101948
1991101950
1991101951
1991101952
1991101953
1991101954
1991101955
1991101958
1991101960
1991101962
1991101963
1991101965
1991101966
1991101970
1991101973
1991101974
1991101975
1991101976
1991101977
1991101980
1991101982
1991101983
1991101984
1991101986
1991101987
1991101990
1991101993
1991101994
1991101995
1991101996
1991101998
1991101999
1991102000
1991102001
1991102002
1991102004
1991102005
1991102009
1991102013
1991102015
1991102017
1991102020
1991102021
1991102022
1991102025
1991102026
1991102027
1991102028
1991102029
1991102030
1991102032
1991102035
1991102037
1991102038
1991102040
1991102041
1991102043
1991102044
1991102045
1991102053
1991102054
1991102061
1991102062
1991102064
1991102066
1991102068
1991102072
1991102073
1991102075
1991102082
1991102083
1991102086
1991102087
1991102088
1991102089
1991102090
1991102091
1991102093
1991102094
1991102096
1991102097
1991102098
1991102099
1991102100
1991102102
1991102104
1991102105
1991102107
1991102109
1991102110
1991102115
1991102116
1991102119
1991102120
1991102123
1991102124
1991102125
1991102128
1991102130
1991102131
1991102133
1991102134
1991102135
1991102137
1991102138
1991102139
1991102142
1991102143
1991102144
1991102147
1991102148
1991102149
1991102151
1991102157
1991102160
1991102163
1991102165
1991102166
1991102167
1991102168
1991102169
1991102172
1991102174
1991102179
1991102185
1991102186
1991102187
1991102188
1991102189
1991102192
1991102193
1991102194
1991102196
1991102206
1991102210
1991102214
1991102216
1991102217
1991102219
1991102221
1991102222
1991102228
1991102229
1991102231
1991102233
1991102238
1991102243
1991102244
1991102245
1991102251
1991102254
1991102255
1991102256
1991102258
1991102259
1991102260
1991102261
1991102263
1991102264
1991102265
1991102266
1991102272
1991102275
1991102276
1991102277
1991102279
1991102282
1991102285
1991102287
1991102291
1991102292
1991102293
1991102294
1991102295
1991102298
1991102299
1991102305
1991102308
1991102309
1991102310
1991102312
1991102313
1991102322
1991102324
1991102326
1991102328
1991102329
1991102333
1991102337
1991102339
1991102342
1991102343
1991102345
1991102356
1991102358
1991102361
1991102364
1991102365
1991102367
1991102371
1991102373
1991102374
1991102376
1991102380
1991102381
1991102383
1991102384
1991102385
1991102386
1991102387
1991102390
1991102394
1991102398
1991102399
1991102402
1991102404
1991102405
1991102406
1991102407
1991102411
1991102412
1991102419
1991102420
1991102423
1991102424
1991102425
1991102427
1991102429
1991102438
1991102439
1991102440
1991102441
1991102443
1991102444
1991102445
1991102446
1991102447
1991102448
1991102457
1991102458
1991102459
1991102461
1991102462
1991102463
1991102464
1991102466
1991102468
1991102471
1991102472
1991102475
1991102480
1991102482
1991102483
1991102485
1991102490
1991102491
1991102492
1991102495
1991102510
1991102511
1991102512
1991102517
1991102518
1991102519
1991102520
1991102525
1991102527
1991102530
1991102534
1991102536
1991102539
1991102540
1991102541
1991102545
1991102550
1991102555
1991102558
1991102559
1991102560
1991102565
1991102569
1991102572
1991102575
1991102576
1991102581
1991102582
1991102584
1991102586
1991102588
1991102589
1991102590
1991102594
1991102600
1991102607
1991102612
1991102614
1991102617
1991102619
1991102620
1991102622
1991102624
1991102625
1991102628
1991102629
1991102632
1991102633
1991102635
1991102636
1991102643
1991102645
1991102647
1991102649
1991102650
1991102652
1991102654
1991102658
1991102660
1991102661
1991102663
1991102664
1991102665
1991102667
1991102668
1991102670
1991102671
1991102674
1991102676
1991102677
1991102679
1991102680
1991102682
1991102684
1991102685
1991102691
1991102692
1991102700
1991102702
1991102703
1991102704
1991102706
1991102709
1991102711
1991102713
1991102716
1991102717
1991102729
1991102731
1991102732
1991102733
1991102735
1991102736
1991102738
1991102739
1991102740
1991102745
1991102746
1991102747
1991102748
1991102751
1991102753
1991102755
1991102757
1991102759
1991102760
1991102761
1991102762
1991102763
1991102764
1991102765
1991102766
1991102770
1991102772
1991102773
1991102774
1991102777
1991102778
1991102779
1991102781
1991102782
1991102783
1991102784
1991102785
1991102790
1991102791
1991102794
1991102795
1991102799
1991102801
1991102802
1991102805
1991102806
1991102807
1991102808
1991102817
1991102825
1991102826
1991102827
1991102829
1991102830
1991102832
1991102833
1991102834
1991102838
1991102839
1991102840
1991102841
1991102842
1991102844
1991102845
1991102846
1991102849
1991102851
1991102853
1991102854
1991102855
1991102857
1991102858
1991102860
1991102861
1991102862
1991102864
1991102870
1991102874
1991102876
1991102882
1991102883
1991102884
1991102885
1991102889
1991102891
1991102896
1991102899
1991102900
1991102901
1991102903
1991102904
1991102907
1991102908
1991102911
1991102912
1991102914
1991102915
1991102919
1991102920
1991102922
1991102923
1991102925
1991102926
1991102927
1991102928
1991102929
1991102931
1991102933
1991102935
1991102936
1991102938
1991102939
1991102941
1991102944
1991102945
1991102951
1991102952
1991102954
1991102955
1991102956
1991102957
1991102960
1991102962
1991102963
1991102964
1991102965
1991102971
1991102972
1991102973
1991102975
1991102976
1991102978
1991102979
1991102982
1991102983
1991102984
1991102993
1991102994
1991102996
1991102999
1991103000
1991103002
1991103005
1991103007
1991103016
1991103018
1991103022
1991103023
1991103024
1991103025
1991103026
1991103027
1991103029
1991103030
1991103032
1991103034
1991103036
1991103037
1991103038
1991103040
1991103041
1991103043
1991103044
1991103046
1991103047
1991103048
1991103050
1991103051
1991103052
1991103053
1991103054
1991103056
1991103057
1991103058
1991103059
1991103060
1991103061
1991103062
1991103064
1991103065
1991103066
1991103067
1991103068
1991103069
1991103071
1991103075
1991103076
1991103079
1991103080
1991103081
1991103084
1991103085
1991103087
1991103094
1991103095
1991103098
1991103101
1991103106
1991103109
1991103111
1991103113
1991103116
1991103117
1991103120
1991103123
1991103124
1991103126
1991103127
1991103130
1991103131
1991103132
1991103133
1991103134
1991103135
1991103136
1991103141
1991103143
1991103144
1991103146
1991103149
1991103150
1991103151
1991103152
1991103153
1991103154
1991103155
1991103157
1991103160
1991103161
1991103162
1991103163
1991103165
1991103166
1991103167
1991103168
1991103169
1991103170
1991103171
1991103172
1991103174
1991103175
1991103177
1991103178
1991103179
1991103181
1991103183
1991103185
1991103188
1991103189
1991103192
1991103193
1991103195
1991103199
1991103200
1991103201
1991103204
1991103206
1991103207
1991103208
1991103209
1991103219
1991103220
1991103221
1991103222
1991103224
1991103225
1991103226
1991103227
1991103228
1991103230
1991103231
1991103232
1991103233
1991103236
1991103239
1991103242
1991103243
1991103244
1991103245
1991103246
1991103249
1991103255
1991103257
1991103258
1991103259
1991103260
1991103264
1991103265
1991103267
1991103271
1991103273
1991103276
1991103277
1991103278
1991103282
1991103283
1991103284
1991103285
1991103286
1991103291
1991103294
1991103296
1991103297
1991103298
1991103299
1991103301
1991103302
1991103304
1991103310
1991103311
1991103313
1991103314
1991103315
1991103316
1991103317
1991103318
1991103319
1991103321
1991103323
1991103324
1991103326
1991103327
1991103329
1991103330
1991103331
1991103333
1991103335
1991103337
1991103341
1991103342
1991103343
1991103344
1991103346
1991103347
1991103348
1991103349
1991103350
1991103354
1991103355
1991103356
1991103357
1991103359
1991103360
1991103361
1991103362
1991103364
1991103365
1991103367
1991103369
1991103379
1991103380
1991103386
1991103388
1991103389
1991103392
1991103395
1991103397
1991103399
1991103400
1991103401
1991103402
1991103404
1991103406
1991103408
1991103411
1991103414
1991103415
1991103416
1991103417
1991103418
1991103419
1991103420
1991103422
1991103423
1991103424
1991103428
1991103433
1991103435
1991103441
1991103444
1991103447
1991103448
1991103449
1991103450
1991103451
1991103453
1991103454
1991103456
1991103457
1991103458
1991103459
1991103460
1991103461
1991103462
1991103463
1991103464
1991103465
1991103467
1991103469
1991103470
1991103472
1991103474
1991103476
1991103480
1991103481
1991103482
1991103483
1991103484
1991103485
1991103486
1991103487
1991103488
1991103489
1991103491
1991103492
1991103493
1991103494
1991103495
1991103496
1991103497
1991103498
1991103499
1991103501
1991103503
1991103508
1991103509
1991103513
1991103514
1991103515
1991103516
1991103518
1991103519
1991103521
1991103524
1991103526
1991103529
1991103531
1991103532
1991103533
1991103534
1991103535
1991103536
1991103537
1991103538
1991103539
1991103541
1991103542
1991103543
1991103544
1991103545
1991103547
1991103548
1991103549
1991103550
1991103551
1991103552
1991103553
1991103554
1991103555
1991103556
1991103557
1991103558
1991103559
1991103560
1991103561
1991103562
1991103563
1991103566
1991103569
1991103570
1991103575
1991103576
1991103577
1991103578
1991103579
1991103580
1991103583
1991103586
1991103588
1991103591
1991103592
1991103594
1991103595
1991103596
1991103597
1991103598
1991103599
1991103600
1991103601
1991103602
1991103603
1991103604
1991103605
1991103607
1991103608
1991103609
1991103610
1991103611
1991103614
1991103615
1991103616
1991103617
1991103618
1991103619
1991103620
1991103623
1991103624
1991103625
1991103627
1991103628
1991103629
1991103630
1991103633
1991103640
1991103641
1991103650
1991103651
1991103652
1991103654
1991103655
1991103656
1991103658
1991103659
1991103661
1991103663
1991103666
1991103668
1991103669
1991103670
1991103672
1991103675
1991103684
1991103685
1991103686
1991103687
1991103689
1991103694
1991103697
1991103701
1991103702
1991103704
1991103707
1991103710
1991103712
1991103713
1991103714
1991103716
1991103720
1991103724
1991103725
1991103727
1991103728
1991103729
1991103731
1991103732
1991103733
1991103734
1991103735
1991103736
1991103738
1991103743
1991103745
1991103747
1991103748
1991103749
1991103752
1991103755
1991103756
1991103757
1991103758
1991103759
1991103760
1991103761
1991103765
1991103768
1991103771
1991103774
1991103775
1991103776
1991103778
1991103779
1991103781
1991103782
1991103783
1991103785
1991103788
1991103789
1991103790
1991103792
1991103796
1991103798
1991103800
1991103802
1991103803
1991103804
1991103805
1991103806
1991103807
1991103808
1991103809
1991103811
1991103812
1991103813
1991103814
1991103816
1991103817
1991103818
1991103819
1991103820
1991103821
1991103822
1991103825
1991103826
1991103827
1991103829
1991103831
1991103832
1991103835
1991103836
1991103840
1991103841
1991103843
1991103845
1991103848
1991103851
1991103858
1991103859
1991103861
1991103862
1991103863
1991103865
1991103867
1991103869
1991103871
1991103872
1991103873
1991103875
1991103876
1991103878
1991103879
1991103883
1991103884
1991103887
1991103891
1991103892
1991103894
1991103897
1991103898
1991103899
1991103900
1991103903
1991103907
1991103908
1991103911
1991103913
1991103915
1991103916
1991103917
1991103918
1991103920
1991103921
1991103922
1991103923
1991103924
1991103925
1991103926
1991103929
1991103932
1991103937
1991103938
1991103939
1991103940
1991103941
1991103943
1991103945
1991103947
1991103948
1991103949
1991103950
1991103952
1991103954
1991103955
1991103956
1991103957
1991103958
1991103959
1991103960
1991103961
1991103962
1991103963
1991103965
1991103967
1991103969
1991103970
1991103972
1991103973
1991103974
1991103975
1991103976
1991103977
1991103978
1991103982
1991103983
1991103984
1991103989
1991103993
1991103996
1991103998
1991104001
1991104002
1991104003
1991104007
1991104016
1991104017
1991104019
1991104021
1991104023
1991104025
1991104026
1991104027
1991104028
1991104036
1991104040
1991104043
1991104044
1991104046
1991104047
1991104049
1991104050
1991104051
1991104052
1991104055
1991104057
1991104059
1991104060
1991104062
1991104067
1991104070
1991104075
1991104076
1991104080
1991104081
1991104084
1991104085
1991104086
1991104090
1991104092
1991104093
1991104095
1991104096
1991104098
1991104101
1991104107
1991104108
1991104111
1991104112
1991104113
1991104114
1991104116
1991104120
1991104123
1991104126
1991104127
1991104129
1991104131
1991104133
1991104138
1991104139
1991104140
1991104141
1991104142
1991104143
1991104146
1991104147
1991104152
1991104153
1991104154
1991104156
1991104160
1991104161
1991104162
1991104163
1991104164
1991104165
1991104167
1991104168
1991104170
1991104171
1991104172
1991104175
1991104177
1991104179
1991104183
1991104186
1991104187
1991104188
1991104189
1991104190
1991104191
1991104192
1991104196
1991104198
1991104199
1991104200
1991104205
1991104206
1991104207
1991104208
1991104210
1991104214
1991104216
1991104218
1991104220
1991104225
1991104228
1991104230
1991104231
1991104232
1991104233
1991104235
1991104240
1991104241
1991104242
1991104243
1991104244
1991104247
1991104248
1991104249
1991104251
1991104252
1991104253
1991104254
1991104257
1991104260
1991104264
1991104268
1991104271
1991104273
1991104274
1991104278
1991104297
1991104312
1991104323
1991104325
1991104329
1991104338
1991104339
1991104342
1991104346
1991104348
1991104350
1991104355
1991104359
1991104360
1991104365
1991104369
1991104373
1991104374
1991104375
1991104376
1991104377
1991104379
1991104381
1991104384
1991104385
1991104386
1991104387
1991104392
1991104394
1991104395
1991104398
1991104401
1991104402
1991104403
1991104413
1991104416
1991104421
1991104422
1991104427
1991104432
1991104433
1991104441
1991104448
1991104449
1991104450
1991104451
1991104453
1991104454
1991104455
1991104456
1991104457
1991104458
1991104459
1991104462
1991104465
1991104472
1991104480
1991104484
1991104497
1991104500
1991104502
1991104503
1991104504
1991104507
1991104508
1991104509
1991104510
1991104511
1991104512
1991104513
1991104518
1991104520
1991104521
1991104522
1991104523
1991104525
1991104527
1991104528
1991104530
1991104532
1991104533
1991104537
1991104538
1991104540
1991104543
1991104548
1991104549
1991104550
1991104551
1991104553
1991104555
1991104556
1991104557
1991104558
1991104559
1991104561
1991104563
1991104565
1991104569
1991104571
1991104572
1991104576
1991104577
1991104578
1991104580
1991104582
1991104589
1991104591
1991104592
1991104593
1991104594
1991104596
1991104598
1991104605
1991104607
1991104609
1991104612
1991104613
1991104618
1991104622
1991104623
1991104625
1991104626
1991104630
1991104631
1991104632
1991104633
1991104634
1991104635
1991104636
1991104639
1991104642
1991104646
1991104647
1991104650
1991104653
1991104654
1991104655
1991104660
1991104664
1991104665
1991104668
1991104670
1991104673
1991104675
1991104678
1991104680
1991104682
1991104683
1991104684
1991104687
1991104688
1991104690
1991104691
1991104692
1991104693
1991104694
1991104695
1991104697
1991104698
1991104701
1991104702
1991104705
1991104709
1991104711
1991104714
1991104715
1991104716
1991104717
1991104718
1991104719
1991104720
1991104722
1991104723
1991104724
1991104725
1991104726
1991104728
1991104729
1991104731
1991104734
1991104737
1991104738
1991104739
1991104742
1991104743
1991104744
1991104746
1991104748
1991104749
1991104750
1991104751
1991104753
1991104755
1991104756
1991104757
1991104758
1991104759
1991104761
1991104762
1991104764
1991104765
1991104766
1991104768
1991104769
1991104771
1991104776
1991104779
1991104781
1991104782
1991104786
1991104787
1991104790
1991104794
1991104796
1991104797
1991104799
1991104803
1991104805
1991104806
1991104814
1991104815
1991104817
1991104819
1991104820
1991104824
1991104825
1991104828
1991104830
1991104833
1991104834
1991104835
1991104836
1991104837
1991104838
1991104840
1991104842
1991104844
1991104845
1991104848
1991104850
1991104851
1991104852
1991104854
1991104855
1991104856
1991104857
1991104860
1991104863
1991104865
1991104866
1991104869
1991104871
1991104874
1991104875
1991104876
1991104877
1991104878
1991104882
1991104884
1991104885
1991104886
1991104888
1991104889
1991104890
1991104892
1991104893
1991104896
1991104898
1991104906
1991104907
1991104909
1991104910
1991104911
1991104913
1991104916
1991104917
1991104919
1991104920
1991104922
1991104923
1991104924
1991104925
1991104927
1991104928
1991104930
1991104931
1991104932
1991104935
1991104936
1991104938
1991104939
1991104942
1991104946
1991104947
1991104948
1991104950
1991104951
1991104955
1991104956
1991104957
1991104958
1991104961
1991104963
1991104964
1991104966
1991104967
1991104968
1991104969
1991104974
1991104975
1991104979
1991104980
1991104981
1991104983
1991104985
1991104986
1991104987
1991104989
1991104998
1991105000
1991105001
1991105002
1991105003
1991105004
1991105005
1991105006
1991105007
1991105008
1991105009
1991105010
1991105012
1991105013
1991105014
1991105015
1991105016
1991105018
1991105019
1991105020
1991105022
1991105023
1991105025
1991105027
1991105028
1991105029
1991105030
1991105031
1991105032
1991105033
1991105034
1991105038
1991105039
1991105045
1991105046
1991105049
1991105051
1991105053
1991105056
1991105057
1991105058
1991105059
1991105061
1991105062
1991105065
1991105066
1991105067
1991105068
1991105069
1991105070
1991105074
1991105075
1991105077
1991105079
1991105080
1991105081
1991105086
1991105087
1991105088
1991105090
1991105092
1991105093
1991105095
1991105096
1991105099
1991105107
1991105109
1991105110
1991105115
1991105119
1991105121
1991105123
1991105125
1991105129
1991105135
1991105137
1991105138
1991105141
1991105142
1991105144
1991105147
1991105148
1991105151
1991105154
1991105155
1991105156
1991105158
1991105160
1991105162
1991105163
1991105166
1991105170
1991105173
1991105174
1991105175
1991105178
1991105179
1991105182
1991105185
1991105187
1991105188
1991105191
1991105192
1991105193
1991105194
1991105195
1991105197
1991105198
1991105203
1991105211
1991105214
1991105217
1991105219
1991105222
1991105227
1991105230
1991105235
1991105236
1991105237
1991105238
1991105245
1991105246
1991105247
1991105249
1991105251
1991105252
1991105256
1991105257
1991105260
1991105261
1991105265
1991105266
1991105268
1991105270
1991105271
1991105272
1991105273
1991105274
1991105277
1991105279
1991105280
1991105285
1991105287
1991105288
1991105289
1991105290
1991105291
1991105292
1991105294
1991105295
1991105296
1991105297
1991105302
1991105306
1991105307
1991105308
1991105310
1991105311
1991105313
1991105317
1991105323
1991105324
1991105328
1991105329
1991105330
1991105335
1991105340
1991105344
1991105345
1991105346
1991105348
1991105352
1991105358
1991105360
1991105369
1991105370
1991105371
1991105372
1991105373
1991105374
1991105377
1991105378
1991105379
1991105380
1991105381
1991105382
1991105383
1991105384
1991105388
1991105389
1991105390
1991105391
1991105392
1991105394
1991105395
1991105397
1991105401
1991105402
1991105404
1991105406
1991105407
1991105409
1991105410
1991105411
1991105412
1991105413
1991105414
1991105416
1991105417
1991105420
1991105421
1991105422
1991105429
1991105432
1991105434
1991105438
1991105439
1991105440
1991105441
1991105442
1991105444
1991105446
1991105447
1991105454
1991105456
1991105457
1991105458
1991105459
1991105460
1991105461
1991105463
1991105465
1991105466
1991105468
1991105470
1991105472
1991105474
1991105475
1991105477
1991105479
1991105480
1991105481
1991105482
1991105483
1991105484
1991105485
1991105487
1991105488
1991105490
1991105491
1991105496
1991105497
1991105499
1991105501
1991105502
1991105504
1991105506
1991105507
1991105510
1991105511
1991105512
1991105513
1991105514
1991105515
1991105517
1991105523
1991105527
1991105531
1991105533
1991105534
1991105535
1991105538
1991105542
1991105543
1991105544
1991105546
1991105548
1991105551
1991105555
1991105556
1991105557
1991105561
1991105562
1991105564
1991105567
1991105569
1991105571
1991105572
1991105574
1991105576
1991105579
1991105580
1991105582
1991105583
1991105584
1991105587
1991105590
1991105592
1991105598
1991105600
1991105601
1991105603
1991105604
1991105606
1991105609
1991105613
1991105614
1991105615
1991105616
1991105617
1991105618
1991105619
1991105621
1991105622
1991105623
1991105626
1991105631
1991105632
1991105633
1991105637
1991105641
1991105642
1991105643
1991105645
1991105646
1991105647
1991105649
1991105651
1991105652
1991105654
1991105655
1991105656
1991105659
1991105660
1991105663
1991105665
1991105670
1991105671
1991105672
1991105673
1991105674
1991105675
1991105676
1991105677
1991105678
1991105679
1991105681
1991105682
1991105684
1991105685
1991105688
1991105691
1991105693
1991105697
1991105698
1991105699
1991105700
1991105701
1991105703
1991105704
1991105705
1991105706
1991105708
1991105709
1991105710
1991105711
1991105716
1991105721
1991105722
1991105725
1991105733
1991105735
1991105736
1991105741
1991105743
1991105746
1991105750
1991105754
1991105757
1991105759
1991105761
1991105765
1991105766
1991105767
1991105769
1991105771
1991105774
1991105775
1991105776
1991105781
1991105782
1991105785
1991105788
1991105789
1991105792
1991105795
1991105798
1991105799
1991105803
1991105805
1991105806
1991105809
1991105811
1991105813
1991105818
1991105820
1991105821
1991105823
1991105825
1991105826
1991105827
1991105829
1991105830
1991105838
1991105841
1991105842
1991105847
1991105849
1991105850
1991105854
1991105857
1991105859
1991105861
1991105862
1991105863
1991105864
1991105867
1991105868
1991105870
1991105871
1991105873
1991105874
1991105877
1991105883
1991105885
1991105886
1991105889
1991105890
1991105891
1991105892
1991105893
1991105894
1991105900
1991105901
1991105905
1991105906
1991105907
1991105908
1991105909
1991105914
1991105916
1991105918
1991105919
1991105923
1991105924
1991105928
1991105930
1991105932
1991105934
1991105935
1991105936
1991105937
1991105939
1991105940
1991105941
1991105942
1991105943
1991105944
1991105945
1991105946
1991105948
1991105949
1991105955
1991105956
1991105957
1991105959
1991105962
1991105963
1991105964
1991105965
1991105967
1991105971
1991105972
1991105973
1991105975
1991105979
1991105980
1991105981
1991105983
1991105985
1991105987
1991105989
1991105992
1991105994
1991105995
1991105997
1991105998
1991106000
1991106004
1991106005
1991106008
1991106009
1991106012
1991106013
1991106014
1991106015
1991106019
1991106020
1991106023
1991106025
1991106026
1991106028
1991106029
1991106031
1991106034
1991106035
1991106036
1991106037
1991106039
1991106040
1991106041
1991106043
1991106044
1991106045
1991106047
1991106048
1991106052
1991106055
1991106056
1991106058
1991106060
1991106063
1991106064
1991106065
1991106067
1991106068
1991106071
1991106073
1991106075
1991106076
1991106079
1991106080
1991106083
1991106084
1991106085
1991106086
1991106088
1991106091
1991106092
1991106094
1991106097
1991106098
1991106100
1991106101
1991106104
1991106105
1991106106
1991106107
1991106108
1991106110
1991106111
1991106112
1991106116
1991106117
1991106137
1991106139
1991106140
1991106143
1991106161
1991106164
1991106165
1991106167
1991106168
1991106174
1991106175
1991106177
1991106178
1991106179
1991106180
1991106184
1991106185
1991106188
1991106192
1991106193
1991106194
1991106195
1991106197
1991106200
1991106206
1991106207
1991106210
1991106215
1991106216
1991106217
1991106221
1991106226
1991106228
1991106230
1991106231
1991106232
1991106237
1991106238
1991106239
1991106240
1991106242
1991106243
1991106247
1991106248
1991106252
1991106253
1991106257
1991106260
1991106265
1991106267
1991106276
1991106279
1991106283
1991106284
1991106285
1991106287
1991106291
1991106292
1991106293
1991106294
1991106295
1991106296
1991106298
1991106299
1991106300
1991106304
1991106305
1991106308
1991106314
1991106315
1991106318
1991106324
1991106325
1991106328
1991106330
1991106331
1991106332
1991106334
1991106336
1991106337
1991106338
1991106339
1991106343
1991106344
1991106346
1991106349
1991106351
1991106354
1991106356
1991106357
1991106360
1991106361
1991106366
1991106370
1991106371
1991106372
1991106373
1991106375
1991106376
1991106379
1991106382
1991106383
1991106386
1991106388
1991106391
1991106395
1991106396
1991106399
1991106400
1991106401
1991106404
1991106406
1991106409
1991106410
1991106416
1991106418
1991106420
1991106421
1991106425
1991106428
1991106430
1991106436
1991106447
1991106448
1991106451
1991106453
1991106457
1991106468
1991106470
1991106477
1991106478
1991106480
1991106487
1991106488
1991106490
1991106494
1991106495
1991106496
1991106497
1991106499
1991106503
1991106504
1991106505
1991106507
1991106509
1991106511
1991106514
1991106519
1991106520
1991106522
1991106523
1991106526
1991106531
1991106552
1991106553
1991106554
1991106555
1991106557
1991106561
1991106562
1991106563
1991106564
1991106565
1991106571
1991106575
1991106577
1991106580
1991106584
1991106585
1991106586
1991106588
1991106589
1991106597
1991106598
1991106599
1991106601
1991106602
1991106603
1991106604
1991106609
1991106611
1991106614
1991106618
1991106619
1991106621
1991106623
1991106624
1991106625
1991106626
1991106627
1991106628
1991106629
1991106630
1991106631
1991106632
1991106634
1991106636
1991106637
1991106638
1991106639
1991106640
1991106642
1991106643
1991106644
1991106646
1991106648
1991106649
1991106650
1991106651
1991106652
1991106653
1991106655
1991106656
1991106657
1991106659
1991106660
1991106661
1991106662
1991106663
1991106664
1991106666
1991106669
1991106671
1991106672
1991106675
1991106676
1991106677
1991106678
1991106679
1991106682
1991106683
1991106684
1991106685
1991106687
1991106688
1991106690
1991106692
1991106693
1991106694
1991106696
1991106699
1991106701
1991106702
1991106707
1991106709
1991106710
1991106711
1991106712
1991106713
1991106714
1991106716
1991106717
1991106718
1991106719
1991106721
1991106723
1991106724
1991106725
1991106726
1991106728
1991106731
1991106732
1991106733
1991106734
1991106736
1991106737
1991106738
1991106741
1991106742
1991106746
1991106748
1991106749
1991106750
1991106751
1991106752
1991106753
1991106755
1991106756
1991106757
1991106760
1991106768
1991106769
1991106770
1991106771
1991106775
1991106778
1991106782
1991106783
1991106784
1991106785
1991106788
1991106790
1991106799
1991106802
1991106804
1991106807
1991106808
1991106810
1991106811
1991106813
1991106816
1991106817
1991106819
1991106824
1991106825
1991106828
1991106829
1991106837
1991106839
1991106842
1991106843
1991106845
1991106852
1991106853
1991106854
1991106858
1991106859
1991106860
1991106861
1991106862
1991106864
1991106865
1991106866
1991106867
1991106868
1991106869
1991106870
1991106871
1991106872
1991106873
1991106874
1991106876
1991106877
1991106879
1991106880
1991106881
1991106882
1991106883
1991106884
1991106885
1991106887
1991106888
1991106889
1991106891
1991106892
1991106893
1991106894
1991106895
1991106897
1991106898
1991106899
1991106900
1991106901
1991106902
1991106904
1991106905
1991106906
1991106907
1991106908
1991106909
1991106910
1991106914
1991106915
1991106916
1991106917
1991106918
1991106919
1991106920
1991106922
1991106923
1991106925
1991106927
1991106928
1991106929
1991106930
1991106932
1991106933
1991106934
1991106936
1991106938
1991106939
1991106940
1991106941
1991106942
1991106943
1991106944
1991106945
1991106946
1991106948
1991106949
1991106950
1991106951
1991106952
1991106953
1991106954
1991106955
1991106956
1991106957
1991106958
1991106959
1991106961
1991106962
1991106963
1991106964
1991106965
1991106967
1991106968
1991106969
1991106970
1991106971
1991106973
1991106974
1991106975
1991106976
1991106978
1991106979
1991106981
1991106984
1991106985
1991106986
1991106987
1991106988
1991106990
1991106992
1991106993
1991106994
1991106995
1991106996
1991106997
1991106999
1991107000
1991107001
1991107002
1991107003
1991107005
1991107006
1991107008
1991107009
1991107010
1991107011
1991107013
1991107015
1991107016
1991107017
1991107018
1991107020
1991107021
1991107022
1991107023
1991107025
1991107026
1991107027
1991107029
1991107030
1991107031
1991107032
1991107033
1991107034
1991107036
1991107038
1991107040
1991107041
1991107042
1991107043
1991107044
1991107046
1991107047
1991107048
1991107049
1991107050
1991107051
1991107052
1991107053
1991107054
1991107055
1991107056
1991107057
1991107058
1991107059
1991107060
1991107061
1991107062
1991107063
1991107064
1991107065
1991107066
1991107067
1991107068
1991107069
1991107070
1991107071
1991107072
1991107073
1991107074
1991107075
1991107076
1991107077
1991107078
1991107079
1991107080
1991107081
1991107082
1991107083
1991107089
1991107091
1991107093
1991107094
1991107095
1991107098
1991107099
1991107101
1991107102
1991107103
1991107104
1991107106
1991107107
1991107109
1991107110
1991107112
1991107114
1991107115
1991107117
1991107124
1991107125
1991107126
1991107127
1991107131
1991107133
1991107135
1991107138
1991107140
1991107142
1991107143
1991107145
1991107148
1991107149
1991107153
1991107156
1991107158
1991107159
1991107161
1991107162
1991107163
1991107165
1991107166
1991107167
1991107168
1991107180
1991107182
1991107183
1991107185
1991107192
1991107193
1991107195
1991107201
1991107204
1991107208
1991107210
1991107211
1991107213
1991107228
1991107241
1991107244
1991107248
1991107249
1991107250
1991107252
1991107253
1991107257
1991107258
1991107260
1991107262
1991107264
1991107266
1991107267
1991107268
1991107270
1991107271
1991107273
1991107275
1991107277
1991107284
1991107290
1991107295
1991107296
1991107297
1991107306
1991107309
1991107310
1991107313
1991107314
1991107317
1991107319
1991107326
1991107327
1991107342
1991107345
1991107346
1991107349
1991107350
1991107355
1991107356
1991107358
1991107359
1991107371
1991107380
1991107381
1991107384
1991107388
1991107390
1991107391
1991107392
1991107395
1991107396
1991107397
1991107399
1991107403
1991107408
1991107411
1991107413
1991107414
1991107416
1991107431
1991107435
1991107443
1991107446
1991107459
1991107461
1991107465
1991107466
1991107473
1991107476
1991107486
1991107488
1991107489
1991107498
1991107499
1991107500
1991107501
1991107502
1991107503
1991107507
1991107508
1991107509
1991107512
1991107514
1991107523
1991107525
1991107538
1991107539
1991107541
1991107545
1991107551
1991107553
1991107554
1991107555
1991107556
1991107559
1991107560
1991107561
1991107562
1991107563
1991107566
1991107568
1991107569
1991107573
1991107577
1991107578
1991107579
1991107581
1991107583
1991107584
1991107586
1991107589
1991107590
1991107591
1991107592
1991107594
1991107595
1991107596
1991107597
1991107598
1991107602
1991107603
1991107604
1991107605
1991107607
1991107610
1991107613
1991107614
1991107615
1991107616
1991107617
1991107618
1991107626
1991107627
1991107628
1991107630
1991107631
1991107632
1991107635
1991107636
1991107645
1991107646
1991107647
1991107648
1991107649
1991107650
1991107653
1991107654
1991107655
1991107656
1991107658
1991107659
1991107660
1991107662
1991107663
1991107664
1991107665
1991107667
1991107668
1991107669
1991107670
1991107674
1991107679
1991107681
1991107682
1991107685
1991107686
1991107687
1991107688
1991107689
1991107696
1991107698
1991107699
1991107700
1991107702
1991107703
1991107704
1991107705
1991107707
1991107709
1991107710
1991107712
1991107713
1991107715
1991107723
1991107725
1991107727
1991107728
1991107730
1991107739
1991107745
1991107746
1991107748
1991107750
1991107756
1991107758
1991107760
1991107762
1991107763
1991107765
1991107767
1991107769
1991107775
1991107780
1991107781
1991107783
1991107784
1991107785
1991107786
1991107787
1991107789
1991107791
1991107792
1991107795
1991107796
1991107797
1991107799
1991107800
1991107801
1991107802
1991107803
1991107804
1991107805
1991107808
1991107809
1991107810
1991107814
1991107816
1991107818
1991107820
1991107822
1991107824
1991107825
1991107829
1991107830
1991107833
1991107834
1991107837
1991107838
1991107839
1991107840
1991107841
1991107842
1991107843
1991107844
1991107849
1991107850
1991107851
1991107853
1991107854
1991107855
1991107858
1991107860
1991107862
1991107867
1991107868
1991107870
1991107871
1991107874
1991107875
1991107877
1991107887
1991107890
1991107893
1991107894
1991107895
1991107896
1991107898
1991107901
1991107903
1991107904
1991107905
1991107912
1991107913
1991107923
1991107925
1991107926
1991107929
1991107930
1991107931
1991107934
1991107937
1991107940
1991107944
1991107946
1991107950
1991107954
1991107955
1991107957
1991107958
1991107959
1991107962
1991107963
1991107968
1991107969
1991107972
1991107977
1991107978
1991107979
1991107981
1991107982
1991107983
1991107984
1991107985
1991107986
1991107987
1991107988
1991107992
1991107994
1991108001
1991108004
1991108006
1991108007
1991108008
1991108009
1991108010
1991108011
1991108012
1991108014
1991108016
1991108018
1991108025
1991108026
1991108027
1991108029
1991108030
1991108034
1991108035
1991108036
1991108038
1991108039
1991108040
1991108041
1991108044
1991108048
1991108051
1991108053
1991108054
1991108055
1991108058
1991108059
1991108060
1991108062
1991108064
1991108065
1991108066
1991108071
1991108072
1991108073
1991108075
1991108076
1991108077
1991108079
1991108081
1991108082
1991108084
1991108086
1991108087
1991108088
1991108089
1991108096
1991108097
1991108101
1991108108
1991108111
1991108113
1991108114
1991108117
1991108119
1991108122
1991108126
1991108129
1991108130
1991108131
1991108136
1991108138
1991108140
1991108142
1991108143
1991108145
1991108148
1991108149
1991108151
1991108154
1991108157
1991108158
1991108161
1991108163
1991108164
1991108165
1991108167
1991108171
1991108173
1991108174
1991108175
1991108177
1991108178
1991108179
1991108180
1991108181
1991108182
1991108184
1991108185
1991108186
1991108187
1991108188
1991108192
1991108196
1991108198
1991108200
1991108201
1991108202
1991108203
1991108204
1991108206
1991108207
1991108208
1991108209
1991108210
1991108211
1991108213
1991108214
1991108215
1991108218
1991108219
1991108221
1991108223
1991108228
1991108230
1991108232
1991108235
1991108236
1991108237
1991108239
1991108240
1991108241
1991108242
1991108243
1991108244
1991108247
1991108248
1991108250
1991108253
1991108254
1991108255
1991108257
1991108258
1991108261
1991108264
1991108266
1991108267
1991108270
1991108271
1991108272
1991108273
1991108274
1991108277
1991108278
1991108279
1991108281
1991108282
1991108284
1991108285
1991108287
1991108288
1991108290
1991108293
1991108295
1991108298
1991108299
1991108300
1991108301
1991108303
1991108304
1991108308
1991108311
1991108312
1991108315
1991108316
1991108319
1991108320
1991108321
1991108325
1991108328
1991108331
1991108332
1991108337
1991108339
1991108341
1991108342
1991108343
1991108344
1991108348
1991108349
1991108351
1991108353
1991108355
1991108358
1991108360
1991108361
1991108365
1991108368
1991108372
1991108375
1991108376
1991108377
1991108379
1991108382
1991108383
1991108384
1991108387
1991108390
1991108391
1991108395
1991108396
1991108399
1991108402
1991108416
1991108417
1991108418
1991108420
1991108421
1991108423
1991108425
1991108429
1991108430
1991108432
1991108434
1991108435
1991108438
1991108441
1991108445
1991108446
1991108447
1991108450
1991108453
1991108454
1991108458
1991108460
1991108462
1991108465
1991108467
1991108469
1991108470
1991108471
1991108473
1991108474
1991108477
1991108481
1991108482
1991108486
1991108487
1991108489
1991108490
1991108494
1991108496
1991108497
1991108501
1991108503
1991108504
1991108506
1991108509
1991108512
1991108515
1991108518
1991108520
1991108522
1991108526
1991108530
1991108532
1991108534
1991108537
1991108538
1991108540
1991108541
1991108543
1991108546
1991108547
1991108551
1991108552
1991108553
1991108555
1991108556
1991108557
1991108558
1991108559
1991108562
1991108567
1991108568
1991108569
1991108570
1991108573
1991108575
1991108576
1991108577
1991108579
1991108580
1991108581
1991108583
1991108584
1991108586
1991108588
1991108591
1991108592
1991108593
1991108594
1991108597
1991108598
1991108599
1991108605
1991108606
1991108609
1991108611
1991108615
1991108616
1991108617
1991108618
1991108621
1991108624
1991108628
1991108629
1991108630
1991108631
1991108632
1991108633
1991108636
1991108640
1991108641
1991108643
1991108644
1991108646
1991108647
1991108648
1991108650
1991108651
1991108653
1991108654
1991108656
1991108662
1991108663
1991108669
1991108671
1991108674
1991108675
1991108677
1991108679
1991108680
1991108685
1991108686
1991108690
1991108691
1991108692
1991108693
1991108694
1991108695
1991108696
1991108697
1991108698
1991108700
1991108701
1991108702
1991108703
1991108706
1991108708
1991108710
1991108713
1991108714
1991108716
1991108721
1991108722
1991108724
1991108725
1991108729
1991108730
1991108731
1991108733
1991108734
1991108735
1991108736
1991108739
1991108741
1991108742
1991108745
1991108746
1991108750
1991108752
1991108753
1991108755
1991108756
1991108757
1991108759
1991108763
1991108764
1991108766
1991108769
1991108770
1991108771
1991108773
1991108778
1991108779
1991108781
1991108783
1991108785
1991108787
1991108789
1991108790
1991108791
1991108795
1991108796
1991108797
1991108798
1991108800
1991108802
1991108803
1991108804
1991108805
1991108806
1991108810
1991108812
1991108813
1991108815
1991108817
1991108818
1991108820
1991108822
1991108824
1991108825
1991108826
1991108827
1991108828
1991108829
1991108830
1991108831
1991108832
1991108834
1991108835
1991108837
1991108839
1991108840
1991108841
1991108843
1991108844
1991108845
1991108846
1991108850
1991108851
1991108859
1991108860
1991108861
1991108867
1991108868
1991108869
1991108870
1991108871
1991108872
1991108873
1991108875
1991108876
1991108879
1991108881
1991108882
1991108883
1991108884
1991108887
1991108888
1991108889
1991108890
1991108891
1991108893
1991108894
1991108895
1991108896
1991108897
1991108898
1991108899
1991108900
1991108901
1991108902
1991108903
1991108904
1991108905
1991108906
1991108907
1991108908
1991108909
1991108910
1991108911
1991108916
1991108917
1991108919
1991108922
1991108923
1991108924
1991108925
1991108927
1991108928
1991108930
1991108933
1991108934
1991108935
1991108938
1991108940
1991108941
1991108945
1991108946
1991108948
1991108949
1991108956
1991108957
1991108958
1991108959
1991108960
1991108961
1991108963
1991108965
1991108968
1991108970
1991108972
1991108973
1991108974
1991108975
1991108976
1991108977
1991108978
1991108979
1991108980
1991108981
1991108982
1991108983
1991108984
1991108985
1991108987
1991108993
1991108994
1991108998
1991109001
1991109004
1991109007
1991109010
1991109015
1991109017
1991109019
1991109020
1991109022
1991109026
1991109031
1991109032
1991109033
1991109034
1991109035
1991109036
1991109037
1991109038
1991109039
1991109040
1991109042
1991109044
1991109045
1991109049
1991109052
1991109053
1991109055
1991109056
1991109059
1991109062
1991109063
1991109065
1991109066
1991109067
1991109075
1991109076
1991109077
1991109079
1991109080
1991109081
1991109083
1991109086
1991109087
1991109090
1991109091
1991109092
1991109093
1991109095
1991109096
1991109097
1991109098
1991109105
1991109111
1991109113
1991109117
1991109118
1991109119
1991109120
1991109121
1991109122
1991109127
1991109128
1991109129
1991109132
1991109134
1991109135
1991109139
1991109141
1991109142
1991109144
1991109147
1991109148
1991109149
1991109151
1991109152
1991109153
1991109155
1991109158
1991109159
1991109160
1991109161
1991109163
1991109165
1991109167
1991109172
1991109173
1991109174
1991109177
1991109178
1991109179
1991109180
1991109181
1991109182
1991109184
1991109187
1991109188
1991109190
1991109191
1991109192
1991109193
1991109198
1991109199
1991109202
1991109203
1991109204
1991109205
1991109207
1991109209
1991109211
1991109213
1991109216
1991109218
1991109219
1991109220
1991109221
1991109222
1991109227
1991109231
1991109233
1991109236
1991109238
1991109239
1991109240
1991109242
1991109245
1991109247
1991109249
1991109261
1991109262
1991109267
1991109274
1991109276
1991109277
1991109279
1991109280
1991109281
1991109282
1991109283
1991109284
1991109285
1991109286
1991109287
1991109289
1991109291
1991109292
1991109293
1991109296
1991109297
1991109304
1991109306
1991109316
1991109317
1991109318
1991109320
1991109322
1991109327
1991109328
1991109331
1991109332
1991109334
1991109335
1991109336
1991109337
1991109338
1991109340
1991109341
1991109343
1991109344
1991109345
1991109347
1991109349
1991109350
1991109353
1991109357
1991109361
1991109365
1991109366
1991109369
1991109373
1991109375
1991109376
1991109378
1991109379
1991109380
1991109381
1991109385
1991109387
1991109390
1991109391
1991109392
1991109393
1991109394
1991109396
1991109399
1991109400
1991109401
1991109404
1991109405
1991109409
1991109411
1991109412
1991109413
1991109414
1991109417
1991109419
1991109422
1991109423
1991109425
1991109426
1991109428
1991109429
1991109433
1991109435
1991109436
1991109437
1991109438
1991109440
1991109445
1991109446
1991109447
1991109448
1991109449
1991109454
1991109457
1991109460
1991109461
1991109465
1991109466
1991109467
1991109469
1991109471
1991109472
1991109473
1991109475
1991109476
1991109477
1991109478
1991109479
1991109482
1991109483
1991109484
1991109488
1991109493
1991109494
1991109496
1991109498
1991109500
1991109502
1991109506
1991109507
1991109510
1991109512
1991109514
1991109517
1991109518
1991109522
1991109525
1991109531
1991109533
1991109534
1991109536
1991109539
1991109542
1991109543
1991109545
1991109546
1991109549
1991109552
1991109556
1991109560
1991109561
1991109562
1991109564
1991109566
1991109567
1991109568
1991109571
1991109572
1991109573
1991109575
1991109577
1991109582
1991109586
1991109587
1991109588
1991109590
1991109591
1991109594
1991109596
1991109597
1991109599
1991109603
1991109605
1991109608
1991109614
1991109617
1991109618
1991109619
1991109623
1991109625
1991109626
1991109628
1991109630
1991109632
1991109636
1991109639
1991109640
1991109641
1991109642
1991109649
1991109653
1991109655
1991109656
1991109658
1991109659
1991109667
1991109668
1991109670
1991109671
1991109674
1991109675
1991109679
1991109681
1991109682
1991109684
1991109686
1991109688
1991109689
1991109694
1991109697
1991109698
1991109701
1991109702
1991109703
1991109707
1991109708
1991109711
1991109712
1991109713
1991109715
1991109719
1991109720
1991109721
1991109722
1991109724
1991109726
1991109729
1991109731
1991109733
1991109741
1991109743
1991109747
1991109748
1991109749
1991109751
1991109752
1991109754
1991109755
1991109760
1991109762
1991109763
1991109765
1991109766
1991109767
1991109770
1991109777
1991109784
1991109790
1991109794
1991109796
1991109797
1991109810
1991109811
1991109813
1991109814
1991109815
1991109816
1991109820
1991109821
1991109830
1991109832
1991109834
1991109835
1991109839
1991109852
1991109853
1991109861
1991109862
1991109864
1991109865
1991109866
1991109867
1991109868
1991109869
1991109870
1991109871
1991109872
1991109873
1991109874
1991109876
1991109878
1991109879
1991109880
1991109881
1991109883
1991109884
1991109885
1991109886
1991109887
1991109888
1991109889
1991109890
1991109891
1991109892
1991109894
1991109895
1991109896
1991109897
1991109898
1991109899
1991109900
1991109901
1991109902
1991109903
1991109904
1991109905
1991109906
1991109907
1991109908
1991109909
1991109910
1991109911
1991109912
1991109913
1991109914
1991109915
1991109916
1991109918
1991109919
1991109920
1991109921
1991109922
1991109923
1991109924
1991109925
1991109926
1991109927
1991109928
1991109929
1991109930
1991109931
1991109932
1991109933
1991109934
1991109935
1991109936
1991109937
1991109938
1991109939
1991109940
1991109941
1991109942
1991109943
1991109944
1991109945
1991109946
1991109947
1991109948
1991109949
1991109950
1991109951
1991109952
1991109953
1991109954
1991109955
1991109956
1991109957
1991109958
1991109959
1991109960
1991109961
1991109963
1991109965
1991109966
1991109967
1991109968
1991109969
1991109970
1991109971
1991109972
1991109973
1991109974
1991109975
1991109976
1991109977
1991109978
1991109979
1991109980
1991109981
1991109982
1991109983
1991109984
1991109987
1991109988
1991109989
1991109991
1991109992
1991109993
1991109994
1991109995
1991109997
1991109998
1991110000
1991110001
1991110002
1991110003
1991110004
1991110006
1991110007
1991110009
1991110011
1991190001
1991190002
1991190003
1991190006
1991190007
1991190009
1991190010
1991190011
1991190012
1991200002
1991200007
1991200011
1991200012
1991200016
1991200017
1991200019
1991200025
1991200026
1991200027
1991200028
1991200029
1991200032
1991200033
1991200035
1991200039
1991200043
1991200044
1991200052
1991200053
1991200054
1991200056
1991200057
1991200059
1991200060
1991200061
1991200064
1991200065
1991200066
1991200068
1991200070
1991200071
1991200075
1991200077
1991200078
1991200079
1991200080
1991200082
1991200083
1991200085
1991200089
1991200090
1991200091
1991200092
1991200097
1991200098
1991200099
1991200101
1991200104
1991200106
1991200110
1991200111
1991200114
1991200115
1991200117
1991200118
1991500028
1991500031
1991500033
1991500034
1991500055
1991500056
1991500069
1991500071
1991500073
1991500081
1991500108
1991500170
1991500191
1991500207
1991500228
1991500236
1991500237
1991500239
1991500244
1991500257
1991500264
1991500281
1991500292
1991500300
1991500313
1991500320
1991500331
1991500337
1991500366
1991500372
1991500376
1991500381
1991500402
1991500426
1991500433
1991500478
1991500495
1991500516
1991500520
1991500529
1991500544
1991500584
1991500597
1991500637
1991500641
1991500648
1991500655
1991500686
1991500694
1991500697
1991500708
1991500710
1991500717
1991500728
1991500731
1991500745
1991500764
1991500773
1991500781
1991500784
1991500790
1991500815
1991500821
1991500838
1991500842
1991500851
1991500854
1991500866
1991500874
1991500892
1991500904
1991500906
1991500919
1991500923
1991500937
1991500938
1991500951
1991500989
1991501002
1991501014
1991501027
1991501055
1991501073
1991501076
1991501107
1991501111
1991501126
1991501155
1991501177
1991501178
1991501188
1991501213
1991501217
1991501226
1991501263
1991501265
1991501285
1991501291
1991501292
1991501295
1991501310
1991501313
1991501322
1991501324
1991501342
1991501344
1991501350
1991501358
1991501370
1991501372
1991501397
1991501399
1991501418
1991501421
1991501425
1991501429
1991501432
1991501442
1991501445
1991501450
1991501451
1991501452
1991501459
1991501480
1991501485
1991501494
1991501515
1991501533
1991501535
1991501539
1991501545
1991501547
1991501560
1991501573
1991501600
1991501609
1991501610
1991501625
1991501626
1991501629
1991501658
1991501661
1991501667
1991501675
1991501683
1991501698
1991501729
1991501734
1991501767
1991501794
1991501826
1991501835
1991501841
1991501857
1991501906
1991501924
1991501927
1991501941
1991501956
1991501959
1991501978
1991501979
1991501980
1991501982
1991501983
1991501990
1991501991
1991501993
1991501996
1991502000
1991502002
1991502003
1991502013
1991502016
1991502019
1991502022
1991502029
1991502032
1991502040
1991502044
1991502050
1991502054
1991502059
1991502061
1991502067
1991502079
1991502083
1991502096
1991502099
1991502107
1991502112
1991502145
1991502154
1991502158
1991502166
1991502203
1991502205
1991502208
1991502229
1991502233
1991502256
1991502260
1991502267
1991502283
1991502297
1991502298
1991502299
1991502319
1991502322
1991502324
1991502328
1991502341
1991502348
1991502360
1991502370
1991502378
1991502381
1991502383
1991502426
1991502437
1991502450
