1992109618
1992102988
1992110220
1992109549
1992110169
1992190005
1992190002
1992107275
1992109534
1992109997
1992103670
1992107580
1992109426
1992103687
1992109612
1992103691
1992105218
1992107776
1992110258
1992110230
1992106223
1992110217
1992107968
1992109539
1992108561
1992109608
1992102109
1992110098
1992110100
1992100392
1992109451
1992108248
1992110250
1992100651
1992109436
1992109544
1992109450
1992108661
1992110106
1992102861
1992109551
1992110153
1992103673
1992110086
1992109410
1992107942
1992109434
1992109058
1992105935
1992107309
1992103258
1992110183
1992110094
1992106155
1992109461
1992102088
1992110256
1992110101
1992103613
1992110087
1992190007
1992102394
1992109938
1992102996
1992105837
1992108377
1992104602
1992103847
1992100648
1992109552
1992110164
1992106147
1992106141
1992104433
1992110296
1992109598
1992109505
1992109590
1992106977
1992105142
1992109506
1992105595
1992105000
1992107451
1992107595
1992108647
1992110191
1992103349
1992100225
1992105169
1992105067
1992100605
1992110257
1992109467
1992109512
1992109366
1992100885
1992103921
1992107452
