1993102278
1993109718
1993109144
1993109154
1993109188
1993108511
1993109970
1993107001
1993109587
1993108248
1993109219
1993109514
1993190001
1993101394
1993109220
1993103280
1993105514
1993109112
1993110096
1993109481
1993102162
1993101237
1993104185
1993109983
1993109737
1993110026
1993109285
1993109236
1993110087
1993102902
1993190011
1993102787
1993109262
1993105186
1993101564
1993103019
1993109413
1993102905
1993109882
1993109723
1993100706
1993190010
1993108774
1993109739
1993110016
1993101690
1993109848
1993109768
1993106598
1993102293
1993109097
1993105460
1993109899
1993109259
1993109998
1993109767
1993104466
1993101164
1993104099
1993100475
1993105142
1993105734
1993108812
1993109944
1993107493
1993103916
1993108222
1993102818
1993107872
1993100872
1993107884
1993108079
1993108581
1993108204
1993109165
1993109967
1993109987
1993109959
1993106464
1993106780
1993110065
1993109237
1993103510
1993108156
1993104063
1993103570
1993101389
1993103637
1993106777
1993103883
1993109128
1993103936
1993106850
1993106775
1993106936
