1994100003
1994100004
1994100005
1994100007
1994100008
1994100009
1994100012
1994100016
1994100018
1994100019
1994100022
1994100023
1994100025
1994100026
1994100027
1994100029
1994100030
1994100031
1994100032
1994100036
1994100037
1994100039
1994100043
1994100044
1994100045
1994100046
1994100048
1994100058
1994100060
1994100062
1994100063
1994100065
1994100066
1994100068
1994100069
1994100070
1994100072
1994100073
1994100074
1994100075
1994100077
1994100085
1994100086
1994100087
1994100089
1994100090
1994100095
1994100097
1994100098
1994100099
1994100103
1994100104
1994100106
1994100108
1994100109
1994100111
1994100112
1994100113
1994100114
1994100115
1994100117
1994100118
1994100121
1994100122
1994100125
1994100126
1994100129
1994100130
1994100131
1994100132
1994100134
1994100135
1994100136
1994100137
1994100138
1994100140
1994100141
1994100144
1994100145
1994100146
1994100147
1994100148
1994100149
1994100150
1994100151
1994100154
1994100155
1994100156
1994100157
1994100158
1994100160
1994100161
1994100162
1994100163
1994100164
1994100165
1994100167
1994100169
1994100170
1994100171
1994100172
1994100174
1994100175
1994100177
1994100178
1994100179
1994100180
1994100181
1994100183
1994100184
1994100185
1994100186
1994100187
1994100188
1994100189
1994100190
1994100193
1994100194
1994100197
1994100198
1994100199
1994100200
1994100201
1994100202
1994100204
1994100205
1994100206
1994100208
1994100209
1994100210
1994100214
1994100215
1994100217
1994100218
1994100219
1994100220
1994100221
1994100222
1994100223
1994100224
1994100226
1994100228
1994100229
1994100230
1994100232
1994100233
1994100235
1994100238
1994100240
1994100242
1994100243
1994100244
1994100245
1994100246
1994100247
1994100248
1994100249
1994100250
1994100252
1994100253
1994100254
1994100257
1994100258
1994100259
1994100261
1994100262
1994100263
1994100265
1994100266
1994100270
1994100271
1994100272
1994100273
1994100274
1994100275
1994100276
1994100277
1994100278
1994100279
1994100280
1994100281
1994100282
1994100284
1994100285
1994100288
1994100289
1994100291
1994100292
1994100293
1994100296
1994100297
1994100298
1994100299
1994100302
1994100304
1994100305
1994100307
1994100308
1994100309
1994100310
1994100311
1994100313
1994100316
1994100318
1994100319
1994100320
1994100321
1994100322
1994100323
1994100325
1994100326
1994100327
1994100332
1994100334
1994100335
1994100336
1994100337
1994100338
1994100339
1994100341
1994100342
1994100343
1994100344
1994100345
1994100347
1994100348
1994100349
1994100350
1994100352
1994100356
1994100357
1994100358
1994100359
1994100363
1994100365
1994100366
1994100367
1994100368
1994100369
1994100370
1994100371
1994100372
1994100373
1994100374
1994100375
1994100377
1994100379
1994100380
1994100381
1994100382
1994100383
1994100384
1994100385
1994100387
1994100388
1994100389
1994100390
1994100391
1994100392
1994100394
1994100395
1994100397
1994100398
1994100400
1994100401
1994100402
1994100403
1994100404
1994100405
1994100406
1994100407
1994100409
1994100410
1994100411
1994100412
1994100415
1994100416
1994100418
1994100419
1994100421
1994100423
1994100427
1994100428
1994100429
1994100431
1994100432
1994100433
1994100434
1994100435
1994100436
1994100437
1994100438
1994100439
1994100442
1994100443
1994100444
1994100445
1994100446
1994100447
1994100448
1994100449
1994100451
1994100452
1994100453
1994100456
1994100457
1994100458
1994100459
1994100460
1994100461
1994100462
1994100464
1994100466
1994100467
1994100470
1994100472
1994100473
1994100475
1994100476
1994100477
1994100478
1994100480
1994100481
1994100482
1994100483
1994100484
1994100486
1994100487
1994100488
1994100489
1994100491
1994100492
1994100493
1994100494
1994100495
1994100496
1994100497
1994100498
1994100499
1994100501
1994100502
1994100503
1994100505
1994100506
1994100507
1994100510
1994100511
1994100512
1994100513
1994100515
1994100516
1994100518
1994100519
1994100520
1994100521
1994100522
1994100523
1994100524
1994100525
1994100526
1994100527
1994100528
1994100529
1994100530
1994100531
1994100532
1994100533
1994100535
1994100538
1994100539
1994100540
1994100542
1994100543
1994100545
1994100546
1994100547
1994100548
1994100549
1994100551
1994100552
1994100553
1994100554
1994100555
1994100557
1994100558
1994100561
1994100564
1994100565
1994100566
1994100567
1994100568
1994100569
1994100571
1994100572
1994100573
1994100576
1994100577
1994100578
1994100579
1994100580
1994100581
1994100583
1994100584
1994100588
1994100589
1994100590
1994100591
1994100592
1994100593
1994100598
1994100599
1994100600
1994100601
1994100602
1994100603
1994100604
1994100605
1994100606
1994100607
1994100608
1994100609
1994100610
1994100611
1994100613
1994100615
1994100618
1994100619
1994100620
1994100621
1994100623
1994100625
1994100626
1994100627
1994100630
1994100631
1994100632
1994100634
1994100635
1994100637
1994100638
1994100639
1994100640
1994100642
1994100643
1994100645
1994100646
1994100647
1994100649
1994100652
1994100654
1994100655
1994100656
1994100658
1994100659
1994100660
1994100661
1994100662
1994100663
1994100664
1994100666
1994100667
1994100668
1994100670
1994100671
1994100672
1994100673
1994100674
1994100676
1994100678
1994100679
1994100680
1994100682
1994100683
1994100684
1994100685
1994100686
1994100687
1994100688
1994100689
1994100690
1994100693
1994100694
1994100695
1994100696
1994100697
1994100698
1994100700
1994100701
1994100704
1994100706
1994100707
1994100708
1994100709
1994100714
1994100715
1994100716
1994100717
1994100718
1994100719
1994100720
1994100721
1994100722
1994100723
1994100724
1994100725
1994100726
1994100727
1994100728
1994100729
1994100730
1994100731
1994100732
1994100733
1994100735
1994100736
1994100737
1994100738
1994100739
1994100741
1994100742
1994100743
1994100744
1994100745
1994100746
1994100748
1994100749
1994100751
1994100752
1994100753
1994100755
1994100758
1994100760
1994100761
1994100762
1994100763
1994100766
1994100767
1994100768
1994100769
1994100770
1994100771
1994100772
1994100773
1994100776
1994100777
1994100778
1994100779
1994100780
1994100781
1994100782
1994100784
1994100785
1994100786
1994100787
1994100789
1994100790
1994100791
1994100792
1994100793
1994100794
1994100795
1994100796
1994100797
1994100798
1994100799
1994100800
1994100801
1994100803
1994100804
1994100805
1994100807
1994100809
1994100810
1994100811
1994100812
1994100813
1994100814
1994100815
1994100816
1994100817
1994100818
1994100819
1994100820
1994100821
1994100822
1994100823
1994100824
1994100825
1994100826
1994100828
1994100829
1994100830
1994100831
1994100833
1994100834
1994100837
1994100839
1994100840
1994100841
1994100842
1994100843
1994100844
1994100845
1994100848
1994100849
1994100851
1994100853
1994100855
1994100856
1994100858
1994100859
1994100860
1994100861
1994100864
1994100866
1994100867
1994100868
1994100870
1994100871
1994100872
1994100873
1994100874
1994100876
1994100877
1994100878
1994100879
1994100883
1994100889
1994100890
1994100891
1994100892
1994100894
1994100896
1994100898
1994100899
1994100900
1994100903
1994100904
1994100905
1994100907
1994100908
1994100909
1994100910
1994100911
1994100913
1994100914
1994100915
1994100916
1994100918
1994100919
1994100920
1994100921
1994100923
1994100924
1994100925
1994100926
1994100928
1994100929
1994100930
1994100933
1994100936
1994100937
1994100938
1994100939
1994100940
1994100941
1994100942
1994100944
1994100945
1994100947
1994100948
1994100949
1994100950
1994100951
1994100955
1994100956
1994100957
1994100958
1994100959
1994100960
1994100961
1994100962
1994100963
1994100964
1994100965
1994100966
1994100967
1994100969
1994100970
1994100971
1994100975
1994100977
1994100979
1994100980
1994100981
1994100985
1994100987
1994100988
1994100990
1994100991
1994100992
1994100993
1994100994
1994100995
1994100996
1994100997
1994100998
1994100999
1994101000
1994101002
1994101004
1994101005
1994101006
1994101008
1994101009
1994101010
1994101012
1994101013
1994101015
1994101016
1994101017
1994101018
1994101019
1994101020
1994101021
1994101022
1994101023
1994101024
1994101026
1994101027
1994101028
1994101029
1994101030
1994101031
1994101032
1994101034
1994101035
1994101038
1994101039
1994101042
1994101043
1994101044
1994101045
1994101046
1994101047
1994101048
1994101050
1994101051
1994101052
1994101054
1994101055
1994101056
1994101057
1994101058
1994101060
1994101061
1994101062
1994101067
1994101069
1994101072
1994101074
1994101075
1994101076
1994101079
1994101080
1994101086
1994101087
1994101088
1994101091
1994101093
1994101094
1994101096
1994101098
1994101099
1994101100
1994101101
1994101102
1994101104
1994101105
1994101107
1994101108
1994101109
1994101110
1994101112
1994101113
1994101114
1994101115
1994101116
1994101117
1994101118
1994101120
1994101121
1994101122
1994101123
1994101127
1994101128
1994101129
1994101130
1994101131
1994101132
1994101133
1994101134
1994101135
1994101136
1994101137
1994101138
1994101139
1994101141
1994101145
1994101146
1994101147
1994101150
1994101151
1994101152
1994101153
1994101154
1994101157
1994101158
1994101159
1994101160
1994101162
1994101170
1994101171
1994101173
1994101175
1994101176
1994101178
1994101182
1994101183
1994101184
1994101185
1994101186
1994101187
1994101190
1994101191
1994101193
1994101194
1994101195
1994101196
1994101197
1994101200
1994101201
1994101202
1994101203
1994101204
1994101206
1994101207
1994101208
1994101209
1994101210
1994101211
1994101213
1994101215
1994101216
1994101217
1994101219
1994101220
1994101223
1994101226
1994101227
1994101229
1994101230
1994101231
1994101232
1994101233
1994101234
1994101235
1994101236
1994101238
1994101239
1994101241
1994101242
1994101243
1994101244
1994101245
1994101246
1994101248
1994101249
1994101250
1994101252
1994101253
1994101254
1994101255
1994101256
1994101257
1994101258
1994101259
1994101260
1994101262
1994101263
1994101265
1994101267
1994101268
1994101269
1994101270
1994101271
1994101272
1994101273
1994101274
1994101275
1994101277
1994101278
1994101279
1994101282
1994101283
1994101284
1994101285
1994101286
1994101287
1994101289
1994101291
1994101292
1994101293
1994101294
1994101295
1994101296
1994101297
1994101299
1994101300
1994101301
1994101303
1994101304
1994101305
1994101307
1994101308
1994101310
1994101311
1994101314
1994101316
1994101317
1994101321
1994101325
1994101326
1994101327
1994101329
1994101330
1994101331
1994101332
1994101334
1994101335
1994101336
1994101337
1994101338
1994101339
1994101341
1994101342
1994101343
1994101345
1994101346
1994101347
1994101348
1994101349
1994101354
1994101356
1994101357
1994101360
1994101361
1994101363
1994101364
1994101365
1994101366
1994101367
1994101368
1994101369
1994101370
1994101373
1994101380
1994101381
1994101382
1994101385
1994101386
1994101387
1994101388
1994101389
1994101391
1994101392
1994101393
1994101394
1994101396
1994101397
1994101398
1994101399
1994101401
1994101402
1994101403
1994101404
1994101405
1994101406
1994101407
1994101408
1994101410
1994101411
1994101412
1994101414
1994101415
1994101416
1994101418
1994101419
1994101421
1994101422
1994101424
1994101426
1994101427
1994101429
1994101431
1994101432
1994101433
1994101434
1994101436
1994101437
1994101439
1994101440
1994101441
1994101444
1994101445
1994101447
1994101448
1994101450
1994101451
1994101453
1994101454
1994101456
1994101460
1994101464
1994101468
1994101470
1994101473
1994101474
1994101476
1994101478
1994101479
1994101480
1994101485
1994101486
1994101488
1994101489
1994101490
1994101492
1994101495
1994101496
1994101497
1994101499
1994101500
1994101501
1994101502
1994101503
1994101506
1994101507
1994101508
1994101512
1994101515
1994101516
1994101521
1994101522
1994101523
1994101526
1994101527
1994101528
1994101530
1994101531
1994101532
1994101533
1994101535
1994101537
1994101540
1994101541
1994101545
1994101546
1994101547
1994101549
1994101550
1994101551
1994101552
1994101554
1994101555
1994101556
1994101557
1994101559
1994101560
1994101562
1994101563
1994101564
1994101565
1994101567
1994101568
1994101570
1994101573
1994101574
1994101575
1994101576
1994101577
1994101579
1994101580
1994101581
1994101585
1994101587
1994101591
1994101592
1994101593
1994101594
1994101595
1994101596
1994101600
1994101601
1994101603
1994101604
1994101607
1994101608
1994101610
1994101612
1994101613
1994101614
1994101615
1994101616
1994101618
1994101619
1994101620
1994101621
1994101622
1994101623
1994101624
1994101625
1994101626
1994101628
1994101629
1994101630
1994101631
1994101632
1994101634
1994101637
1994101638
1994101641
1994101642
1994101643
1994101644
1994101647
1994101648
1994101649
1994101650
1994101651
1994101652
1994101653
1994101654
1994101655
1994101656
1994101659
1994101660
1994101662
1994101663
1994101664
1994101666
1994101668
1994101669
1994101673
1994101674
1994101675
1994101676
1994101677
1994101678
1994101679
1994101680
1994101682
1994101683
1994101685
1994101686
1994101689
1994101690
1994101691
1994101692
1994101693
1994101694
1994101695
1994101697
1994101698
1994101699
1994101701
1994101702
1994101703
1994101709
1994101710
1994101714
1994101715
1994101716
1994101717
1994101719
1994101720
1994101721
1994101722
1994101723
1994101724
1994101725
1994101726
1994101728
1994101732
1994101734
1994101735
1994101737
1994101738
1994101739
1994101740
1994101741
1994101742
1994101744
1994101745
1994101747
1994101749
1994101750
1994101751
1994101752
1994101753
1994101754
1994101755
1994101756
1994101757
1994101758
1994101759
1994101760
1994101761
1994101762
1994101763
1994101764
1994101765
1994101767
1994101768
1994101769
1994101770
1994101772
1994101773
1994101774
1994101775
1994101776
1994101777
1994101778
1994101779
1994101780
1994101781
1994101782
1994101783
1994101784
1994101785
1994101786
1994101788
1994101789
1994101790
1994101791
1994101792
1994101793
1994101794
1994101795
1994101797
1994101799
1994101800
1994101801
1994101803
1994101804
1994101805
1994101806
1994101807
1994101809
1994101810
1994101811
1994101812
1994101813
1994101814
1994101815
1994101816
1994101817
1994101818
1994101819
1994101820
1994101821
1994101822
1994101823
1994101824
1994101825
1994101826
1994101827
1994101828
1994101829
1994101831
1994101836
1994101837
1994101838
1994101840
1994101841
1994101845
1994101849
1994101850
1994101851
1994101855
1994101856
1994101857
1994101859
1994101860
1994101861
1994101862
1994101863
1994101864
1994101865
1994101873
1994101877
1994101878
1994101880
1994101881
1994101882
1994101884
1994101886
1994101887
1994101888
1994101891
1994101893
1994101894
1994101895
1994101897
1994101898
1994101899
1994101900
1994101901
1994101902
1994101905
1994101907
1994101909
1994101911
1994101913
1994101914
1994101915
1994101916
1994101917
1994101919
1994101920
1994101923
1994101924
1994101926
1994101927
1994101928
1994101929
1994101930
1994101933
1994101934
1994101935
1994101936
1994101937
1994101941
1994101945
1994101946
1994101947
1994101948
1994101950
1994101951
1994101952
1994101953
1994101954
1994101955
1994101959
1994101960
1994101963
1994101966
1994101967
1994101968
1994101969
1994101970
1994101971
1994101972
1994101975
1994101976
1994101977
1994101978
1994101979
1994101980
1994101981
1994101982
1994101984
1994101986
1994101988
1994101989
1994101992
1994101994
1994101995
1994101996
1994101997
1994101998
1994101999
1994102001
1994102003
1994102005
1994102007
1994102010
1994102011
1994102013
1994102015
1994102017
1994102019
1994102021
1994102022
1994102024
1994102028
1994102032
1994102033
1994102034
1994102035
1994102036
1994102037
1994102039
1994102040
1994102041
1994102042
1994102043
1994102045
1994102046
1994102047
1994102048
1994102049
1994102050
1994102051
1994102052
1994102053
1994102054
1994102055
1994102056
1994102057
1994102058
1994102059
1994102061
1994102062
1994102064
1994102067
1994102069
1994102070
1994102072
1994102073
1994102074
1994102076
1994102077
1994102078
1994102080
1994102082
1994102083
1994102085
1994102088
1994102090
1994102091
1994102092
1994102093
1994102094
1994102095
1994102096
1994102097
1994102098
1994102100
1994102101
1994102102
1994102103
1994102104
1994102105
1994102106
1994102107
1994102109
1994102110
1994102111
1994102112
1994102113
1994102114
1994102116
1994102117
1994102119
1994102120
1994102121
1994102122
1994102124
1994102126
1994102127
1994102128
1994102130
1994102134
1994102135
1994102136
1994102137
1994102138
1994102140
1994102141
1994102143
1994102144
1994102145
1994102146
1994102147
1994102148
1994102149
1994102150
1994102151
1994102152
1994102154
1994102157
1994102158
1994102159
1994102160
1994102161
1994102163
1994102164
1994102165
1994102166
1994102168
1994102169
1994102170
1994102171
1994102172
1994102173
1994102174
1994102176
1994102177
1994102180
1994102183
1994102184
1994102186
1994102187
1994102188
1994102189
1994102190
1994102192
1994102194
1994102196
1994102197
1994102199
1994102200
1994102202
1994102203
1994102204
1994102205
1994102206
1994102207
1994102208
1994102210
1994102211
1994102213
1994102214
1994102218
1994102219
1994102220
1994102221
1994102224
1994102225
1994102226
1994102227
1994102229
1994102230
1994102231
1994102232
1994102233
1994102234
1994102235
1994102236
1994102238
1994102240
1994102242
1994102243
1994102244
1994102245
1994102247
1994102248
1994102249
1994102251
1994102252
1994102254
1994102256
1994102257
1994102259
1994102260
1994102262
1994102263
1994102264
1994102265
1994102266
1994102267
1994102269
1994102270
1994102272
1994102273
1994102274
1994102275
1994102276
1994102277
1994102278
1994102279
1994102281
1994102283
1994102284
1994102285
1994102286
1994102288
1994102291
1994102292
1994102294
1994102295
1994102297
1994102299
1994102300
1994102301
1994102302
1994102303
1994102305
1994102306
1994102307
1994102308
1994102309
1994102310
1994102311
1994102312
1994102313
1994102317
1994102318
1994102319
1994102320
1994102322
1994102323
1994102326
1994102328
1994102329
1994102331
1994102333
1994102334
1994102335
1994102336
1994102337
1994102338
1994102339
1994102341
1994102342
1994102343
1994102344
1994102345
1994102346
1994102347
1994102348
1994102349
1994102351
1994102354
1994102355
1994102356
1994102359
1994102360
1994102362
1994102363
1994102364
1994102365
1994102366
1994102368
1994102369
1994102371
1994102372
1994102373
1994102374
1994102377
1994102378
1994102380
1994102381
1994102384
1994102388
1994102389
1994102390
1994102391
1994102392
1994102393
1994102394
1994102395
1994102398
1994102399
1994102400
1994102401
1994102402
1994102404
1994102406
1994102409
1994102410
1994102412
1994102414
1994102415
1994102418
1994102420
1994102422
1994102424
1994102425
1994102426
1994102427
1994102429
1994102430
1994102431
1994102433
1994102434
1994102437
1994102438
1994102439
1994102440
1994102442
1994102443
1994102445
1994102446
1994102447
1994102448
1994102449
1994102451
1994102452
1994102453
1994102454
1994102456
1994102457
1994102458
1994102459
1994102460
1994102461
1994102462
1994102463
1994102466
1994102467
1994102468
1994102469
1994102471
1994102472
1994102474
1994102475
1994102476
1994102477
1994102478
1994102479
1994102480
1994102481
1994102482
1994102484
1994102485
1994102486
1994102488
1994102490
1994102492
1994102493
1994102494
1994102495
1994102496
1994102497
1994102499
1994102500
1994102501
1994102502
1994102503
1994102504
1994102505
1994102506
1994102507
1994102508
1994102509
1994102510
1994102511
1994102512
1994102514
1994102518
1994102521
1994102522
1994102523
1994102525
1994102526
1994102530
1994102531
1994102532
1994102533
1994102534
1994102535
1994102537
1994102538
1994102539
1994102540
1994102542
1994102544
1994102546
1994102547
1994102549
1994102550
1994102552
1994102554
1994102555
1994102556
1994102557
1994102562
1994102564
1994102566
1994102568
1994102569
1994102571
1994102572
1994102573
1994102575
1994102576
1994102577
1994102578
1994102581
1994102582
1994102583
1994102584
1994102587
1994102588
1994102589
1994102590
1994102592
1994102593
1994102598
1994102599
1994102601
1994102604
1994102606
1994102607
1994102608
1994102609
1994102611
1994102612
1994102613
1994102614
1994102615
1994102616
1994102617
1994102618
1994102619
1994102620
1994102623
1994102624
1994102625
1994102626
1994102627
1994102628
1994102630
1994102631
1994102632
1994102635
1994102636
1994102637
1994102639
1994102640
1994102641
1994102642
1994102643
1994102644
1994102645
1994102646
1994102648
1994102649
1994102650
1994102651
1994102652
1994102654
1994102655
1994102656
1994102657
1994102660
1994102661
1994102663
1994102665
1994102666
1994102667
1994102668
1994102670
1994102672
1994102674
1994102676
1994102677
1994102678
1994102679
1994102680
1994102681
1994102685
1994102688
1994102689
1994102690
1994102691
1994102692
1994102694
1994102695
1994102696
1994102697
1994102698
1994102704
1994102705
1994102706
1994102707
1994102708
1994102709
1994102711
1994102712
1994102714
1994102717
1994102718
1994102723
1994102724
1994102725
1994102726
1994102727
1994102728
1994102729
1994102731
1994102732
1994102733
1994102734
1994102735
1994102738
1994102739
1994102740
1994102741
1994102742
1994102743
1994102744
1994102745
1994102746
1994102747
1994102749
1994102751
1994102752
1994102753
1994102754
1994102757
1994102758
1994102759
1994102760
1994102761
1994102762
1994102763
1994102764
1994102768
1994102769
1994102770
1994102772
1994102773
1994102774
1994102780
1994102782
1994102784
1994102787
1994102789
1994102792
1994102793
1994102795
1994102798
1994102799
1994102800
1994102803
1994102804
1994102807
1994102809
1994102810
1994102814
1994102815
1994102816
1994102817
1994102818
1994102819
1994102820
1994102821
1994102822
1994102825
1994102828
1994102829
1994102831
1994102834
1994102837
1994102838
1994102839
1994102840
1994102841
1994102842
1994102845
1994102847
1994102853
1994102854
1994102856
1994102857
1994102859
1994102860
1994102861
1994102862
1994102863
1994102866
1994102869
1994102870
1994102871
1994102879
1994102881
1994102883
1994102884
1994102887
1994102889
1994102892
1994102893
1994102895
1994102896
1994102897
1994102898
1994102900
1994102901
1994102902
1994102904
1994102905
1994102907
1994102908
1994102909
1994102910
1994102911
1994102912
1994102913
1994102914
1994102915
1994102916
1994102917
1994102918
1994102919
1994102920
1994102921
1994102922
1994102923
1994102924
1994102925
1994102926
1994102927
1994102928
1994102929
1994102930
1994102931
1994102932
1994102933
1994102934
1994102936
1994102937
1994102939
1994102940
1994102941
1994102943
1994102944
1994102947
1994102948
1994102949
1994102950
1994102951
1994102953
1994102954
1994102956
1994102957
1994102958
1994102960
1994102962
1994102963
1994102964
1994102967
1994102968
1994102969
1994102970
1994102971
1994102972
1994102973
1994102974
1994102975
1994102976
1994102978
1994102979
1994102980
1994102984
1994102985
1994102986
1994102987
1994102989
1994102990
1994102991
1994102992
1994102993
1994102994
1994102996
1994102998
1994102999
1994103000
1994103001
1994103002
1994103005
1994103006
1994103007
1994103008
1994103010
1994103011
1994103012
1994103013
1994103014
1994103015
1994103017
1994103019
1994103020
1994103021
1994103022
1994103023
1994103025
1994103026
1994103028
1994103029
1994103030
1994103032
1994103034
1994103035
1994103036
1994103037
1994103038
1994103039
1994103041
1994103042
1994103043
1994103045
1994103046
1994103047
1994103048
1994103049
1994103050
1994103052
1994103054
1994103055
1994103056
1994103057
1994103058
1994103060
1994103061
1994103062
1994103063
1994103064
1994103065
1994103066
1994103067
1994103068
1994103070
1994103071
1994103072
1994103073
1994103075
1994103076
1994103077
1994103078
1994103079
1994103081
1994103082
1994103083
1994103084
1994103085
1994103086
1994103087
1994103088
1994103089
1994103092
1994103095
1994103096
1994103098
1994103099
1994103100
1994103101
1994103102
1994103103
1994103104
1994103108
1994103109
1994103110
1994103111
1994103112
1994103114
1994103115
1994103116
1994103117
1994103118
1994103121
1994103122
1994103123
1994103125
1994103126
1994103127
1994103128
1994103131
1994103132
1994103133
1994103135
1994103138
1994103139
1994103141
1994103142
1994103143
1994103145
1994103148
1994103150
1994103152
1994103154
1994103155
1994103156
1994103157
1994103158
1994103159
1994103161
1994103162
1994103163
1994103164
1994103167
1994103169
1994103170
1994103171
1994103172
1994103173
1994103174
1994103175
1994103176
1994103177
1994103178
1994103181
1994103182
1994103184
1994103185
1994103186
1994103187
1994103189
1994103190
1994103191
1994103192
1994103193
1994103194
1994103196
1994103197
1994103198
1994103201
1994103202
1994103203
1994103204
1994103206
1994103207
1994103208
1994103209
1994103211
1994103213
1994103214
1994103216
1994103217
1994103219
1994103222
1994103223
1994103225
1994103226
1994103227
1994103229
1994103230
1994103231
1994103232
1994103233
1994103234
1994103235
1994103236
1994103237
1994103238
1994103240
1994103241
1994103243
1994103244
1994103245
1994103246
1994103247
1994103248
1994103249
1994103252
1994103253
1994103255
1994103257
1994103258
1994103259
1994103261
1994103262
1994103263
1994103264
1994103265
1994103266
1994103268
1994103269
1994103272
1994103273
1994103275
1994103276
1994103277
1994103278
1994103280
1994103281
1994103282
1994103285
1994103286
1994103287
1994103288
1994103289
1994103290
1994103291
1994103292
1994103295
1994103297
1994103298
1994103300
1994103301
1994103302
1994103306
1994103308
1994103309
1994103311
1994103312
1994103313
1994103314
1994103315
1994103316
1994103317
1994103319
1994103321
1994103322
1994103323
1994103326
1994103327
1994103328
1994103329
1994103330
1994103331
1994103332
1994103333
1994103334
1994103335
1994103336
1994103337
1994103338
1994103340
1994103341
1994103343
1994103344
1994103345
1994103346
1994103348
1994103349
1994103350
1994103351
1994103352
1994103358
1994103360
1994103362
1994103364
1994103365
1994103366
1994103367
1994103368
1994103369
1994103370
1994103371
1994103372
1994103373
1994103375
1994103377
1994103378
1994103379
1994103380
1994103381
1994103385
1994103386
1994103387
1994103389
1994103390
1994103391
1994103392
1994103394
1994103396
1994103398
1994103399
1994103402
1994103404
1994103405
1994103407
1994103408
1994103409
1994103412
1994103415
1994103416
1994103417
1994103420
1994103421
1994103422
1994103423
1994103426
1994103429
1994103430
1994103431
1994103432
1994103434
1994103435
1994103436
1994103438
1994103440
1994103442
1994103443
1994103444
1994103445
1994103446
1994103447
1994103448
1994103449
1994103450
1994103452
1994103454
1994103455
1994103456
1994103457
1994103459
1994103461
1994103462
1994103463
1994103464
1994103465
1994103468
1994103469
1994103471
1994103472
1994103473
1994103474
1994103475
1994103476
1994103477
1994103479
1994103480
1994103481
1994103482
1994103483
1994103484
1994103486
1994103489
1994103490
1994103492
1994103494
1994103495
1994103496
1994103498
1994103499
1994103501
1994103503
1994103504
1994103506
1994103507
1994103508
1994103510
1994103511
1994103513
1994103514
1994103515
1994103516
1994103517
1994103518
1994103519
1994103521
1994103524
1994103525
1994103526
1994103529
1994103530
1994103532
1994103534
1994103536
1994103537
1994103538
1994103539
1994103542
1994103543
1994103544
1994103545
1994103548
1994103549
1994103550
1994103551
1994103552
1994103553
1994103554
1994103556
1994103561
1994103562
1994103563
1994103564
1994103565
1994103566
1994103567
1994103568
1994103569
1994103571
1994103572
1994103573
1994103575
1994103578
1994103579
1994103581
1994103582
1994103583
1994103584
1994103585
1994103586
1994103587
1994103588
1994103589
1994103590
1994103591
1994103592
1994103593
1994103594
1994103596
1994103597
1994103598
1994103601
1994103603
1994103607
1994103608
1994103609
1994103610
1994103613
1994103614
1994103615
1994103616
1994103617
1994103619
1994103620
1994103621
1994103622
1994103623
1994103625
1994103626
1994103627
1994103628
1994103630
1994103631
1994103632
1994103634
1994103635
1994103636
1994103637
1994103638
1994103639
1994103642
1994103643
1994103647
1994103648
1994103651
1994103652
1994103653
1994103654
1994103655
1994103656
1994103657
1994103659
1994103661
1994103664
1994103665
1994103666
1994103668
1994103669
1994103670
1994103671
1994103672
1994103674
1994103676
1994103677
1994103678
1994103680
1994103683
1994103684
1994103686
1994103687
1994103689
1994103690
1994103691
1994103693
1994103694
1994103695
1994103697
1994103698
1994103699
1994103701
1994103702
1994103703
1994103704
1994103705
1994103706
1994103707
1994103709
1994103710
1994103711
1994103712
1994103713
1994103714
1994103715
1994103717
1994103718
1994103719
1994103721
1994103724
1994103725
1994103727
1994103728
1994103733
1994103735
1994103736
1994103737
1994103738
1994103739
1994103741
1994103742
1994103744
1994103748
1994103749
1994103751
1994103754
1994103755
1994103756
1994103758
1994103759
1994103760
1994103763
1994103765
1994103766
1994103767
1994103768
1994103770
1994103771
1994103772
1994103773
1994103774
1994103775
1994103776
1994103777
1994103778
1994103779
1994103780
1994103781
1994103782
1994103783
1994103785
1994103786
1994103788
1994103789
1994103791
1994103792
1994103793
1994103795
1994103796
1994103797
1994103799
1994103800
1994103801
1994103803
1994103804
1994103806
1994103809
1994103811
1994103813
1994103815
1994103816
1994103819
1994103820
1994103821
1994103823
1994103824
1994103825
1994103830
1994103831
1994103832
1994103833
1994103834
1994103835
1994103836
1994103837
1994103839
1994103840
1994103843
1994103846
1994103847
1994103849
1994103857
1994103858
1994103859
1994103860
1994103861
1994103862
1994103866
1994103867
1994103868
1994103869
1994103870
1994103872
1994103873
1994103874
1994103876
1994103877
1994103878
1994103880
1994103883
1994103885
1994103887
1994103888
1994103889
1994103890
1994103891
1994103892
1994103896
1994103897
1994103898
1994103899
1994103900
1994103902
1994103908
1994103913
1994103914
1994103916
1994103917
1994103919
1994103921
1994103922
1994103924
1994103925
1994103929
1994103932
1994103933
1994103938
1994103941
1994103942
1994103943
1994103945
1994103950
1994103951
1994103952
1994103953
1994103955
1994103956
1994103966
1994103967
1994103968
1994103970
1994103972
1994103974
1994103975
1994103976
1994103977
1994103978
1994103979
1994103980
1994103981
1994103982
1994103983
1994103985
1994103986
1994103987
1994103990
1994103992
1994103993
1994103994
1994103995
1994103996
1994103997
1994103999
1994104001
1994104003
1994104008
1994104014
1994104017
1994104020
1994104021
1994104022
1994104023
1994104024
1994104025
1994104028
1994104030
1994104032
1994104033
1994104034
1994104035
1994104037
1994104038
1994104039
1994104040
1994104041
1994104042
1994104044
1994104046
1994104047
1994104048
1994104049
1994104052
1994104054
1994104055
1994104056
1994104057
1994104058
1994104060
1994104061
1994104062
1994104064
1994104065
1994104066
1994104067
1994104068
1994104069
1994104070
1994104071
1994104072
1994104076
1994104079
1994104081
1994104082
1994104083
1994104084
1994104086
1994104087
1994104088
1994104089
1994104092
1994104094
1994104098
1994104101
1994104102
1994104104
1994104106
1994104107
1994104108
1994104109
1994104110
1994104111
1994104112
1994104113
1994104114
1994104115
1994104116
1994104117
1994104118
1994104123
1994104125
1994104127
1994104129
1994104130
1994104131
1994104132
1994104134
1994104135
1994104136
1994104137
1994104138
1994104139
1994104140
1994104141
1994104144
1994104149
1994104157
1994104158
1994104163
1994104164
1994104166
1994104167
1994104172
1994104174
1994104176
1994104179
1994104180
1994104181
1994104182
1994104184
1994104185
1994104186
1994104189
1994104190
1994104191
1994104192
1994104193
1994104194
1994104196
1994104198
1994104199
1994104201
1994104202
1994104204
1994104205
1994104206
1994104207
1994104209
1994104211
1994104212
1994104213
1994104226
1994104229
1994104230
1994104231
1994104232
1994104236
1994104237
1994104239
1994104240
1994104243
1994104245
1994104248
1994104249
1994104250
1994104251
1994104253
1994104255
1994104256
1994104257
1994104259
1994104260
1994104261
1994104263
1994104264
1994104266
1994104267
1994104268
1994104269
1994104270
1994104271
1994104272
1994104273
1994104274
1994104275
1994104277
1994104278
1994104279
1994104280
1994104281
1994104282
1994104283
1994104284
1994104286
1994104287
1994104288
1994104290
1994104291
1994104293
1994104295
1994104296
1994104297
1994104298
1994104301
1994104302
1994104303
1994104304
1994104305
1994104306
1994104308
1994104310
1994104314
1994104315
1994104319
1994104320
1994104321
1994104323
1994104324
1994104326
1994104330
1994104331
1994104333
1994104342
1994104345
1994104346
1994104347
1994104348
1994104349
1994104351
1994104353
1994104354
1994104355
1994104357
1994104364
1994104365
1994104366
1994104367
1994104368
1994104370
1994104371
1994104372
1994104376
1994104377
1994104378
1994104379
1994104380
1994104381
1994104387
1994104388
1994104389
1994104390
1994104391
1994104392
1994104395
1994104396
1994104397
1994104399
1994104400
1994104402
1994104405
1994104407
1994104409
1994104413
1994104415
1994104418
1994104422
1994104423
1994104424
1994104425
1994104429
1994104430
1994104433
1994104434
1994104436
1994104437
1994104438
1994104441
1994104442
1994104443
1994104444
1994104445
1994104446
1994104450
1994104453
1994104454
1994104455
1994104457
1994104458
1994104459
1994104460
1994104461
1994104462
1994104464
1994104465
1994104467
1994104468
1994104469
1994104471
1994104473
1994104474
1994104475
1994104476
1994104479
1994104480
1994104481
1994104482
1994104483
1994104485
1994104487
1994104488
1994104490
1994104491
1994104493
1994104496
1994104497
1994104498
1994104499
1994104500
1994104501
1994104503
1994104504
1994104506
1994104507
1994104510
1994104511
1994104513
1994104514
1994104515
1994104517
1994104518
1994104519
1994104521
1994104526
1994104528
1994104533
1994104534
1994104535
1994104536
1994104537
1994104538
1994104539
1994104541
1994104542
1994104543
1994104544
1994104545
1994104547
1994104548
1994104550
1994104551
1994104552
1994104553
1994104554
1994104557
1994104558
1994104559
1994104560
1994104562
1994104565
1994104567
1994104570
1994104573
1994104574
1994104576
1994104577
1994104579
1994104583
1994104587
1994104588
1994104589
1994104590
1994104594
1994104596
1994104597
1994104598
1994104599
1994104600
1994104602
1994104603
1994104605
1994104606
1994104607
1994104609
1994104614
1994104615
1994104616
1994104617
1994104620
1994104623
1994104624
1994104626
1994104628
1994104630
1994104634
1994104637
1994104638
1994104641
1994104643
1994104644
1994104645
1994104647
1994104648
1994104650
1994104652
1994104653
1994104654
1994104655
1994104656
1994104658
1994104663
1994104664
1994104666
1994104670
1994104671
1994104672
1994104673
1994104674
1994104676
1994104677
1994104679
1994104680
1994104681
1994104683
1994104684
1994104685
1994104690
1994104697
1994104703
1994104704
1994104705
1994104706
1994104707
1994104708
1994104709
1994104710
1994104711
1994104712
1994104714
1994104715
1994104716
1994104717
1994104718
1994104719
1994104720
1994104721
1994104722
1994104723
1994104724
1994104725
1994104726
1994104727
1994104728
1994104729
1994104730
1994104731
1994104732
1994104733
1994104734
1994104735
1994104736
1994104737
1994104739
1994104740
1994104741
1994104742
1994104745
1994104752
1994104753
1994104755
1994104756
1994104757
1994104760
1994104761
1994104762
1994104764
1994104765
1994104766
1994104767
1994104769
1994104772
1994104774
1994104776
1994104777
1994104780
1994104782
1994104783
1994104784
1994104785
1994104786
1994104787
1994104788
1994104789
1994104790
1994104792
1994104794
1994104800
1994104801
1994104802
1994104804
1994104805
1994104806
1994104807
1994104808
1994104811
1994104813
1994104814
1994104816
1994104818
1994104822
1994104823
1994104824
1994104825
1994104827
1994104828
1994104829
1994104830
1994104832
1994104833
1994104834
1994104835
1994104837
1994104838
1994104839
1994104840
1994104842
1994104843
1994104844
1994104846
1994104847
1994104850
1994104852
1994104853
1994104854
1994104855
1994104856
1994104857
1994104858
1994104859
1994104860
1994104861
1994104862
1994104863
1994104865
1994104866
1994104867
1994104869
1994104870
1994104877
1994104878
1994104879
1994104880
1994104881
1994104883
1994104884
1994104885
1994104886
1994104887
1994104888
1994104889
1994104891
1994104893
1994104898
1994104899
1994104901
1994104902
1994104903
1994104904
1994104905
1994104909
1994104911
1994104912
1994104913
1994104914
1994104918
1994104919
1994104920
1994104921
1994104927
1994104928
1994104929
1994104930
1994104931
1994104932
1994104936
1994104937
1994104940
1994104941
1994104946
1994104948
1994104949
1994104950
1994104952
1994104954
1994104955
1994104956
1994104957
1994104958
1994104959
1994104961
1994104965
1994104966
1994104967
1994104968
1994104969
1994104971
1994104972
1994104973
1994104974
1994104975
1994104976
1994104977
1994104978
1994104979
1994104980
1994104981
1994104983
1994104984
1994104985
1994104987
1994104988
1994104989
1994104990
1994104991
1994104992
1994104994
1994104995
1994104997
1994104998
1994105000
1994105001
1994105002
1994105006
1994105009
1994105011
1994105012
1994105014
1994105016
1994105018
1994105019
1994105021
1994105023
1994105024
1994105026
1994105027
1994105030
1994105032
1994105035
1994105036
1994105037
1994105038
1994105039
1994105040
1994105041
1994105043
1994105044
1994105045
1994105046
1994105048
1994105049
1994105050
1994105051
1994105053
1994105055
1994105056
1994105058
1994105059
1994105060
1994105061
1994105063
1994105064
1994105065
1994105066
1994105069
1994105070
1994105071
1994105072
1994105074
1994105075
1994105076
1994105077
1994105078
1994105079
1994105080
1994105081
1994105082
1994105083
1994105084
1994105088
1994105089
1994105090
1994105092
1994105095
1994105096
1994105097
1994105098
1994105100
1994105102
1994105103
1994105104
1994105105
1994105106
1994105107
1994105108
1994105109
1994105111
1994105112
1994105113
1994105114
1994105116
1994105119
1994105120
1994105122
1994105123
1994105124
1994105125
1994105126
1994105129
1994105130
1994105131
1994105132
1994105133
1994105134
1994105135
1994105137
1994105138
1994105139
1994105140
1994105142
1994105144
1994105145
1994105147
1994105148
1994105149
1994105150
1994105151
1994105152
1994105154
1994105155
1994105156
1994105157
1994105158
1994105159
1994105161
1994105162
1994105163
1994105165
1994105167
1994105168
1994105169
1994105170
1994105172
1994105173
1994105177
1994105178
1994105180
1994105181
1994105182
1994105185
1994105187
1994105188
1994105189
1994105191
1994105192
1994105193
1994105195
1994105196
1994105197
1994105198
1994105199
1994105200
1994105201
1994105202
1994105204
1994105206
1994105207
1994105208
1994105209
1994105210
1994105211
1994105213
1994105214
1994105215
1994105216
1994105217
1994105219
1994105221
1994105222
1994105223
1994105224
1994105225
1994105226
1994105227
1994105228
1994105229
1994105231
1994105234
1994105235
1994105236
1994105237
1994105238
1994105239
1994105241
1994105244
1994105246
1994105248
1994105250
1994105251
1994105252
1994105253
1994105254
1994105255
1994105256
1994105258
1994105259
1994105265
1994105266
1994105267
1994105269
1994105270
1994105272
1994105273
1994105274
1994105275
1994105276
1994105277
1994105278
1994105279
1994105282
1994105283
1994105284
1994105287
1994105288
1994105289
1994105290
1994105292
1994105293
1994105294
1994105295
1994105296
1994105298
1994105299
1994105300
1994105301
1994105302
1994105303
1994105304
1994105306
1994105308
1994105310
1994105311
1994105312
1994105313
1994105315
1994105316
1994105317
1994105318
1994105320
1994105321
1994105322
1994105323
1994105330
1994105331
1994105332
1994105333
1994105336
1994105338
1994105339
1994105340
1994105342
1994105344
1994105347
1994105348
1994105350
1994105351
1994105352
1994105353
1994105354
1994105355
1994105356
1994105359
1994105361
1994105362
1994105363
1994105365
1994105368
1994105369
1994105371
1994105372
1994105373
1994105375
1994105376
1994105381
1994105385
1994105386
1994105387
1994105388
1994105390
1994105391
1994105392
1994105394
1994105395
1994105396
1994105398
1994105400
1994105401
1994105402
1994105403
1994105405
1994105407
1994105408
1994105410
1994105411
1994105414
1994105416
1994105418
1994105419
1994105420
1994105422
1994105426
1994105428
1994105429
1994105430
1994105431
1994105432
1994105433
1994105434
1994105435
1994105437
1994105438
1994105441
1994105442
1994105443
1994105444
1994105445
1994105446
1994105447
1994105451
1994105452
1994105453
1994105456
1994105459
1994105460
1994105461
1994105462
1994105463
1994105464
1994105465
1994105466
1994105468
1994105469
1994105470
1994105472
1994105473
1994105474
1994105475
1994105477
1994105480
1994105481
1994105482
1994105483
1994105484
1994105485
1994105487
1994105489
1994105491
1994105492
1994105493
1994105494
1994105495
1994105499
1994105500
1994105501
1994105502
1994105503
1994105504
1994105505
1994105506
1994105507
1994105508
1994105511
1994105512
1994105513
1994105514
1994105515
1994105517
1994105518
1994105519
1994105521
1994105522
1994105523
1994105525
1994105526
1994105527
1994105528
1994105530
1994105532
1994105533
1994105535
1994105536
1994105537
1994105538
1994105539
1994105540
1994105541
1994105542
1994105543
1994105545
1994105548
1994105549
1994105550
1994105551
1994105552
1994105554
1994105555
1994105556
1994105557
1994105558
1994105559
1994105562
1994105564
1994105566
1994105567
1994105568
1994105569
1994105570
1994105572
1994105573
1994105574
1994105575
1994105576
1994105577
1994105578
1994105579
1994105581
1994105583
1994105584
1994105585
1994105588
1994105589
1994105591
1994105592
1994105595
1994105596
1994105598
1994105599
1994105602
1994105603
1994105604
1994105608
1994105609
1994105610
1994105611
1994105614
1994105615
1994105617
1994105619
1994105624
1994105625
1994105626
1994105628
1994105629
1994105630
1994105631
1994105633
1994105634
1994105635
1994105637
1994105638
1994105639
1994105640
1994105641
1994105643
1994105645
1994105646
1994105648
1994105649
1994105650
1994105651
1994105652
1994105654
1994105655
1994105656
1994105658
1994105659
1994105660
1994105661
1994105662
1994105663
1994105665
1994105667
1994105668
1994105669
1994105670
1994105673
1994105674
1994105675
1994105676
1994105678
1994105679
1994105680
1994105681
1994105682
1994105683
1994105686
1994105687
1994105688
1994105689
1994105690
1994105692
1994105693
1994105695
1994105696
1994105697
1994105698
1994105703
1994105704
1994105705
1994105708
1994105710
1994105711
1994105713
1994105715
1994105717
1994105719
1994105720
1994105721
1994105723
1994105725
1994105726
1994105727
1994105728
1994105729
1994105730
1994105733
1994105734
1994105735
1994105736
1994105737
1994105738
1994105739
1994105740
1994105741
1994105743
1994105745
1994105746
1994105748
1994105749
1994105750
1994105751
1994105752
1994105753
1994105755
1994105757
1994105758
1994105759
1994105760
1994105761
1994105762
1994105764
1994105765
1994105770
1994105771
1994105772
1994105773
1994105776
1994105777
1994105778
1994105779
1994105780
1994105781
1994105782
1994105783
1994105784
1994105785
1994105786
1994105790
1994105792
1994105793
1994105795
1994105797
1994105798
1994105799
1994105803
1994105805
1994105807
1994105810
1994105811
1994105812
1994105814
1994105817
1994105820
1994105821
1994105822
1994105824
1994105826
1994105827
1994105830
1994105831
1994105832
1994105833
1994105837
1994105838
1994105839
1994105840
1994105841
1994105842
1994105844
1994105845
1994105846
1994105847
1994105848
1994105850
1994105853
1994105855
1994105856
1994105857
1994105858
1994105859
1994105860
1994105861
1994105864
1994105865
1994105866
1994105867
1994105868
1994105869
1994105870
1994105871
1994105872
1994105874
1994105875
1994105876
1994105877
1994105878
1994105880
1994105881
1994105883
1994105884
1994105885
1994105886
1994105888
1994105889
1994105890
1994105895
1994105896
1994105898
1994105899
1994105900
1994105903
1994105904
1994105905
1994105906
1994105907
1994105909
1994105910
1994105911
1994105912
1994105913
1994105915
1994105917
1994105918
1994105919
1994105920
1994105922
1994105923
1994105925
1994105926
1994105927
1994105928
1994105929
1994105930
1994105931
1994105933
1994105935
1994105936
1994105937
1994105941
1994105942
1994105943
1994105944
1994105947
1994105948
1994105949
1994105950
1994105952
1994105956
1994105958
1994105959
1994105960
1994105961
1994105963
1994105964
1994105966
1994105967
1994105969
1994105970
1994105971
1994105972
1994105973
1994105974
1994105975
1994105976
1994105977
1994105978
1994105979
1994105980
1994105981
1994105983
1994105985
1994105986
1994105988
1994105989
1994105992
1994105993
1994105997
1994105998
1994105999
1994106000
1994106001
1994106002
1994106003
1994106005
1994106007
1994106008
1994106009
1994106010
1994106011
1994106012
1994106013
1994106014
1994106015
1994106016
1994106018
1994106020
1994106021
1994106022
1994106023
1994106024
1994106027
1994106028
1994106030
1994106031
1994106034
1994106035
1994106037
1994106040
1994106041
1994106043
1994106044
1994106045
1994106046
1994106047
1994106048
1994106049
1994106050
1994106051
1994106052
1994106053
1994106054
1994106057
1994106058
1994106059
1994106060
1994106061
1994106062
1994106063
1994106065
1994106066
1994106068
1994106069
1994106071
1994106072
1994106073
1994106074
1994106075
1994106077
1994106080
1994106081
1994106082
1994106084
1994106085
1994106086
1994106088
1994106089
1994106090
1994106093
1994106094
1994106096
1994106097
1994106098
1994106099
1994106100
1994106101
1994106102
1994106103
1994106104
1994106106
1994106108
1994106110
1994106111
1994106113
1994106114
1994106117
1994106118
1994106119
1994106121
1994106122
1994106123
1994106124
1994106125
1994106126
1994106127
1994106128
1994106129
1994106131
1994106133
1994106134
1994106137
1994106140
1994106142
1994106144
1994106145
1994106146
1994106147
1994106148
1994106149
1994106151
1994106152
1994106154
1994106155
1994106158
1994106159
1994106162
1994106166
1994106169
1994106171
1994106172
1994106173
1994106175
1994106178
1994106179
1994106180
1994106181
1994106183
1994106185
1994106186
1994106188
1994106189
1994106191
1994106192
1994106194
1994106197
1994106198
1994106201
1994106203
1994106205
1994106206
1994106207
1994106209
1994106211
1994106214
1994106215
1994106217
1994106218
1994106219
1994106220
1994106222
1994106226
1994106227
1994106231
1994106232
1994106234
1994106235
1994106239
1994106240
1994106241
1994106242
1994106243
1994106244
1994106245
1994106246
1994106247
1994106248
1994106249
1994106250
1994106251
1994106252
1994106254
1994106255
1994106256
1994106257
1994106258
1994106260
1994106262
1994106263
1994106264
1994106265
1994106266
1994106267
1994106268
1994106269
1994106271
1994106272
1994106273
1994106275
1994106276
1994106278
1994106279
1994106280
1994106282
1994106285
1994106290
1994106292
1994106293
1994106294
1994106295
1994106296
1994106297
1994106298
1994106299
1994106302
1994106304
1994106305
1994106306
1994106307
1994106308
1994106309
1994106310
1994106312
1994106313
1994106314
1994106315
1994106318
1994106319
1994106320
1994106322
1994106323
1994106324
1994106325
1994106326
1994106327
1994106329
1994106330
1994106332
1994106333
1994106335
1994106336
1994106338
1994106339
1994106341
1994106342
1994106343
1994106344
1994106345
1994106346
1994106348
1994106349
1994106351
1994106352
1994106353
1994106354
1994106356
1994106357
1994106359
1994106360
1994106361
1994106365
1994106366
1994106368
1994106370
1994106373
1994106374
1994106375
1994106379
1994106380
1994106381
1994106382
1994106384
1994106385
1994106386
1994106387
1994106388
1994106389
1994106392
1994106395
1994106397
1994106400
1994106401
1994106402
1994106403
1994106404
1994106405
1994106406
1994106407
1994106408
1994106409
1994106410
1994106411
1994106412
1994106414
1994106415
1994106419
1994106420
1994106425
1994106428
1994106429
1994106430
1994106431
1994106432
1994106433
1994106435
1994106439
1994106440
1994106442
1994106443
1994106448
1994106450
1994106451
1994106452
1994106453
1994106454
1994106456
1994106458
1994106462
1994106464
1994106465
1994106466
1994106467
1994106468
1994106469
1994106471
1994106472
1994106473
1994106474
1994106476
1994106478
1994106479
1994106480
1994106481
1994106483
1994106484
1994106485
1994106486
1994106487
1994106488
1994106489
1994106490
1994106491
1994106492
1994106493
1994106497
1994106498
1994106499
1994106501
1994106502
1994106503
1994106504
1994106505
1994106506
1994106507
1994106508
1994106510
1994106512
1994106516
1994106517
1994106519
1994106520
1994106521
1994106522
1994106523
1994106524
1994106525
1994106527
1994106529
1994106530
1994106531
1994106532
1994106536
1994106538
1994106539
1994106540
1994106541
1994106542
1994106543
1994106544
1994106545
1994106547
1994106548
1994106549
1994106550
1994106551
1994106552
1994106553
1994106554
1994106555
1994106556
1994106557
1994106558
1994106559
1994106560
1994106562
1994106563
1994106564
1994106567
1994106569
1994106570
1994106571
1994106572
1994106573
1994106574
1994106576
1994106578
1994106579
1994106581
1994106582
1994106583
1994106584
1994106585
1994106587
1994106588
1994106589
1994106590
1994106591
1994106592
1994106593
1994106594
1994106595
1994106596
1994106597
1994106598
1994106599
1994106600
1994106601
1994106602
1994106604
1994106605
1994106607
1994106608
1994106609
1994106610
1994106612
1994106613
1994106615
1994106616
1994106617
1994106620
1994106621
1994106622
1994106624
1994106627
1994106631
1994106632
1994106633
1994106634
1994106635
1994106636
1994106637
1994106638
1994106639
1994106640
1994106641
1994106642
1994106643
1994106644
1994106646
1994106648
1994106649
1994106650
1994106651
1994106652
1994106653
1994106655
1994106656
1994106659
1994106660
1994106662
1994106663
1994106665
1994106667
1994106669
1994106670
1994106672
1994106675
1994106676
1994106677
1994106680
1994106681
1994106682
1994106683
1994106684
1994106685
1994106688
1994106689
1994106690
1994106692
1994106693
1994106695
1994106697
1994106699
1994106700
1994106701
1994106702
1994106703
1994106704
1994106705
1994106706
1994106710
1994106711
1994106712
1994106713
1994106714
1994106715
1994106717
1994106718
1994106719
1994106720
1994106721
1994106722
1994106723
1994106724
1994106725
1994106726
1994106728
1994106729
1994106731
1994106732
1994106733
1994106735
1994106736
1994106737
1994106738
1994106740
1994106741
1994106742
1994106744
1994106745
1994106746
1994106748
1994106750
1994106752
1994106754
1994106755
1994106756
1994106758
1994106759
1994106760
1994106761
1994106763
1994106764
1994106765
1994106766
1994106767
1994106768
1994106769
1994106771
1994106772
1994106773
1994106774
1994106775
1994106776
1994106777
1994106778
1994106780
1994106781
1994106783
1994106784
1994106785
1994106786
1994106788
1994106789
1994106790
1994106791
1994106792
1994106793
1994106796
1994106797
1994106799
1994106800
1994106801
1994106802
1994106803
1994106804
1994106805
1994106806
1994106807
1994106808
1994106809
1994106810
1994106811
1994106813
1994106816
1994106817
1994106818
1994106821
1994106825
1994106826
1994106827
1994106828
1994106829
1994106830
1994106833
1994106834
1994106835
1994106836
1994106837
1994106838
1994106839
1994106840
1994106843
1994106844
1994106845
1994106847
1994106848
1994106849
1994106853
1994106854
1994106856
1994106858
1994106860
1994106861
1994106862
1994106865
1994106866
1994106869
1994106870
1994106871
1994106873
1994106874
1994106875
1994106877
1994106878
1994106879
1994106880
1994106881
1994106882
1994106883
1994106884
1994106886
1994106887
1994106888
1994106890
1994106891
1994106893
1994106894
1994106895
1994106896
1994106897
1994106899
1994106900
1994106902
1994106903
1994106904
1994106906
1994106908
1994106909
1994106913
1994106914
1994106915
1994106917
1994106918
1994106919
1994106922
1994106923
1994106925
1994106926
1994106927
1994106928
1994106932
1994106933
1994106934
1994106935
1994106937
1994106938
1994106939
1994106940
1994106942
1994106943
1994106944
1994106945
1994106946
1994106947
1994106948
1994106951
1994106952
1994106953
1994106954
1994106956
1994106957
1994106958
1994106960
1994106961
1994106962
1994106963
1994106964
1994106965
1994106968
1994106969
1994106970
1994106972
1994106973
1994106975
1994106976
1994106977
1994106978
1994106979
1994106980
1994106981
1994106982
1994106983
1994106984
1994106985
1994106986
1994106987
1994106988
1994106989
1994106990
1994106992
1994106994
1994106995
1994106998
1994106999
1994107000
1994107001
1994107002
1994107003
1994107004
1994107006
1994107007
1994107008
1994107009
1994107010
1994107011
1994107012
1994107013
1994107014
1994107015
1994107016
1994107017
1994107018
1994107019
1994107021
1994107023
1994107024
1994107025
1994107026
1994107028
1994107029
1994107030
1994107031
1994107032
1994107034
1994107036
1994107037
1994107038
1994107039
1994107040
1994107041
1994107042
1994107043
1994107044
1994107047
1994107048
1994107050
1994107052
1994107053
1994107055
1994107056
1994107057
1994107058
1994107059
1994107061
1994107063
1994107064
1994107066
1994107067
1994107068
1994107069
1994107070
1994107071
1994107072
1994107074
1994107075
1994107076
1994107077
1994107078
1994107079
1994107083
1994107085
1994107086
1994107087
1994107089
1994107090
1994107094
1994107095
1994107097
1994107098
1994107099
1994107100
1994107101
1994107102
1994107103
1994107105
1994107108
1994107109
1994107111
1994107112
1994107113
1994107115
1994107116
1994107117
1994107118
1994107119
1994107120
1994107122
1994107123
1994107124
1994107125
1994107127
1994107128
1994107130
1994107131
1994107132
1994107135
1994107137
1994107141
1994107142
1994107143
1994107144
1994107145
1994107146
1994107147
1994107148
1994107149
1994107150
1994107151
1994107153
1994107154
1994107155
1994107156
1994107158
1994107159
1994107160
1994107161
1994107166
1994107169
1994107172
1994107173
1994107174
1994107175
1994107177
1994107178
1994107179
1994107181
1994107183
1994107185
1994107188
1994107189
1994107190
1994107192
1994107194
1994107195
1994107197
1994107198
1994107199
1994107202
1994107204
1994107206
1994107207
1994107212
1994107213
1994107214
1994107215
1994107216
1994107217
1994107218
1994107219
1994107220
1994107222
1994107223
1994107224
1994107226
1994107227
1994107228
1994107229
1994107236
1994107239
1994107240
1994107241
1994107243
1994107245
1994107248
1994107249
1994107250
1994107252
1994107253
1994107256
1994107257
1994107258
1994107259
1994107260
1994107263
1994107266
1994107267
1994107273
1994107274
1994107276
1994107277
1994107279
1994107280
1994107281
1994107285
1994107286
1994107288
1994107289
1994107290
1994107292
1994107293
1994107294
1994107296
1994107298
1994107299
1994107300
1994107303
1994107305
1994107306
1994107309
1994107310
1994107311
1994107312
1994107314
1994107315
1994107316
1994107317
1994107318
1994107319
1994107320
1994107321
1994107325
1994107326
1994107327
1994107328
1994107329
1994107332
1994107333
1994107334
1994107336
1994107337
1994107338
1994107339
1994107341
1994107344
1994107345
1994107347
1994107348
1994107351
1994107352
1994107353
1994107354
1994107356
1994107357
1994107359
1994107361
1994107362
1994107363
1994107364
1994107365
1994107366
1994107368
1994107372
1994107373
1994107374
1994107375
1994107376
1994107379
1994107380
1994107382
1994107384
1994107385
1994107387
1994107388
1994107389
1994107390
1994107391
1994107392
1994107393
1994107394
1994107396
1994107398
1994107399
1994107400
1994107401
1994107402
1994107403
1994107407
1994107408
1994107409
1994107410
1994107411
1994107412
1994107415
1994107419
1994107421
1994107423
1994107424
1994107425
1994107426
1994107427
1994107428
1994107430
1994107435
1994107436
1994107437
1994107438
1994107439
1994107441
1994107442
1994107443
1994107445
1994107446
1994107448
1994107451
1994107453
1994107454
1994107457
1994107458
1994107459
1994107463
1994107464
1994107465
1994107466
1994107467
1994107469
1994107471
1994107473
1994107475
1994107476
1994107478
1994107480
1994107481
1994107482
1994107483
1994107485
1994107486
1994107487
1994107488
1994107489
1994107490
1994107491
1994107494
1994107495
1994107497
1994107498
1994107499
1994107500
1994107501
1994107502
1994107503
1994107504
1994107505
1994107506
1994107507
1994107512
1994107513
1994107516
1994107517
1994107518
1994107521
1994107522
1994107523
1994107524
1994107526
1994107528
1994107531
1994107534
1994107535
1994107538
1994107539
1994107540
1994107541
1994107542
1994107543
1994107544
1994107545
1994107547
1994107548
1994107552
1994107553
1994107554
1994107555
1994107556
1994107557
1994107559
1994107561
1994107562
1994107565
1994107566
1994107567
1994107568
1994107569
1994107570
1994107571
1994107572
1994107574
1994107575
1994107576
1994107578
1994107579
1994107580
1994107581
1994107582
1994107583
1994107584
1994107586
1994107587
1994107589
1994107590
1994107591
1994107592
1994107593
1994107595
1994107596
1994107597
1994107598
1994107600
1994107602
1994107604
1994107605
1994107606
1994107607
1994107608
1994107610
1994107611
1994107614
1994107615
1994107616
1994107617
1994107618
1994107620
1994107625
1994107626
1994107628
1994107629
1994107630
1994107631
1994107632
1994107633
1994107634
1994107635
1994107636
1994107638
1994107639
1994107640
1994107641
1994107642
1994107643
1994107644
1994107645
1994107650
1994107653
1994107654
1994107655
1994107656
1994107657
1994107659
1994107661
1994107662
1994107663
1994107664
1994107665
1994107667
1994107669
1994107670
1994107671
1994107672
1994107673
1994107674
1994107675
1994107676
1994107678
1994107679
1994107680
1994107681
1994107682
1994107683
1994107684
1994107685
1994107686
1994107687
1994107688
1994107689
1994107690
1994107691
1994107692
1994107693
1994107694
1994107695
1994107696
1994107697
1994107698
1994107699
1994107700
1994107701
1994107710
1994107711
1994107712
1994107713
1994107714
1994107715
1994107716
1994107717
1994107718
1994107720
1994107722
1994107723
1994107724
1994107725
1994107726
1994107727
1994107728
1994107729
1994107730
1994107731
1994107732
1994107734
1994107736
1994107738
1994107739
1994107740
1994107742
1994107743
1994107745
1994107746
1994107747
1994107748
1994107749
1994107752
1994107753
1994107754
1994107755
1994107757
1994107758
1994107759
1994107760
1994107761
1994107762
1994107763
1994107764
1994107766
1994107767
1994107768
1994107770
1994107771
1994107772
1994107774
1994107775
1994107776
1994107777
1994107778
1994107780
1994107782
1994107783
1994107784
1994107785
1994107786
1994107789
1994107791
1994107792
1994107794
1994107795
1994107798
1994107800
1994107802
1994107804
1994107807
1994107809
1994107810
1994107811
1994107814
1994107815
1994107816
1994107817
1994107818
1994107819
1994107821
1994107822
1994107825
1994107826
1994107827
1994107828
1994107829
1994107830
1994107831
1994107832
1994107835
1994107836
1994107837
1994107838
1994107840
1994107841
1994107844
1994107845
1994107846
1994107847
1994107848
1994107849
1994107851
1994107852
1994107853
1994107855
1994107856
1994107858
1994107859
1994107862
1994107863
1994107864
1994107866
1994107868
1994107869
1994107872
1994107874
1994107876
1994107881
1994107882
1994107883
1994107884
1994107885
1994107887
1994107888
1994107889
1994107890
1994107891
1994107894
1994107895
1994107897
1994107899
1994107901
1994107904
1994107905
1994107906
1994107907
1994107910
1994107912
1994107915
1994107916
1994107921
1994107924
1994107925
1994107926
1994107927
1994107928
1994107929
1994107930
1994107931
1994107932
1994107933
1994107935
1994107938
1994107940
1994107942
1994107943
1994107944
1994107946
1994107947
1994107948
1994107949
1994107950
1994107951
1994107954
1994107955
1994107956
1994107957
1994107959
1994107963
1994107965
1994107968
1994107969
1994107974
1994107977
1994107978
1994107979
1994107980
1994107981
1994107982
1994107984
1994107985
1994107988
1994107989
1994107990
1994107991
1994107993
1994107994
1994107995
1994107996
1994107997
1994107998
1994107999
1994108000
1994108001
1994108002
1994108003
1994108007
1994108009
1994108014
1994108016
1994108018
1994108019
1994108020
1994108021
1994108023
1994108025
1994108026
1994108029
1994108030
1994108032
1994108033
1994108035
1994108037
1994108038
1994108040
1994108042
1994108043
1994108044
1994108047
1994108048
1994108049
1994108050
1994108051
1994108053
1994108054
1994108055
1994108056
1994108058
1994108059
1994108060
1994108063
1994108064
1994108065
1994108066
1994108067
1994108068
1994108070
1994108071
1994108073
1994108074
1994108075
1994108076
1994108079
1994108081
1994108082
1994108083
1994108086
1994108087
1994108088
1994108090
1994108091
1994108093
1994108096
1994108098
1994108099
1994108100
1994108103
1994108104
1994108105
1994108106
1994108107
1994108109
1994108111
1994108112
1994108113
1994108114
1994108115
1994108118
1994108119
1994108121
1994108122
1994108123
1994108126
1994108129
1994108130
1994108133
1994108134
1994108135
1994108136
1994108139
1994108140
1994108142
1994108144
1994108145
1994108147
1994108148
1994108149
1994108150
1994108151
1994108152
1994108153
1994108154
1994108155
1994108157
1994108159
1994108160
1994108161
1994108162
1994108163
1994108164
1994108165
1994108166
1994108168
1994108169
1994108170
1994108171
1994108172
1994108173
1994108175
1994108176
1994108178
1994108179
1994108180
1994108181
1994108182
1994108184
1994108185
1994108186
1994108193
1994108194
1994108195
1994108196
1994108197
1994108198
1994108199
1994108200
1994108202
1994108204
1994108206
1994108208
1994108210
1994108211
1994108212
1994108213
1994108216
1994108217
1994108218
1994108219
1994108220
1994108221
1994108222
1994108229
1994108230
1994108232
1994108233
1994108234
1994108235
1994108237
1994108238
1994108239
1994108240
1994108242
1994108243
1994108244
1994108246
1994108247
1994108249
1994108251
1994108253
1994108254
1994108255
1994108256
1994108260
1994108261
1994108263
1994108265
1994108266
1994108268
1994108270
1994108271
1994108272
1994108281
1994108284
1994108286
1994108287
1994108288
1994108289
1994108291
1994108294
1994108295
1994108296
1994108298
1994108305
1994108306
1994108307
1994108310
1994108311
1994108312
1994108313
1994108314
1994108316
1994108319
1994108320
1994108321
1994108323
1994108324
1994108325
1994108329
1994108332
1994108335
1994108336
1994108339
1994108340
1994108342
1994108343
1994108344
1994108345
1994108348
1994108349
1994108350
1994108352
1994108354
1994108355
1994108358
1994108359
1994108360
1994108361
1994108362
1994108363
1994108364
1994108365
1994108366
1994108368
1994108369
1994108370
1994108372
1994108373
1994108376
1994108377
1994108380
1994108381
1994108383
1994108384
1994108385
1994108387
1994108388
1994108390
1994108391
1994108393
1994108396
1994108398
1994108400
1994108401
1994108402
1994108403
1994108404
1994108405
1994108406
1994108408
1994108409
1994108410
1994108411
1994108412
1994108413
1994108415
1994108416
1994108417
1994108418
1994108419
1994108420
1994108421
1994108422
1994108423
1994108424
1994108425
1994108426
1994108427
1994108428
1994108429
1994108430
1994108431
1994108432
1994108433
1994108434
1994108437
1994108439
1994108441
1994108442
1994108443
1994108444
1994108445
1994108446
1994108447
1994108449
1994108450
1994108451
1994108453
1994108454
1994108455
1994108457
1994108458
1994108459
1994108460
1994108461
1994108462
1994108464
1994108467
1994108468
1994108469
1994108470
1994108471
1994108472
1994108474
1994108478
1994108479
1994108481
1994108484
1994108485
1994108488
1994108489
1994108490
1994108491
1994108495
1994108496
1994108499
1994108500
1994108501
1994108502
1994108503
1994108504
1994108505
1994108507
1994108511
1994108512
1994108513
1994108514
1994108516
1994108519
1994108520
1994108522
1994108523
1994108524
1994108525
1994108531
1994108532
1994108534
1994108537
1994108538
1994108539
1994108540
1994108541
1994108542
1994108543
1994108544
1994108545
1994108546
1994108547
1994108548
1994108549
1994108550
1994108551
1994108552
1994108553
1994108554
1994108555
1994108556
1994108557
1994108559
1994108560
1994108561
1994108562
1994108563
1994108564
1994108565
1994108566
1994108567
1994108568
1994108569
1994108570
1994108571
1994108572
1994108573
1994108574
1994108575
1994108576
1994108577
1994108578
1994108579
1994108580
1994108581
1994108582
1994108583
1994108584
1994108585
1994108586
1994108587
1994108588
1994108590
1994108591
1994108592
1994108593
1994108594
1994108595
1994108596
1994108598
1994108599
1994108600
1994108601
1994108602
1994108604
1994108605
1994108606
1994108608
1994108609
1994108610
1994108612
1994108613
1994108614
1994108615
1994108617
1994108618
1994108619
1994108620
1994108621
1994108622
1994108623
1994108624
1994108625
1994108626
1994108627
1994108628
1994108629
1994108630
1994108631
1994108632
1994108633
1994108634
1994108635
1994108636
1994108637
1994108638
1994108639
1994108640
1994108641
1994108642
1994108643
1994108644
1994108645
1994108646
1994108647
1994108648
1994108649
1994108650
1994108652
1994108653
1994108654
1994108655
1994108656
1994108657
1994108658
1994108660
1994108661
1994108662
1994108663
1994108664
1994108665
1994108667
1994108668
1994108669
1994108670
1994108671
1994108672
1994108674
1994108675
1994108676
1994108677
1994108678
1994108679
1994108680
1994108681
1994108682
1994108683
1994108684
1994108685
1994108686
1994108687
1994108688
1994108689
1994108690
1994108691
1994108692
1994108694
1994108695
1994108696
1994108698
1994108699
1994108700
1994108701
1994108702
1994108704
1994108705
1994108706
1994108707
1994108708
1994108709
1994108710
1994108712
1994108713
1994108714
1994108715
1994108716
1994108717
1994108718
1994108719
1994108720
1994108722
1994108723
1994108725
1994108727
1994108729
1994108730
1994108731
1994108733
1994108734
1994108735
1994108737
1994108738
1994108740
1994108741
1994108742
1994108743
1994108744
1994108745
1994108746
1994108747
1994108748
1994108750
1994108751
1994108753
1994108756
1994108757
1994108759
1994108760
1994108761
1994108762
1994108763
1994108765
1994108766
1994108767
1994108768
1994108769
1994108770
1994108772
1994108773
1994108775
1994108776
1994108777
1994108778
1994108783
1994108785
1994108789
1994108794
1994108795
1994108796
1994108798
1994108802
1994108805
1994108807
1994108808
1994108809
1994108815
1994108816
1994108818
1994108819
1994108822
1994108823
1994108830
1994108831
1994108832
1994108833
1994108834
1994108835
1994108837
1994108838
1994108839
1994108840
1994108843
1994108845
1994108846
1994108850
1994108851
1994108852
1994108853
1994108854
1994108856
1994108857
1994108858
1994108859
1994108860
1994108861
1994108862
1994108865
1994108868
1994108870
1994108871
1994108872
1994108873
1994108874
1994108875
1994108876
1994108877
1994108879
1994108880
1994108883
1994108884
1994108890
1994108891
1994108895
1994108897
1994108898
1994108899
1994108900
1994108902
1994108903
1994108904
1994108906
1994108907
1994108908
1994108909
1994108910
1994108911
1994108912
1994108913
1994108914
1994108915
1994108917
1994108918
1994108919
1994108920
1994108921
1994108923
1994108924
1994108925
1994108927
1994108928
1994108932
1994108934
1994108935
1994108936
1994108938
1994108939
1994108940
1994108941
1994108942
1994108943
1994108945
1994108946
1994108947
1994108948
1994108949
1994108950
1994108951
1994108952
1994108953
1994108954
1994108955
1994108958
1994108960
1994108963
1994108964
1994108966
1994108969
1994108970
1994108972
1994108973
1994108974
1994108975
1994108976
1994108978
1994108980
1994108981
1994108982
1994108983
1994108984
1994108987
1994108988
1994108989
1994108991
1994108992
1994108993
1994108994
1994108995
1994108996
1994108997
1994108998
1994108999
1994109000
1994109001
1994109002
1994109004
1994109005
1994109006
1994109007
1994109008
1994109009
1994109010
1994109011
1994109012
1994109013
1994109014
1994109015
1994109016
1994109017
1994109018
1994109020
1994109021
1994109023
1994109029
1994109031
1994109033
1994109034
1994109035
1994109036
1994109037
1994109038
1994109039
1994109040
1994109042
1994109043
1994109047
1994109048
1994109050
1994109051
1994109052
1994109053
1994109055
1994109056
1994109058
1994109059
1994109060
1994109061
1994109062
1994109063
1994109064
1994109065
1994109066
1994109067
1994109069
1994109070
1994109071
1994109072
1994109075
1994109077
1994109079
1994109081
1994109082
1994109083
1994109085
1994109086
1994109087
1994109088
1994109089
1994109094
1994109095
1994109097
1994109101
1994109102
1994109104
1994109105
1994109106
1994109107
1994109108
1994109112
1994109113
1994109114
1994109117
1994109118
1994109119
1994109121
1994109122
1994109126
1994109127
1994109131
1994109134
1994109138
1994109139
1994109142
1994109143
1994109144
1994109145
1994109148
1994109154
1994109155
1994109156
1994109162
1994109163
1994109164
1994109165
1994109166
1994109167
1994109168
1994109169
1994109171
1994109172
1994109173
1994109176
1994109177
1994109178
1994109180
1994109183
1994109187
1994109188
1994109190
1994109191
1994109192
1994109198
1994109199
1994109200
1994109201
1994109203
1994109204
1994109209
1994109210
1994109213
1994109216
1994109217
1994109218
1994109219
1994109220
1994109221
1994109223
1994109224
1994109231
1994109233
1994109234
1994109238
1994109239
1994109243
1994109245
1994109250
1994109251
1994109252
1994109253
1994109254
1994109255
1994109256
1994109257
1994109259
1994109260
1994109261
1994109264
1994109265
1994109266
1994109267
1994109269
1994109270
1994109271
1994109274
1994109278
1994109281
1994109283
1994109285
1994109286
1994109287
1994109289
1994109291
1994109292
1994109294
1994109295
1994109296
1994109298
1994109299
1994109300
1994109301
1994109302
1994109307
1994109309
1994109310
1994109311
1994109313
1994109316
1994109317
1994109318
1994109320
1994109321
1994109322
1994109323
1994109324
1994109325
1994109326
1994109327
1994109328
1994109329
1994109331
1994109332
1994109333
1994109334
1994109335
1994109337
1994109338
1994109339
1994109340
1994109341
1994109342
1994109343
1994109344
1994109345
1994109346
1994109349
1994109350
1994109351
1994109352
1994109353
1994109354
1994109355
1994109356
1994109358
1994109360
1994109361
1994109362
1994109363
1994109364
1994109365
1994109366
1994109367
1994109368
1994109369
1994109370
1994109371
1994109372
1994109373
1994109374
1994109375
1994109376
1994109377
1994109378
1994109379
1994109381
1994109382
1994109383
1994109384
1994109385
1994109386
1994109388
1994109391
1994109392
1994109394
1994109395
1994109398
1994109401
1994109402
1994109404
1994109406
1994109407
1994109408
1994109410
1994109413
1994109414
1994109415
1994109417
1994109418
1994109421
1994109423
1994109426
1994109427
1994109428
1994109430
1994109431
1994109432
1994109433
1994109434
1994109435
1994109436
1994109437
1994109438
1994109439
1994109440
1994109441
1994109442
1994109443
1994109445
1994109446
1994109447
1994109448
1994109449
1994109450
1994109451
1994109452
1994109453
1994109454
1994109455
1994109456
1994109458
1994109459
1994109460
1994109461
1994109462
1994109463
1994109464
1994109465
1994109466
1994109467
1994109470
1994109471
1994109472
1994109473
1994109474
1994109475
1994109476
1994109477
1994109478
1994109479
1994109480
1994109481
1994109482
1994109483
1994109484
1994109485
1994109487
1994109488
1994109489
1994109490
1994109491
1994109492
1994109493
1994109494
1994109495
1994109496
1994109497
1994109498
1994109499
1994109500
1994109501
1994109502
1994109503
1994109504
1994109505
1994109506
1994109507
1994109508
1994109509
1994109510
1994109511
1994109512
1994109513
1994109514
1994109515
1994109516
1994109517
1994109519
1994109520
1994109521
1994109522
1994109523
1994109524
1994109525
1994109526
1994109527
1994109528
1994109530
1994109531
1994109532
1994109533
1994109534
1994109535
1994109536
1994109537
1994109538
1994109539
1994109540
1994109541
1994109542
1994109543
1994109544
1994109545
1994109546
1994109547
1994109548
1994109549
1994109550
1994109551
1994109552
1994109553
1994109554
1994109555
1994109556
1994109557
1994109558
1994109559
1994109560
1994109562
1994109563
1994109564
1994109566
1994109567
1994109568
1994109569
1994109570
1994109571
1994109572
1994109573
1994109574
1994109575
1994109576
1994109577
1994109578
1994109579
1994109580
1994109581
1994109582
1994109583
1994109584
1994109585
1994109586
1994109587
1994109588
1994109589
1994109590
1994109591
1994109592
1994109593
1994109594
1994109595
1994109596
1994109598
1994109599
1994109600
1994109601
1994109602
1994109603
1994109604
1994109605
1994109606
1994109607
1994109608
1994109609
1994109610
1994109611
1994109612
1994109613
1994109614
1994109615
1994109616
1994109617
1994109618
1994109619
1994109620
1994109622
1994109623
1994109624
1994109625
1994109626
1994109627
1994109628
1994109629
1994109630
1994109631
1994109632
1994109633
1994109634
1994109635
1994109636
1994109637
1994109638
1994109639
1994109640
1994109641
1994109642
1994109643
1994109644
1994109645
1994109646
1994109647
1994109648
1994109649
1994109650
1994109651
1994109652
1994109653
1994109654
1994109655
1994109656
1994109657
1994109658
1994109659
1994109660
1994109661
1994109662
1994109663
1994109664
1994109665
1994109666
1994109667
1994109668
1994109669
1994109670
1994109671
1994109672
1994109673
1994109674
1994109675
1994109676
1994109677
1994109678
1994109679
1994109680
1994109681
1994109682
1994109683
1994109684
1994109686
1994109687
1994109688
1994109689
1994109690
1994109691
1994109692
1994109693
1994109694
1994109695
1994109696
1994109697
1994109698
1994109699
1994109700
1994109701
1994109702
1994109703
1994109704
1994109705
1994109706
1994109707
1994109708
1994109709
1994109710
1994109711
1994109712
1994109713
1994109714
1994109715
1994109716
1994109717
1994109718
1994109719
1994109720
1994109721
1994109722
1994109723
1994109724
1994109725
1994109726
1994109727
1994109728
1994109729
1994109730
1994109731
1994109732
1994109733
1994109734
1994109735
1994109736
1994109737
1994109738
1994109739
1994109740
1994109741
1994109742
1994109743
1994109744
1994109745
1994109746
1994109747
1994109748
1994109749
1994109750
1994109752
1994109753
1994109754
1994109755
1994109756
1994109757
1994109758
1994109759
1994109760
1994109761
1994190001
1994190002
1994190003
1994190004
1994190005
1994190006
1994190007
1994190008
1994190009
1994190010
1994190011
1994190012
1994190013
1994190014
1994200001
1994200002
1994200005
1994200007
1994200008
1994200009
1994200010
1994200011
1994200014
1994200016
1994200019
1994200020
1994200021
1994200023
1994200024
1994200025
1994200028
1994200029
1994200030
1994200031
1994200032
1994200034
1994200038
1994200039
1994200040
1994200041
1994200044
1994200045
1994200046
1994200048
1994200049
1994200052
1994200054
1994200055
1994200057
1994200059
1994200060
1994200061
1994200063
1994200064
1994200068
1994200070
1994200071
1994200072
1994200073
1994200076
1994200079
1994200080
1994500003
1994500009
1994500014
1994500016
1994500017
1994500021
1994500022
1994500024
1994500033
1994500037
1994500039
1994500041
1994500044
1994500046
1994500047
1994500049
1994500052
1994500053
1994500058
1994500060
1994500061
1994500064
1994500069
1994500074
1994500075
1994500084
1994500088
1994500089
1994500092
1994500094
1994500102
1994500107
1994500108
1994500111
1994500113
1994500124
1994500125
1994500126
1994500133
1994500137
1994500139
1994500140
1994500143
1994500145
1994500150
1994500155
1994500166
1994500167
1994500169
1994500172
1994500178
1994500182
1994500183
1994500184
1994500185
1994500189
1994500191
1994500193
1994500198
1994500199
1994500204
1994500210
1994500212
1994500214
1994500217
1994500219
1994500222
1994500224
1994500229
1994500230
1994500233
1994500235
1994500236
1994500239
1994500244
1994500246
1994500248
1994500252
1994500255
1994500256
1994500257
1994500258
1994500260
1994500263
1994500265
1994500271
1994500276
1994500277
1994500280
1994500282
1994500289
1994500290
1994500292
1994500293
1994500294
1994500298
1994500301
1994500308
1994500309
1994500310
1994500311
1994500315
1994500319
1994500324
1994500326
1994500327
1994500330
1994500332
1994500333
1994500335
1994500336
1994500340
1994500342
1994500343
1994500348
1994500349
1994500350
1994500353
1994500358
1994500359
1994500365
1994500367
1994500369
1994500371
1994500372
1994500375
1994500379
1994500383
1994500386
1994500389
1994500391
1994500393
1994500395
1994500399
1994500400
1994500403
1994500407
1994500410
1994500417
1994500420
1994500425
1994500426
1994500431
1994500435
1994500436
1994500437
1994500443
1994500450
1994500454
1994500464
1994500465
1994500470
1994500471
1994500474
1994500477
1994500478
1994500481
1994500484
1994500486
1994500487
1994500489
1994500497
1994500500
1994500501
1994500503
1994500504
1994500505
1994500508
1994500510
1994500512
1994500513
1994500520
1994500522
1994500530
1994500532
1994500534
1994500536
1994500539
1994500542
1994500546
1994500547
1994500551
1994500552
1994500557
1994500558
1994500561
1994500577
1994500583
1994500584
1994500585
1994500598
1994500601
1994500605
1994500618
1994500621
1994500626
1994500630
1994500632
1994500634
1994500636
1994500642
1994500644
1994500649
1994500652
1994500659
1994500666
1994500667
1994500673
1994500677
1994500678
1994500679
1994500682
1994500694
1994500698
1994500699
1994500701
1994500705
1994500706
1994500707
1994500710
1994500711
1994500712
1994500713
1994500715
1994500718
1994500719
1994500720
1994500725
1994500726
1994500729
1994500730
1994500734
1994500735
1994500736
1994500744
1994500746
1994500749
1994500751
1994500753
1994500756
1994500759
1994500761
1994500764
1994500768
1994500771
1994500779
1994500781
1994500782
1994500783
1994500784
1994500785
1994500786
1994500800
1994500803
1994500804
1994500806
1994500809
1994500811
1994500812
1994500815
1994500816
1994500817
1994500824
1994500825
1994500827
1994500828
1994500829
1994500835
1994500837
1994500838
1994500839
1994500844
1994500849
1994500853
1994500858
1994500872
1994500874
1994500877
1994500884
1994500885
1994500888
1994500897
1994500906
1994500908
1994500909
1994500910
1994500923
1994500927
1994500928
1994500931
1994500937
1994500943
1994500955
1994500960
1994500963
1994500964
1994500966
1994500969
1994500972
1994500974
1994500976
1994500977
1994500982
1994500986
1994500987
1994500995
1994501007
1994501008
1994501011
1994501013
1994501015
1994501016
1994501027
1994501028
1994501036
1994501039
1994501043
1994501044
1994501045
1994501047
1994501048
1994501055
1994501056
1994501061
1994501062
1994501068
1994501069
1994501074
1994501076
1994501085
1994501086
1994501093
1994501096
1994501104
1994501122
1994501127
1994501130
1994501131
1994501134
1994501147
1994501148
1994501150
1994501151
1994501153
1994501156
1994501157
1994501160
1994501161
1994501169
1994501171
1994501173
1994501176
1994501179
1994501181
1994501192
1994501193
1994501196
1994501197
1994501200
1994501206
1994501208
1994501210
1994501212
1994501216
1994501221
1994501222
1994501231
1994501232
1994501233
1994501241
1994501242
1994501244
1994501245
1994501248
1994501250
1994501256
1994501260
1994501264
1994501269
1994501274
1994501277
1994501278
1994501279
1994501282
1994501289
1994501290
1994501293
1994501298
1994501299
1994501305
1994501308
1994501309
1994501316
1994501329
1994501330
1994501337
1994501344
1994501345
1994501357
1994501365
1994501370
1994501377
1994501381
1994501383
1994501398
1994501399
1994501406
1994501408
1994501413
1994501415
1994501417
1994501425
1994501434
1994501437
1994501441
1994501444
1994501445
1994501453
1994501454
1994501458
1994501460
1994501461
1994501462
1994501464
1994501467
1994501469
1994501471
1994501474
1994501475
1994501477
1994501479
1994501482
1994501488
1994501497
1994501501
1994501505
1994501506
1994501515
1994501519
1994501526
1994501528
1994501530
1994501532
1994501533
1994501536
1994501537
1994501541
1994501550
1994501551
1994501557
1994501559
1994501564
1994501567
1994501568
1994501571
1994501573
1994501574
1994501579
1994501595
1994501597
1994501598
1994501599
1994501600
1994501601
1994501612
1994501614
1994501618
1994501627
1994501629
1994501632
1994501633
1994501637
1994501646
1994501647
1994501648
1994501649
1994501652
1994501655
1994501656
1994501662
1994501668
1994501669
1994501673
1994501674
1994501680
1994501682
1994501684
1994501688
1994501692
1994501696
1994501698
1994501703
1994501704
1994501707
1994501708
1994501709
1994501713
1994501716
1994501720
1994501723
1994501735
1994501738
1994501742
1994501746
1994501749
1994501754
1994501758
1994501759
1994501760
1994501764
1994501769
1994501776
1994501778
1994501779
1994501780
1994501788
1994501790
1994501791
1994501796
1994501800
1994501806
1994501815
1994501817
1994501829
1994501831
1994501833
1994501837
1994501839
1994501840
1994501843
1994501846
1994501855
1994501859
1994501861
1994501864
1994501869
1994501870
1994501876
1994501877
1994501880
1994501882
1994501891
1994501903
1994501904
1994501910
1994501915
1994501923
1994501925
1994501932
1994501933
1994501934
1994501935
1994501937
1994501938
1994501941
1994501942
1994501943
1994501944
1994501945
1994501946
1994501947
1994501952
1994501953
1994501957
1994501958
1994501959
1994501960
1994501964
1994501967
1994501968
1994501970
1994501972
1994501973
1994501974
1994501982
1994501986
1994501989
1994501993
1994501995
1994501998
1994502003
1994502005
1994502006
1994502008
1994502009
1994502010
1994502012
1994502014
1994502016
1994502018
1994502019
1994502021
1994502025
1994502028
1994502033
1994502034
1994502035
1994502044
1994502047
1994502053
1994502054
1994502059
1994502064
1994502065
1994502066
1994502067
1994502069
1994502070
1994502071
1994502074
1994502078
1994502082
1994502086
1994502087
1994502089
1994502098
1994502102
1994502103
1994502104
1994502105
1994502107
1994502108
1994502119
1994502122
1994502125
1994502129
1994502131
1994502133
1994502135
1994502142
1994502153
1994502161
1994502166
1994502171
1994502174
1994502175
1994502176
1994502177
1994502180
1994502185
1994502191
1994502195
1994502197
1994502199
1994502200
1994502201
1994502203
1994502205
1994502210
1994502218
1994502221
1994502223
1994502227
1994502228
1994502229
1994502235
1994502250
1994502252
1994502254
1994502255
1994502266
1994502267
1994502270
1994502284
1994502285
1994502297
1994502302
1994502313
1994502316
1994502317
1994502319
