1997103458
1997102385
1997110259
1997101539
1997110262
1997103699
1997103429
1997106400
1997103540
1997110025
1997110287
1997100343
1997103621
1997106275
1997106312
1997103400
1997103725
1997110173
1997109364
1997103687
1997103455
1997106560
1997102358
1997101264
1997100468
1997110257
1997103456
1997103413
1997103519
1997106356
1997102034
1997104638
1997100411
1997103387
1997102335
1997103708
1997110043
1997107429
1997104490
1997106793
1997104427
1997110116
1997100686
1997101220
1997110169
1997105461
1997101400
1997110179
1997104637
1997110118
1997106349
1997105394
1997104966
1997104962
1997104968
1997104827
1997103579
1997100569
1997103555
1997103704
1997103426
1997103478
1997103408
1997103569
1997103397
1997103657
1997103940
1997103421
1997104444
1997103450
1997101208
1997103553
1997105085
1997105481
1997105485
1997103622
1997100632
1997110261
1997106718
1997101271
1997100831
1997106423
1997101270
1997107279
1997103736
1997101152
1997100499
1997104065
1997102045
1997105033
1997110152
1997105398
1997103390
1997103738
1997101607
1997107382
1997101701
1997110130
1997106497
1997100572
1997110300
1997107241
1997100910
1997100292
1997100319
1997110163
1997110078
1997110164
1997100571
1997103737
1997110210
1997100488
1997100528
1997107270
1997102139
1997109367
1997103506
1997100626
1997100562
1997104826
1997100658
1997100525
1997103664
1997102357
1997110192
1997101105
1997100879
1997107283
1997100354
1997102054
1997105644
1997106678
1997102153
1997101015
1997106344
1997103792
1997103424
1997105550
1997103904
1997109348
1997103952
1997103969
1997103998
1997104081
1997104073
1997103723
