1998100013
1998100014
1998100015
1998100016
1998100017
1998100018
1998100019
1998100020
1998100021
1998100022
1998100023
1998100024
1998100025
1998100026
1998100028
1998100029
1998100030
1998100031
1998100032
1998100033
1998100034
1998100036
1998100037
1998100038
1998100040
1998100041
1998100042
1998100043
1998100044
1998100046
1998100047
1998100048
1998100049
1998100050
1998100051
1998100053
1998100054
1998100055
1998100056
1998100057
1998100058
1998100060
1998100061
1998100062
1998100063
1998100064
1998100065
1998100066
1998100069
1998100070
1998100071
1998100072
1998100073
1998100074
1998100075
1998100076
1998100078
1998100079
1998100080
1998100081
1998100082
1998100083
1998100084
1998100085
1998100086
1998100087
1998100088
1998100089
1998100090
1998100091
1998100092
1998100093
1998100094
1998100095
1998100096
1998100097
1998100098
1998100099
1998100100
1998100101
1998100102
1998100103
1998100104
1998100106
1998100108
1998100111
1998100112
1998100113
1998100114
1998100115
1998100116
1998100117
1998100120
1998100121
1998100122
1998100123
1998100124
1998100125
1998100126
1998100127
1998100128
1998100129
1998100130
1998100131
1998100132
1998100133
1998100134
1998100136
1998100137
1998100139
1998100140
1998100141
1998100142
1998100143
1998100144
1998100145
1998100146
1998100147
1998100148
1998100149
1998100150
1998100151
1998100152
1998100153
1998100154
1998100155
1998100156
1998100157
1998100158
1998100159
1998100160
1998100161
1998100162
1998100163
1998100164
1998100165
1998100166
1998100167
1998100168
1998100169
1998100170
1998100171
1998100172
1998100173
1998100174
1998100175
1998100176
1998100177
1998100178
1998100180
1998100181
1998100182
1998100183
1998100184
1998100185
1998100186
1998100187
1998100188
1998100189
1998100190
1998100191
1998100192
1998100194
1998100195
1998100196
1998100197
1998100198
1998100200
1998100201
1998100202
1998100203
1998100204
1998100206
1998100207
1998100208
1998100209
1998100210
1998100211
1998100212
1998100213
1998100214
1998100215
1998100216
1998100217
1998100218
1998100219
1998100220
1998100221
1998100222
1998100223
1998100224
1998100225
1998100226
1998100227
1998100228
1998100229
1998100230
1998100231
1998100232
1998100235
1998100236
1998100237
1998100238
1998100239
1998100240
1998100241
1998100242
1998100243
1998100245
1998100246
1998100248
1998100249
1998100250
1998100251
1998100252
1998100253
1998100254
1998100255
1998100256
1998100257
1998100259
1998100260
1998100262
1998100263
1998100264
1998100265
1998100266
1998100268
1998100269
1998100270
1998100271
1998100272
1998100273
1998100274
1998100275
1998100276
1998100277
1998100278
1998100279
1998100280
1998100282
1998100283
1998100284
1998100285
1998100287
1998100288
1998100289
1998100290
1998100291
1998100293
1998100294
1998100295
1998100296
1998100297
1998100299
1998100302
1998100303
1998100304
1998100305
1998100306
1998100307
1998100308
1998100310
1998100311
1998100312
1998100313
1998100314
1998100316
1998100317
1998100318
1998100320
1998100321
1998100322
1998100323
1998100324
1998100325
1998100326
1998100327
1998100328
1998100329
1998100330
1998100331
1998100332
1998100333
1998100334
1998100335
1998100336
1998100337
1998100338
1998100340
1998100341
1998100342
1998100343
1998100344
1998100345
1998100346
1998100347
1998100348
1998100349
1998100350
1998100351
1998100352
1998100353
1998100354
1998100355
1998100356
1998100357
1998100358
1998100359
1998100360
1998100361
1998100362
1998100363
1998100364
1998100365
1998100366
1998100367
1998100368
1998100369
1998100370
1998100371
1998100372
1998100373
1998100374
1998100376
1998100377
1998100378
1998100379
1998100380
1998100381
1998100382
1998100383
1998100384
1998100385
1998100386
1998100387
1998100389
1998100390
1998100391
1998100392
1998100393
1998100394
1998100395
1998100397
1998100398
1998100399
1998100401
1998100402
1998100403
1998100404
1998100406
1998100407
1998100408
1998100410
1998100411
1998100412
1998100413
1998100415
1998100416
1998100417
1998100418
1998100419
1998100420
1998100422
1998100423
1998100425
1998100426
1998100428
1998100429
1998100430
1998100431
1998100432
1998100433
1998100434
1998100435
1998100436
1998100437
1998100438
1998100439
1998100440
1998100441
1998100442
1998100443
1998100444
1998100445
1998100446
1998100447
1998100448
1998100449
1998100450
1998100451
1998100452
1998100453
1998100454
1998100455
1998100456
1998100457
1998100458
1998100459
1998100460
1998100461
1998100462
1998100463
1998100464
1998100466
1998100467
1998100468
1998100470
1998100471
1998100472
1998100473
1998100474
1998100475
1998100477
1998100478
1998100479
1998100481
1998100482
1998100483
1998100484
1998100485
1998100486
1998100487
1998100488
1998100489
1998100491
1998100492
1998100493
1998100494
1998100495
1998100496
1998100498
1998100499
1998100500
1998100501
1998100502
1998100503
1998100504
1998100505
1998100506
1998100507
1998100508
1998100509
1998100510
1998100511
1998100512
1998100513
1998100514
1998100515
1998100516
1998100517
1998100518
1998100519
1998100520
1998100522
1998100523
1998100524
1998100525
1998100526
1998100527
1998100528
1998100529
1998100530
1998100531
1998100532
1998100533
1998100534
1998100536
1998100537
1998100539
1998100540
1998100541
1998100542
1998100543
1998100545
1998100546
1998100547
1998100548
1998100549
1998100550
1998100551
1998100552
1998100553
1998100554
1998100555
1998100556
1998100557
1998100558
1998100559
1998100560
1998100562
1998100563
1998100564
1998100565
1998100566
1998100567
1998100568
1998100569
1998100570
1998100571
1998100572
1998100573
1998100574
1998100575
1998100576
1998100577
1998100578
1998100579
1998100580
1998100581
1998100582
1998100583
1998100584
1998100585
1998100586
1998100587
1998100588
1998100589
1998100590
1998100591
1998100592
1998100593
1998100595
1998100596
1998100597
1998100598
1998100599
1998100600
1998100601
1998100602
1998100604
1998100605
1998100606
1998100607
1998100608
1998100609
1998100610
1998100611
1998100613
1998100614
1998100615
1998100616
1998100617
1998100618
1998100619
1998100621
1998100622
1998100623
1998100624
1998100625
1998100626
1998100627
1998100628
1998100631
1998100632
1998100633
1998100634
1998100635
1998100636
1998100637
1998100639
1998100640
1998100641
1998100643
1998100644
1998100646
1998100647
1998100649
1998100650
1998100651
1998100652
1998100653
1998100654
1998100655
1998100657
1998100658
1998100660
1998100661
1998100662
1998100665
1998100667
1998100668
1998100669
1998100670
1998100671
1998100672
1998100673
1998100674
1998100675
1998100676
1998100677
1998100678
1998100679
1998100680
1998100681
1998100682
1998100683
1998100684
1998100685
1998100686
1998100687
1998100688
1998100689
1998100690
1998100691
1998100692
1998100693
1998100694
1998100695
1998100696
1998100697
1998100698
1998100699
1998100700
1998100701
1998100702
1998100703
1998100704
1998100705
1998100706
1998100707
1998100708
1998100709
1998100710
1998100711
1998100712
1998100713
1998100714
1998100715
1998100716
1998100717
1998100718
1998100719
1998100720
1998100721
1998100722
1998100723
1998100724
1998100725
1998100726
1998100727
1998100728
1998100729
1998100731
1998100732
1998100733
1998100734
1998100736
1998100737
1998100739
1998100740
1998100742
1998100743
1998100745
1998100746
1998100747
1998100748
1998100749
1998100750
1998100752
1998100753
1998100754
1998100755
1998100757
1998100758
1998100760
1998100761
1998100762
1998100763
1998100764
1998100765
1998100766
1998100767
1998100768
1998100769
1998100770
1998100771
1998100773
1998100774
1998100775
1998100777
1998100778
1998100781
1998100782
1998100783
1998100784
1998100785
1998100786
1998100787
1998100788
1998100789
1998100791
1998100792
1998100793
1998100794
1998100795
1998100796
1998100797
1998100799
1998100800
1998100801
1998100802
1998100803
1998100804
1998100805
1998100806
1998100807
1998100808
1998100809
1998100810
1998100811
1998100812
1998100813
1998100815
1998100816
1998100817
1998100818
1998100821
1998100822
1998100824
1998100825
1998100826
1998100827
1998100828
1998100829
1998100830
1998100831
1998100832
1998100833
1998100834
1998100835
1998100836
1998100837
1998100838
1998100839
1998100840
1998100842
1998100843
1998100844
1998100845
1998100847
1998100848
1998100849
1998100850
1998100851
1998100852
1998100853
1998100854
1998100855
1998100856
1998100857
1998100858
1998100859
1998100860
1998100861
1998100862
1998100863
1998100864
1998100865
1998100866
1998100867
1998100868
1998100870
1998100871
1998100872
1998100873
1998100874
1998100875
1998100876
1998100877
1998100878
1998100879
1998100880
1998100881
1998100882
1998100883
1998100884
1998100885
1998100886
1998100887
1998100888
1998100890
1998100891
1998100892
1998100893
1998100896
1998100897
1998100898
1998100899
1998100900
1998100901
1998100902
1998100903
1998100905
1998100906
1998100907
1998100908
1998100909
1998100910
1998100911
1998100912
1998100913
1998100914
1998100915
1998100916
1998100917
1998100918
1998100919
1998100920
1998100921
1998100923
1998100924
1998100925
1998100926
1998100927
1998100928
1998100929
1998100930
1998100931
1998100932
1998100934
1998100935
1998100936
1998100937
1998100938
1998100939
1998100942
1998100944
1998100945
1998100946
1998100947
1998100948
1998100949
1998100951
1998100952
1998100953
1998100955
1998100956
1998100957
1998100958
1998100959
1998100960
1998100961
1998100962
1998100963
1998100964
1998100965
1998100966
1998100967
1998100968
1998100970
1998100971
1998100972
1998100973
1998100974
1998100975
1998100976
1998100977
1998100978
1998100979
1998100980
1998100981
1998100982
1998100983
1998100984
1998100985
1998100986
1998100987
1998100988
1998100990
1998100991
1998100992
1998100993
1998100994
1998100995
1998100997
1998100998
1998100999
1998101000
1998101002
1998101003
1998101004
1998101005
1998101006
1998101007
1998101008
1998101009
1998101010
1998101011
1998101012
1998101013
1998101015
1998101016
1998101017
1998101018
1998101019
1998101020
1998101021
1998101022
1998101023
1998101024
1998101025
1998101026
1998101027
1998101028
1998101029
1998101030
1998101031
1998101032
1998101033
1998101034
1998101035
1998101036
1998101037
1998101038
1998101040
1998101041
1998101042
1998101043
1998101044
1998101045
1998101047
1998101049
1998101050
1998101051
1998101052
1998101053
1998101054
1998101055
1998101056
1998101058
1998101059
1998101060
1998101061
1998101062
1998101063
1998101064
1998101066
1998101068
1998101069
1998101071
1998101074
1998101075
1998101076
1998101077
1998101078
1998101079
1998101082
1998101083
1998101084
1998101085
1998101087
1998101088
1998101089
1998101090
1998101092
1998101093
1998101094
1998101095
1998101096
1998101097
1998101098
1998101099
1998101100
1998101102
1998101103
1998101104
1998101105
1998101106
1998101108
1998101109
1998101110
1998101111
1998101112
1998101113
1998101114
1998101115
1998101116
1998101117
1998101119
1998101120
1998101121
1998101123
1998101124
1998101125
1998101126
1998101127
1998101128
1998101130
1998101131
1998101132
1998101133
1998101134
1998101135
1998101136
1998101137
1998101138
1998101140
1998101141
1998101142
1998101143
1998101145
1998101147
1998101148
1998101149
1998101150
1998101151
1998101152
1998101153
1998101154
1998101155
1998101157
1998101158
1998101159
1998101160
1998101162
1998101163
1998101164
1998101165
1998101166
1998101167
1998101168
1998101169
1998101170
1998101171
1998101172
1998101173
1998101174
1998101175
1998101176
1998101177
1998101178
1998101179
1998101180
1998101181
1998101182
1998101183
1998101184
1998101185
1998101186
1998101187
1998101188
1998101190
1998101191
1998101192
1998101193
1998101194
1998101195
1998101196
1998101197
1998101199
1998101202
1998101204
1998101205
1998101206
1998101208
1998101209
1998101212
1998101213
1998101214
1998101215
1998101216
1998101217
1998101218
1998101219
1998101220
1998101221
1998101222
1998101223
1998101224
1998101225
1998101226
1998101227
1998101228
1998101229
1998101230
1998101231
1998101232
1998101233
1998101234
1998101235
1998101236
1998101237
1998101238
1998101239
1998101241
1998101242
1998101243
1998101244
1998101245
1998101246
1998101247
1998101248
1998101249
1998101250
1998101251
1998101252
1998101253
1998101254
1998101255
1998101256
1998101257
1998101259
1998101263
1998101264
1998101265
1998101266
1998101267
1998101268
1998101269
1998101270
1998101271
1998101272
1998101274
1998101275
1998101276
1998101277
1998101278
1998101280
1998101281
1998101282
1998101285
1998101286
1998101287
1998101288
1998101289
1998101290
1998101291
1998101292
1998101293
1998101294
1998101295
1998101296
1998101297
1998101298
1998101299
1998101300
1998101301
1998101302
1998101303
1998101304
1998101305
1998101306
1998101307
1998101308
1998101309
1998101310
1998101311
1998101312
1998101313
1998101314
1998101315
1998101316
1998101317
1998101318
1998101320
1998101322
1998101323
1998101324
1998101325
1998101327
1998101328
1998101329
1998101330
1998101331
1998101332
1998101333
1998101334
1998101335
1998101336
1998101337
1998101338
1998101339
1998101340
1998101341
1998101342
1998101344
1998101345
1998101346
1998101347
1998101348
1998101349
1998101350
1998101351
1998101352
1998101353
1998101354
1998101355
1998101356
1998101358
1998101359
1998101360
1998101361
1998101363
1998101364
1998101365
1998101366
1998101367
1998101368
1998101369
1998101370
1998101371
1998101372
1998101373
1998101374
1998101375
1998101376
1998101377
1998101378
1998101379
1998101380
1998101381
1998101382
1998101383
1998101384
1998101385
1998101386
1998101387
1998101388
1998101389
1998101390
1998101391
1998101392
1998101393
1998101394
1998101395
1998101396
1998101397
1998101398
1998101399
1998101400
1998101401
1998101402
1998101403
1998101404
1998101405
1998101406
1998101407
1998101408
1998101409
1998101411
1998101412
1998101414
1998101415
1998101416
1998101417
1998101418
1998101419
1998101420
1998101421
1998101422
1998101423
1998101424
1998101427
1998101428
1998101429
1998101432
1998101433
1998101435
1998101436
1998101438
1998101439
1998101440
1998101443
1998101445
1998101446
1998101447
1998101448
1998101449
1998101450
1998101451
1998101453
1998101454
1998101455
1998101456
1998101457
1998101458
1998101460
1998101461
1998101462
1998101463
1998101464
1998101465
1998101466
1998101467
1998101468
1998101469
1998101470
1998101471
1998101473
1998101474
1998101475
1998101476
1998101477
1998101478
1998101479
1998101480
1998101481
1998101482
1998101483
1998101484
1998101485
1998101487
1998101488
1998101489
1998101490
1998101491
1998101492
1998101493
1998101494
1998101495
1998101496
1998101497
1998101499
1998101500
1998101501
1998101502
1998101503
1998101504
1998101505
1998101506
1998101507
1998101508
1998101509
1998101510
1998101511
1998101512
1998101513
1998101514
1998101515
1998101516
1998101517
1998101518
1998101519
1998101520
1998101522
1998101523
1998101524
1998101525
1998101526
1998101527
1998101528
1998101530
1998101531
1998101532
1998101533
1998101534
1998101535
1998101537
1998101538
1998101539
1998101541
1998101543
1998101544
1998101545
1998101546
1998101547
1998101548
1998101549
1998101550
1998101551
1998101552
1998101553
1998101554
1998101555
1998101556
1998101557
1998101558
1998101559
1998101560
1998101561
1998101562
1998101563
1998101564
1998101565
1998101566
1998101568
1998101569
1998101570
1998101571
1998101572
1998101573
1998101574
1998101575
1998101576
1998101577
1998101578
1998101579
1998101580
1998101581
1998101582
1998101583
1998101584
1998101585
1998101586
1998101587
1998101588
1998101589
1998101590
1998101592
1998101593
1998101596
1998101597
1998101598
1998101599
1998101600
1998101601
1998101602
1998101603
1998101604
1998101605
1998101606
1998101608
1998101610
1998101611
1998101612
1998101613
1998101616
1998101617
1998101618
1998101619
1998101620
1998101621
1998101622
1998101623
1998101624
1998101626
1998101628
1998101629
1998101630
1998101632
1998101633
1998101634
1998101635
1998101637
1998101638
1998101639
1998101640
1998101641
1998101642
1998101644
1998101645
1998101646
1998101647
1998101648
1998101649
1998101650
1998101651
1998101652
1998101653
1998101654
1998101655
1998101656
1998101657
1998101658
1998101660
1998101661
1998101662
1998101663
1998101664
1998101665
1998101667
1998101668
1998101669
1998101670
1998101672
1998101674
1998101676
1998101678
1998101679
1998101681
1998101682
1998101683
1998101684
1998101686
1998101687
1998101689
1998101690
1998101691
1998101692
1998101693
1998101694
1998101695
1998101696
1998101697
1998101698
1998101699
1998101700
1998101701
1998101703
1998101704
1998101705
1998101707
1998101708
1998101709
1998101710
1998101711
1998101712
1998101714
1998101715
1998101716
1998101717
1998101718
1998101719
1998101720
1998101721
1998101722
1998101723
1998101725
1998101726
1998101727
1998101729
1998101730
1998101731
1998101733
1998101734
1998101735
1998101736
1998101737
1998101738
1998101739
1998101740
1998101741
1998101742
1998101743
1998101744
1998101745
1998101746
1998101747
1998101748
1998101749
1998101750
1998101751
1998101752
1998101753
1998101755
1998101756
1998101757
1998101758
1998101759
1998101760
1998101761
1998101763
1998101764
1998101765
1998101766
1998101770
1998101771
1998101772
1998101773
1998101774
1998101775
1998101776
1998101777
1998101778
1998101779
1998101780
1998101781
1998101782
1998101783
1998101784
1998101785
1998101786
1998101787
1998101788
1998101790
1998101791
1998101792
1998101793
1998101794
1998101795
1998101796
1998101797
1998101798
1998101799
1998101800
1998101801
1998101802
1998101803
1998101804
1998101805
1998101806
1998101807
1998101808
1998101809
1998101810
1998101811
1998101812
1998101813
1998101814
1998101815
1998101817
1998101818
1998101819
1998101820
1998101821
1998101822
1998101823
1998101824
1998101825
1998101826
1998101827
1998101828
1998101829
1998101830
1998101831
1998101832
1998101833
1998101834
1998101836
1998101838
1998101839
1998101840
1998101841
1998101843
1998101844
1998101845
1998101846
1998101847
1998101848
1998101849
1998101850
1998101851
1998101852
1998101853
1998101854
1998101855
1998101856
1998101857
1998101858
1998101859
1998101860
1998101861
1998101862
1998101863
1998101864
1998101866
1998101867
1998101868
1998101869
1998101870
1998101871
1998101872
1998101873
1998101874
1998101875
1998101876
1998101877
1998101878
1998101879
1998101880
1998101881
1998101882
1998101883
1998101884
1998101885
1998101886
1998101887
1998101888
1998101889
1998101890
1998101891
1998101892
1998101893
1998101894
1998101895
1998101896
1998101897
1998101899
1998101900
1998101901
1998101902
1998101904
1998101906
1998101907
1998101908
1998101909
1998101910
1998101911
1998101912
1998101914
1998101915
1998101917
1998101918
1998101919
1998101920
1998101921
1998101922
1998101923
1998101924
1998101925
1998101927
1998101928
1998101929
1998101930
1998101931
1998101933
1998101934
1998101935
1998101936
1998101937
1998101938
1998101939
1998101940
1998101941
1998101942
1998101943
1998101944
1998101945
1998101946
1998101947
1998101948
1998101949
1998101951
1998101952
1998101953
1998101954
1998101955
1998101956
1998101957
1998101958
1998101959
1998101960
1998101961
1998101962
1998101963
1998101964
1998101965
1998101967
1998101968
1998101969
1998101970
1998101971
1998101972
1998101973
1998101974
1998101975
1998101976
1998101977
1998101978
1998101979
1998101981
1998101982
1998101983
1998101984
1998101985
1998101986
1998101987
1998101988
1998101989
1998101991
1998101992
1998101994
1998101995
1998101998
1998101999
1998102000
1998102001
1998102002
1998102003
1998102004
1998102005
1998102006
1998102008
1998102009
1998102010
1998102011
1998102012
1998102013
1998102014
1998102015
1998102016
1998102017
1998102018
1998102019
1998102020
1998102022
1998102024
1998102025
1998102026
1998102027
1998102028
1998102030
1998102031
1998102032
1998102033
1998102035
1998102036
1998102037
1998102038
1998102039
1998102040
1998102041
1998102042
1998102043
1998102044
1998102045
1998102046
1998102047
1998102049
1998102050
1998102051
1998102052
1998102053
1998102054
1998102055
1998102056
1998102058
1998102059
1998102060
1998102061
1998102062
1998102063
1998102064
1998102065
1998102066
1998102067
1998102068
1998102069
1998102070
1998102071
1998102073
1998102074
1998102075
1998102076
1998102077
1998102078
1998102079
1998102080
1998102081
1998102082
1998102083
1998102084
1998102085
1998102086
1998102087
1998102088
1998102089
1998102090
1998102091
1998102092
1998102093
1998102094
1998102096
1998102097
1998102098
1998102099
1998102100
1998102101
1998102102
1998102103
1998102104
1998102107
1998102108
1998102110
1998102111
1998102112
1998102113
1998102114
1998102115
1998102116
1998102117
1998102118
1998102120
1998102121
1998102122
1998102123
1998102124
1998102125
1998102127
1998102128
1998102129
1998102130
1998102131
1998102132
1998102133
1998102135
1998102136
1998102138
1998102139
1998102140
1998102141
1998102142
1998102143
1998102144
1998102145
1998102147
1998102148
1998102149
1998102150
1998102151
1998102152
1998102153
1998102154
1998102155
1998102156
1998102157
1998102158
1998102159
1998102160
1998102161
1998102162
1998102163
1998102164
1998102166
1998102167
1998102168
1998102169
1998102170
1998102171
1998102172
1998102173
1998102174
1998102175
1998102176
1998102177
1998102179
1998102181
1998102184
1998102186
1998102188
1998102189
1998102190
1998102192
1998102193
1998102194
1998102195
1998102196
1998102197
1998102198
1998102199
1998102200
1998102202
1998102204
1998102205
1998102206
1998102207
1998102208
1998102209
1998102210
1998102211
1998102212
1998102214
1998102215
1998102217
1998102218
1998102220
1998102221
1998102222
1998102223
1998102224
1998102225
1998102226
1998102227
1998102228
1998102229
1998102230
1998102232
1998102233
1998102234
1998102235
1998102236
1998102237
1998102238
1998102239
1998102240
1998102241
1998102242
1998102243
1998102244
1998102245
1998102246
1998102247
1998102248
1998102249
1998102250
1998102251
1998102252
1998102253
1998102255
1998102256
1998102257
1998102258
1998102259
1998102260
1998102261
1998102262
1998102263
1998102264
1998102265
1998102266
1998102268
1998102269
1998102270
1998102271
1998102272
1998102273
1998102274
1998102275
1998102276
1998102277
1998102278
1998102280
1998102281
1998102282
1998102283
1998102285
1998102286
1998102287
1998102288
1998102289
1998102290
1998102291
1998102292
1998102293
1998102294
1998102295
1998102296
1998102297
1998102298
1998102299
1998102301
1998102302
1998102303
1998102304
1998102305
1998102306
1998102307
1998102308
1998102309
1998102310
1998102311
1998102312
1998102314
1998102315
1998102316
1998102317
1998102318
1998102319
1998102320
1998102323
1998102324
1998102325
1998102326
1998102327
1998102328
1998102329
1998102330
1998102331
1998102332
1998102333
1998102334
1998102336
1998102337
1998102338
1998102339
1998102340
1998102341
1998102342
1998102343
1998102344
1998102345
1998102346
1998102347
1998102349
1998102350
1998102351
1998102353
1998102354
1998102355
1998102356
1998102357
1998102358
1998102359
1998102360
1998102361
1998102362
1998102363
1998102364
1998102365
1998102366
1998102367
1998102368
1998102369
1998102370
1998102371
1998102372
1998102373
1998102374
1998102375
1998102376
1998102377
1998102378
1998102379
1998102380
1998102381
1998102383
1998102384
1998102385
1998102386
1998102387
1998102389
1998102390
1998102392
1998102393
1998102394
1998102396
1998102397
1998102398
1998102399
1998102400
1998102401
1998102402
1998102403
1998102404
1998102405
1998102406
1998102407
1998102408
1998102409
1998102410
1998102411
1998102412
1998102413
1998102414
1998102415
1998102417
1998102418
1998102419
1998102421
1998102422
1998102423
1998102424
1998102425
1998102426
1998102427
1998102428
1998102429
1998102430
1998102431
1998102432
1998102434
1998102435
1998102436
1998102437
1998102438
1998102439
1998102440
1998102441
1998102442
1998102443
1998102444
1998102445
1998102446
1998102447
1998102448
1998102449
1998102450
1998102451
1998102452
1998102453
1998102454
1998102455
1998102456
1998102457
1998102458
1998102459
1998102461
1998102462
1998102463
1998102464
1998102465
1998102466
1998102467
1998102468
1998102469
1998102470
1998102471
1998102472
1998102473
1998102474
1998102475
1998102476
1998102477
1998102478
1998102479
1998102480
1998102481
1998102483
1998102484
1998102485
1998102486
1998102487
1998102488
1998102489
1998102490
1998102491
1998102492
1998102493
1998102494
1998102495
1998102496
1998102497
1998102498
1998102499
1998102500
1998102501
1998102503
1998102504
1998102505
1998102506
1998102507
1998102509
1998102510
1998102511
1998102512
1998102513
1998102514
1998102515
1998102517
1998102518
1998102519
1998102520
1998102521
1998102522
1998102523
1998102524
1998102525
1998102526
1998102527
1998102528
1998102530
1998102531
1998102532
1998102533
1998102534
1998102535
1998102536
1998102537
1998102539
1998102540
1998102541
1998102542
1998102543
1998102544
1998102546
1998102547
1998102548
1998102550
1998102551
1998102552
1998102554
1998102555
1998102556
1998102557
1998102558
1998102559
1998102560
1998102561
1998102562
1998102563
1998102564
1998102565
1998102566
1998102567
1998102569
1998102570
1998102572
1998102574
1998102575
1998102576
1998102577
1998102578
1998102579
1998102580
1998102581
1998102582
1998102583
1998102584
1998102585
1998102586
1998102587
1998102588
1998102589
1998102592
1998102593
1998102594
1998102595
1998102596
1998102597
1998102598
1998102599
1998102600
1998102601
1998102602
1998102603
1998102604
1998102605
1998102607
1998102609
1998102610
1998102611
1998102612
1998102613
1998102615
1998102616
1998102617
1998102618
1998102619
1998102620
1998102621
1998102622
1998102623
1998102624
1998102625
1998102626
1998102627
1998102628
1998102629
1998102630
1998102631
1998102632
1998102633
1998102634
1998102635
1998102636
1998102637
1998102638
1998102639
1998102640
1998102641
1998102642
1998102643
1998102645
1998102646
1998102647
1998102648
1998102649
1998102650
1998102651
1998102652
1998102653
1998102654
1998102656
1998102657
1998102658
1998102659
1998102660
1998102661
1998102662
1998102663
1998102664
1998102665
1998102666
1998102667
1998102668
1998102669
1998102670
1998102671
1998102672
1998102673
1998102674
1998102675
1998102677
1998102678
1998102679
1998102680
1998102681
1998102682
1998102683
1998102684
1998102685
1998102686
1998102687
1998102688
1998102689
1998102690
1998102691
1998102692
1998102693
1998102694
1998102695
1998102696
1998102697
1998102698
1998102699
1998102700
1998102701
1998102702
1998102703
1998102704
1998102705
1998102707
1998102708
1998102709
1998102710
1998102711
1998102712
1998102713
1998102714
1998102716
1998102717
1998102718
1998102719
1998102720
1998102721
1998102723
1998102724
1998102725
1998102727
1998102728
1998102729
1998102730
1998102731
1998102732
1998102733
1998102734
1998102735
1998102736
1998102737
1998102739
1998102740
1998102741
1998102742
1998102744
1998102746
1998102747
1998102748
1998102749
1998102750
1998102751
1998102752
1998102753
1998102754
1998102755
1998102756
1998102758
1998102759
1998102760
1998102761
1998102763
1998102764
1998102766
1998102767
1998102768
1998102769
1998102770
1998102771
1998102773
1998102774
1998102775
1998102777
1998102778
1998102779
1998102780
1998102782
1998102783
1998102784
1998102785
1998102786
1998102787
1998102788
1998102789
1998102790
1998102792
1998102793
1998102794
1998102795
1998102796
1998102797
1998102798
1998102799
1998102800
1998102801
1998102802
1998102803
1998102804
1998102805
1998102806
1998102807
1998102808
1998102809
1998102810
1998102811
1998102812
1998102813
1998102814
1998102815
1998102816
1998102817
1998102818
1998102819
1998102820
1998102821
1998102822
1998102825
1998102826
1998102827
1998102828
1998102829
1998102830
1998102831
1998102832
1998102833
1998102834
1998102835
1998102836
1998102837
1998102839
1998102840
1998102842
1998102843
1998102844
1998102846
1998102847
1998102849
1998102850
1998102851
1998102852
1998102853
1998102854
1998102855
1998102856
1998102857
1998102860
1998102861
1998102862
1998102863
1998102864
1998102865
1998102866
1998102867
1998102868
1998102869
1998102870
1998102871
1998102872
1998102873
1998102874
1998102875
1998102876
1998102877
1998102878
1998102879
1998102880
1998102881
1998102882
1998102884
1998102885
1998102887
1998102889
1998102891
1998102892
1998102893
1998102894
1998102895
1998102896
1998102897
1998102898
1998102899
1998102900
1998102901
1998102902
1998102903
1998102904
1998102906
1998102907
1998102908
1998102909
1998102911
1998102912
1998102913
1998102914
1998102915
1998102917
1998102918
1998102919
1998102920
1998102921
1998102923
1998102924
1998102925
1998102926
1998102927
1998102928
1998102929
1998102930
1998102931
1998102932
1998102933
1998102934
1998102935
1998102936
1998102937
1998102938
1998102939
1998102940
1998102941
1998102942
1998102943
1998102944
1998102945
1998102946
1998102947
1998102948
1998102949
1998102951
1998102952
1998102953
1998102954
1998102956
1998102958
1998102959
1998102960
1998102961
1998102962
1998102963
1998102964
1998102965
1998102966
1998102967
1998102968
1998102969
1998102970
1998102971
1998102972
1998102973
1998102974
1998102975
1998102976
1998102977
1998102978
1998102979
1998102980
1998102981
1998102982
1998102983
1998102984
1998102985
1998102986
1998102989
1998102990
1998102991
1998102992
1998102993
1998102994
1998102995
1998102996
1998102997
1998102998
1998102999
1998103001
1998103002
1998103003
1998103004
1998103005
1998103006
1998103007
1998103008
1998103009
1998103010
1998103011
1998103012
1998103013
1998103014
1998103015
1998103016
1998103017
1998103018
1998103019
1998103020
1998103021
1998103022
1998103023
1998103024
1998103026
1998103028
1998103029
1998103030
1998103031
1998103032
1998103033
1998103034
1998103035
1998103036
1998103037
1998103038
1998103039
1998103040
1998103041
1998103042
1998103043
1998103044
1998103045
1998103046
1998103047
1998103048
1998103049
1998103050
1998103051
1998103053
1998103054
1998103055
1998103058
1998103059
1998103060
1998103061
1998103062
1998103063
1998103064
1998103067
1998103068
1998103069
1998103070
1998103071
1998103072
1998103073
1998103074
1998103075
1998103076
1998103077
1998103078
1998103081
1998103082
1998103083
1998103084
1998103085
1998103086
1998103087
1998103088
1998103089
1998103090
1998103091
1998103092
1998103093
1998103094
1998103095
1998103097
1998103098
1998103099
1998103100
1998103101
1998103102
1998103103
1998103104
1998103105
1998103106
1998103107
1998103108
1998103111
1998103112
1998103113
1998103114
1998103115
1998103116
1998103117
1998103118
1998103119
1998103120
1998103121
1998103122
1998103123
1998103124
1998103125
1998103126
1998103127
1998103129
1998103130
1998103132
1998103133
1998103136
1998103137
1998103138
1998103139
1998103140
1998103142
1998103143
1998103144
1998103145
1998103146
1998103148
1998103149
1998103150
1998103153
1998103154
1998103155
1998103156
1998103158
1998103159
1998103160
1998103161
1998103162
1998103163
1998103164
1998103165
1998103166
1998103168
1998103169
1998103170
1998103171
1998103172
1998103173
1998103174
1998103175
1998103176
1998103177
1998103178
1998103179
1998103181
1998103182
1998103183
1998103184
1998103185
1998103186
1998103187
1998103189
1998103190
1998103191
1998103192
1998103193
1998103194
1998103195
1998103196
1998103197
1998103198
1998103199
1998103200
1998103201
1998103202
1998103203
1998103204
1998103205
1998103206
1998103207
1998103208
1998103209
1998103210
1998103211
1998103212
1998103213
1998103214
1998103215
1998103216
1998103217
1998103218
1998103219
1998103220
1998103221
1998103222
1998103224
1998103225
1998103226
1998103227
1998103228
1998103229
1998103230
1998103231
1998103232
1998103233
1998103235
1998103236
1998103237
1998103238
1998103239
1998103240
1998103241
1998103242
1998103244
1998103245
1998103246
1998103247
1998103248
1998103250
1998103251
1998103252
1998103253
1998103254
1998103255
1998103256
1998103257
1998103258
1998103259
1998103260
1998103261
1998103262
1998103263
1998103264
1998103265
1998103267
1998103268
1998103269
1998103271
1998103272
1998103273
1998103274
1998103277
1998103278
1998103279
1998103280
1998103281
1998103282
1998103283
1998103284
1998103285
1998103286
1998103287
1998103288
1998103289
1998103290
1998103291
1998103292
1998103293
1998103294
1998103295
1998103296
1998103297
1998103298
1998103300
1998103301
1998103302
1998103303
1998103304
1998103305
1998103307
1998103308
1998103309
1998103310
1998103311
1998103312
1998103313
1998103314
1998103315
1998103316
1998103317
1998103318
1998103319
1998103320
1998103321
1998103322
1998103323
1998103324
1998103325
1998103326
1998103328
1998103329
1998103330
1998103331
1998103333
1998103334
1998103335
1998103336
1998103337
1998103338
1998103339
1998103340
1998103342
1998103343
1998103344
1998103345
1998103346
1998103347
1998103349
1998103350
1998103351
1998103352
1998103353
1998103354
1998103355
1998103356
1998103358
1998103359
1998103360
1998103361
1998103362
1998103363
1998103364
1998103365
1998103366
1998103367
1998103368
1998103369
1998103370
1998103371
1998103372
1998103373
1998103374
1998103375
1998103376
1998103377
1998103378
1998103379
1998103380
1998103381
1998103382
1998103383
1998103385
1998103387
1998103388
1998103389
1998103390
1998103391
1998103392
1998103393
1998103394
1998103395
1998103396
1998103397
1998103398
1998103399
1998103400
1998103402
1998103403
1998103405
1998103406
1998103407
1998103409
1998103410
1998103411
1998103413
1998103414
1998103415
1998103416
1998103417
1998103418
1998103419
1998103420
1998103421
1998103422
1998103423
1998103424
1998103425
1998103426
1998103427
1998103428
1998103429
1998103430
1998103431
1998103432
1998103433
1998103435
1998103436
1998103437
1998103438
1998103439
1998103440
1998103441
1998103442
1998103443
1998103444
1998103445
1998103446
1998103447
1998103448
1998103449
1998103450
1998103451
1998103452
1998103453
1998103454
1998103455
1998103456
1998103457
1998103458
1998103459
1998103460
1998103461
1998103462
1998103463
1998103464
1998103465
1998103466
1998103467
1998103468
1998103469
1998103470
1998103471
1998103472
1998103473
1998103474
1998103475
1998103476
1998103477
1998103478
1998103479
1998103480
1998103481
1998103482
1998103483
1998103484
1998103486
1998103487
1998103488
1998103489
1998103490
1998103493
1998103494
1998103495
1998103496
1998103498
1998103499
1998103500
1998103501
1998103502
1998103503
1998103505
1998103507
1998103508
1998103509
1998103510
1998103511
1998103512
1998103514
1998103515
1998103516
1998103517
1998103518
1998103519
1998103520
1998103521
1998103522
1998103523
1998103525
1998103526
1998103528
1998103529
1998103530
1998103531
1998103532
1998103533
1998103534
1998103535
1998103536
1998103537
1998103538
1998103539
1998103540
1998103541
1998103542
1998103543
1998103545
1998103546
1998103547
1998103548
1998103549
1998103550
1998103551
1998103552
1998103553
1998103554
1998103555
1998103556
1998103557
1998103558
1998103559
1998103560
1998103561
1998103562
1998103563
1998103564
1998103566
1998103567
1998103568
1998103569
1998103571
1998103572
1998103573
1998103574
1998103576
1998103577
1998103578
1998103579
1998103580
1998103582
1998103583
1998103584
1998103585
1998103586
1998103588
1998103591
1998103592
1998103593
1998103594
1998103598
1998103599
1998103600
1998103601
1998103602
1998103603
1998103604
1998103605
1998103606
1998103607
1998103608
1998103610
1998103611
1998103612
1998103614
1998103615
1998103616
1998103617
1998103618
1998103619
1998103620
1998103621
1998103622
1998103623
1998103624
1998103625
1998103626
1998103627
1998103628
1998103629
1998103630
1998103632
1998103633
1998103634
1998103635
1998103636
1998103637
1998103638
1998103639
1998103640
1998103641
1998103642
1998103643
1998103644
1998103645
1998103646
1998103647
1998103649
1998103650
1998103651
1998103652
1998103653
1998103654
1998103655
1998103656
1998103657
1998103658
1998103659
1998103660
1998103661
1998103662
1998103663
1998103664
1998103665
1998103666
1998103667
1998103668
1998103669
1998103670
1998103671
1998103672
1998103673
1998103674
1998103675
1998103676
1998103677
1998103678
1998103679
1998103680
1998103681
1998103682
1998103683
1998103684
1998103685
1998103687
1998103688
1998103689
1998103690
1998103691
1998103692
1998103693
1998103694
1998103695
1998103696
1998103697
1998103698
1998103699
1998103700
1998103701
1998103702
1998103703
1998103704
1998103705
1998103706
1998103707
1998103708
1998103709
1998103710
1998103711
1998103712
1998103713
1998103714
1998103715
1998103717
1998103718
1998103720
1998103721
1998103722
1998103723
1998103725
1998103727
1998103728
1998103729
1998103730
1998103731
1998103732
1998103733
1998103734
1998103735
1998103736
1998103738
1998103739
1998103740
1998103741
1998103743
1998103744
1998103745
1998103746
1998103747
1998103749
1998103750
1998103751
1998103752
1998103753
1998103754
1998103755
1998103756
1998103757
1998103758
1998103759
1998103760
1998103761
1998103762
1998103763
1998103764
1998103765
1998103766
1998103767
1998103768
1998103769
1998103770
1998103771
1998103772
1998103773
1998103774
1998103775
1998103776
1998103778
1998103779
1998103780
1998103781
1998103782
1998103783
1998103784
1998103785
1998103786
1998103787
1998103788
1998103789
1998103790
1998103792
1998103793
1998103794
1998103795
1998103796
1998103797
1998103798
1998103799
1998103800
1998103801
1998103802
1998103804
1998103805
1998103806
1998103807
1998103808
1998103809
1998103810
1998103811
1998103812
1998103813
1998103814
1998103815
1998103816
1998103818
1998103819
1998103820
1998103821
1998103822
1998103823
1998103824
1998103825
1998103826
1998103827
1998103828
1998103829
1998103830
1998103832
1998103833
1998103834
1998103835
1998103836
1998103837
1998103838
1998103839
1998103840
1998103841
1998103842
1998103843
1998103844
1998103845
1998103846
1998103847
1998103848
1998103849
1998103850
1998103851
1998103853
1998103854
1998103855
1998103857
1998103858
1998103859
1998103860
1998103861
1998103862
1998103863
1998103864
1998103865
1998103866
1998103867
1998103868
1998103869
1998103870
1998103871
1998103872
1998103873
1998103875
1998103876
1998103877
1998103878
1998103879
1998103881
1998103882
1998103883
1998103884
1998103885
1998103886
1998103888
1998103890
1998103891
1998103892
1998103893
1998103894
1998103897
1998103898
1998103899
1998103900
1998103901
1998103902
1998103903
1998103904
1998103905
1998103906
1998103909
1998103911
1998103912
1998103913
1998103914
1998103916
1998103917
1998103918
1998103919
1998103920
1998103921
1998103922
1998103923
1998103924
1998103925
1998103926
1998103928
1998103929
1998103930
1998103932
1998103933
1998103934
1998103935
1998103936
1998103937
1998103938
1998103939
1998103940
1998103941
1998103942
1998103943
1998103944
1998103945
1998103946
1998103948
1998103949
1998103951
1998103952
1998103953
1998103955
1998103956
1998103957
1998103959
1998103960
1998103961
1998103962
1998103963
1998103964
1998103965
1998103967
1998103968
1998103969
1998103970
1998103971
1998103972
1998103973
1998103974
1998103975
1998103976
1998103977
1998103978
1998103979
1998103980
1998103981
1998103982
1998103983
1998103984
1998103985
1998103986
1998103987
1998103988
1998103990
1998103991
1998103992
1998103993
1998103994
1998103995
1998103996
1998103997
1998103998
1998103999
1998104000
1998104002
1998104003
1998104004
1998104005
1998104006
1998104007
1998104010
1998104011
1998104012
1998104014
1998104015
1998104016
1998104018
1998104019
1998104020
1998104021
1998104022
1998104024
1998104025
1998104026
1998104027
1998104028
1998104029
1998104030
1998104032
1998104033
1998104034
1998104035
1998104036
1998104037
1998104038
1998104039
1998104040
1998104041
1998104042
1998104043
1998104045
1998104046
1998104047
1998104048
1998104049
1998104050
1998104051
1998104052
1998104053
1998104054
1998104055
1998104058
1998104059
1998104060
1998104061
1998104062
1998104063
1998104064
1998104065
1998104066
1998104067
1998104068
1998104069
1998104070
1998104071
1998104072
1998104073
1998104074
1998104075
1998104076
1998104078
1998104079
1998104080
1998104082
1998104084
1998104085
1998104086
1998104088
1998104089
1998104090
1998104093
1998104094
1998104095
1998104096
1998104097
1998104098
1998104100
1998104101
1998104102
1998104103
1998104104
1998104105
1998104106
1998104107
1998104108
1998104109
1998104110
1998104111
1998104112
1998104113
1998104114
1998104115
1998104116
1998104117
1998104119
1998104121
1998104122
1998104123
1998104124
1998104125
1998104126
1998104127
1998104128
1998104129
1998104130
1998104131
1998104132
1998104133
1998104134
1998104135
1998104136
1998104137
1998104138
1998104140
1998104141
1998104142
1998104143
1998104144
1998104145
1998104146
1998104147
1998104148
1998104150
1998104151
1998104152
1998104153
1998104154
1998104155
1998104156
1998104157
1998104158
1998104159
1998104162
1998104163
1998104165
1998104166
1998104167
1998104168
1998104169
1998104170
1998104171
1998104172
1998104173
1998104174
1998104175
1998104176
1998104177
1998104178
1998104179
1998104180
1998104181
1998104182
1998104183
1998104184
1998104185
1998104186
1998104187
1998104188
1998104189
1998104190
1998104191
1998104192
1998104193
1998104194
1998104195
1998104196
1998104197
1998104198
1998104199
1998104200
1998104201
1998104202
1998104203
1998104204
1998104205
1998104206
1998104207
1998104208
1998104209
1998104210
1998104211
1998104212
1998104213
1998104214
1998104215
1998104216
1998104217
1998104218
1998104219
1998104220
1998104221
1998104222
1998104223
1998104224
1998104225
1998104226
1998104227
1998104228
1998104229
1998104232
1998104233
1998104234
1998104235
1998104236
1998104237
1998104238
1998104240
1998104241
1998104242
1998104243
1998104244
1998104245
1998104246
1998104247
1998104249
1998104250
1998104251
1998104252
1998104253
1998104254
1998104255
1998104256
1998104257
1998104259
1998104260
1998104261
1998104263
1998104264
1998104265
1998104266
1998104267
1998104268
1998104269
1998104270
1998104272
1998104273
1998104276
1998104277
1998104278
1998104279
1998104280
1998104281
1998104283
1998104284
1998104285
1998104286
1998104287
1998104288
1998104289
1998104290
1998104291
1998104292
1998104293
1998104294
1998104295
1998104296
1998104297
1998104298
1998104299
1998104300
1998104302
1998104303
1998104304
1998104305
1998104306
1998104307
1998104308
1998104309
1998104310
1998104311
1998104313
1998104314
1998104315
1998104316
1998104317
1998104318
1998104319
1998104320
1998104321
1998104322
1998104323
1998104324
1998104325
1998104326
1998104328
1998104329
1998104330
1998104331
1998104332
1998104333
1998104334
1998104335
1998104336
1998104337
1998104338
1998104340
1998104342
1998104343
1998104344
1998104345
1998104346
1998104347
1998104348
1998104349
1998104351
1998104352
1998104353
1998104354
1998104356
1998104358
1998104359
1998104360
1998104361
1998104362
1998104363
1998104364
1998104365
1998104366
1998104367
1998104368
1998104369
1998104370
1998104371
1998104373
1998104374
1998104375
1998104376
1998104377
1998104378
1998104379
1998104382
1998104383
1998104384
1998104385
1998104386
1998104387
1998104388
1998104390
1998104391
1998104392
1998104393
1998104394
1998104395
1998104396
1998104397
1998104398
1998104399
1998104400
1998104401
1998104402
1998104403
1998104404
1998104406
1998104409
1998104410
1998104411
1998104412
1998104413
1998104414
1998104415
1998104416
1998104417
1998104418
1998104419
1998104420
1998104421
1998104422
1998104423
1998104424
1998104425
1998104426
1998104427
1998104428
1998104429
1998104430
1998104431
1998104432
1998104434
1998104435
1998104436
1998104437
1998104438
1998104439
1998104440
1998104441
1998104442
1998104444
1998104445
1998104446
1998104447
1998104448
1998104449
1998104450
1998104451
1998104452
1998104453
1998104455
1998104456
1998104457
1998104459
1998104460
1998104461
1998104462
1998104464
1998104465
1998104466
1998104467
1998104469
1998104470
1998104471
1998104474
1998104475
1998104476
1998104477
1998104478
1998104479
1998104480
1998104481
1998104482
1998104483
1998104484
1998104485
1998104486
1998104487
1998104488
1998104489
1998104490
1998104491
1998104492
1998104493
1998104494
1998104495
1998104496
1998104497
1998104498
1998104499
1998104500
1998104501
1998104502
1998104503
1998104504
1998104505
1998104506
1998104507
1998104508
1998104509
1998104510
1998104511
1998104512
1998104513
1998104514
1998104515
1998104516
1998104517
1998104519
1998104520
1998104521
1998104522
1998104523
1998104524
1998104525
1998104526
1998104527
1998104528
1998104529
1998104530
1998104531
1998104533
1998104534
1998104535
1998104536
1998104537
1998104538
1998104539
1998104540
1998104542
1998104543
1998104544
1998104545
1998104547
1998104549
1998104550
1998104551
1998104552
1998104554
1998104555
1998104556
1998104558
1998104559
1998104560
1998104561
1998104562
1998104563
1998104564
1998104565
1998104566
1998104567
1998104568
1998104569
1998104571
1998104572
1998104575
1998104576
1998104577
1998104578
1998104579
1998104580
1998104582
1998104583
1998104584
1998104585
1998104586
1998104587
1998104588
1998104589
1998104590
1998104591
1998104592
1998104593
1998104594
1998104595
1998104596
1998104597
1998104598
1998104599
1998104600
1998104601
1998104604
1998104605
1998104606
1998104607
1998104609
1998104610
1998104611
1998104612
1998104613
1998104615
1998104616
1998104617
1998104619
1998104620
1998104621
1998104622
1998104623
1998104624
1998104625
1998104626
1998104627
1998104628
1998104629
1998104631
1998104632
1998104633
1998104636
1998104637
1998104638
1998104639
1998104640
1998104641
1998104643
1998104645
1998104646
1998104647
1998104648
1998104649
1998104652
1998104653
1998104654
1998104655
1998104656
1998104657
1998104658
1998104659
1998104660
1998104661
1998104662
1998104663
1998104664
1998104665
1998104666
1998104667
1998104668
1998104669
1998104670
1998104671
1998104673
1998104674
1998104675
1998104676
1998104679
1998104680
1998104681
1998104682
1998104683
1998104684
1998104685
1998104686
1998104687
1998104689
1998104690
1998104691
1998104692
1998104693
1998104694
1998104695
1998104696
1998104697
1998104698
1998104699
1998104701
1998104702
1998104703
1998104704
1998104705
1998104706
1998104707
1998104708
1998104709
1998104710
1998104711
1998104712
1998104713
1998104714
1998104715
1998104716
1998104717
1998104718
1998104719
1998104720
1998104721
1998104722
1998104723
1998104724
1998104725
1998104726
1998104727
1998104728
1998104729
1998104730
1998104732
1998104733
1998104734
1998104735
1998104736
1998104737
1998104738
1998104739
1998104740
1998104741
1998104742
1998104743
1998104744
1998104745
1998104746
1998104747
1998104748
1998104749
1998104750
1998104751
1998104752
1998104753
1998104754
1998104755
1998104756
1998104757
1998104759
1998104760
1998104761
1998104762
1998104764
1998104766
1998104767
1998104768
1998104770
1998104771
1998104772
1998104773
1998104774
1998104775
1998104776
1998104777
1998104778
1998104779
1998104780
1998104781
1998104782
1998104783
1998104784
1998104785
1998104786
1998104787
1998104789
1998104790
1998104791
1998104792
1998104793
1998104794
1998104795
1998104796
1998104797
1998104798
1998104799
1998104800
1998104801
1998104802
1998104803
1998104804
1998104805
1998104806
1998104807
1998104808
1998104809
1998104810
1998104811
1998104812
1998104813
1998104814
1998104816
1998104817
1998104818
1998104819
1998104820
1998104821
1998104822
1998104823
1998104824
1998104825
1998104826
1998104827
1998104828
1998104829
1998104831
1998104832
1998104833
1998104834
1998104835
1998104836
1998104837
1998104838
1998104839
1998104840
1998104842
1998104843
1998104844
1998104845
1998104846
1998104848
1998104849
1998104850
1998104851
1998104852
1998104853
1998104854
1998104855
1998104856
1998104857
1998104858
1998104859
1998104860
1998104861
1998104863
1998104864
1998104865
1998104866
1998104867
1998104868
1998104869
1998104871
1998104872
1998104873
1998104874
1998104875
1998104876
1998104877
1998104878
1998104879
1998104880
1998104881
1998104882
1998104883
1998104884
1998104886
1998104887
1998104888
1998104889
1998104890
1998104891
1998104892
1998104894
1998104895
1998104896
1998104897
1998104898
1998104900
1998104901
1998104902
1998104903
1998104904
1998104905
1998104906
1998104907
1998104908
1998104909
1998104910
1998104911
1998104912
1998104913
1998104915
1998104916
1998104918
1998104919
1998104920
1998104921
1998104923
1998104924
1998104925
1998104926
1998104927
1998104929
1998104930
1998104931
1998104932
1998104933
1998104934
1998104935
1998104936
1998104937
1998104938
1998104939
1998104940
1998104941
1998104944
1998104945
1998104946
1998104948
1998104949
1998104951
1998104952
1998104954
1998104955
1998104957
1998104959
1998104960
1998104961
1998104962
1998104963
1998104964
1998104965
1998104966
1998104967
1998104969
1998104970
1998104971
1998104972
1998104973
1998104974
1998104975
1998104977
1998104978
1998104979
1998104981
1998104982
1998104983
1998104984
1998104985
1998104986
1998104988
1998104989
1998104990
1998104991
1998104992
1998104993
1998104994
1998104995
1998104996
1998104997
1998104998
1998104999
1998105000
1998105002
1998105003
1998105004
1998105005
1998105006
1998105007
1998105008
1998105009
1998105010
1998105011
1998105013
1998105014
1998105015
1998105016
1998105017
1998105018
1998105019
1998105020
1998105021
1998105022
1998105023
1998105024
1998105025
1998105026
1998105027
1998105028
1998105029
1998105030
1998105031
1998105032
1998105033
1998105034
1998105035
1998105036
1998105037
1998105038
1998105039
1998105042
1998105043
1998105045
1998105046
1998105047
1998105048
1998105049
1998105050
1998105052
1998105053
1998105054
1998105055
1998105056
1998105057
1998105059
1998105060
1998105061
1998105062
1998105064
1998105065
1998105066
1998105067
1998105068
1998105069
1998105070
1998105071
1998105073
1998105074
1998105075
1998105076
1998105077
1998105078
1998105079
1998105081
1998105082
1998105083
1998105084
1998105085
1998105086
1998105087
1998105088
1998105091
1998105093
1998105094
1998105095
1998105096
1998105097
1998105098
1998105099
1998105100
1998105101
1998105102
1998105103
1998105104
1998105105
1998105106
1998105107
1998105108
1998105110
1998105111
1998105113
1998105114
1998105115
1998105116
1998105117
1998105119
1998105121
1998105122
1998105123
1998105124
1998105125
1998105126
1998105127
1998105128
1998105130
1998105131
1998105132
1998105133
1998105134
1998105136
1998105137
1998105139
1998105141
1998105143
1998105144
1998105146
1998105147
1998105148
1998105149
1998105150
1998105151
1998105152
1998105154
1998105155
1998105156
1998105157
1998105158
1998105160
1998105161
1998105162
1998105164
1998105165
1998105166
1998105168
1998105170
1998105171
1998105172
1998105173
1998105174
1998105175
1998105176
1998105178
1998105179
1998105180
1998105181
1998105182
1998105183
1998105184
1998105185
1998105186
1998105187
1998105188
1998105189
1998105190
1998105191
1998105192
1998105193
1998105194
1998105195
1998105196
1998105197
1998105198
1998105200
1998105201
1998105202
1998105203
1998105204
1998105205
1998105206
1998105207
1998105208
1998105209
1998105210
1998105211
1998105212
1998105213
1998105214
1998105215
1998105216
1998105217
1998105218
1998105219
1998105220
1998105221
1998105223
1998105224
1998105225
1998105226
1998105227
1998105228
1998105230
1998105231
1998105232
1998105233
1998105234
1998105235
1998105236
1998105239
1998105240
1998105241
1998105242
1998105243
1998105244
1998105245
1998105246
1998105247
1998105248
1998105249
1998105250
1998105251
1998105252
1998105254
1998105255
1998105256
1998105257
1998105258
1998105259
1998105260
1998105261
1998105262
1998105264
1998105265
1998105266
1998105267
1998105268
1998105269
1998105270
1998105271
1998105272
1998105273
1998105274
1998105275
1998105276
1998105277
1998105278
1998105279
1998105280
1998105281
1998105282
1998105283
1998105284
1998105285
1998105286
1998105287
1998105288
1998105289
1998105290
1998105292
1998105293
1998105294
1998105295
1998105296
1998105297
1998105298
1998105299
1998105300
1998105301
1998105302
1998105303
1998105304
1998105305
1998105307
1998105308
1998105310
1998105311
1998105313
1998105314
1998105315
1998105316
1998105317
1998105318
1998105319
1998105320
1998105321
1998105322
1998105323
1998105324
1998105325
1998105326
1998105327
1998105328
1998105329
1998105330
1998105331
1998105332
1998105333
1998105334
1998105335
1998105336
1998105337
1998105338
1998105339
1998105340
1998105342
1998105343
1998105344
1998105345
1998105346
1998105347
1998105348
1998105350
1998105351
1998105352
1998105353
1998105355
1998105356
1998105357
1998105358
1998105359
1998105360
1998105361
1998105362
1998105364
1998105365
1998105366
1998105368
1998105369
1998105370
1998105371
1998105372
1998105374
1998105375
1998105376
1998105377
1998105378
1998105379
1998105380
1998105381
1998105382
1998105384
1998105385
1998105386
1998105387
1998105388
1998105389
1998105390
1998105391
1998105392
1998105395
1998105396
1998105397
1998105399
1998105400
1998105401
1998105402
1998105404
1998105405
1998105406
1998105407
1998105409
1998105410
1998105413
1998105414
1998105415
1998105416
1998105417
1998105418
1998105419
1998105420
1998105421
1998105422
1998105423
1998105425
1998105426
1998105427
1998105428
1998105429
1998105430
1998105432
1998105434
1998105436
1998105437
1998105438
1998105439
1998105440
1998105441
1998105442
1998105443
1998105444
1998105445
1998105446
1998105447
1998105448
1998105450
1998105453
1998105454
1998105455
1998105456
1998105457
1998105458
1998105459
1998105460
1998105461
1998105463
1998105464
1998105465
1998105466
1998105467
1998105468
1998105469
1998105470
1998105471
1998105472
1998105473
1998105474
1998105475
1998105476
1998105477
1998105478
1998105479
1998105480
1998105481
1998105482
1998105483
1998105484
1998105485
1998105486
1998105487
1998105488
1998105489
1998105490
1998105491
1998105492
1998105493
1998105495
1998105497
1998105498
1998105499
1998105500
1998105501
1998105502
1998105503
1998105504
1998105507
1998105509
1998105510
1998105511
1998105512
1998105513
1998105514
1998105515
1998105517
1998105518
1998105519
1998105520
1998105521
1998105522
1998105523
1998105524
1998105525
1998105526
1998105528
1998105530
1998105531
1998105532
1998105533
1998105534
1998105535
1998105536
1998105537
1998105538
1998105539
1998105540
1998105541
1998105542
1998105543
1998105544
1998105545
1998105547
1998105548
1998105549
1998105550
1998105553
1998105554
1998105555
1998105556
1998105557
1998105558
1998105559
1998105560
1998105561
1998105562
1998105563
1998105565
1998105566
1998105567
1998105568
1998105569
1998105570
1998105572
1998105573
1998105574
1998105575
1998105576
1998105577
1998105579
1998105580
1998105581
1998105582
1998105583
1998105584
1998105585
1998105586
1998105587
1998105588
1998105589
1998105590
1998105591
1998105592
1998105594
1998105595
1998105596
1998105597
1998105598
1998105599
1998105601
1998105602
1998105603
1998105604
1998105605
1998105606
1998105607
1998105608
1998105609
1998105610
1998105611
1998105612
1998105613
1998105615
1998105616
1998105617
1998105618
1998105619
1998105621
1998105622
1998105623
1998105625
1998105628
1998105629
1998105630
1998105631
1998105632
1998105633
1998105634
1998105635
1998105636
1998105637
1998105638
1998105639
1998105640
1998105641
1998105642
1998105643
1998105645
1998105646
1998105648
1998105649
1998105651
1998105652
1998105653
1998105654
1998105655
1998105656
1998105657
1998105658
1998105660
1998105661
1998105663
1998105664
1998105665
1998105667
1998105668
1998105669
1998105670
1998105671
1998105672
1998105673
1998105674
1998105675
1998105676
1998105677
1998105678
1998105679
1998105680
1998105682
1998105684
1998105685
1998105686
1998105687
1998105688
1998105689
1998105690
1998105691
1998105692
1998105693
1998105694
1998105696
1998105697
1998105699
1998105700
1998105701
1998105703
1998105704
1998105705
1998105706
1998105707
1998105708
1998105709
1998105710
1998105711
1998105712
1998105713
1998105714
1998105715
1998105716
1998105717
1998105718
1998105719
1998105720
1998105721
1998105722
1998105723
1998105724
1998105725
1998105726
1998105728
1998105729
1998105732
1998105734
1998105735
1998105736
1998105737
1998105739
1998105740
1998105741
1998105742
1998105743
1998105744
1998105745
1998105746
1998105747
1998105748
1998105749
1998105750
1998105751
1998105752
1998105753
1998105754
1998105755
1998105756
1998105758
1998105759
1998105760
1998105761
1998105762
1998105763
1998105764
1998105765
1998105766
1998105767
1998105768
1998105769
1998105770
1998105772
1998105773
1998105774
1998105775
1998105776
1998105777
1998105778
1998105779
1998105780
1998105781
1998105782
1998105783
1998105785
1998105786
1998105787
1998105788
1998105789
1998105790
1998105792
1998105794
1998105795
1998105796
1998105797
1998105798
1998105799
1998105800
1998105801
1998105802
1998105803
1998105805
1998105807
1998105808
1998105809
1998105810
1998105811
1998105812
1998105813
1998105814
1998105815
1998105816
1998105817
1998105818
1998105820
1998105821
1998105822
1998105823
1998105824
1998105825
1998105826
1998105827
1998105828
1998105829
1998105830
1998105831
1998105832
1998105833
1998105835
1998105836
1998105837
1998105838
1998105839
1998105840
1998105841
1998105843
1998105844
1998105845
1998105846
1998105847
1998105848
1998105850
1998105851
1998105853
1998105854
1998105855
1998105856
1998105857
1998105858
1998105859
1998105860
1998105861
1998105862
1998105863
1998105864
1998105866
1998105867
1998105868
1998105869
1998105870
1998105872
1998105873
1998105875
1998105876
1998105877
1998105878
1998105879
1998105880
1998105881
1998105882
1998105884
1998105885
1998105886
1998105888
1998105889
1998105890
1998105891
1998105892
1998105893
1998105894
1998105896
1998105897
1998105898
1998105899
1998105900
1998105901
1998105902
1998105903
1998105904
1998105905
1998105906
1998105907
1998105908
1998105909
1998105910
1998105912
1998105914
1998105915
1998105916
1998105917
1998105918
1998105919
1998105920
1998105921
1998105922
1998105923
1998105924
1998105925
1998105927
1998105928
1998105929
1998105930
1998105931
1998105932
1998105933
1998105934
1998105935
1998105936
1998105937
1998105938
1998105939
1998105940
1998105941
1998105942
1998105943
1998105944
1998105945
1998105947
1998105948
1998105949
1998105950
1998105951
1998105952
1998105953
1998105954
1998105956
1998105957
1998105958
1998105959
1998105960
1998105961
1998105962
1998105963
1998105964
1998105965
1998105966
1998105967
1998105968
1998105969
1998105970
1998105971
1998105972
1998105973
1998105974
1998105975
1998105976
1998105977
1998105978
1998105979
1998105980
1998105981
1998105982
1998105983
1998105984
1998105985
1998105986
1998105987
1998105988
1998105989
1998105990
1998105991
1998105992
1998105993
1998105994
1998105995
1998105996
1998105997
1998105998
1998105999
1998106000
1998106001
1998106002
1998106003
1998106004
1998106005
1998106006
1998106007
1998106008
1998106009
1998106010
1998106011
1998106013
1998106014
1998106015
1998106016
1998106017
1998106018
1998106019
1998106020
1998106021
1998106022
1998106023
1998106024
1998106025
1998106026
1998106027
1998106030
1998106031
1998106032
1998106033
1998106034
1998106035
1998106036
1998106037
1998106039
1998106040
1998106041
1998106042
1998106043
1998106044
1998106045
1998106046
1998106048
1998106049
1998106050
1998106052
1998106053
1998106054
1998106055
1998106056
1998106057
1998106058
1998106059
1998106060
1998106061
1998106062
1998106063
1998106064
1998106065
1998106066
1998106067
1998106068
1998106070
1998106072
1998106073
1998106074
1998106075
1998106076
1998106077
1998106078
1998106079
1998106080
1998106081
1998106082
1998106084
1998106085
1998106086
1998106087
1998106088
1998106090
1998106091
1998106092
1998106093
1998106094
1998106095
1998106096
1998106098
1998106099
1998106100
1998106101
1998106103
1998106104
1998106105
1998106107
1998106108
1998106109
1998106110
1998106111
1998106112
1998106113
1998106114
1998106115
1998106116
1998106117
1998106118
1998106119
1998106120
1998106121
1998106122
1998106124
1998106125
1998106126
1998106127
1998106128
1998106129
1998106130
1998106131
1998106132
1998106135
1998106137
1998106138
1998106139
1998106140
1998106141
1998106142
1998106143
1998106144
1998106145
1998106146
1998106148
1998106149
1998106150
1998106151
1998106152
1998106153
1998106154
1998106155
1998106156
1998106157
1998106159
1998106160
1998106161
1998106162
1998106163
1998106164
1998106165
1998106166
1998106167
1998106168
1998106169
1998106170
1998106171
1998106172
1998106173
1998106174
1998106175
1998106176
1998106177
1998106178
1998106179
1998106180
1998106181
1998106182
1998106183
1998106184
1998106185
1998106186
1998106187
1998106188
1998106189
1998106190
1998106191
1998106192
1998106193
1998106194
1998106195
1998106196
1998106197
1998106198
1998106199
1998106200
1998106203
1998106205
1998106206
1998106207
1998106209
1998106211
1998106212
1998106213
1998106215
1998106216
1998106217
1998106218
1998106219
1998106220
1998106222
1998106223
1998106226
1998106227
1998106229
1998106230
1998106231
1998106232
1998106233
1998106234
1998106236
1998106237
1998106238
1998106239
1998106241
1998106242
1998106243
1998106244
1998106245
1998106246
1998106247
1998106248
1998106249
1998106250
1998106251
1998106252
1998106253
1998106254
1998106255
1998106256
1998106257
1998106258
1998106259
1998106260
1998106261
1998106262
1998106263
1998106264
1998106265
1998106266
1998106267
1998106268
1998106269
1998106270
1998106271
1998106272
1998106273
1998106275
1998106277
1998106278
1998106279
1998106280
1998106281
1998106282
1998106283
1998106284
1998106285
1998106286
1998106287
1998106288
1998106289
1998106290
1998106291
1998106292
1998106293
1998106294
1998106295
1998106296
1998106297
1998106298
1998106299
1998106300
1998106301
1998106302
1998106303
1998106304
1998106305
1998106306
1998106307
1998106308
1998106309
1998106310
1998106312
1998106313
1998106314
1998106315
1998106316
1998106317
1998106318
1998106319
1998106320
1998106321
1998106322
1998106323
1998106324
1998106326
1998106327
1998106328
1998106330
1998106331
1998106332
1998106333
1998106334
1998106335
1998106336
1998106337
1998106338
1998106339
1998106340
1998106341
1998106342
1998106343
1998106344
1998106346
1998106347
1998106348
1998106349
1998106350
1998106351
1998106352
1998106353
1998106354
1998106355
1998106356
1998106357
1998106360
1998106361
1998106362
1998106363
1998106364
1998106365
1998106366
1998106367
1998106368
1998106369
1998106370
1998106371
1998106372
1998106376
1998106377
1998106378
1998106379
1998106381
1998106382
1998106383
1998106384
1998106385
1998106386
1998106387
1998106388
1998106390
1998106391
1998106392
1998106393
1998106394
1998106395
1998106396
1998106397
1998106398
1998106399
1998106401
1998106402
1998106403
1998106405
1998106406
1998106407
1998106408
1998106409
1998106410
1998106412
1998106413
1998106414
1998106415
1998106416
1998106417
1998106418
1998106419
1998106420
1998106421
1998106422
1998106423
1998106424
1998106425
1998106426
1998106427
1998106428
1998106429
1998106430
1998106431
1998106432
1998106433
1998106434
1998106435
1998106436
1998106437
1998106438
1998106439
1998106440
1998106443
1998106444
1998106445
1998106446
1998106447
1998106448
1998106449
1998106450
1998106451
1998106452
1998106453
1998106454
1998106455
1998106456
1998106457
1998106458
1998106459
1998106460
1998106462
1998106463
1998106464
1998106465
1998106467
1998106468
1998106469
1998106470
1998106471
1998106472
1998106473
1998106474
1998106475
1998106476
1998106477
1998106478
1998106479
1998106480
1998106481
1998106482
1998106483
1998106484
1998106485
1998106486
1998106487
1998106488
1998106489
1998106490
1998106491
1998106492
1998106494
1998106495
1998106496
1998106497
1998106498
1998106499
1998106500
1998106501
1998106502
1998106505
1998106506
1998106507
1998106508
1998106509
1998106510
1998106511
1998106512
1998106513
1998106514
1998106515
1998106516
1998106517
1998106518
1998106519
1998106520
1998106521
1998106522
1998106523
1998106524
1998106525
1998106526
1998106528
1998106529
1998106530
1998106531
1998106532
1998106533
1998106534
1998106535
1998106536
1998106537
1998106538
1998106539
1998106540
1998106541
1998106542
1998106543
1998106544
1998106545
1998106547
1998106548
1998106549
1998106551
1998106552
1998106553
1998106554
1998106555
1998106556
1998106557
1998106558
1998106559
1998106560
1998106562
1998106563
1998106565
1998106566
1998106567
1998106568
1998106569
1998106570
1998106571
1998106572
1998106574
1998106575
1998106576
1998106577
1998106578
1998106579
1998106580
1998106581
1998106583
1998106584
1998106585
1998106586
1998106587
1998106588
1998106589
1998106590
1998106591
1998106592
1998106593
1998106594
1998106595
1998106596
1998106597
1998106599
1998106600
1998106601
1998106602
1998106603
1998106604
1998106605
1998106606
1998106607
1998106608
1998106609
1998106610
1998106611
1998106612
1998106613
1998106614
1998106615
1998106616
1998106617
1998106618
1998106620
1998106621
1998106622
1998106623
1998106624
1998106625
1998106626
1998106627
1998106628
1998106629
1998106631
1998106632
1998106633
1998106634
1998106635
1998106636
1998106637
1998106638
1998106639
1998106640
1998106641
1998106642
1998106644
1998106645
1998106646
1998106647
1998106648
1998106649
1998106651
1998106652
1998106653
1998106654
1998106655
1998106656
1998106657
1998106658
1998106659
1998106660
1998106661
1998106662
1998106663
1998106664
1998106665
1998106666
1998106668
1998106670
1998106671
1998106672
1998106673
1998106674
1998106675
1998106676
1998106677
1998106678
1998106679
1998106680
1998106681
1998106682
1998106683
1998106684
1998106685
1998106687
1998106688
1998106689
1998106690
1998106691
1998106692
1998106693
1998106694
1998106695
1998106696
1998106697
1998106698
1998106699
1998106700
1998106701
1998106702
1998106703
1998106704
1998106705
1998106706
1998106707
1998106708
1998106709
1998106710
1998106711
1998106712
1998106714
1998106715
1998106716
1998106717
1998106718
1998106720
1998106721
1998106722
1998106723
1998106727
1998106728
1998106729
1998106730
1998106731
1998106732
1998106733
1998106734
1998106736
1998106737
1998106738
1998106739
1998106740
1998106741
1998106742
1998106743
1998106744
1998106745
1998106746
1998106747
1998106749
1998106750
1998106751
1998106753
1998106754
1998106755
1998106756
1998106757
1998106758
1998106759
1998106761
1998106762
1998106764
1998106765
1998106766
1998106767
1998106768
1998106769
1998106770
1998106771
1998106772
1998106773
1998106774
1998106775
1998106776
1998106778
1998106779
1998106780
1998106781
1998106782
1998106783
1998106784
1998106785
1998106786
1998106787
1998106788
1998106789
1998106790
1998106791
1998106792
1998106793
1998106795
1998106797
1998106798
1998106799
1998106800
1998106803
1998106804
1998106805
1998106806
1998106807
1998106808
1998106809
1998106810
1998106812
1998106813
1998106814
1998106815
1998106816
1998106818
1998106820
1998106821
1998106822
1998106824
1998106825
1998106827
1998106828
1998106829
1998106830
1998106831
1998106832
1998106833
1998106834
1998106835
1998106836
1998106837
1998106838
1998106839
1998106840
1998106841
1998106842
1998106843
1998106844
1998106845
1998106846
1998106847
1998106848
1998106849
1998106850
1998106851
1998106853
1998106854
1998106855
1998106856
1998106858
1998106859
1998106861
1998106862
1998106863
1998106864
1998106865
1998106866
1998106867
1998106869
1998106870
1998106871
1998106872
1998106873
1998106874
1998106875
1998106876
1998106878
1998106879
1998106881
1998106882
1998106884
1998106885
1998106886
1998106887
1998106888
1998106890
1998106891
1998106892
1998106893
1998106894
1998106895
1998106896
1998106897
1998106898
1998106900
1998106902
1998106903
1998106904
1998106905
1998106906
1998106907
1998106909
1998106910
1998106911
1998106912
1998106913
1998106914
1998106915
1998106916
1998106917
1998106918
1998106919
1998106920
1998106922
1998106923
1998106924
1998106926
1998106927
1998106928
1998106929
1998106930
1998106932
1998106933
1998106934
1998106935
1998106936
1998106937
1998106938
1998106939
1998106940
1998106941
1998106943
1998106944
1998106945
1998106946
1998106947
1998106948
1998106950
1998106951
1998106952
1998106953
1998106954
1998106955
1998106956
1998106957
1998106959
1998106960
1998106961
1998106964
1998106965
1998106966
1998106967
1998106968
1998106969
1998106971
1998106974
1998106975
1998106976
1998106977
1998106978
1998106979
1998106980
1998106981
1998106982
1998106983
1998106984
1998106985
1998106986
1998106987
1998106988
1998106989
1998106990
1998106991
1998106992
1998106994
1998106995
1998106996
1998106997
1998106998
1998106999
1998107000
1998107001
1998107002
1998107003
1998107004
1998107005
1998107006
1998107007
1998107008
1998107009
1998107010
1998107011
1998107013
1998107014
1998107016
1998107017
1998107018
1998107019
1998107020
1998107021
1998107023
1998107024
1998107025
1998107026
1998107027
1998107028
1998107029
1998107030
1998107031
1998107032
1998107033
1998107034
1998107036
1998107037
1998107039
1998107040
1998107041
1998107042
1998107043
1998107044
1998107045
1998107046
1998107047
1998107048
1998107049
1998107050
1998107051
1998107052
1998107053
1998107054
1998107055
1998107056
1998107057
1998107058
1998107059
1998107060
1998107061
1998107062
1998107063
1998107064
1998107065
1998107066
1998107067
1998107068
1998107069
1998107070
1998107071
1998107072
1998107073
1998107076
1998107077
1998107079
1998107080
1998107082
1998107084
1998107085
1998107087
1998107088
1998107089
1998107090
1998107092
1998107095
1998107096
1998107097
1998107098
1998107099
1998107100
1998107102
1998107103
1998107104
1998107105
1998107106
1998107108
1998107109
1998107110
1998107111
1998107112
1998107113
1998107114
1998107115
1998107116
1998107117
1998107118
1998107119
1998107120
1998107121
1998107122
1998107123
1998107124
1998107125
1998107126
1998107128
1998107129
1998107130
1998107133
1998107134
1998107135
1998107136
1998107139
1998107140
1998107141
1998107142
1998107143
1998107144
1998107145
1998107146
1998107147
1998107149
1998107150
1998107151
1998107152
1998107153
1998107154
1998107155
1998107156
1998107157
1998107158
1998107159
1998107160
1998107161
1998107162
1998107163
1998107164
1998107165
1998107166
1998107167
1998107168
1998107169
1998107170
1998107172
1998107173
1998107174
1998107175
1998107176
1998107177
1998107178
1998107179
1998107180
1998107181
1998107182
1998107183
1998107184
1998107185
1998107186
1998107187
1998107188
1998107189
1998107190
1998107191
1998107192
1998107193
1998107194
1998107195
1998107196
1998107197
1998107198
1998107199
1998107200
1998107201
1998107202
1998107204
1998107206
1998107207
1998107208
1998107209
1998107210
1998107211
1998107212
1998107213
1998107215
1998107216
1998107217
1998107218
1998107219
1998107220
1998107221
1998107222
1998107223
1998107224
1998107225
1998107226
1998107227
1998107228
1998107229
1998107230
1998107231
1998107232
1998107234
1998107235
1998107236
1998107237
1998107238
1998107239
1998107240
1998107241
1998107242
1998107243
1998107244
1998107245
1998107246
1998107247
1998107248
1998107249
1998107250
1998107251
1998107252
1998107253
1998107254
1998107255
1998107256
1998107258
1998107259
1998107261
1998107262
1998107263
1998107264
1998107265
1998107266
1998107267
1998107268
1998107269
1998107270
1998107271
1998107272
1998107273
1998107274
1998107275
1998107276
1998107277
1998107278
1998107279
1998107280
1998107283
1998107284
1998107285
1998107286
1998107287
1998107289
1998107290
1998107291
1998107292
1998107293
1998107294
1998107295
1998107296
1998107297
1998107298
1998107299
1998107300
1998107301
1998107305
1998107307
1998107308
1998107309
1998107310
1998107311
1998107312
1998107313
1998107314
1998107316
1998107317
1998107318
1998107319
1998107320
1998107321
1998107322
1998107323
1998107325
1998107327
1998107328
1998107329
1998107330
1998107331
1998107332
1998107333
1998107334
1998107336
1998107337
1998107338
1998107339
1998107340
1998107341
1998107342
1998107343
1998107344
1998107345
1998107346
1998107347
1998107348
1998107353
1998107355
1998107356
1998107357
1998107358
1998107359
1998107360
1998107363
1998107364
1998107365
1998107366
1998107367
1998107368
1998107369
1998107370
1998107371
1998107372
1998107373
1998107374
1998107375
1998107377
1998107378
1998107379
1998107380
1998107381
1998107382
1998107384
1998107385
1998107386
1998107389
1998107390
1998107391
1998107392
1998107394
1998107395
1998107396
1998107397
1998107398
1998107399
1998107400
1998107401
1998107402
1998107403
1998107405
1998107407
1998107408
1998107409
1998107410
1998107411
1998107413
1998107415
1998107416
1998107418
1998107419
1998107421
1998107422
1998107423
1998107424
1998107425
1998107426
1998107427
1998107428
1998107429
1998107430
1998107431
1998107432
1998107433
1998107434
1998107435
1998107436
1998107437
1998107438
1998107439
1998107440
1998107441
1998107442
1998107443
1998107445
1998107446
1998107447
1998107448
1998107449
1998107450
1998107451
1998107452
1998107453
1998107455
1998107456
1998107457
1998107458
1998107460
1998107461
1998107462
1998107463
1998107464
1998107465
1998107466
1998107467
1998107468
1998107469
1998107470
1998107471
1998107472
1998107474
1998107475
1998107478
1998107481
1998107482
1998107483
1998107484
1998107485
1998107487
1998107488
1998107489
1998107490
1998107491
1998107492
1998107493
1998107494
1998107495
1998107496
1998107497
1998107498
1998107499
1998107500
1998107501
1998107502
1998107503
1998107506
1998107507
1998107511
1998107512
1998107513
1998107514
1998107515
1998107516
1998107517
1998107518
1998107519
1998107520
1998107521
1998107522
1998107523
1998107524
1998107525
1998107526
1998107527
1998107528
1998107529
1998107530
1998107531
1998107532
1998107533
1998107534
1998107535
1998107537
1998107538
1998107539
1998107541
1998107542
1998107543
1998107544
1998107545
1998107546
1998107547
1998107549
1998107550
1998107551
1998109003
1998109004
1998109005
1998109006
1998109007
1998109008
1998109009
1998109010
1998109011
1998109012
1998109013
1998109014
1998109015
1998109017
1998109018
1998109019
1998109021
1998109022
1998109024
1998109025
1998109027
1998109028
1998109029
1998109030
1998109032
1998109033
1998109034
1998109036
1998109037
1998109038
1998109040
1998109041
1998109043
1998109046
1998109047
1998109048
1998109049
1998109050
1998109051
1998109053
1998109054
1998109056
1998109057
1998109058
1998109059
1998109060
1998109061
1998109064
1998109065
1998109067
1998109068
1998109069
1998109070
1998109072
1998109075
1998109076
1998109078
1998109079
1998109080
1998109081
1998109082
1998109083
1998109084
1998109085
1998109086
1998109087
1998109088
1998109089
1998109091
1998109092
1998109093
1998109094
1998109095
1998109098
1998109099
1998109100
1998109102
1998109103
1998109104
1998109106
1998109107
1998109108
1998109109
1998109110
1998109111
1998109112
1998109114
1998109115
1998109116
1998109117
1998109118
1998109119
1998109120
1998109121
1998109122
1998109123
1998109124
1998109126
1998109127
1998109128
1998109129
1998109130
1998109131
1998109133
1998109135
1998109138
1998109139
1998109141
1998109142
1998109144
1998109145
1998109146
1998109148
1998109149
1998109151
1998109152
1998109153
1998109154
1998109156
1998109157
1998109158
1998109161
1998109162
1998109163
1998109164
1998109165
1998109167
1998109168
1998109169
1998109170
1998109171
1998109172
1998109173
1998109174
1998109177
1998109178
1998109179
1998109180
1998109182
1998109183
1998109184
1998109185
1998109186
1998109188
1998109189
1998109190
1998109191
1998109192
1998109193
1998109194
1998109195
1998109196
1998109197
1998109198
1998109199
1998109200
1998109201
1998109203
1998109204
1998109205
1998109206
1998109207
1998109208
1998109209
1998109210
1998109211
1998109212
1998109214
1998109215
1998109216
1998109218
1998109220
1998109221
1998109223
1998109224
1998109225
1998109226
1998109227
1998109228
1998109229
1998109230
1998109231
1998109232
1998109233
1998109234
1998109236
1998109237
1998109238
1998109239
1998109240
1998109241
1998109243
1998109244
1998109245
1998109246
1998109247
1998109248
1998109249
1998109250
1998109251
1998109252
1998109253
1998109254
1998109255
1998109256
1998109257
1998109258
1998109259
1998109260
1998109261
1998109262
1998109263
1998109265
1998109266
1998109267
1998109269
1998109270
1998109271
1998109272
1998109273
1998109274
1998109275
1998109276
1998109278
1998109279
1998109280
1998109281
1998109282
1998109283
1998109284
1998109285
1998109286
1998109287
1998109288
1998109289
1998109291
1998109292
1998109293
1998109294
1998109295
1998109296
1998109297
1998109298
1998109299
1998109301
1998109303
1998109305
1998109306
1998109307
1998109308
1998109309
1998109310
1998109311
1998109312
1998109313
1998109315
1998109316
1998109317
1998109318
1998109319
1998109320
1998109321
1998109322
1998109323
1998109324
1998109326
1998109327
1998109328
1998109329
1998109330
1998109331
1998109332
1998109333
1998109334
1998109335
1998109336
1998109337
1998109338
1998109339
1998109341
1998109345
1998109346
1998109347
1998109348
1998109349
1998109350
1998109351
1998109353
1998109354
1998109355
1998109356
1998109357
1998109358
1998109359
1998109360
1998109361
1998109362
1998109363
1998109364
1998109365
1998109366
1998109367
1998109368
1998109369
1998109370
1998109371
1998109372
1998109373
1998109374
1998109375
1998109376
1998109377
1998109378
1998109379
1998109380
1998109381
1998109382
1998109383
1998109386
1998109387
1998109388
1998109389
1998109390
1998109391
1998109393
1998109395
1998109396
1998109398
1998109399
1998109401
1998109402
1998109404
1998109405
1998109406
1998109407
1998109408
1998109409
1998109410
1998109411
1998109412
1998109413
1998109414
1998109415
1998109416
1998109417
1998109418
1998109419
1998109420
1998109422
1998109423
1998109424
1998109426
1998109427
1998109428
1998109429
1998109430
1998109431
1998109433
1998109435
1998109436
1998109437
1998109438
1998109439
1998109440
1998109441
1998109442
1998109443
1998109444
1998109445
1998109446
1998109448
1998109449
1998109450
1998109451
1998109452
1998109453
1998109455
1998109456
1998109458
1998109459
1998109460
1998109461
1998109462
1998109463
1998109464
1998109465
1998109466
1998109467
1998109468
1998109469
1998109470
1998109471
1998109472
1998109474
1998109476
1998109478
1998109479
1998109481
1998109482
1998109483
1998109484
1998109485
1998109486
1998109487
1998109488
1998109490
1998109491
1998109492
1998109495
1998109496
1998109498
1998109499
1998109501
1998109502
1998109503
1998109504
1998109505
1998109507
1998109508
1998109509
1998109510
1998109512
1998109514
1998109515
1998109518
1998109519
1998109521
1998109522
1998109523
1998110001
1998110002
1998110003
1998110004
1998110005
1998110006
1998110009
1998110011
1998110012
1998110013
1998110014
1998110015
1998110016
1998110017
1998110018
1998110020
1998110021
1998110022
1998110023
1998110024
1998110025
1998110026
1998110027
1998110028
1998110029
1998110030
1998110031
1998110032
1998110033
1998110034
1998110035
1998110037
1998110038
1998110039
1998110040
1998110041
1998110042
1998110043
1998110044
1998110045
1998110046
1998110047
1998110048
1998110049
1998110050
1998110051
1998110052
1998110053
1998110054
1998110055
1998110056
1998110057
1998110058
1998110059
1998110060
1998110061
1998110062
1998110063
1998110064
1998110065
1998110066
1998110067
1998110068
1998110069
1998110070
1998110071
1998110072
1998110073
1998110074
1998110075
1998110077
1998110078
1998110079
1998110080
1998110081
1998110082
1998110083
1998110084
1998110085
1998110086
1998110088
1998110089
1998110090
1998110091
1998110092
1998110093
1998110094
1998110095
1998110096
1998110097
1998110098
1998110099
1998110100
1998110101
1998110102
1998110103
1998110104
1998110105
1998110106
1998110107
1998110108
1998110109
1998110110
1998110111
1998110112
1998110113
1998110114
1998110115
1998110116
1998110117
1998110118
1998110119
1998110122
1998110123
1998110124
1998110125
1998110126
1998110127
1998110128
1998110130
1998110131
1998110132
1998110133
1998110134
1998110135
1998110136
1998110137
1998110138
1998110139
1998110140
1998110142
1998110143
1998110144
1998110145
1998110146
1998110147
1998110148
1998110149
1998110150
1998110151
1998110152
1998110153
1998110154
1998110155
1998110156
1998110157
1998110158
1998110159
1998110160
1998110161
1998110162
1998110163
1998110164
1998110165
1998110166
1998110167
1998110168
1998110169
1998110170
1998110171
1998110172
1998110173
1998110174
1998110175
1998110176
1998110177
1998110178
1998110179
1998110180
1998110181
1998110182
1998110183
1998110184
1998110185
1998110186
1998110187
1998110188
1998110190
1998110191
1998110192
1998110193
1998110194
1998110195
1998110196
1998110197
1998110198
1998110199
1998110200
1998110201
1998110202
1998110203
1998110204
1998110205
1998110206
1998110207
1998110208
1998110209
1998110210
1998110211
1998110212
1998110213
1998110214
1998110215
1998110216
1998110217
1998110218
1998110219
1998110220
1998110221
1998110222
1998110223
1998110224
1998110225
1998110227
1998110228
1998110229
1998110230
1998110231
1998110232
1998110233
1998110234
1998110235
1998110236
1998110237
1998110238
1998110239
1998110240
1998110241
1998110242
1998110243
1998110245
1998110246
1998110247
1998110248
1998110249
1998110250
1998110251
1998110252
1998110253
1998110254
1998110255
1998110256
1998110257
1998110258
1998110259
1998110260
1998110261
1998110262
1998110263
1998110264
1998110265
1998110266
1998110267
1998110268
1998110269
1998110270
1998110271
1998110272
1998110273
1998110274
1998110275
1998110276
1998110277
1998110278
1998110279
1998110280
1998110281
1998110282
1998110283
1998110284
1998110285
1998110286
1998110287
1998110288
1998110289
1998110290
1998110291
1998110292
1998110294
1998110295
1998110296
1998110297
1998110298
1998110299
1998110300
1998110301
1998110302
1998110303
1998110304
1998110306
1998110307
1998110308
1998110309
1998110310
1998110311
1998110312
1998110313
1998190001
1998190002
1998190003
1998190004
1998190005
1998190006
1998190007
1998190008
1998190009
1998190011
1998190012
1998190013
1998190014
1998190015
1998200001
1998200002
1998200003
1998200004
1998200005
1998200006
1998200007
1998200008
1998200009
1998200010
1998200011
1998200012
1998200013
1998200015
1998200016
1998200017
1998200018
1998200019
1998200020
1998200021
1998200022
1998200023
1998200024
1998200026
1998200027
1998200028
1998200029
1998200030
1998200031
1998200032
1998200033
1998200034
1998200035
1998200036
1998200037
1998200038
1998200039
1998200040
1998200041
1998200042
1998200043
1998200101
1998500001
1998500002
1998500003
1998500004
1998500005
1998500006
1998500008
1998500009
1998500010
1998500011
1998500012
1998500013
1998500014
1998500016
1998500017
1998500018
1998500019
1998500020
1998500021
1998500022
1998500023
1998500024
1998500025
1998500026
1998500027
1998500028
1998500029
1998500030
1998500031
1998500032
1998500033
1998500034
1998500035
1998500038
1998500039
1998500040
1998500045
1998500047
1998500048
1998500049
1998500050
1998500051
1998500052
1998500053
1998500054
1998500056
1998500059
1998500060
1998500062
1998500063
1998500064
1998500065
1998500066
1998500074
1998500077
1998500078
1998500079
1998500080
1998500082
1998500086
1998500087
1998500089
1998500090
1998500093
1998500095
1998500097
1998500098
1998500099
1998500100
1998500102
1998500103
1998500104
1998500106
1998500107
1998500108
1998500109
1998500110
1998500111
1998500112
1998500114
1998500116
1998500117
1998500120
1998500121
1998500124
1998500127
1998500131
1998500132
1998500134
1998500136
1998500137
1998500138
1998500139
1998500140
1998500141
1998500142
1998500143
1998500144
1998500146
1998500148
1998500149
1998500151
1998500152
1998500154
1998500155
1998500157
1998500158
1998500159
1998500160
1998500163
1998500164
1998500166
1998500167
1998500168
1998500169
1998500170
1998500171
1998500172
1998500173
1998500174
1998500175
1998500176
1998500177
1998500178
1998500179
1998500181
1998500189
1998500190
1998500193
1998500194
1998500195
1998500197
1998500198
1998500199
1998500200
1998500201
1998500202
1998500203
1998500204
1998500205
1998500206
1998500207
1998500208
1998500211
1998500212
1998500213
1998500214
1998500215
1998500216
1998500217
1998500219
1998500220
1998500224
1998500225
1998500228
1998500229
1998500230
1998500231
1998500232
1998500233
1998500234
1998500237
1998500238
1998500239
1998500240
1998500241
1998500243
1998500244
1998500245
1998500246
1998500247
1998500248
1998500249
1998500254
1998500255
1998500256
1998500257
1998500260
1998500261
1998500262
1998500263
1998500264
1998500266
1998500267
1998500268
1998500269
1998500270
1998500273
1998500274
1998500276
1998500279
1998500280
1998500281
1998500283
1998500284
1998500285
1998500286
1998500289
1998500290
1998500291
1998500292
1998500293
1998500294
1998500295
1998500296
1998500298
1998500300
1998500301
1998500302
1998500303
1998500304
1998500305
1998500306
1998500307
1998500309
1998500310
1998500312
1998500313
1998500314
1998500315
1998500316
1998500317
1998500318
1998500322
1998500328
1998500332
1998500336
1998500338
1998500339
1998500340
1998500341
1998500342
1998500344
1998500346
1998500347
1998500348
1998500349
1998500350
1998500351
1998500354
1998500357
1998500358
1998500359
1998500361
1998500362
1998500365
1998500366
1998500368
1998500369
1998500370
1998500371
1998500373
1998500374
1998500375
1998500379
1998500380
1998500382
1998500383
1998500384
1998500385
1998500386
1998500387
1998500389
1998500391
1998500393
1998500395
1998500396
1998500397
1998500398
1998500399
1998500401
1998500402
1998500407
1998500409
1998500410
1998500411
1998500412
1998500413
1998500414
1998500416
1998500417
1998500418
1998500419
1998500420
1998500422
1998500424
1998500425
1998500426
1998500427
1998500429
1998500431
1998500434
1998500435
1998500436
1998500437
1998500438
1998500439
1998500441
1998500442
1998500444
1998500447
1998500448
1998500449
1998500450
1998500451
1998500452
1998500453
1998500455
1998500456
1998500457
1998500458
1998500459
1998500460
1998500462
1998500463
1998500464
1998500465
1998500466
1998500467
1998500468
1998500469
1998500471
1998500476
1998500478
1998500479
1998500480
1998500481
1998500482
1998500483
1998500484
1998500485
1998500486
1998500490
1998500491
1998500492
1998500494
1998500496
1998500499
1998500501
1998500502
1998500503
1998500504
1998500507
1998500509
1998500510
1998500511
1998500512
1998500514
1998500516
1998500517
1998500518
1998500519
1998500521
1998500524
1998500526
1998500527
1998500528
1998500532
1998500535
1998500536
1998500537
1998500538
1998500539
1998500540
1998500541
1998500542
1998500544
1998500545
1998500546
1998500549
1998500551
1998500552
1998500553
1998500554
1998500556
1998500557
1998500559
1998500560
1998500561
1998500562
1998500564
1998500565
1998500567
1998500569
1998500570
1998500571
1998500572
1998500573
1998500574
1998500575
1998500576
1998500577
1998500579
1998500582
1998500583
1998500584
1998500585
1998500586
1998500588
1998500589
1998500590
1998500592
1998500593
1998500594
1998500597
1998500598
1998500599
1998500600
1998500601
1998500603
1998500605
1998500606
1998500607
1998500611
1998500612
1998500613
1998500615
1998500618
1998500621
1998500622
1998500624
1998500627
1998500629
1998500630
1998500631
1998500635
1998500636
1998500637
1998500638
1998500641
1998500644
1998500645
1998500646
1998500647
1998500648
1998500649
1998500650
1998500651
1998500652
1998500653
1998500654
1998500655
1998500658
1998500659
1998500662
1998500663
1998500666
1998500668
1998500669
1998500670
1998500671
1998500672
1998500673
1998500676
1998500677
1998500678
1998500679
1998500680
1998500682
1998500684
1998500685
1998500686
1998500688
1998500689
1998500690
1998500691
1998500694
1998500695
1998500696
1998500697
1998500698
1998500700
1998500701
1998500702
1998500703
1998500704
1998500705
1998500706
1998500708
1998500710
1998500711
1998500716
1998500719
1998500720
1998500721
1998500730
1998500731
1998500733
1998500734
1998500735
1998500737
1998500739
1998500740
1998500741
1998500742
1998500745
1998500747
1998500748
1998500749
1998500750
1998500751
1998500752
1998500753
1998500755
1998500756
1998500757
1998500758
1998500759
1998500761
1998500762
1998500763
1998500766
1998500767
1998500768
1998500769
1998500770
1998500771
1998500772
1998500773
1998500774
1998500775
1998500782
1998500783
1998500786
1998500788
1998500789
1998500790
1998500791
1998500792
1998500793
1998500794
1998500795
1998500796
1998500797
1998500798
1998500799
1998500801
1998500802
1998500803
1998500805
1998500807
1998500811
1998500812
1998500813
1998500815
1998500816
1998500818
1998500820
1998500821
1998500822
1998500823
1998500826
1998500827
1998500830
1998500832
1998500833
1998500836
1998500839
1998500844
1998500845
1998500847
1998500849
1998500852
1998500853
1998500855
1998500856
1998500857
1998500862
1998500863
1998500864
1998500865
1998500869
1998500870
1998500871
1998500873
1998500874
1998500875
1998500877
1998500878
1998500879
1998500880
1998500881
1998500884
1998500885
1998500886
1998500888
1998500889
1998500890
1998500891
1998500892
1998500894
1998500896
1998500899
1998500901
1998500902
1998500903
1998500904
1998500906
1998500908
1998500909
1998500910
1998500912
1998500913
1998500914
1998500915
1998500916
1998500918
1998500919
1998500922
1998500923
1998500925
1998500933
1998500934
1998500936
1998500937
1998500938
1998500939
1998500940
1998500941
1998500942
1998500943
1998500944
1998500945
1998500948
1998500951
1998500952
1998500954
1998500956
1998500957
1998500958
1998500959
1998500960
1998500961
1998500962
1998500963
1998500964
1998500965
1998500966
1998500968
1998500970
1998500973
1998500974
1998500976
1998500977
1998500978
1998500981
1998500982
1998500983
1998500985
1998500986
1998500987
1998500988
1998500989
1998500990
1998500991
1998500994
1998500996
1998500997
1998500998
1998500999
1998501000
1998501002
1998501003
1998501007
1998501008
1998501009
1998501010
1998501012
1998501013
1998501014
1998501015
1998501016
1998501018
1998501019
1998501020
1998501025
1998501026
1998501027
1998501030
1998501031
1998501033
1998501036
1998501038
1998501039
1998501041
1998501042
1998501043
1998501046
1998501047
1998501048
1998501049
1998501050
1998501053
1998501054
1998501055
1998501056
1998501057
1998501058
1998501060
1998501063
1998501064
1998501065
1998501067
1998501072
1998501073
1998501074
1998501075
1998501077
1998501078
1998501079
1998501080
1998501082
1998501083
1998501084
1998501085
1998501087
1998501088
1998501089
1998501090
1998501092
1998501093
1998501094
1998501095
1998501097
1998501098
1998501099
1998501100
1998501102
1998501103
1998501104
1998501105
1998501106
1998501108
1998501110
1998501111
1998501112
1998501113
1998501114
1998501115
1998501118
1998501119
1998501122
1998501123
1998501125
1998501127
1998501128
1998501130
1998501131
1998501132
1998501133
1998501135
1998501137
1998501138
1998501141
1998501142
1998501143
1998501144
1998501145
1998501146
1998501147
1998501149
1998501150
1998501151
1998501152
1998501153
1998501154
1998501156
1998501158
1998501159
1998501160
1998501161
1998501162
1998501163
1998501164
1998501169
1998501172
1998501173
1998501174
1998501175
1998501176
1998501177
1998501181
1998501182
1998501183
1998501186
1998501188
1998501190
1998501192
1998501195
1998501196
1998501197
1998501198
1998501199
1998501200
1998501202
1998501203
1998501205
1998501206
1998501208
1998501212
1998501213
1998501214
1998501215
1998501216
1998501218
1998501220
1998501222
1998501223
1998501225
1998501227
1998501230
1998501231
1998501232
1998501234
1998501235
1998501236
1998501238
1998501239
1998501240
1998501241
1998501242
1998501243
1998501244
1998501248
1998501249
1998501252
1998501253
1998501254
1998501255
1998501257
1998501258
1998501259
1998501260
1998501262
1998501263
1998501265
1998501266
1998501268
1998501269
1998501270
1998501271
1998501272
1998501273
1998501275
1998501276
1998501278
1998501279
1998501281
1998501283
1998501284
1998501285
1998501286
1998501287
1998501288
1998501289
1998501290
1998501291
1998501292
1998501293
1998501294
1998501295
1998501300
1998501301
1998501303
1998501304
1998501305
1998501306
1998501307
1998501308
1998501309
1998501310
1998501311
1998501312
1998501313
1998501314
1998501315
1998501316
1998501317
1998501318
1998501320
1998501321
1998501322
1998501328
1998501329
1998501331
1998501332
1998501333
1998501334
1998501335
1998501337
1998501338
1998501339
1998501340
1998501341
1998501342
1998501346
1998501347
1998501349
1998501350
1998501351
1998501352
1998501353
1998501354
1998501355
1998501356
1998501357
1998501358
1998501359
1998501360
1998501362
1998501363
1998501364
1998501365
1998501367
1998501370
1998501371
1998501374
1998501375
1998501376
1998501377
1998501378
1998501379
1998501380
1998501381
1998501382
1998501387
1998501388
1998501389
1998501392
1998501393
1998501394
1998501396
1998501397
1998501398
1998501399
1998501400
1998501401
1998501403
1998501404
1998501406
1998501407
1998501412
1998502004
1998502005
1998502006
1998502007
1998502010
1998502011
1998502012
1998502016
1998502018
1998502019
1998502020
1998502022
1998502024
1998502025
1998502027
1998502028
1998502029
1998502030
1998502032
1998502033
1998502034
1998502035
1998502036
1998502037
1998502039
1998502042
1998502043
1998502044
1998502046
1998502047
1998502048
1998502049
1998502050
1998502052
1998502053
1998502057
1998502058
1998502062
1998502063
1998502067
1998502068
1998502069
1998502070
1998502071
1998502073
1998502076
1998502077
1998502078
1998502079
1998502080
1998502081
1998502083
1998502084
1998502086
1998502087
1998502088
1998502089
1998502090
1998502091
1998502093
1998502094
1998502095
1998502096
1998502097
1998502098
1998502099
1998502100
1998502101
1998502102
1998502104
1998502105
1998502106
1998502108
1998502109
1998502111
1998502113
1998502114
1998502115
1998502117
1998502118
1998502119
1998502120
1998502122
1998502123
1998502124
1998502128
1998502129
1998502132
1998502134
1998502135
1998502136
1998100933
1998105666
1998103000
