1999100007
1999100008
1999100014
1999100015
1999100016
1999100018
1999100019
1999100020
1999100021
1999100022
1999100023
1999100024
1999100026
1999100027
1999100028
1999100029
1999100030
1999100031
1999100034
1999100035
1999100036
1999100037
1999100038
1999100039
1999100040
1999100041
1999100042
1999100043
1999100044
1999100045
1999100046
1999100047
1999100049
1999100050
1999100051
1999100052
1999100055
1999100056
1999100057
1999100059
1999100060
1999100061
1999100062
1999100063
1999100064
1999100065
1999100066
1999100067
1999100068
1999100069
1999100070
1999100071
1999100072
1999100073
1999100074
1999100075
1999100076
1999100077
1999100079
1999100080
1999100081
1999100082
1999100083
1999100084
1999100085
1999100086
1999100087
1999100088
1999100089
1999100090
1999100092
1999100093
1999100094
1999100096
1999100097
1999100098
1999100099
1999100100
1999100101
1999100102
1999100103
1999100104
1999100106
1999100107
1999100108
1999100110
1999100112
1999100113
1999100114
1999100115
1999100117
1999100118
1999100119
1999100120
1999100121
1999100122
1999100123
1999100124
1999100125
1999100126
1999100127
1999100128
1999100129
1999100130
1999100131
1999100132
1999100133
1999100134
1999100135
1999100136
1999100137
1999100138
1999100140
1999100141
1999100142
1999100143
1999100145
1999100146
1999100147
1999100148
1999100149
1999100150
1999100152
1999100153
1999100154
1999100155
1999100156
1999100158
1999100159
1999100161
1999100163
1999100164
1999100165
1999100166
1999100167
1999100168
1999100169
1999100170
1999100171
1999100173
1999100174
1999100175
1999100176
1999100178
1999100179
1999100180
1999100181
1999100182
1999100184
1999100185
1999100187
1999100188
1999100189
1999100190
1999100191
1999100193
1999100194
1999100195
1999100196
1999100197
1999100199
1999100200
1999100201
1999100202
1999100203
1999100204
1999100207
1999100208
1999100209
1999100210
1999100212
1999100213
1999100215
1999100216
1999100217
1999100218
1999100219
1999100220
1999100221
1999100222
1999100223
1999100224
1999100225
1999100226
1999100228
1999100229
1999100230
1999100231
1999100232
1999100233
1999100234
1999100235
1999100236
1999100237
1999100238
1999100239
1999100242
1999100243
1999100244
1999100245
1999100247
1999100248
1999100249
1999100251
1999100252
1999100253
1999100254
1999100255
1999100256
1999100257
1999100258
1999100259
1999100260
1999100262
1999100263
1999100264
1999100265
1999100266
1999100267
1999100268
1999100269
1999100270
1999100271
1999100272
1999100273
1999100274
1999100275
1999100276
1999100277
1999100278
1999100281
1999100282
1999100283
1999100284
1999100285
1999100286
1999100287
1999100288
1999100289
1999100290
1999100291
1999100292
1999100293
1999100294
1999100295
1999100296
1999100297
1999100298
1999100299
1999100300
1999100301
1999100302
1999100303
1999100304
1999100305
1999100306
1999100307
1999100308
1999100309
1999100310
1999100311
1999100312
1999100313
1999100314
1999100315
1999100316
1999100317
1999100318
1999100319
1999100320
1999100321
1999100322
1999100323
1999100325
1999100326
1999100327
1999100328
1999100329
1999100330
1999100331
1999100334
1999100335
1999100336
1999100337
1999100338
1999100339
1999100340
1999100341
1999100342
1999100343
1999100344
1999100345
1999100346
1999100347
1999100349
1999100350
1999100351
1999100353
1999100354
1999100355
1999100356
1999100358
1999100359
1999100360
1999100361
1999100362
1999100363
1999100364
1999100365
1999100366
1999100367
1999100368
1999100369
1999100370
1999100371
1999100372
1999100373
1999100374
1999100375
1999100376
1999100377
1999100378
1999100379
1999100380
1999100382
1999100384
1999100385
1999100387
1999100388
1999100389
1999100390
1999100391
1999100392
1999100394
1999100395
1999100396
1999100397
1999100398
1999100399
1999100400
1999100401
1999100402
1999100403
1999100404
1999100405
1999100406
1999100407
1999100408
1999100409
1999100410
1999100411
1999100412
1999100413
1999100414
1999100415
1999100417
1999100418
1999100419
1999100420
1999100422
1999100423
1999100424
1999100425
1999100426
1999100427
1999100428
1999100430
1999100431
1999100432
1999100433
1999100434
1999100435
1999100436
1999100438
1999100439
1999100442
1999100443
1999100444
1999100445
1999100446
1999100448
1999100449
1999100450
1999100451
1999100452
1999100453
1999100455
1999100456
1999100457
1999100458
1999100459
1999100460
1999100461
1999100462
1999100463
1999100464
1999100465
1999100466
1999100467
1999100468
1999100469
1999100470
1999100471
1999100472
1999100473
1999100474
1999100475
1999100476
1999100477
1999100478
1999100479
1999100480
1999100481
1999100482
1999100483
1999100484
1999100485
1999100486
1999100487
1999100488
1999100490
1999100491
1999100492
1999100493
1999100494
1999100495
1999100496
1999100497
1999100498
1999100499
1999100501
1999100502
1999100503
1999100504
1999100505
1999100506
1999100507
1999100509
1999100510
1999100511
1999100512
1999100513
1999100515
1999100516
1999100517
1999100518
1999100519
1999100520
1999100521
1999100522
1999100523
1999100524
1999100525
1999100526
1999100527
1999100528
1999100529
1999100530
1999100531
1999100532
1999100533
1999100534
1999100535
1999100536
1999100537
1999100538
1999100539
1999100540
1999100541
1999100542
1999100543
1999100544
1999100545
1999100546
1999100547
1999100548
1999100550
1999100551
1999100552
1999100553
1999100554
1999100555
1999100556
1999100557
1999100558
1999100559
1999100560
1999100562
1999100563
1999100564
1999100565
1999100566
1999100567
1999100569
1999100570
1999100571
1999100572
1999100573
1999100574
1999100575
1999100576
1999100577
1999100578
1999100579
1999100581
1999100582
1999100583
1999100584
1999100586
1999100587
1999100588
1999100589
1999100590
1999100592
1999100593
1999100594
1999100595
1999100596
1999100597
1999100599
1999100600
1999100601
1999100602
1999100603
1999100604
1999100605
1999100606
1999100607
1999100608
1999100609
1999100610
1999100611
1999100612
1999100613
1999100614
1999100615
1999100616
1999100617
1999100619
1999100620
1999100621
1999100622
1999100623
1999100624
1999100625
1999100626
1999100627
1999100628
1999100630
1999100631
1999100632
1999100633
1999100634
1999100635
1999100636
1999100637
1999100638
1999100639
1999100640
1999100641
1999100642
1999100643
1999100644
1999100645
1999100646
1999100647
1999100648
1999100649
1999100650
1999100651
1999100652
1999100653
1999100654
1999100655
1999100656
1999100657
1999100658
1999100659
1999100660
1999100661
1999100662
1999100663
1999100664
1999100666
1999100667
1999100668
1999100669
1999100670
1999100671
1999100672
1999100674
1999100675
1999100676
1999100677
1999100678
1999100679
1999100680
1999100681
1999100682
1999100683
1999100684
1999100685
1999100686
1999100687
1999100688
1999100689
1999100691
1999100692
1999100693
1999100694
1999100695
1999100696
1999100697
1999100698
1999100699
1999100700
1999100701
1999100702
1999100703
1999100705
1999100706
1999100707
1999100708
1999100710
1999100711
1999100712
1999100713
1999100714
1999100715
1999100716
1999100717
1999100718
1999100719
1999100720
1999100721
1999100722
1999100723
1999100724
1999100725
1999100726
1999100727
1999100728
1999100729
1999100730
1999100731
1999100732
1999100733
1999100734
1999100735
1999100736
1999100737
1999100738
1999100739
1999100741
1999100742
1999100743
1999100744
1999100745
1999100746
1999100747
1999100748
1999100749
1999100750
1999100751
1999100752
1999100753
1999100754
1999100755
1999100756
1999100757
1999100758
1999100759
1999100760
1999100761
1999100762
1999100763
1999100764
1999100766
1999100767
1999100768
1999100770
1999100771
1999100772
1999100773
1999100774
1999100775
1999100776
1999100777
1999100778
1999100779
1999100780
1999100781
1999100783
1999100785
1999100786
1999100787
1999100788
1999100789
1999100790
1999100791
1999100792
1999100793
1999100794
1999100796
1999100797
1999100798
1999100799
1999100800
1999100801
1999100802
1999100803
1999100804
1999100805
1999100806
1999100807
1999100809
1999100810
1999100811
1999100812
1999100813
1999100814
1999100815
1999100817
1999100818
1999100819
1999100820
1999100821
1999100822
1999100823
1999100824
1999100825
1999100826
1999100827
1999100828
1999100829
1999100830
1999100831
1999100832
1999100833
1999100834
1999100835
1999100836
1999100838
1999100840
1999100841
1999100842
1999100843
1999100844
1999100845
1999100846
1999100847
1999100848
1999100850
1999100851
1999100852
1999100853
1999100854
1999100855
1999100856
1999100858
1999100859
1999100860
1999100861
1999100864
1999100865
1999100866
1999100867
1999100868
1999100869
1999100870
1999100871
1999100872
1999100873
1999100874
1999100875
1999100876
1999100877
1999100878
1999100879
1999100880
1999100881
1999100882
1999100883
1999100884
1999100885
1999100886
1999100888
1999100889
1999100890
1999100891
1999100892
1999100893
1999100894
1999100895
1999100896
1999100897
1999100898
1999100899
1999100900
1999100901
1999100902
1999100903
1999100904
1999100905
1999100906
1999100907
1999100908
1999100909
1999100910
1999100911
1999100912
1999100913
1999100914
1999100915
1999100916
1999100917
1999100918
1999100919
1999100920
1999100921
1999100922
1999100923
1999100924
1999100925
1999100926
1999100928
1999100930
1999100931
1999100932
1999100934
1999100935
1999100936
1999100937
1999100938
1999100939
1999100940
1999100941
1999100942
1999100943
1999100944
1999100945
1999100946
1999100947
1999100948
1999100949
1999100950
1999100951
1999100952
1999100953
1999100954
1999100955
1999100956
1999100957
1999100958
1999100959
1999100960
1999100961
1999100962
1999100963
1999100964
1999100965
1999100966
1999100967
1999100968
1999100969
1999100970
1999100971
1999100972
1999100973
1999100974
1999100975
1999100976
1999100977
1999100978
1999100979
1999100980
1999100981
1999100982
1999100983
1999100984
1999100986
1999100987
1999100988
1999100990
1999100991
1999100992
1999100993
1999100994
1999100995
1999100996
1999100997
1999100999
1999101000
1999101002
1999101003
1999101004
1999101006
1999101007
1999101008
1999101009
1999101010
1999101011
1999101012
1999101013
1999101014
1999101015
1999101016
1999101017
1999101018
1999101019
1999101020
1999101021
1999101022
1999101023
1999101024
1999101025
1999101026
1999101027
1999101028
1999101029
1999101030
1999101031
1999101032
1999101033
1999101034
1999101036
1999101037
1999101038
1999101039
1999101040
1999101041
1999101042
1999101043
1999101044
1999101045
1999101046
1999101047
1999101048
1999101049
1999101050
1999101051
1999101052
1999101055
1999101056
1999101057
1999101058
1999101059
1999101061
1999101062
1999101064
1999101065
1999101066
1999101067
1999101070
1999101071
1999101072
1999101073
1999101074
1999101075
1999101076
1999101077
1999101078
1999101079
1999101080
1999101081
1999101082
1999101083
1999101085
1999101086
1999101088
1999101089
1999101090
1999101091
1999101093
1999101094
1999101095
1999101096
1999101097
1999101098
1999101099
1999101100
1999101101
1999101102
1999101103
1999101104
1999101105
1999101106
1999101107
1999101108
1999101109
1999101110
1999101111
1999101112
1999101113
1999101114
1999101115
1999101116
1999101117
1999101119
1999101120
1999101121
1999101122
1999101123
1999101124
1999101125
1999101126
1999101127
1999101129
1999101130
1999101131
1999101132
1999101133
1999101134
1999101136
1999101137
1999101138
1999101140
1999101141
1999101142
1999101143
1999101144
1999101145
1999101146
1999101148
1999101149
1999101150
1999101151
1999101152
1999101153
1999101154
1999101155
1999101156
1999101157
1999101158
1999101159
1999101160
1999101162
1999101164
1999101165
1999101167
1999101168
1999101169
1999101170
1999101171
1999101172
1999101173
1999101174
1999101175
1999101176
1999101177
1999101178
1999101179
1999101180
1999101181
1999101182
1999101184
1999101185
1999101186
1999101187
1999101188
1999101189
1999101190
1999101191
1999101192
1999101193
1999101194
1999101195
1999101196
1999101197
1999101199
1999101200
1999101201
1999101202
1999101203
1999101204
1999101205
1999101206
1999101207
1999101208
1999101209
1999101210
1999101211
1999101212
1999101213
1999101214
1999101215
1999101216
1999101217
1999101218
1999101219
1999101220
1999101221
1999101222
1999101223
1999101224
1999101225
1999101227
1999101228
1999101230
1999101231
1999101232
1999101233
1999101234
1999101235
1999101236
1999101237
1999101238
1999101239
1999101240
1999101241
1999101242
1999101243
1999101244
1999101245
1999101246
1999101247
1999101248
1999101250
1999101251
1999101252
1999101253
1999101254
1999101255
1999101256
1999101257
1999101258
1999101259
1999101260
1999101261
1999101262
1999101264
1999101265
1999101266
1999101267
1999101268
1999101269
1999101270
1999101271
1999101272
1999101273
1999101274
1999101276
1999101277
1999101278
1999101279
1999101280
1999101281
1999101282
1999101283
1999101284
1999101285
1999101287
1999101288
1999101289
1999101291
1999101292
1999101293
1999101294
1999101295
1999101296
1999101297
1999101298
1999101300
1999101301
1999101303
1999101304
1999101305
1999101306
1999101307
1999101308
1999101309
1999101310
1999101311
1999101312
1999101313
1999101314
1999101318
1999101319
1999101320
1999101322
1999101323
1999101324
1999101325
1999101326
1999101327
1999101328
1999101329
1999101330
1999101331
1999101332
1999101333
1999101334
1999101335
1999101336
1999101337
1999101338
1999101339
1999101340
1999101341
1999101343
1999101344
1999101345
1999101346
1999101347
1999101348
1999101349
1999101351
1999101352
1999101353
1999101356
1999101357
1999101358
1999101359
1999101360
1999101361
1999101362
1999101363
1999101364
1999101365
1999101366
1999101367
1999101368
1999101369
1999101370
1999101371
1999101372
1999101373
1999101374
1999101375
1999101376
1999101378
1999101379
1999101380
1999101381
1999101382
1999101384
1999101386
1999101387
1999101388
1999101389
1999101390
1999101391
1999101392
1999101393
1999101394
1999101395
1999101396
1999101397
1999101398
1999101399
1999101400
1999101401
1999101402
1999101403
1999101404
1999101405
1999101406
1999101407
1999101409
1999101411
1999101412
1999101413
1999101414
1999101415
1999101416
1999101417
1999101418
1999101419
1999101421
1999101422
1999101423
1999101424
1999101425
1999101426
1999101427
1999101428
1999101429
1999101430
1999101432
1999101433
1999101434
1999101435
1999101436
1999101437
1999101438
1999101439
1999101440
1999101441
1999101442
1999101445
1999101446
1999101447
1999101448
1999101449
1999101450
1999101451
1999101452
1999101454
1999101455
1999101456
1999101457
1999101458
1999101459
1999101461
1999101462
1999101463
1999101464
1999101465
1999101466
1999101467
1999101468
1999101470
1999101471
1999101472
1999101473
1999101474
1999101475
1999101476
1999101477
1999101478
1999101480
1999101481
1999101484
1999101485
1999101486
1999101487
1999101488
1999101489
1999101490
1999101491
1999101492
1999101494
1999101495
1999101496
1999101497
1999101498
1999101499
1999101500
1999101501
1999101502
1999101503
1999101504
1999101505
1999101506
1999101507
1999101508
1999101509
1999101510
1999101511
1999101512
1999101513
1999101514
1999101515
1999101516
1999101517
1999101518
1999101519
1999101520
1999101521
1999101522
1999101523
1999101525
1999101526
1999101528
1999101529
1999101530
1999101531
1999101532
1999101534
1999101535
1999101536
1999101539
1999101540
1999101541
1999101542
1999101543
1999101544
1999101546
1999101548
1999101549
1999101550
1999101551
1999101552
1999101553
1999101554
1999101555
1999101556
1999101557
1999101558
1999101560
1999101561
1999101562
1999101563
1999101564
1999101565
1999101566
1999101567
1999101568
1999101569
1999101571
1999101572
1999101574
1999101575
1999101576
1999101577
1999101578
1999101579
1999101580
1999101581
1999101582
1999101586
1999101587
1999101588
1999101589
1999101590
1999101591
1999101592
1999101593
1999101594
1999101595
1999101596
1999101597
1999101598
1999101599
1999101600
1999101601
1999101602
1999101603
1999101604
1999101605
1999101606
1999101607
1999101608
1999101609
1999101610
1999101611
1999101612
1999101613
1999101614
1999101616
1999101617
1999101619
1999101620
1999101621
1999101622
1999101623
1999101624
1999101625
1999101626
1999101628
1999101629
1999101630
1999101631
1999101632
1999101633
1999101634
1999101635
1999101636
1999101637
1999101640
1999101641
1999101642
1999101645
1999101646
1999101647
1999101648
1999101650
1999101651
1999101653
1999101654
1999101655
1999101657
1999101658
1999101659
1999101660
1999101661
1999101662
1999101664
1999101665
1999101666
1999101667
1999101670
1999101671
1999101672
1999101673
1999101674
1999101675
1999101676
1999101677
1999101678
1999101679
1999101680
1999101681
1999101682
1999101684
1999101685
1999101686
1999101687
1999101688
1999101689
1999101690
1999101691
1999101693
1999101694
1999101695
1999101696
1999101697
1999101698
1999101699
1999101700
1999101701
1999101702
1999101703
1999101704
1999101705
1999101706
1999101707
1999101708
1999101709
1999101710
1999101711
1999101712
1999101713
1999101714
1999101715
1999101716
1999101717
1999101718
1999101719
1999101720
1999101721
1999101722
1999101723
1999101724
1999101726
1999101727
1999101728
1999101729
1999101730
1999101731
1999101732
1999101733
1999101736
1999101737
1999101738
1999101739
1999101740
1999101741
1999101743
1999101744
1999101745
1999101746
1999101747
1999101748
1999101749
1999101750
1999101751
1999101752
1999101753
1999101754
1999101755
1999101756
1999101757
1999101758
1999101759
1999101760
1999101761
1999101762
1999101763
1999101764
1999101765
1999101766
1999101767
1999101768
1999101769
1999101770
1999101771
1999101772
1999101773
1999101774
1999101775
1999101776
1999101777
1999101778
1999101779
1999101780
1999101781
1999101782
1999101783
1999101784
1999101785
1999101786
1999101788
1999101790
1999101791
1999101792
1999101793
1999101794
1999101795
1999101796
1999101797
1999101798
1999101799
1999101801
1999101802
1999101803
1999101804
1999101805
1999101806
1999101807
1999101808
1999101809
1999101810
1999101811
1999101812
1999101816
1999101817
1999101818
1999101819
1999101820
1999101821
1999101822
1999101832
1999101833
1999101834
1999101835
1999101836
1999101837
1999101838
1999101839
1999101840
1999101841
1999101842
1999101843
1999101844
1999101845
1999101846
1999101847
1999101848
1999101850
1999101851
1999101852
1999101855
1999101856
1999101857
1999101858
1999101859
1999101860
1999101861
1999101862
1999101864
1999101865
1999101866
1999101867
1999101868
1999101869
1999101872
1999101873
1999101874
1999101875
1999101876
1999101877
1999101878
1999101879
1999101880
1999101881
1999101883
1999101884
1999101886
1999101887
1999101888
1999101889
1999101890
1999101891
1999101892
1999101893
1999101894
1999101895
1999101896
1999101897
1999101898
1999101899
1999101900
1999101901
1999101903
1999101904
1999101905
1999101906
1999101907
1999101908
1999101909
1999101910
1999101911
1999101912
1999101913
1999101914
1999101916
1999101917
1999101918
1999101919
1999101920
1999101921
1999101922
1999101923
1999101924
1999101925
1999101926
1999101927
1999101928
1999101929
1999101931
1999101932
1999101934
1999101935
1999101936
1999101937
1999101938
1999101939
1999101940
1999101941
1999101942
1999101943
1999101944
1999101945
1999101946
1999101947
1999101948
1999101949
1999101950
1999101951
1999101952
1999101953
1999101956
1999101957
1999101958
1999101959
1999101960
1999101961
1999101962
1999101963
1999101965
1999101967
1999101968
1999101969
1999101970
1999101971
1999101972
1999101973
1999101974
1999101975
1999101976
1999101977
1999101978
1999101979
1999101980
1999101981
1999101982
1999101983
1999101984
1999101985
1999101986
1999101987
1999101988
1999101989
1999101990
1999101991
1999101992
1999101993
1999101994
1999101995
1999101996
1999101997
1999101998
1999101999
1999102000
1999102001
1999102002
1999102003
1999102005
1999102006
1999102009
1999102010
1999102011
1999102012
1999102013
1999102014
1999102015
1999102016
1999102017
1999102018
1999102019
1999102020
1999102022
1999102023
1999102024
1999102026
1999102027
1999102028
1999102029
1999102030
1999102031
1999102032
1999102034
1999102035
1999102036
1999102037
1999102038
1999102040
1999102041
1999102042
1999102043
1999102045
1999102046
1999102047
1999102048
1999102049
1999102050
1999102051
1999102052
1999102053
1999102054
1999102055
1999102056
1999102057
1999102058
1999102059
1999102060
1999102061
1999102062
1999102063
1999102064
1999102065
1999102067
1999102069
1999102070
1999102071
1999102072
1999102074
1999102075
1999102076
1999102077
1999102079
1999102081
1999102082
1999102084
1999102085
1999102086
1999102087
1999102088
1999102089
1999102090
1999102091
1999102092
1999102093
1999102094
1999102095
1999102096
1999102097
1999102098
1999102099
1999102100
1999102101
1999102102
1999102103
1999102104
1999102105
1999102106
1999102107
1999102108
1999102109
1999102111
1999102113
1999102114
1999102115
1999102116
1999102118
1999102119
1999102120
1999102121
1999102123
1999102124
1999102125
1999102126
1999102127
1999102128
1999102129
1999102130
1999102131
1999102132
1999102133
1999102134
1999102135
1999102136
1999102137
1999102138
1999102139
1999102140
1999102141
1999102142
1999102145
1999102146
1999102147
1999102149
1999102150
1999102151
1999102152
1999102153
1999102154
1999102155
1999102156
1999102157
1999102158
1999102159
1999102160
1999102162
1999102163
1999102164
1999102165
1999102166
1999102167
1999102168
1999102169
1999102170
1999102171
1999102172
1999102173
1999102174
1999102175
1999102176
1999102177
1999102178
1999102179
1999102180
1999102186
1999102188
1999102189
1999102190
1999102191
1999102192
1999102193
1999102194
1999102195
1999102196
1999102197
1999102198
1999102199
1999102200
1999102201
1999102202
1999102203
1999102204
1999102205
1999102206
1999102207
1999102209
1999102210
1999102211
1999102212
1999102213
1999102215
1999102216
1999102217
1999102218
1999102219
1999102220
1999102221
1999102222
1999102223
1999102224
1999102225
1999102226
1999102227
1999102228
1999102229
1999102230
1999102231
1999102232
1999102233
1999102234
1999102235
1999102238
1999102239
1999102240
1999102241
1999102242
1999102243
1999102244
1999102245
1999102246
1999102247
1999102248
1999102249
1999102250
1999102251
1999102252
1999102253
1999102254
1999102255
1999102256
1999102257
1999102258
1999102259
1999102260
1999102261
1999102262
1999102263
1999102265
1999102266
1999102267
1999102270
1999102271
1999102272
1999102273
1999102274
1999102275
1999102276
1999102277
1999102278
1999102279
1999102280
1999102281
1999102282
1999102283
1999102285
1999102286
1999102287
1999102288
1999102289
1999102290
1999102291
1999102292
1999102293
1999102294
1999102295
1999102296
1999102298
1999102299
1999102300
1999102301
1999102302
1999102303
1999102304
1999102305
1999102306
1999102307
1999102308
1999102309
1999102310
1999102311
1999102312
1999102313
1999102314
1999102315
1999102316
1999102317
1999102318
1999102320
1999102321
1999102322
1999102323
1999102324
1999102325
1999102326
1999102327
1999102328
1999102329
1999102331
1999102332
1999102333
1999102334
1999102335
1999102336
1999102338
1999102339
1999102340
1999102341
1999102342
1999102343
1999102344
1999102345
1999102346
1999102347
1999102348
1999102349
1999102350
1999102351
1999102352
1999102353
1999102354
1999102355
1999102356
1999102357
1999102358
1999102360
1999102361
1999102362
1999102363
1999102364
1999102365
1999102366
1999102367
1999102368
1999102369
1999102370
1999102371
1999102372
1999102373
1999102374
1999102375
1999102376
1999102378
1999102379
1999102380
1999102381
1999102382
1999102383
1999102384
1999102385
1999102386
1999102387
1999102388
1999102389
1999102390
1999102391
1999102392
1999102393
1999102394
1999102395
1999102396
1999102397
1999102398
1999102399
1999102400
1999102401
1999102402
1999102403
1999102404
1999102405
1999102406
1999102407
1999102408
1999102409
1999102410
1999102411
1999102412
1999102413
1999102414
1999102415
1999102416
1999102417
1999102418
1999102419
1999102420
1999102421
1999102422
1999102423
1999102424
1999102425
1999102426
1999102427
1999102428
1999102429
1999102431
1999102432
1999102433
1999102434
1999102435
1999102438
1999102440
1999102441
1999102442
1999102443
1999102444
1999102445
1999102446
1999102447
1999102448
1999102449
1999102450
1999102451
1999102452
1999102453
1999102454
1999102455
1999102457
1999102458
1999102459
1999102460
1999102461
1999102462
1999102463
1999102464
1999102465
1999102466
1999102467
1999102468
1999102469
1999102470
1999102471
1999102472
1999102473
1999102474
1999102475
1999102476
1999102477
1999102478
1999102479
1999102480
1999102481
1999102482
1999102483
1999102484
1999102485
1999102486
1999102487
1999102488
1999102489
1999102490
1999102491
1999102492
1999102493
1999102494
1999102496
1999102497
1999102498
1999102499
1999102500
1999102501
1999102503
1999102504
1999102505
1999102506
1999102507
1999102508
1999102509
1999102510
1999102511
1999102512
1999102513
1999102514
1999102515
1999102516
1999102517
1999102518
1999102519
1999102520
1999102521
1999102522
1999102523
1999102525
1999102526
1999102527
1999102528
1999102529
1999102530
1999102531
1999102532
1999102533
1999102534
1999102535
1999102536
1999102537
1999102538
1999102539
1999102540
1999102541
1999102542
1999102544
1999102545
1999102546
1999102547
1999102548
1999102549
1999102550
1999102551
1999102552
1999102553
1999102554
1999102555
1999102556
1999102557
1999102558
1999102559
1999102560
1999102561
1999102562
1999102563
1999102564
1999102565
1999102566
1999102567
1999102568
1999102569
1999102570
1999102571
1999102572
1999102573
1999102574
1999102575
1999102576
1999102577
1999102578
1999102579
1999102580
1999102582
1999102583
1999102584
1999102586
1999102587
1999102588
1999102589
1999102590
1999102591
1999102592
1999102593
1999102594
1999102595
1999102596
1999102597
1999102598
1999102599
1999102600
1999102601
1999102602
1999102603
1999102604
1999102605
1999102606
1999102607
1999102608
1999102609
1999102613
1999102614
1999102615
1999102616
1999102617
1999102618
1999102619
1999102620
1999102621
1999102623
1999102624
1999102625
1999102626
1999102627
1999102628
1999102629
1999102630
1999102631
1999102632
1999102633
1999102634
1999102635
1999102637
1999102638
1999102639
1999102640
1999102641
1999102642
1999102643
1999102645
1999102646
1999102647
1999102648
1999102649
1999102650
1999102651
1999102652
1999102653
1999102654
1999102655
1999102657
1999102658
1999102659
1999102660
1999102661
1999102662
1999102663
1999102665
1999102666
1999102667
1999102670
1999102671
1999102672
1999102674
1999102675
1999102676
1999102677
1999102678
1999102679
1999102680
1999102681
1999102682
1999102683
1999102684
1999102685
1999102686
1999102687
1999102689
1999102690
1999102691
1999102692
1999102693
1999102694
1999102695
1999102696
1999102697
1999102699
1999102700
1999102701
1999102702
1999102703
1999102704
1999102705
1999102706
1999102707
1999102708
1999102709
1999102710
1999102711
1999102713
1999102714
1999102715
1999102716
1999102717
1999102718
1999102719
1999102720
1999102721
1999102722
1999102723
1999102724
1999102725
1999102726
1999102727
1999102728
1999102729
1999102730
1999102731
1999102732
1999102733
1999102734
1999102735
1999102736
1999102737
1999102738
1999102739
1999102740
1999102741
1999102742
1999102743
1999102744
1999102745
1999102747
1999102748
1999102749
1999102750
1999102751
1999102752
1999102753
1999102755
1999102756
1999102757
1999102758
1999102759
1999102760
1999102761
1999102762
1999102763
1999102764
1999102765
1999102766
1999102767
1999102768
1999102769
1999102770
1999102771
1999102772
1999102773
1999102774
1999102775
1999102776
1999102777
1999102778
1999102779
1999102780
1999102782
1999102783
1999102784
1999102785
1999102786
1999102787
1999102789
1999102790
1999102791
1999102792
1999102793
1999102795
1999102797
1999102798
1999102799
1999102801
1999102803
1999102804
1999102805
1999102806
1999102807
1999102809
1999102810
1999102812
1999102813
1999102814
1999102815
1999102816
1999102817
1999102818
1999102819
1999102821
1999102822
1999102823
1999102824
1999102825
1999102827
1999102828
1999102829
1999102830
1999102832
1999102833
1999102834
1999102835
1999102836
1999102837
1999102839
1999102840
1999102841
1999102842
1999102843
1999102845
1999102846
1999102847
1999102848
1999102849
1999102850
1999102851
1999102852
1999102854
1999102855
1999102856
1999102858
1999102859
1999102861
1999102862
1999102863
1999102864
1999102865
1999102866
1999102867
1999102868
1999102869
1999102871
1999102872
1999102873
1999102874
1999102876
1999102877
1999102878
1999102879
1999102880
1999102881
1999102882
1999102883
1999102884
1999102885
1999102886
1999102887
1999102888
1999102889
1999102890
1999102891
1999102892
1999102893
1999102894
1999102895
1999102896
1999102897
1999102898
1999102899
1999102900
1999102901
1999102905
1999102906
1999102907
1999102908
1999102909
1999102910
1999102913
1999102915
1999102916
1999102918
1999102919
1999102920
1999102921
1999102923
1999102924
1999102925
1999102926
1999102927
1999102928
1999102929
1999102930
1999102931
1999102932
1999102933
1999102934
1999102935
1999102936
1999102937
1999102938
1999102939
1999102941
1999102942
1999102943
1999102944
1999102945
1999102946
1999102947
1999102948
1999102949
1999102950
1999102951
1999102952
1999102953
1999102954
1999102956
1999102957
1999102958
1999102959
1999102960
1999102961
1999102962
1999102963
1999102964
1999102965
1999102966
1999102967
1999102968
1999102969
1999102970
1999102972
1999102973
1999102974
1999102975
1999102976
1999102977
1999102978
1999102979
1999102980
1999102981
1999102982
1999102984
1999102985
1999102986
1999102987
1999102988
1999102989
1999102990
1999102992
1999102993
1999102994
1999102995
1999102996
1999102997
1999102998
1999103000
1999103001
1999103002
1999103003
1999103004
1999103005
1999103006
1999103007
1999103008
1999103009
1999103010
1999103011
1999103012
1999103014
1999103015
1999103016
1999103017
1999103018
1999103019
1999103020
1999103021
1999103022
1999103023
1999103024
1999103025
1999103026
1999103027
1999103028
1999103029
1999103030
1999103031
1999103033
1999103034
1999103035
1999103036
1999103037
1999103038
1999103039
1999103040
1999103041
1999103042
1999103043
1999103044
1999103045
1999103046
1999103047
1999103048
1999103049
1999103050
1999103051
1999103052
1999103053
1999103054
1999103055
1999103056
1999103057
1999103058
1999103059
1999103060
1999103061
1999103062
1999103063
1999103064
1999103065
1999103066
1999103067
1999103068
1999103069
1999103070
1999103071
1999103072
1999103073
1999103074
1999103075
1999103076
1999103077
1999103078
1999103079
1999103080
1999103081
1999103082
1999103083
1999103084
1999103085
1999103086
1999103087
1999103088
1999103089
1999103090
1999103091
1999103092
1999103093
1999103094
1999103095
1999103097
1999103098
1999103099
1999103100
1999103101
1999103102
1999103103
1999103104
1999103105
1999103106
1999103107
1999103108
1999103110
1999103111
1999103112
1999103113
1999103116
1999103117
1999103120
1999103121
1999103122
1999103123
1999103124
1999103125
1999103126
1999103127
1999103128
1999103129
1999103131
1999103133
1999103134
1999103135
1999103136
1999103137
1999103138
1999103139
1999103140
1999103141
1999103142
1999103143
1999103144
1999103146
1999103148
1999103149
1999103150
1999103151
1999103153
1999103154
1999103155
1999103156
1999103157
1999103158
1999103159
1999103160
1999103161
1999103162
1999103163
1999103164
1999103165
1999103166
1999103167
1999103168
1999103170
1999103171
1999103172
1999103173
1999103174
1999103175
1999103176
1999103177
1999103178
1999103179
1999103181
1999103182
1999103183
1999103184
1999103186
1999103187
1999103188
1999103189
1999103190
1999103191
1999103192
1999103194
1999103195
1999103196
1999103197
1999103198
1999103199
1999103200
1999103201
1999103204
1999103205
1999103206
1999103207
1999103208
1999103209
1999103210
1999103211
1999103212
1999103213
1999103214
1999103215
1999103216
1999103217
1999103218
1999103219
1999103220
1999103221
1999103223
1999103224
1999103225
1999103226
1999103227
1999103228
1999103229
1999103230
1999103231
1999103232
1999103233
1999103234
1999103235
1999103236
1999103237
1999103238
1999103239
1999103240
1999103241
1999103242
1999103243
1999103244
1999103245
1999103246
1999103247
1999103248
1999103250
1999103252
1999103253
1999103254
1999103255
1999103256
1999103257
1999103258
1999103259
1999103260
1999103261
1999103262
1999103263
1999103264
1999103265
1999103266
1999103267
1999103268
1999103269
1999103270
1999103271
1999103272
1999103273
1999103274
1999103275
1999103276
1999103279
1999103280
1999103281
1999103282
1999103283
1999103285
1999103287
1999103289
1999103291
1999103292
1999103293
1999103294
1999103295
1999103296
1999103298
1999103299
1999103300
1999103301
1999103302
1999103303
1999103304
1999103305
1999103306
1999103309
1999103310
1999103311
1999103312
1999103313
1999103314
1999103316
1999103317
1999103319
1999103320
1999103321
1999103322
1999103324
1999103325
1999103327
1999103328
1999103329
1999103330
1999103331
1999103332
1999103333
1999103335
1999103336
1999103337
1999103338
1999103339
1999103340
1999103341
1999103342
1999103343
1999103344
1999103345
1999103346
1999103347
1999103348
1999103349
1999103350
1999103351
1999103352
1999103354
1999103355
1999103356
1999103357
1999103358
1999103359
1999103360
1999103361
1999103362
1999103363
1999103364
1999103365
1999103366
1999103367
1999103368
1999103369
1999103370
1999103371
1999103372
1999103373
1999103374
1999103375
1999103376
1999103377
1999103378
1999103379
1999103381
1999103382
1999103383
1999103384
1999103385
1999103386
1999103387
1999103388
1999103389
1999103390
1999103391
1999103393
1999103395
1999103396
1999103397
1999103398
1999103399
1999103400
1999103401
1999103402
1999103403
1999103404
1999103405
1999103406
1999103407
1999103408
1999103409
1999103410
1999103412
1999103413
1999103414
1999103415
1999103416
1999103417
1999103418
1999103419
1999103420
1999103422
1999103423
1999103424
1999103425
1999103426
1999103427
1999103430
1999103431
1999103432
1999103433
1999103434
1999103435
1999103436
1999103437
1999103438
1999103439
1999103441
1999103442
1999103443
1999103444
1999103445
1999103446
1999103447
1999103448
1999103449
1999103450
1999103451
1999103452
1999103453
1999103454
1999103455
1999103456
1999103458
1999103459
1999103460
1999103461
1999103462
1999103463
1999103464
1999103465
1999103466
1999103467
1999103468
1999103469
1999103470
1999103472
1999103473
1999103474
1999103475
1999103476
1999103477
1999103478
1999103479
1999103480
1999103481
1999103482
1999103483
1999103484
1999103485
1999103486
1999103487
1999103488
1999103490
1999103491
1999103492
1999103493
1999103494
1999103495
1999103496
1999103497
1999103498
1999103499
1999103500
1999103501
1999103502
1999103503
1999103504
1999103505
1999103506
1999103507
1999103508
1999103510
1999103513
1999103514
1999103515
1999103516
1999103517
1999103518
1999103519
1999103521
1999103522
1999103523
1999103524
1999103525
1999103528
1999103529
1999103530
1999103531
1999103532
1999103533
1999103534
1999103535
1999103536
1999103537
1999103538
1999103539
1999103541
1999103542
1999103543
1999103544
1999103545
1999103546
1999103547
1999103548
1999103550
1999103551
1999103552
1999103553
1999103554
1999103555
1999103556
1999103557
1999103558
1999103559
1999103560
1999103561
1999103562
1999103563
1999103564
1999103565
1999103566
1999103567
1999103568
1999103569
1999103570
1999103571
1999103572
1999103573
1999103574
1999103575
1999103576
1999103577
1999103578
1999103579
1999103580
1999103581
1999103582
1999103583
1999103584
1999103585
1999103587
1999103589
1999103592
1999103593
1999103594
1999103595
1999103596
1999103597
1999103598
1999103599
1999103600
1999103601
1999103602
1999103603
1999103604
1999103605
1999103606
1999103607
1999103608
1999103610
1999103611
1999103612
1999103613
1999103614
1999103615
1999103616
1999103617
1999103618
1999103619
1999103620
1999103621
1999103622
1999103623
1999103624
1999103626
1999103627
1999103628
1999103629
1999103630
1999103631
1999103632
1999103633
1999103634
1999103635
1999103637
1999103638
1999103640
1999103641
1999103642
1999103643
1999103644
1999103645
1999103646
1999103647
1999103648
1999103649
1999103650
1999103651
1999103652
1999103653
1999103655
1999103656
1999103657
1999103658
1999103659
1999103660
1999103661
1999103662
1999103663
1999103664
1999103665
1999103666
1999103667
1999103668
1999103669
1999103670
1999103671
1999103672
1999103673
1999103674
1999103675
1999103676
1999103677
1999103678
1999103679
1999103680
1999103681
1999103682
1999103683
1999103685
1999103686
1999103687
1999103689
1999103690
1999103691
1999103692
1999103693
1999103694
1999103695
1999103696
1999103697
1999103698
1999103699
1999103700
1999103701
1999103702
1999103703
1999103704
1999103706
1999103707
1999103708
1999103709
1999103710
1999103711
1999103712
1999103713
1999103714
1999103715
1999103716
1999103717
1999103718
1999103719
1999103720
1999103721
1999103722
1999103723
1999103724
1999103725
1999103726
1999103727
1999103728
1999103729
1999103730
1999103731
1999103732
1999103733
1999103734
1999103735
1999103736
1999103737
1999103738
1999103739
1999103740
1999103741
1999103742
1999103743
1999103744
1999103745
1999103746
1999103747
1999103748
1999103749
1999103750
1999103751
1999103752
1999103753
1999103754
1999103755
1999103756
1999103757
1999103758
1999103759
1999103760
1999103761
1999103762
1999103763
1999103764
1999103765
1999103766
1999103767
1999103768
1999103769
1999103770
1999103771
1999103772
1999103774
1999103775
1999103776
1999103777
1999103778
1999103779
1999103780
1999103781
1999103782
1999103783
1999103784
1999103785
1999103786
1999103787
1999103788
1999103789
1999103790
1999103791
1999103792
1999103793
1999103794
1999103795
1999103796
1999103797
1999103798
1999103799
1999103801
1999103802
1999103803
1999103804
1999103805
1999103806
1999103807
1999103808
1999103809
1999103811
1999103812
1999103813
1999103814
1999103817
1999103818
1999103819
1999103820
1999103821
1999103822
1999103823
1999103824
1999103825
1999103826
1999103827
1999103828
1999103829
1999103830
1999103831
1999103832
1999103834
1999103835
1999103836
1999103837
1999103838
1999103840
1999103841
1999103843
1999103844
1999103845
1999103846
1999103847
1999103848
1999103849
1999103850
1999103851
1999103852
1999103853
1999103854
1999103855
1999103856
1999103857
1999103858
1999103859
1999103860
1999103861
1999103862
1999103863
1999103865
1999103866
1999103867
1999103868
1999103869
1999103871
1999103872
1999103873
1999103875
1999103876
1999103877
1999103878
1999103879
1999103880
1999103882
1999103883
1999103885
1999103886
1999103887
1999103888
1999103889
1999103890
1999103891
1999103892
1999103893
1999103894
1999103895
1999103896
1999103897
1999103898
1999103899
1999103900
1999103901
1999103902
1999103903
1999103905
1999103906
1999103907
1999103908
1999103909
1999103910
1999103911
1999103912
1999103913
1999103914
1999103915
1999103916
1999103918
1999103919
1999103920
1999103921
1999103922
1999103923
1999103924
1999103926
1999103927
1999103928
1999103929
1999103930
1999103931
1999103932
1999103933
1999103934
1999103936
1999103937
1999103938
1999103939
1999103941
1999103942
1999103943
1999103944
1999103945
1999103946
1999103947
1999103948
1999103949
1999103950
1999103951
1999103953
1999103954
1999103955
1999103956
1999103957
1999103958
1999103959
1999103960
1999103961
1999103962
1999103963
1999103964
1999103965
1999103966
1999103967
1999103968
1999103969
1999103970
1999103971
1999103972
1999103973
1999103974
1999103975
1999103976
1999103977
1999103978
1999103979
1999103980
1999103981
1999103982
1999103983
1999103984
1999103985
1999103986
1999103987
1999103990
1999103991
1999103993
1999103995
1999103997
1999103998
1999103999
1999104000
1999104001
1999104003
1999104004
1999104005
1999104006
1999104007
1999104008
1999104009
1999104010
1999104011
1999104012
1999104013
1999104014
1999104015
1999104016
1999104017
1999104018
1999104019
1999104020
1999104021
1999104022
1999104023
1999104024
1999104025
1999104026
1999104027
1999104028
1999104029
1999104030
1999104033
1999104034
1999104035
1999104036
1999104037
1999104039
1999104041
1999104042
1999104043
1999104044
1999104045
1999104046
1999104047
1999104049
1999104051
1999104053
1999104054
1999104055
1999104056
1999104057
1999104059
1999104060
1999104061
1999104062
1999104063
1999104065
1999104066
1999104067
1999104068
1999104069
1999104070
1999104071
1999104072
1999104073
1999104074
1999104075
1999104076
1999104078
1999104080
1999104081
1999104082
1999104084
1999104085
1999104086
1999104087
1999104088
1999104089
1999104091
1999104092
1999104093
1999104094
1999104095
1999104096
1999104097
1999104098
1999104099
1999104100
1999104101
1999104102
1999104103
1999104104
1999104105
1999104106
1999104107
1999104108
1999104110
1999104111
1999104112
1999104113
1999104114
1999104115
1999104116
1999104118
1999104120
1999104121
1999104122
1999104123
1999104124
1999104125
1999104126
1999104127
1999104128
1999104129
1999104130
1999104132
1999104134
1999104136
1999104137
1999104138
1999104139
1999104140
1999104141
1999104142
1999104144
1999104145
1999104146
1999104147
1999104148
1999104149
1999104150
1999104151
1999104152
1999104153
1999104154
1999104157
1999104159
1999104160
1999104161
1999104162
1999104163
1999104164
1999104165
1999104167
1999104169
1999104170
1999104171
1999104172
1999104173
1999104174
1999104175
1999104176
1999104177
1999104178
1999104179
1999104180
1999104181
1999104182
1999104183
1999104184
1999104185
1999104186
1999104187
1999104188
1999104190
1999104191
1999104192
1999104193
1999104194
1999104195
1999104196
1999104197
1999104198
1999104199
1999104201
1999104203
1999104204
1999104205
1999104206
1999104208
1999104209
1999104210
1999104211
1999104213
1999104214
1999104215
1999104216
1999104217
1999104218
1999104219
1999104220
1999104221
1999104222
1999104223
1999104224
1999104225
1999104226
1999104227
1999104229
1999104230
1999104231
1999104232
1999104233
1999104234
1999104236
1999104237
1999104238
1999104239
1999104240
1999104242
1999104243
1999104244
1999104245
1999104246
1999104247
1999104248
1999104249
1999104250
1999104251
1999104252
1999104253
1999104254
1999104256
1999104258
1999104260
1999104261
1999104262
1999104263
1999104264
1999104265
1999104267
1999104268
1999104269
1999104270
1999104272
1999104273
1999104274
1999104275
1999104276
1999104277
1999104278
1999104279
1999104281
1999104282
1999104283
1999104284
1999104285
1999104286
1999104288
1999104289
1999104290
1999104291
1999104293
1999104294
1999104295
1999104296
1999104297
1999104298
1999104299
1999104300
1999104301
1999104302
1999104304
1999104305
1999104306
1999104307
1999104308
1999104310
1999104311
1999104312
1999104313
1999104314
1999104315
1999104316
1999104317
1999104318
1999104319
1999104320
1999104321
1999104322
1999104323
1999104324
1999104325
1999104326
1999104328
1999104329
1999104330
1999104332
1999104333
1999104334
1999104335
1999104336
1999104337
1999104338
1999104339
1999104340
1999104341
1999104342
1999104343
1999104344
1999104345
1999104346
1999104347
1999104348
1999104349
1999104350
1999104351
1999104352
1999104353
1999104354
1999104355
1999104356
1999104357
1999104358
1999104359
1999104360
1999104361
1999104362
1999104363
1999104364
1999104365
1999104366
1999104367
1999104368
1999104369
1999104370
1999104371
1999104372
1999104373
1999104374
1999104375
1999104376
1999104377
1999104378
1999104379
1999104380
1999104381
1999104382
1999104383
1999104385
1999104386
1999104387
1999104388
1999104389
1999104390
1999104391
1999104392
1999104395
1999104396
1999104397
1999104398
1999104399
1999104401
1999104402
1999104403
1999104404
1999104405
1999104406
1999104407
1999104409
1999104410
1999104411
1999104412
1999104413
1999104414
1999104415
1999104416
1999104417
1999104418
1999104419
1999104420
1999104421
1999104422
1999104423
1999104424
1999104425
1999104426
1999104427
1999104428
1999104429
1999104431
1999104432
1999104433
1999104434
1999104435
1999104436
1999104437
1999104438
1999104439
1999104440
1999104441
1999104442
1999104443
1999104444
1999104445
1999104446
1999104447
1999104448
1999104449
1999104450
1999104451
1999104452
1999104453
1999104454
1999104455
1999104456
1999104457
1999104458
1999104459
1999104460
1999104461
1999104463
1999104464
1999104466
1999104467
1999104468
1999104469
1999104470
1999104471
1999104473
1999104474
1999104475
1999104476
1999104477
1999104478
1999104479
1999104480
1999104481
1999104482
1999104483
1999104484
1999104485
1999104487
1999104488
1999104489
1999104490
1999104491
1999104492
1999104493
1999104494
1999104495
1999104497
1999104498
1999104499
1999104500
1999104502
1999104504
1999104505
1999104506
1999104507
1999104508
1999104509
1999104510
1999104512
1999104513
1999104515
1999104517
1999104519
1999104521
1999104522
1999104524
1999104525
1999104526
1999104527
1999104528
1999104529
1999104530
1999104531
1999104532
1999104533
1999104534
1999104535
1999104536
1999104537
1999104538
1999104541
1999104542
1999104543
1999104544
1999104545
1999104546
1999104549
1999104550
1999104551
1999104552
1999104553
1999104554
1999104556
1999104558
1999104559
1999104560
1999104561
1999104562
1999104563
1999104564
1999104566
1999104567
1999104568
1999104571
1999104572
1999104574
1999104575
1999104576
1999104577
1999104578
1999104579
1999104580
1999104581
1999104582
1999104583
1999104584
1999104585
1999104586
1999104588
1999104589
1999104590
1999104591
1999104592
1999104593
1999104594
1999104595
1999104597
1999104598
1999104599
1999104600
1999104601
1999104602
1999104603
1999104604
1999104605
1999104606
1999104607
1999104608
1999104609
1999104610
1999104611
1999104612
1999104613
1999104614
1999104615
1999104616
1999104617
1999104618
1999104619
1999104620
1999104621
1999104622
1999104623
1999104624
1999104625
1999104626
1999104627
1999104629
1999104630
1999104631
1999104632
1999104633
1999104635
1999104636
1999104637
1999104638
1999104639
1999104640
1999104641
1999104642
1999104643
1999104644
1999104645
1999104646
1999104647
1999104648
1999104649
1999104650
1999104651
1999104652
1999104653
1999104654
1999104655
1999104656
1999104657
1999104658
1999104659
1999104660
1999104661
1999104662
1999104663
1999104664
1999104665
1999104666
1999104667
1999104668
1999104669
1999104670
1999104671
1999104672
1999104673
1999104674
1999104675
1999104676
1999104677
1999104679
1999104680
1999104681
1999104682
1999104683
1999104684
1999104685
1999104686
1999104687
1999104688
1999104689
1999104690
1999104691
1999104692
1999104693
1999104694
1999104695
1999104696
1999104697
1999104698
1999104699
1999104701
1999104702
1999104703
1999104704
1999104705
1999104707
1999104708
1999104709
1999104710
1999104711
1999104712
1999104714
1999104715
1999104716
1999104717
1999104718
1999104719
1999104720
1999104721
1999104722
1999104723
1999104724
1999104725
1999104726
1999104727
1999104729
1999104730
1999104731
1999104732
1999104733
1999104734
1999104735
1999104736
1999104737
1999104739
1999104740
1999104741
1999104742
1999104743
1999104744
1999104745
1999104746
1999104747
1999104748
1999104749
1999104750
1999104751
1999104752
1999104753
1999104754
1999104755
1999104756
1999104757
1999104758
1999104760
1999104761
1999104762
1999104763
1999104764
1999104765
1999104768
1999104769
1999104770
1999104771
1999104772
1999104773
1999104774
1999104775
1999104776
1999104777
1999104778
1999104779
1999104781
1999104782
1999104783
1999104784
1999104785
1999104787
1999104788
1999104789
1999104790
1999104791
1999104792
1999104793
1999104794
1999104796
1999104797
1999104798
1999104800
1999104802
1999104803
1999104804
1999104805
1999104806
1999104807
1999104808
1999104809
1999104810
1999104811
1999104812
1999104813
1999104814
1999104815
1999104816
1999104817
1999104818
1999104819
1999104820
1999104821
1999104822
1999104823
1999104824
1999104825
1999104826
1999104827
1999104828
1999104829
1999104830
1999104831
1999104832
1999104833
1999104834
1999104835
1999104837
1999104838
1999104840
1999104841
1999104842
1999104843
1999104844
1999104845
1999104846
1999104847
1999104848
1999104849
1999104850
1999104851
1999104852
1999104853
1999104854
1999104855
1999104856
1999104857
1999104859
1999104860
1999104861
1999104862
1999104863
1999104864
1999104865
1999104866
1999104867
1999104868
1999104869
1999104870
1999104871
1999104873
1999104874
1999104877
1999104878
1999104879
1999104880
1999104881
1999104882
1999104883
1999104884
1999104885
1999104886
1999104887
1999104888
1999104889
1999104890
1999104892
1999104893
1999104894
1999104895
1999104896
1999104897
1999104898
1999104899
1999104900
1999104901
1999104902
1999104903
1999104904
1999104905
1999104906
1999104907
1999104908
1999104909
1999104910
1999104911
1999104912
1999104913
1999104914
1999104915
1999104916
1999104917
1999104918
1999104919
1999104920
1999104921
1999104923
1999104925
1999104926
1999104927
1999104928
1999104929
1999104930
1999104931
1999104932
1999104933
1999104934
1999104936
1999104937
1999104938
1999104939
1999104940
1999104941
1999104942
1999104943
1999104944
1999104945
1999104946
1999104947
1999104948
1999104949
1999104951
1999104952
1999104953
1999104954
1999104955
1999104956
1999104957
1999104958
1999104959
1999104960
1999104961
1999104962
1999104963
1999104964
1999104966
1999104967
1999104968
1999104969
1999104970
1999104971
1999104972
1999104973
1999104974
1999104975
1999104976
1999104977
1999104978
1999104979
1999104980
1999104981
1999104982
1999104983
1999104984
1999104987
1999104988
1999104989
1999104990
1999104991
1999104992
1999104993
1999104995
1999104998
1999104999
1999105000
1999105001
1999105002
1999105003
1999105005
1999105006
1999105007
1999105008
1999105009
1999105010
1999105011
1999105012
1999105013
1999105014
1999105015
1999105016
1999105017
1999105018
1999105019
1999105020
1999105021
1999105023
1999105024
1999105025
1999105026
1999105027
1999105028
1999105029
1999105030
1999105031
1999105032
1999105033
1999105034
1999105035
1999105036
1999105037
1999105038
1999105039
1999105040
1999105043
1999105044
1999105045
1999105047
1999105048
1999105049
1999105050
1999105051
1999105052
1999105053
1999105054
1999105055
1999105056
1999105057
1999105058
1999105059
1999105060
1999105061
1999105062
1999105063
1999105064
1999105065
1999105066
1999105067
1999105068
1999105069
1999105070
1999105072
1999105073
1999105074
1999105075
1999105076
1999105077
1999105078
1999105079
1999105080
1999105081
1999105082
1999105083
1999105084
1999105085
1999105086
1999105087
1999105088
1999105089
1999105090
1999105091
1999105092
1999105093
1999105094
1999105095
1999105097
1999105098
1999105099
1999105100
1999105101
1999105102
1999105103
1999105105
1999105106
1999105107
1999105108
1999105109
1999105110
1999105111
1999105112
1999105113
1999105114
1999105115
1999105118
1999105120
1999105121
1999105124
1999105125
1999105126
1999105127
1999105128
1999105129
1999105130
1999105132
1999105133
1999105134
1999105135
1999105136
1999105137
1999105138
1999105139
1999105140
1999105141
1999105143
1999105144
1999105145
1999105146
1999105147
1999105148
1999105149
1999105150
1999105151
1999105152
1999105153
1999105154
1999105156
1999105157
1999105158
1999105159
1999105160
1999105161
1999105162
1999105163
1999105164
1999105165
1999105166
1999105167
1999105168
1999105170
1999105171
1999105173
1999105174
1999105175
1999105176
1999105177
1999105178
1999105179
1999105180
1999105181
1999105182
1999105183
1999105184
1999105185
1999105186
1999105187
1999105188
1999105190
1999105191
1999105192
1999105193
1999105194
1999105195
1999105196
1999105197
1999105198
1999105199
1999105200
1999105201
1999105202
1999105204
1999105205
1999105206
1999105208
1999105209
1999105211
1999105212
1999105213
1999105214
1999105215
1999105216
1999105217
1999105219
1999105220
1999105221
1999105224
1999105225
1999105226
1999105228
1999105230
1999105231
1999105232
1999105233
1999105235
1999105236
1999105237
1999105238
1999105239
1999105240
1999105241
1999105244
1999105245
1999105246
1999105247
1999105248
1999105249
1999105250
1999105251
1999105252
1999105253
1999105254
1999105255
1999105256
1999105257
1999105258
1999105259
1999105260
1999105261
1999105262
1999105263
1999105264
1999105265
1999105266
1999105267
1999105268
1999105269
1999105270
1999105271
1999105272
1999105273
1999105275
1999105276
1999105278
1999105279
1999105280
1999105282
1999105283
1999105284
1999105285
1999105286
1999105287
1999105288
1999105289
1999105291
1999105292
1999105293
1999105294
1999105295
1999105296
1999105297
1999105298
1999105299
1999105300
1999105301
1999105302
1999105303
1999105304
1999105305
1999105306
1999105307
1999105308
1999105309
1999105310
1999105311
1999105312
1999105313
1999105314
1999105315
1999105316
1999105317
1999105318
1999105319
1999105320
1999105322
1999105323
1999105324
1999105325
1999105326
1999105327
1999105329
1999105330
1999105331
1999105332
1999105333
1999105334
1999105335
1999105336
1999105337
1999105338
1999105339
1999105340
1999105341
1999105342
1999105343
1999105344
1999105345
1999105346
1999105347
1999105348
1999105349
1999105350
1999105351
1999105352
1999105353
1999105354
1999105355
1999105356
1999105358
1999105359
1999105360
1999105361
1999105362
1999105363
1999105364
1999105365
1999105366
1999105367
1999105368
1999105369
1999105370
1999105372
1999105373
1999105374
1999105375
1999105376
1999105377
1999105378
1999105379
1999105380
1999105381
1999105382
1999105383
1999105384
1999105385
1999105386
1999105387
1999105388
1999105389
1999105390
1999105391
1999105392
1999105393
1999105394
1999105395
1999105396
1999105397
1999105398
1999105399
1999105400
1999105401
1999105402
1999105403
1999105405
1999105406
1999105407
1999105410
1999105411
1999105412
1999105413
1999105414
1999105415
1999105416
1999105417
1999105418
1999105419
1999105420
1999105421
1999105422
1999105423
1999105424
1999105426
1999105427
1999105429
1999105430
1999105431
1999105432
1999105433
1999105434
1999105435
1999105436
1999105438
1999105439
1999105441
1999105442
1999105443
1999105444
1999105447
1999105448
1999105449
1999105450
1999105451
1999105452
1999105453
1999105454
1999105455
1999105456
1999105458
1999105459
1999105460
1999105461
1999105462
1999105463
1999105464
1999105465
1999105466
1999105467
1999105468
1999105469
1999105470
1999105471
1999105472
1999105474
1999105475
1999105476
1999105477
1999105478
1999105479
1999105481
1999105482
1999105483
1999105484
1999105485
1999105486
1999105487
1999105488
1999105490
1999105491
1999105492
1999105494
1999105495
1999105496
1999105497
1999105498
1999105499
1999105500
1999105501
1999105502
1999105506
1999105507
1999105508
1999105509
1999105510
1999105511
1999105512
1999105513
1999105514
1999105515
1999105517
1999105518
1999105519
1999105520
1999105521
1999105522
1999105524
1999105525
1999105526
1999105527
1999105529
1999105530
1999105533
1999105534
1999105535
1999105536
1999105538
1999105539
1999105540
1999105541
1999105542
1999105543
1999105544
1999105545
1999105546
1999105547
1999105548
1999105549
1999105550
1999105551
1999105552
1999105553
1999105554
1999105555
1999105556
1999105558
1999105559
1999105560
1999105561
1999105562
1999105563
1999105564
1999105565
1999105566
1999105568
1999105569
1999105570
1999105571
1999105572
1999105573
1999105574
1999105575
1999105576
1999105577
1999105578
1999105579
1999105580
1999105581
1999105582
1999105583
1999105584
1999105585
1999105586
1999105587
1999105588
1999105589
1999105590
1999105592
1999105594
1999105595
1999105596
1999105597
1999105598
1999105601
1999105602
1999105603
1999105604
1999105605
1999105606
1999105607
1999105608
1999105609
1999105610
1999105612
1999105613
1999105614
1999105615
1999105616
1999105617
1999105618
1999105619
1999105620
1999105621
1999105623
1999105625
1999105626
1999105627
1999105628
1999105629
1999105631
1999105632
1999105633
1999105634
1999105636
1999105637
1999105639
1999105640
1999105641
1999105643
1999105644
1999105645
1999105646
1999105647
1999105649
1999105650
1999105651
1999105652
1999105653
1999105654
1999105655
1999105656
1999105657
1999105658
1999105659
1999105660
1999105661
1999105662
1999105663
1999105664
1999105667
1999105672
1999105673
1999105674
1999105675
1999105676
1999105677
1999105678
1999105679
1999105680
1999105681
1999105682
1999105683
1999105684
1999105685
1999105686
1999105687
1999105688
1999105689
1999105690
1999105691
1999105692
1999105693
1999105694
1999105695
1999105696
1999105697
1999105698
1999105699
1999105700
1999105701
1999105702
1999105703
1999105704
1999105705
1999105706
1999105707
1999105708
1999105709
1999105711
1999105712
1999105713
1999105715
1999105716
1999105717
1999105718
1999105719
1999105720
1999105721
1999105722
1999105723
1999105724
1999105725
1999105726
1999105727
1999105728
1999105729
1999105730
1999105731
1999105734
1999105735
1999105736
1999105737
1999105739
1999105740
1999105741
1999105742
1999105743
1999105744
1999105745
1999105746
1999105747
1999105748
1999105749
1999105750
1999105751
1999105752
1999105753
1999105754
1999105755
1999105756
1999105757
1999105758
1999105759
1999105760
1999105761
1999105762
1999105763
1999105764
1999105765
1999105766
1999105767
1999105770
1999105771
1999105772
1999105773
1999105775
1999105776
1999105777
1999105778
1999105779
1999105780
1999105781
1999105782
1999105783
1999105785
1999105786
1999105787
1999105788
1999105789
1999105790
1999105791
1999105792
1999105793
1999105794
1999105795
1999105796
1999105797
1999105798
1999105799
1999105800
1999105801
1999105803
1999105804
1999105805
1999105806
1999105807
1999105808
1999105810
1999105811
1999105812
1999105813
1999105814
1999105815
1999105816
1999105817
1999105818
1999105819
1999105820
1999105821
1999105822
1999105823
1999105824
1999105825
1999105826
1999105827
1999105828
1999105830
1999105831
1999105832
1999105834
1999105837
1999105838
1999105839
1999105840
1999105841
1999105842
1999105843
1999105844
1999105845
1999105846
1999105848
1999105849
1999105850
1999105851
1999105852
1999105853
1999105854
1999105855
1999105856
1999105857
1999105858
1999105859
1999105860
1999105861
1999105863
1999105864
1999105865
1999105866
1999105867
1999105868
1999105869
1999105870
1999105871
1999105872
1999105873
1999105874
1999105876
1999105877
1999105878
1999105879
1999105880
1999105881
1999105882
1999105883
1999105884
1999105885
1999105886
1999105887
1999105888
1999105889
1999105890
1999105891
1999105892
1999105894
1999105895
1999105896
1999105897
1999105898
1999105899
1999105900
1999105901
1999105902
1999105903
1999105904
1999105905
1999105906
1999105907
1999105908
1999105910
1999105911
1999105912
1999105913
1999105914
1999105915
1999105916
1999105917
1999105918
1999105919
1999105920
1999105921
1999105922
1999105923
1999105924
1999105926
1999105927
1999105928
1999105929
1999105930
1999105931
1999105932
1999105935
1999105936
1999105937
1999105938
1999105939
1999105940
1999105941
1999105942
1999105944
1999105945
1999105946
1999105947
1999105948
1999105950
1999105952
1999105953
1999105954
1999105955
1999105956
1999105957
1999105958
1999105959
1999105960
1999105961
1999105963
1999105965
1999105966
1999105967
1999105968
1999105969
1999105970
1999105971
1999105972
1999105973
1999105974
1999105975
1999105976
1999105977
1999105978
1999105980
1999105981
1999105982
1999105983
1999105984
1999105985
1999105986
1999105988
1999105989
1999105990
1999105991
1999105992
1999105993
1999105994
1999105995
1999105996
1999105997
1999105998
1999105999
1999106002
1999106003
1999106004
1999106005
1999106006
1999106007
1999106008
1999106009
1999106010
1999106011
1999106012
1999106013
1999106014
1999106015
1999106017
1999106018
1999106019
1999106020
1999106021
1999106022
1999106023
1999106024
1999106025
1999106026
1999106027
1999106029
1999106030
1999106031
1999106032
1999106033
1999106034
1999106035
1999106036
1999106037
1999106038
1999106040
1999106041
1999106043
1999106044
1999106045
1999106046
1999106047
1999106048
1999106049
1999106050
1999106052
1999106053
1999106054
1999106055
1999106056
1999106057
1999106058
1999106059
1999106060
1999106061
1999106062
1999106063
1999106064
1999106065
1999106066
1999106067
1999106068
1999106069
1999106070
1999106073
1999106074
1999106075
1999106076
1999106077
1999106078
1999106079
1999106080
1999106081
1999106084
1999106085
1999106086
1999106087
1999106089
1999106091
1999106092
1999106094
1999106095
1999106096
1999106097
1999106100
1999106101
1999106102
1999106103
1999106106
1999106107
1999106108
1999106109
1999106110
1999106111
1999106112
1999106114
1999106115
1999106118
1999106119
1999106120
1999106121
1999106122
1999106123
1999106124
1999106125
1999106126
1999106127
1999106128
1999106129
1999106130
1999106131
1999106132
1999106133
1999106134
1999106135
1999106137
1999106139
1999106140
1999106141
1999106142
1999106143
1999106144
1999106145
1999106146
1999106148
1999106149
1999106151
1999106152
1999106153
1999106155
1999106156
1999106157
1999106158
1999106159
1999106160
1999106161
1999106162
1999106164
1999106165
1999106166
1999106167
1999106168
1999106169
1999106170
1999106171
1999106172
1999106173
1999106174
1999106176
1999106177
1999106178
1999106179
1999106180
1999106182
1999106184
1999106185
1999106186
1999106187
1999106189
1999106190
1999106191
1999106192
1999106193
1999106194
1999106195
1999106196
1999106197
1999106198
1999106199
1999106200
1999106201
1999106202
1999106203
1999106205
1999106206
1999106208
1999106209
1999106210
1999106211
1999106212
1999106213
1999106214
1999106215
1999106216
1999106218
1999106219
1999106220
1999106221
1999106222
1999106223
1999106224
1999106225
1999106226
1999106227
1999106228
1999106229
1999106230
1999106231
1999106234
1999106236
1999106237
1999106238
1999106240
1999106241
1999106242
1999106243
1999106244
1999106245
1999106246
1999106247
1999106248
1999106249
1999106250
1999106251
1999106252
1999106253
1999106254
1999106255
1999106256
1999106257
1999106258
1999106259
1999106260
1999106262
1999106264
1999106265
1999106267
1999106268
1999106270
1999106271
1999106272
1999106273
1999106274
1999106275
1999106276
1999106277
1999106278
1999106281
1999106282
1999106285
1999106287
1999106288
1999106289
1999106290
1999106292
1999106293
1999106294
1999106295
1999106296
1999106297
1999106298
1999106299
1999106300
1999106301
1999106302
1999106303
1999106304
1999106305
1999106306
1999106307
1999106308
1999106310
1999106311
1999106312
1999106313
1999106314
1999106315
1999106316
1999106317
1999106318
1999106319
1999106320
1999106321
1999106323
1999106324
1999106325
1999106326
1999106328
1999106329
1999106330
1999106331
1999106334
1999106335
1999106336
1999106337
1999106339
1999106340
1999106341
1999106342
1999106343
1999106344
1999106346
1999106348
1999106349
1999106350
1999106351
1999106352
1999106353
1999106354
1999106356
1999106357
1999106358
1999106359
1999106361
1999106362
1999106363
1999106364
1999106365
1999106366
1999106367
1999106368
1999106369
1999106370
1999106372
1999106373
1999106374
1999106376
1999106377
1999106378
1999106380
1999106381
1999106382
1999106383
1999106384
1999106385
1999106386
1999106388
1999106389
1999106390
1999106391
1999106392
1999106393
1999106394
1999106395
1999106396
1999106397
1999106398
1999106399
1999106400
1999106401
1999106402
1999106404
1999106405
1999106407
1999106408
1999106409
1999106410
1999106411
1999106412
1999106413
1999106414
1999106415
1999106416
1999106417
1999106418
1999106419
1999106420
1999106421
1999106422
1999106423
1999106424
1999106425
1999106426
1999106427
1999106428
1999106430
1999106431
1999106432
1999106433
1999106434
1999106435
1999106436
1999106437
1999106438
1999106439
1999106440
1999106442
1999106443
1999106444
1999106445
1999106446
1999106447
1999106448
1999106449
1999106450
1999106451
1999106452
1999106454
1999106455
1999106456
1999106457
1999106458
1999106459
1999106460
1999106461
1999106463
1999106464
1999106467
1999106468
1999106469
1999106470
1999106472
1999106473
1999106474
1999106475
1999106476
1999106477
1999106479
1999106480
1999106481
1999106482
1999106483
1999106484
1999106485
1999106487
1999106488
1999106489
1999106490
1999106491
1999106492
1999106493
1999106494
1999106495
1999106496
1999106497
1999106498
1999106499
1999106501
1999106502
1999106503
1999106504
1999106505
1999106506
1999106507
1999106509
1999106510
1999106511
1999106512
1999106514
1999106515
1999106518
1999106519
1999106520
1999106521
1999106522
1999106523
1999106524
1999106525
1999106526
1999106527
1999106528
1999106529
1999106530
1999106531
1999106532
1999106534
1999106535
1999106536
1999106537
1999106538
1999106540
1999106541
1999106542
1999106543
1999106544
1999106545
1999106546
1999106547
1999106548
1999106549
1999106550
1999106551
1999106552
1999106554
1999106555
1999106557
1999106558
1999106559
1999106560
1999106562
1999106563
1999106564
1999106565
1999106566
1999106567
1999106568
1999106569
1999106570
1999106571
1999106572
1999106573
1999106574
1999106575
1999106576
1999106577
1999106578
1999106580
1999106581
1999106582
1999106583
1999106584
1999106585
1999106586
1999106589
1999106590
1999106592
1999106594
1999106595
1999106597
1999106598
1999106599
1999106600
1999106601
1999106602
1999106603
1999106604
1999106605
1999106606
1999106607
1999106608
1999106609
1999106610
1999106611
1999106612
1999106613
1999106614
1999106615
1999106616
1999106619
1999106621
1999106622
1999106625
1999106626
1999106627
1999106628
1999106629
1999106630
1999106631
1999106632
1999106633
1999106634
1999106636
1999106639
1999106640
1999106642
1999106643
1999106644
1999106645
1999106646
1999106648
1999106650
1999106652
1999106653
1999106654
1999106655
1999106656
1999106657
1999106658
1999106659
1999106660
1999106661
1999106662
1999106663
1999106664
1999106665
1999106666
1999106667
1999106668
1999106669
1999106670
1999106671
1999106672
1999106673
1999106675
1999106676
1999106678
1999106679
1999106680
1999106681
1999106682
1999106683
1999106684
1999106685
1999106686
1999106687
1999106688
1999106689
1999106690
1999106691
1999106692
1999106693
1999106694
1999106695
1999106696
1999106697
1999106699
1999106700
1999106701
1999106702
1999106703
1999106704
1999106705
1999106706
1999106707
1999106708
1999106709
1999106711
1999106712
1999106713
1999106714
1999106715
1999106716
1999106717
1999106718
1999106719
1999106720
1999106721
1999106723
1999106724
1999106725
1999106726
1999106727
1999106728
1999106729
1999106730
1999106731
1999106732
1999106733
1999106734
1999106735
1999106736
1999106737
1999106738
1999106739
1999106740
1999106741
1999106742
1999106743
1999106745
1999106746
1999106747
1999106748
1999106749
1999106751
1999106752
1999106753
1999106754
1999106755
1999106756
1999106757
1999106758
1999106759
1999106760
1999106761
1999106762
1999106763
1999106764
1999106765
1999106766
1999106767
1999106768
1999106769
1999106770
1999106771
1999106772
1999106773
1999106774
1999106775
1999106776
1999106777
1999106778
1999106779
1999106780
1999106781
1999106782
1999106783
1999106784
1999106785
1999106786
1999106787
1999106789
1999106791
1999106793
1999106794
1999106795
1999106796
1999106798
1999106799
1999106800
1999106801
1999106802
1999106803
1999106804
1999106806
1999106807
1999106808
1999106809
1999106810
1999106812
1999106813
1999106814
1999106815
1999106816
1999106817
1999106818
1999106819
1999106820
1999106821
1999106822
1999106823
1999106824
1999106825
1999106826
1999106827
1999106828
1999106829
1999106830
1999106831
1999106832
1999106834
1999106835
1999106836
1999106839
1999106840
1999106841
1999106842
1999106843
1999106844
1999106845
1999106846
1999106847
1999106848
1999106849
1999106850
1999106851
1999106852
1999106853
1999106854
1999106855
1999106856
1999106857
1999106858
1999106859
1999106860
1999106862
1999106863
1999106864
1999106865
1999106866
1999106867
1999106868
1999106869
1999106870
1999106871
1999106872
1999106873
1999106874
1999106875
1999106876
1999106877
1999106878
1999106879
1999106880
1999106881
1999106882
1999106883
1999106884
1999106886
1999106887
1999106888
1999106889
1999106890
1999106891
1999106893
1999106894
1999106895
1999106898
1999106899
1999106900
1999106901
1999106902
1999106903
1999106904
1999106905
1999106906
1999106907
1999106908
1999106909
1999106910
1999106911
1999106912
1999106913
1999106914
1999106915
1999106916
1999106917
1999106918
1999106919
1999106920
1999106921
1999106922
1999106923
1999106924
1999106925
1999106926
1999106927
1999106929
1999106930
1999106931
1999106932
1999106933
1999106934
1999106935
1999106936
1999106937
1999106938
1999106939
1999106940
1999106941
1999106942
1999106943
1999106944
1999106945
1999106946
1999106947
1999106948
1999106949
1999106950
1999106951
1999106953
1999106955
1999106956
1999106957
1999106958
1999106959
1999106960
1999106961
1999106962
1999106963
1999106964
1999106965
1999106966
1999106967
1999106968
1999106969
1999106970
1999106971
1999106972
1999106973
1999106974
1999106975
1999106976
1999106977
1999106978
1999106979
1999106980
1999106981
1999106982
1999106983
1999106984
1999106986
1999106987
1999106988
1999106989
1999106990
1999106991
1999106992
1999106993
1999106994
1999106995
1999106997
1999106998
1999106999
1999107000
1999107001
1999107002
1999107003
1999107004
1999107005
1999107007
1999107008
1999107009
1999107010
1999107011
1999107012
1999107013
1999107014
1999107015
1999107016
1999107017
1999107018
1999107019
1999107020
1999107021
1999107023
1999107025
1999107026
1999107027
1999107028
1999107029
1999107030
1999107031
1999107034
1999107035
1999107036
1999107037
1999107038
1999107039
1999107040
1999107041
1999107042
1999107043
1999107045
1999107046
1999107047
1999107048
1999107049
1999107050
1999107051
1999107052
1999107053
1999107054
1999107055
1999107056
1999107057
1999107058
1999107059
1999107060
1999107061
1999107062
1999107063
1999107064
1999107065
1999107066
1999107067
1999107068
1999107069
1999107070
1999107071
1999107072
1999107073
1999107074
1999107075
1999107076
1999107077
1999107078
1999107079
1999107080
1999107081
1999107082
1999107083
1999107084
1999107085
1999107086
1999107087
1999107088
1999107089
1999107090
1999107091
1999107092
1999107093
1999107094
1999107096
1999107097
1999107098
1999107099
1999107100
1999107101
1999107102
1999107103
1999107104
1999107105
1999107106
1999107108
1999107109
1999107111
1999107113
1999107114
1999107115
1999107117
1999107118
1999107119
1999107120
1999107121
1999107122
1999107123
1999107125
1999107126
1999107127
1999107128
1999107129
1999107130
1999107131
1999107132
1999107133
1999107134
1999107135
1999107136
1999107138
1999107139
1999107140
1999107141
1999107142
1999107143
1999107144
1999107145
1999107146
1999107147
1999107148
1999107149
1999107150
1999107151
1999107152
1999107153
1999107154
1999107155
1999107156
1999107157
1999107158
1999107159
1999107160
1999107161
1999107162
1999107163
1999107164
1999107165
1999107166
1999107167
1999107168
1999107170
1999107171
1999107172
1999107173
1999107175
1999107176
1999107177
1999107179
1999107180
1999107181
1999107182
1999107183
1999107184
1999107185
1999107186
1999107187
1999107188
1999107189
1999107190
1999107191
1999107192
1999107193
1999107194
1999107195
1999107196
1999107197
1999107198
1999107199
1999107200
1999107201
1999107202
1999107203
1999107204
1999107205
1999107206
1999107207
1999107208
1999107209
1999107210
1999107211
1999107212
1999107213
1999107214
1999107215
1999107216
1999107217
1999107218
1999107219
1999107220
1999107221
1999107222
1999107223
1999107224
1999107225
1999107226
1999107227
1999107228
1999107229
1999107230
1999107231
1999107233
1999107234
1999107235
1999107236
1999107237
1999107238
1999107239
1999107240
1999107241
1999107242
1999107245
1999107246
1999107247
1999107248
1999107249
1999107250
1999107252
1999107253
1999107254
1999107255
1999107256
1999107257
1999107258
1999107259
1999107260
1999107261
1999107262
1999107263
1999107264
1999107265
1999107266
1999107268
1999107269
1999107270
1999107271
1999107272
1999107273
1999107274
1999107275
1999107276
1999107277
1999107278
1999107279
1999107280
1999107281
1999107282
1999107283
1999107284
1999107285
1999107286
1999107287
1999107288
1999107291
1999107292
1999107293
1999107294
1999107295
1999107296
1999107297
1999107298
1999107299
1999107300
1999107301
1999107303
1999107304
1999107305
1999107306
1999107307
1999107308
1999107309
1999107311
1999107312
1999107313
1999107314
1999107315
1999107316
1999107317
1999107318
1999107319
1999107321
1999107322
1999107323
1999107324
1999107325
1999107326
1999107327
1999107328
1999107329
1999107330
1999107331
1999107333
1999107334
1999107335
1999107337
1999107338
1999107339
1999107340
1999107341
1999107342
1999107343
1999107344
1999107345
1999107346
1999107348
1999107349
1999107350
1999107351
1999107352
1999107353
1999107354
1999107355
1999107357
1999107358
1999107359
1999107360
1999107361
1999107363
1999107364
1999107365
1999107366
1999107367
1999107369
1999107370
1999107371
1999107372
1999107373
1999107374
1999107375
1999107376
1999107377
1999107378
1999107380
1999107381
1999107382
1999107383
1999107384
1999107385
1999107386
1999107388
1999107389
1999107390
1999107391
1999107392
1999107393
1999107394
1999107395
1999107396
1999107398
1999107400
1999107401
1999107402
1999107403
1999107404
1999107405
1999107406
1999107407
1999107408
1999107409
1999107410
1999107411
1999107412
1999107413
1999107414
1999107416
1999107418
1999107419
1999107420
1999107421
1999107423
1999107424
1999107425
1999107426
1999107427
1999107428
1999107429
1999107430
1999107432
1999107433
1999107434
1999107435
1999107436
1999107437
1999107438
1999107439
1999107440
1999107441
1999107442
1999107443
1999107444
1999107445
1999107446
1999107447
1999107448
1999107449
1999107450
1999107453
1999107456
1999107457
1999107458
1999107459
1999107460
1999107461
1999107462
1999107463
1999107464
1999107465
1999107467
1999107469
1999107470
1999107471
1999107472
1999107473
1999107474
1999107475
1999107476
1999107477
1999107478
1999107479
1999107480
1999107481
1999107482
1999107483
1999107484
1999107485
1999107486
1999107487
1999107488
1999107489
1999107490
1999107491
1999107492
1999107493
1999107495
1999107496
1999107497
1999107498
1999107500
1999107502
1999107505
1999107506
1999107507
1999107508
1999107509
1999107510
1999107511
1999107512
1999107516
1999107517
1999107518
1999107519
1999107520
1999107522
1999107523
1999107524
1999107525
1999107526
1999107527
1999107528
1999107529
1999107530
1999107531
1999107532
1999107534
1999107535
1999107536
1999107537
1999107538
1999107539
1999107540
1999107542
1999107543
1999107544
1999107545
1999107546
1999107547
1999107548
1999107549
1999107550
1999107551
1999107552
1999107553
1999107555
1999107556
1999107557
1999107558
1999107559
1999107560
1999107561
1999107563
1999107564
1999107565
1999107566
1999107567
1999107568
1999107569
1999107570
1999107571
1999107572
1999107573
1999107574
1999107576
1999107577
1999107578
1999107580
1999107581
1999107582
1999107583
1999107584
1999107588
1999107589
1999107590
1999107591
1999107592
1999107593
1999107594
1999107595
1999107596
1999107597
1999107598
1999107600
1999107601
1999107602
1999107603
1999107604
1999107609
1999107611
1999107615
1999107616
1999107617
1999107618
1999107619
1999107620
1999107621
1999107622
1999107624
1999107625
1999107626
1999107627
1999107628
1999107629
1999107630
1999107631
1999107632
1999107633
1999107634
1999107635
1999107637
1999107638
1999107639
1999107641
1999107642
1999107643
1999107644
1999107645
1999107650
1999107651
1999109001
1999109002
1999109003
1999109005
1999109007
1999109008
1999109009
1999109010
1999109011
1999109012
1999109013
1999109014
1999109015
1999109016
1999109017
1999109018
1999109019
1999109020
1999109021
1999109022
1999109023
1999109025
1999109026
1999109027
1999109028
1999109029
1999109030
1999109031
1999109032
1999109034
1999109035
1999109036
1999109037
1999109038
1999109039
1999109040
1999109041
1999109042
1999109044
1999109045
1999109047
1999109048
1999109052
1999109053
1999109054
1999109055
1999109057
1999109058
1999109059
1999109061
1999109062
1999109063
1999109064
1999109065
1999109066
1999109067
1999109069
1999109071
1999109072
1999109073
1999109074
1999109075
1999109076
1999109077
1999109078
1999109079
1999109080
1999109083
1999109086
1999109087
1999109089
1999109092
1999109093
1999109095
1999109096
1999109097
1999109099
1999109101
1999109102
1999109103
1999109104
1999109105
1999109106
1999109107
1999109108
1999109109
1999109110
1999109112
1999109113
1999109117
1999109118
1999109119
1999109120
1999109121
1999109123
1999109124
1999109125
1999109126
1999109127
1999109129
1999109130
1999109131
1999109132
1999109133
1999109135
1999109137
1999109139
1999109140
1999109141
1999109142
1999109143
1999109144
1999109145
1999109146
1999109147
1999109148
1999109150
1999109151
1999109152
1999109158
1999109159
1999109160
1999109161
1999109162
1999109164
1999109165
1999109166
1999109167
1999109168
1999109169
1999109170
1999109171
1999109172
1999109173
1999109174
1999109175
1999109176
1999109177
1999109178
1999109179
1999109180
1999109181
1999109183
1999109184
1999109185
1999109186
1999109187
1999109188
1999109189
1999109190
1999109191
1999109194
1999109195
1999109196
1999109197
1999109198
1999109199
1999109200
1999109201
1999109202
1999109203
1999109205
1999109206
1999109207
1999109208
1999109209
1999109210
1999109211
1999109212
1999109213
1999109214
1999109215
1999109216
1999109217
1999109219
1999109220
1999109221
1999109222
1999109223
1999109224
1999109225
1999109226
1999109227
1999109228
1999109229
1999109230
1999109231
1999109232
1999109233
1999109234
1999109236
1999109237
1999109239
1999109240
1999109241
1999109242
1999109243
1999109244
1999109245
1999109246
1999109247
1999109248
1999109249
1999109250
1999109251
1999109252
1999109253
1999109254
1999109256
1999109257
1999109258
1999109259
1999109260
1999109261
1999109262
1999109264
1999109265
1999109266
1999109267
1999109268
1999109269
1999109270
1999109271
1999109272
1999109273
1999109274
1999109275
1999109276
1999109277
1999109278
1999109279
1999109281
1999109282
1999109283
1999109284
1999109285
1999109286
1999109287
1999109288
1999109289
1999109291
1999109292
1999109293
1999109294
1999109295
1999109296
1999109297
1999109298
1999109299
1999109300
1999109302
1999109303
1999109304
1999109305
1999109306
1999109307
1999109308
1999109311
1999109312
1999109314
1999109315
1999109316
1999109317
1999109318
1999109319
1999109320
1999109322
1999109324
1999109325
1999109326
1999109327
1999109328
1999109330
1999109331
1999109332
1999109333
1999109334
1999109335
1999109336
1999109337
1999109338
1999109339
1999109340
1999109341
1999109342
1999109343
1999109344
1999109345
1999109346
1999109348
1999109349
1999109350
1999109351
1999109354
1999109355
1999109356
1999109357
1999109358
1999109359
1999109360
1999109361
1999109362
1999109363
1999109364
1999109365
1999109368
1999109369
1999109370
1999109371
1999109372
1999109373
1999109374
1999109375
1999109376
1999109377
1999109378
1999109379
1999109380
1999109381
1999109382
1999109383
1999109384
1999109385
1999109386
1999109388
1999109389
1999109391
1999109392
1999109393
1999109394
1999109395
1999109396
1999109397
1999109398
1999109399
1999109401
1999109402
1999109403
1999109404
1999109405
1999109406
1999109407
1999109408
1999109409
1999109410
1999109411
1999109413
1999109418
1999109419
1999109420
1999109421
1999109422
1999109423
1999109425
1999109426
1999109427
1999109428
1999109429
1999109430
1999109431
1999109433
1999109435
1999109436
1999109437
1999109439
1999109440
1999109441
1999109443
1999109444
1999109446
1999109447
1999109448
1999109449
1999109450
1999109451
1999109452
1999109454
1999109455
1999109456
1999109459
1999109460
1999109461
1999109462
1999109463
1999109464
1999109465
1999109466
1999109468
1999109471
1999109472
1999109473
1999109475
1999109478
1999109479
1999109481
1999109482
1999109483
1999109484
1999109486
1999109487
1999109488
1999109489
1999109490
1999109491
1999109492
1999109493
1999109494
1999109495
1999109496
1999109497
1999109498
1999109499
1999109500
1999109501
1999109502
1999109503
1999109505
1999109506
1999110001
1999110002
1999110003
1999110004
1999110005
1999110006
1999110007
1999110008
1999110009
1999110010
1999110011
1999110012
1999110013
1999110014
1999110015
1999110016
1999110017
1999110018
1999110019
1999110020
1999110021
1999110022
1999110023
1999110024
1999110025
1999110026
1999110027
1999110028
1999110029
1999110030
1999110031
1999110032
1999110033
1999110034
1999110036
1999110037
1999110038
1999110039
1999110040
1999110041
1999110042
1999110043
1999110044
1999110045
1999110046
1999110047
1999110048
1999110049
1999110050
1999110051
1999110052
1999110053
1999110054
1999110055
1999110056
1999110057
1999110058
1999110059
1999110060
1999110061
1999110062
1999110063
1999110064
1999110065
1999110066
1999110067
1999110068
1999110069
1999110070
1999110071
1999110072
1999110073
1999110074
1999110075
1999110076
1999110077
1999110078
1999110079
1999110080
1999110081
1999110082
1999110083
1999110084
1999110085
1999110086
1999110087
1999110088
1999110089
1999110090
1999110091
1999110092
1999110093
1999110094
1999110095
1999110096
1999110097
1999110098
1999110099
1999110101
1999110102
1999110103
1999110104
1999110105
1999110106
1999110107
1999110108
1999110109
1999110110
1999110111
1999110112
1999110113
1999110114
1999110115
1999110116
1999110117
1999110118
1999110119
1999110120
1999110121
1999110122
1999110123
1999110124
1999110125
1999110126
1999110127
1999110128
1999110129
1999110130
1999110131
1999110132
1999110133
1999110134
1999110135
1999110136
1999110137
1999110138
1999110139
1999110140
1999110141
1999110142
1999110143
1999110144
1999110145
1999110146
1999110147
1999110148
1999110149
1999110150
1999110151
1999110152
1999110153
1999110154
1999110155
1999110156
1999110158
1999110159
1999110160
1999110161
1999110163
1999110165
1999110166
1999110167
1999110168
1999110169
1999110170
1999110171
1999110172
1999110173
1999110174
1999110175
1999110176
1999110177
1999110178
1999110179
1999110180
1999110181
1999110182
1999110183
1999110184
1999110185
1999110186
1999110187
1999110188
1999110189
1999110190
1999110191
1999110192
1999110193
1999110194
1999110195
1999110196
1999110197
1999110198
1999110199
1999110200
1999110201
1999110202
1999110203
1999110204
1999110205
1999110206
1999110207
1999110208
1999110209
1999110210
1999110211
1999110212
1999110214
1999110215
1999110216
1999110217
1999110218
1999110219
1999110220
1999110221
1999110222
1999110223
1999110224
1999110225
1999110226
1999110227
1999110229
1999110230
1999110231
1999110232
1999110234
1999110235
1999110236
1999110237
1999110238
1999110239
1999110240
1999110241
1999110242
1999110243
1999110244
1999110245
1999110246
1999110247
1999110248
1999110249
1999110250
1999110251
1999110252
1999110253
1999110254
1999110255
1999110256
1999110257
1999110258
1999110259
1999110260
1999110261
1999110262
1999110263
1999110264
1999110265
1999110266
1999110267
1999110268
1999110269
1999110270
1999110271
1999110272
1999110273
1999110274
1999110275
1999110276
1999110277
1999110278
1999110279
1999110280
1999110281
1999110282
1999110283
1999110284
1999110285
1999110287
1999110288
1999110289
1999110290
1999110291
1999110292
1999110293
1999110294
1999110295
1999110296
1999110297
1999110298
1999110299
1999110300
1999110301
1999110302
1999110303
1999190001
1999190002
1999190003
1999190004
1999190005
1999190006
1999190007
1999190009
1999190010
1999190011
1999190012
1999190013
1999190014
1999190015
1999190016
1999190017
1999190018
1999190019
1999190020
1999190021
1999190022
1999200001
1999200002
1999200003
1999200005
1999200006
1999200007
1999200008
1999200009
1999200010
1999200011
1999200012
1999200013
1999200014
1999200015
1999200016
1999200017
1999200018
1999200019
1999200020
1999200021
1999200022
1999200023
1999200024
1999200025
1999200026
1999200027
1999200028
1999200029
1999200030
1999200031
1999200032
1999200033
1999200034
1999200035
1999200036
1999200037
1999200038
1999200039
1999200040
1999200041
1999200042
1999200043
1999200044
1999200045
1999200047
1999200048
1999200101
1999200102
1999200103
1999500004
1999500005
1999500006
1999500007
1999500008
1999500010
1999500011
1999500013
1999500014
1999500015
1999500016
1999500017
1999500021
1999500023
1999500024
1999500025
1999500034
1999500035
1999500037
1999500038
1999500040
1999500041
1999500043
1999500045
1999500046
1999500047
1999500048
1999500050
1999500051
1999500052
1999500054
1999500055
1999500056
1999500057
1999500058
1999500059
1999500061
1999500063
1999500065
1999500067
1999500068
1999500069
1999500070
1999500072
1999500073
1999500074
1999500075
1999500076
1999500077
1999500078
1999500080
1999500081
1999500082
1999500083
1999500084
1999500085
1999500086
1999500087
1999500088
1999500089
1999500090
1999500091
1999500092
1999500093
1999500094
1999500095
1999500096
1999500098
1999500099
1999500100
1999500103
1999500105
1999500106
1999500107
1999500108
1999500111
1999500112
1999500113
1999500114
1999500117
1999500120
1999500122
1999500126
1999500129
1999500131
1999500132
1999500133
1999500134
1999500135
1999500136
1999500137
1999500138
1999500139
1999500140
1999500142
1999500143
1999500144
1999500145
1999500146
1999500147
1999500148
1999500149
1999500150
1999500151
1999500152
1999500153
1999500154
1999500156
1999500160
1999500165
1999500166
1999500168
1999500170
1999500172
1999500173
1999500174
1999500176
1999500177
1999500178
1999500179
1999500181
1999500182
1999500184
1999500185
1999500188
1999500191
1999500192
1999500193
1999500194
1999500196
1999500198
1999500201
1999500202
1999500203
1999500204
1999500205
1999500207
1999500208
1999500209
1999500210
1999500213
1999500216
1999500217
1999500220
1999500221
1999500222
1999500223
1999500224
1999500226
1999500227
1999500228
1999500230
1999500231
1999500232
1999500233
1999500235
1999500236
1999500237
1999500238
1999500242
1999500243
1999500245
1999500246
1999500249
1999500252
1999500253
1999500255
1999500256
1999500257
1999500258
1999500260
1999500262
1999500263
1999500264
1999500265
1999500266
1999500267
1999500268
1999500269
1999500270
1999500271
1999500276
1999500277
1999500278
1999500279
1999500280
1999500281
1999500282
1999500284
1999500285
1999500286
1999500287
1999500288
1999500291
1999500292
1999500293
1999500294
1999500295
1999500296
1999500297
1999500298
1999500299
1999500301
1999500303
1999500307
1999500310
1999500311
1999500312
1999500315
1999500317
1999500318
1999500319
1999500320
1999500322
1999500323
1999500324
1999500325
1999500326
1999500328
1999500329
1999500330
1999500331
1999500332
1999500333
1999500334
1999500337
1999500338
1999500339
1999500340
1999500341
1999500342
1999500344
1999500348
1999500349
1999500350
1999500351
1999500352
1999500354
1999500355
1999500356
1999500358
1999500360
1999500366
1999500368
1999500370
1999500372
1999500373
1999500374
1999500377
1999500378
1999500380
1999500381
1999500384
1999500386
1999500389
1999500390
1999500391
1999500392
1999500393
1999500394
1999500397
1999500398
1999500399
1999500400
1999500401
1999500402
1999500403
1999500404
1999500405
1999500407
1999500409
1999500410
1999500412
1999500413
1999500414
1999500415
1999500419
1999500420
1999500421
1999500422
1999500423
1999500424
1999500426
1999500427
1999500428
1999500429
1999500430
1999500431
1999500432
1999500433
1999500435
1999500436
1999500437
1999500438
1999500439
1999500440
1999500443
1999500445
1999500447
1999500448
1999500450
1999500451
1999500453
1999500455
1999500456
1999500457
1999500458
1999500459
1999500460
1999500461
1999500462
1999500464
1999500465
1999500468
1999500469
1999500470
1999500471
1999500474
1999500475
1999500477
1999500479
1999500480
1999500481
1999500482
1999500485
1999500486
1999500487
1999500488
1999500489
1999500490
1999500491
1999500492
1999500493
1999500497
1999500499
1999500500
1999500502
1999500504
1999500506
1999500508
1999500509
1999500510
1999500512
1999500513
1999500514
1999500516
1999500518
1999500520
1999500521
1999500522
1999500524
1999500526
1999500527
1999500529
1999500530
1999500531
1999500532
1999500534
1999500535
1999500537
1999500538
1999500539
1999500541
1999500542
1999500544
1999500545
1999500546
1999500548
1999500549
1999500550
1999500551
1999500553
1999500554
1999500555
1999500556
1999500557
1999500558
1999500559
1999500560
1999500561
1999500563
1999500564
1999500565
1999500566
1999500567
1999500570
1999500572
1999500574
1999500575
1999500576
1999500577
1999500578
1999500579
1999500580
1999500581
1999500582
1999500583
1999500585
1999500586
1999500588
1999500589
1999500593
1999500594
1999500595
1999500596
1999500598
1999500600
1999500601
1999500602
1999500603
1999500604
1999500607
1999500608
1999500609
1999500610
1999500611
1999500612
1999500613
1999500614
1999500615
1999500617
1999500618
1999500620
1999500621
1999500624
1999500625
1999500626
1999500627
1999500628
1999500629
1999500630
1999500632
1999500635
1999500636
1999500637
1999500640
1999500641
1999500642
1999500644
1999500645
1999500646
1999500647
1999500648
1999500650
1999500651
1999500652
1999500653
1999500655
1999500657
1999500658
1999500659
1999500660
1999500662
1999500663
1999500666
1999500667
1999500669
1999500670
1999500671
1999500673
1999500674
1999500675
1999500676
1999500680
1999500681
1999500687
1999500688
1999500695
1999500696
1999500697
1999500698
1999500699
1999500700
1999500701
1999500706
1999500707
1999500710
1999500711
1999500712
1999500713
1999500716
1999500717
1999500718
1999500719
1999500724
1999500725
1999500727
1999500728
1999500730
1999500731
1999500734
1999500738
1999500739
1999500740
1999500741
1999500742
1999500743
1999500744
1999500747
1999500749
1999500750
1999500751
1999500752
1999500753
1999500754
1999500755
1999500756
1999500759
1999500761
1999500762
1999500763
1999500764
1999500765
1999500766
1999500767
1999500768
1999500769
1999500770
1999500772
1999500773
1999500774
1999500776
1999500778
1999500782
1999500783
1999500785
1999500786
1999500787
1999500791
1999500792
1999500794
1999500797
1999500798
1999500799
1999500800
1999500801
1999500802
1999500803
1999500805
1999500806
1999500809
1999500811
1999500812
1999500813
1999500816
1999500821
1999500822
1999500824
1999500825
1999500826
1999500828
1999500832
1999500834
1999500841
1999500842
1999500843
1999500844
1999500845
1999500846
1999500849
1999500851
1999500852
1999500853
1999500859
1999500860
1999500861
1999500863
1999500864
1999500867
1999500868
1999500869
1999500873
1999500874
1999500875
1999500876
1999500879
1999500881
1999500884
1999500886
1999500888
1999500889
1999500890
1999500891
1999500892
1999500893
1999500895
1999500896
1999500898
1999500899
1999500900
1999500901
1999500902
1999500904
1999500907
1999500909
1999500911
1999500914
1999500915
1999500916
1999500917
1999500918
1999500919
1999500920
1999500921
1999500923
1999500924
1999500926
1999500927
1999500928
1999500930
1999500931
1999500932
1999500934
1999500935
1999500937
1999500938
1999500939
1999500942
1999500944
1999500945
1999500946
1999500947
1999500948
1999500951
1999500952
1999502003
1999502005
1999502006
1999502007
1999502009
1999502010
1999502011
1999502012
1999502013
1999502014
1999502016
1999502017
1999502018
1999502019
1999502020
1999502022
1999502023
1999502024
1999502025
1999502026
1999502028
1999502029
1999502030
1999502034
1999502035
1999502036
1999502037
1999502039
1999502043
1999502045
1999502047
1999502061
1999502066
1999502069
1999502070
1999502071
1999502073
1999502074
1999502076
1999502077
1999502080
1999502081
1999502082
1999502083
1999502086
