2002105559
2002101173
2002102719
2002101312
2002104783
2002105027
2002101104
2002101711
2002101825
2002100683
2002107238
2002100451
2002110074
2002110207
2002105164
2002103800
2002109087
2002101176
2002105674
2002107516
2002110227
2002104116
2002110028
2002102876
2002110059
2002100518
2002104938
2002103544
2002106778
2002100980
2002100870
2002102727
2002107451
2002105289
2002105263
2002105018
2002104296
2002107301
2002105558
2002100621
2002104783
2002107238
2002110227
2002104783
2002105027
2002107238
2002109087
2002107516
2002110227
2002101003
2002105263
2002105018
2002107238