2004105617
2004103064
2004105791
2004110158
2004100978
2004105611
2004102881
2004103053
2004103648
2004110236
2004104973
2004105779
2004104716
2004107116
2004105494
2004110215
2004110053
2004100543
2004100510
2004103936
2004110234
2004106157
2004110281
2004103858
2004102434
2004101772
2004105607
2004106197
2004103893
2004100926
2004102753
2004110153
2004100976
2004102813
2004110044
2004103107
2004104156
2004106983
2004104151
2004101854
2004101550
2004103205
2004110251
2004104693
2004101498
2004102909
2004104162
2004105074
2004106374
2004100713
2004105973
2004105676
2004103725
2004106294
2004102404
2004100524
2004101228
2004110150
2004106590
2004106583
2004104596
2004104892
2004100644
2004102297
2004105009
2004100693
2004100717
2004101890
2004103991
2004101615
2004101688
2004103133
2004110247
2004103692
2004106141
2004103163
2004104702
2004101997
2004106589
2004110116
2004103204
2004107111
2004102423
2004100200
2004100610
2004106172
2004100477
2004110131
2004101052
2004100257
2004103104
2004101623
2004107174
2004102141
2004101069
2004101502
2004103249
2004106485
2004105766
2004100879
2004102767
2004101855
2004100914
2004104174
2004190008
2004104139
2004100989
2004100645
2004109291
2004106865
2004101090
2004101956
2004110284
2004100176
2004105106
2004100730
2004100605
2004103275
2004104190
2004104072
2004100775
2004110047
2004103124
2004103461
2004103636
2004105048
2004110033
2004100646
2004109224
2004102893
2004101876
2004106811
2004104447
2004101105
2004102345
2004101879
2004103158
2004102117
2004104470
2004100047
2004106895
2004104959
2004100788
2004107308
2004103152
2004101071
2004100242
2004101067
2004106821
2004102950
2004102812
2004101365
2004101438
2004102833
2004101255
2004100739
2004105610
2004100778
2004110096
2004100671
2004110253
2004105682
2004107268
2004106528
2004100212
2004103765
2004110132
2004104106
2004100557
2004101664
2004110019
2004102108
2004100777
2004103182
2004101073
2004103789
2004105501
2004102856
2004103466
2004103299
2004190007
2004101367
2004102878
2004105669
2004106527
2004101731
2004106296
2004104157
2004105825
2004104875
2004106078
2004103295
2004102131
2004102874
2004102906
2004103219
2004100468
2004106820
2004103283
2004103984
2004105632
2004105795
2004103454
2004102495
2004110220
2004104832
2004110139
2004105013
2004102270
2004110227
2004105122
2004100883
2004102936
2004104094
2004103318
2004103083
2004101427
2004106742
2004105982
2004103894
2004110014
2004101256
2004100380
2004101009
2004100790
2004102986
2004104794
2004104528
2004105117
2004104342
2004102111
2004100662
2004104616
2004106508
2004101192
2004103232
2004105666
2004109030
2004100467
2004100320
2004101775
2004102742
2004100275
2004105557
2004190006
2004102206
2004100862
2004105217
2004106867
2004104321
2004104326
2004102282
2004106840
2004104642
2004101842
2004104198
2004101804
2004101577
2004102927
2004110051
2004102321
2004103327
2004106263
2004106143
2004105306
2004102521
2004101978
2004103311
2004100941
2004103876
2004100194
2004109253
2004102101
2004100997
2004103185
2004110017
2004101267
2004103806
2004104762
2004105567
2004104345
2004105289
2004110081
2004103125
2004102054
2004101208
2004104388
2004100044
2004102943
2004102275
2004103282
2004100932
2004106168
2004100502
2004103671
2004105885
2004101924
2004105612
2004101076
2004105564
2004105640
2004101784
2004103336
2004107188
2004101706
2004105107
2004104183
2004104129
2004102198
2004102855
2004102396
2004103350
2004102720
2004102850
2004109289
2004103211