2005100003
2005100004
2005100005
2005100007
2005100008
2005100009
2005100010
2005100011
2005100012
2005100013
2005100014
2005100015
2005100017
2005100018
2005100019
2005100020
2005100022
2005100023
2005100024
2005100025
2005100026
2005100027
2005100028
2005100030
2005100031
2005100032
2005100033
2005100034
2005100035
2005100036
2005100037
2005100039
2005100040
2005100041
2005100042
2005100043
2005100045
2005100046
2005100047
2005100048
2005100049
2005100050
2005100051
2005100052
2005100053
2005100054
2005100055
2005100056
2005100057
2005100058
2005100059
2005100060
2005100061
2005100062
2005100063
2005100064
2005100065
2005100066
2005100068
2005100069
2005100070
2005100071
2005100072
2005100073
2005100074
2005100075
2005100076
2005100077
2005100078
2005100079
2005100080
2005100081
2005100082
2005100083
2005100084
2005100085
2005100086
2005100087
2005100088
2005100089
2005100090
2005100091
2005100092
2005100093
2005100094
2005100096
2005100097
2005100098
2005100099
2005100100
2005100101
2005100103
2005100104
2005100105
2005100107
2005100108
2005100109
2005100110
2005100111
2005100112
2005100113
2005100114
2005100115
2005100117
2005100119
2005100120
2005100121
2005100122
2005100123
2005100124
2005100125
2005100126
2005100128
2005100129
2005100130
2005100132
2005100133
2005100134
2005100135
2005100136
2005100137
2005100138
2005100139
2005100140
2005100141
2005100142
2005100143
2005100144
2005100145
2005100146
2005100147
2005100148
2005100149
2005100150
2005100151
2005100152
2005100153
2005100154
2005100155
2005100156
2005100157
2005100158
2005100159
2005100160
2005100161
2005100162
2005100163
2005100164
2005100165
2005100166
2005100168
2005100169
2005100170
2005100172
2005100174
2005100175
2005100176
2005100177
2005100178
2005100179
2005100180
2005100181
2005100182
2005100184
2005100185
2005100186
2005100187
2005100188
2005100189
2005100190
2005100191
2005100192
2005100193
2005100194
2005100195
2005100196
2005100197
2005100198
2005100200
2005100201
2005100202
2005100203
2005100204
2005100205
2005100206
2005100207
2005100208
2005100209
2005100210
2005100211
2005100212
2005100213
2005100214
2005100215
2005100216
2005100217
2005100218
2005100219
2005100220
2005100221
2005100222
2005100223
2005100225
2005100226
2005100228
2005100229
2005100230
2005100231
2005100232
2005100233
2005100234
2005100235
2005100236
2005100237
2005100238
2005100239
2005100240
2005100241
2005100242
2005100243
2005100244
2005100245
2005100246
2005100247
2005100249
2005100251
2005100252
2005100253
2005100254
2005100255
2005100256
2005100257
2005100258
2005100259
2005100260
2005100261
2005100262
2005100263
2005100264
2005100265
2005100266
2005100267
2005100268
2005100269
2005100271
2005100272
2005100273
2005100274
2005100275
2005100276
2005100277
2005100279
2005100280
2005100281
2005100282
2005100283
2005100284
2005100285
2005100286
2005100287
2005100288
2005100289
2005100290
2005100291
2005100292
2005100293
2005100294
2005100295
2005100296
2005100297
2005100298
2005100299
2005100300
2005100301
2005100302
2005100303
2005100304
2005100305
2005100306
2005100307
2005100308
2005100309
2005100310
2005100311
2005100312
2005100313
2005100314
2005100315
2005100316
2005100317
2005100318
2005100319
2005100322
2005100323
2005100324
2005100325
2005100326
2005100327
2005100328
2005100330
2005100331
2005100332
2005100333
2005100334
2005100335
2005100336
2005100337
2005100338
2005100339
2005100340
2005100341
2005100343
2005100344
2005100346
2005100347
2005100348
2005100349
2005100350
2005100351
2005100353
2005100355
2005100356
2005100357
2005100358
2005100359
2005100360
2005100361
2005100362
2005100363
2005100364
2005100365
2005100366
2005100367
2005100368
2005100369
2005100370
2005100371
2005100372
2005100373
2005100374
2005100375
2005100376
2005100377
2005100378
2005100379
2005100380
2005100381
2005100382
2005100384
2005100385
2005100386
2005100387
2005100388
2005100389
2005100390
2005100391
2005100392
2005100393
2005100394
2005100395
2005100396
2005100397
2005100398
2005100399
2005100400
2005100401
2005100402
2005100403
2005100404
2005100405
2005100406
2005100408
2005100409
2005100410
2005100411
2005100412
2005100413
2005100414
2005100416
2005100417
2005100418
2005100419
2005100421
2005100422
2005100423
2005100425
2005100426
2005100427
2005100429
2005100430
2005100431
2005100432
2005100433
2005100434
2005100435
2005100436
2005100437
2005100438
2005100439
2005100440
2005100441
2005100442
2005100443
2005100444
2005100445
2005100446
2005100447
2005100448
2005100449
2005100450
2005100452
2005100453
2005100454
2005100455
2005100456
2005100457
2005100458
2005100459
2005100460
2005100461
2005100463
2005100465
2005100466
2005100467
2005100468
2005100469
2005100470
2005100471
2005100472
2005100473
2005100474
2005100475
2005100476
2005100477
2005100478
2005100479
2005100480
2005100481
2005100482
2005100483
2005100484
2005100485
2005100486
2005100487
2005100488
2005100489
2005100490
2005100491
2005100492
2005100493
2005100494
2005100495
2005100496
2005100497
2005100498
2005100499
2005100500
2005100501
2005100502
2005100504
2005100505
2005100507
2005100508
2005100509
2005100510
2005100511
2005100512
2005100513
2005100514
2005100515
2005100516
2005100517
2005100518
2005100519
2005100520
2005100521
2005100523
2005100524
2005100527
2005100528
2005100529
2005100530
2005100531
2005100532
2005100533
2005100534
2005100537
2005100538
2005100539
2005100543
2005100544
2005100545
2005100547
2005100548
2005100550
2005100551
2005100552
2005100553
2005100554
2005100555
2005100556
2005100557
2005100558
2005100559
2005100560
2005100561
2005100562
2005100563
2005100564
2005100565
2005100566
2005100567
2005100568
2005100569
2005100570
2005100571
2005100572
2005100573
2005100575
2005100576
2005100577
2005100578
2005100579
2005100580
2005100581
2005100582
2005100583
2005100584
2005100585
2005100586
2005100587
2005100588
2005100589
2005100590
2005100591
2005100592
2005100593
2005100594
2005100595
2005100596
2005100598
2005100599
2005100600
2005100601
2005100602
2005100603
2005100604
2005100605
2005100606
2005100607
2005100609
2005100610
2005100611
2005100612
2005100613
2005100614
2005100615
2005100616
2005100617
2005100618
2005100619
2005100620
2005100621
2005100622
2005100623
2005100624
2005100625
2005100626
2005100627
2005100628
2005100629
2005100630
2005100631
2005100633
2005100634
2005100636
2005100637
2005100638
2005100639
2005100640
2005100641
2005100642
2005100643
2005100644
2005100645
2005100648
2005100649
2005100650
2005100652
2005100653
2005100654
2005100655
2005100656
2005100657
2005100658
2005100659
2005100660
2005100661
2005100662
2005100663
2005100664
2005100667
2005100668
2005100669
2005100670
2005100671
2005100673
2005100674
2005100676
2005100677
2005100678
2005100679
2005100680
2005100681
2005100682
2005100683
2005100684
2005100685
2005100686
2005100688
2005100690
2005100691
2005100692
2005100693
2005100694
2005100695
2005100696
2005100697
2005100698
2005100699
2005100700
2005100701
2005100702
2005100704
2005100706
2005100707
2005100708
2005100709
2005100710
2005100711
2005100712
2005100713
2005100714
2005100715
2005100716
2005100717
2005100718
2005100719
2005100720
2005100721
2005100722
2005100724
2005100725
2005100726
2005100727
2005100728
2005100729
2005100730
2005100731
2005100733
2005100734
2005100736
2005100737
2005100740
2005100741
2005100742
2005100743
2005100744
2005100745
2005100746
2005100747
2005100748
2005100749
2005100751
2005100752
2005100753
2005100754
2005100755
2005100756
2005100757
2005100759
2005100760
2005100761
2005100762
2005100763
2005100764
2005100765
2005100766
2005100767
2005100770
2005100772
2005100773
2005100774
2005100775
2005100776
2005100777
2005100778
2005100779
2005100780
2005100781
2005100782
2005100783
2005100784
2005100785
2005100786
2005100787
2005100788
2005100789
2005100790
2005100791
2005100792
2005100793
2005100794
2005100795
2005100796
2005100797
2005100798
2005100799
2005100800
2005100801
2005100802
2005100803
2005100804
2005100806
2005100807
2005100808
2005100809
2005100810
2005100811
2005100812
2005100813
2005100814
2005100815
2005100816
2005100817
2005100819
2005100820
2005100821
2005100822
2005100823
2005100824
2005100825
2005100826
2005100829
2005100830
2005100831
2005100832
2005100833
2005100834
2005100835
2005100836
2005100837
2005100838
2005100839
2005100840
2005100841
2005100842
2005100843
2005100844
2005100845
2005100846
2005100847
2005100848
2005100849
2005100850
2005100851
2005100852
2005100853
2005100854
2005100855
2005100856
2005100857
2005100858
2005100859
2005100860
2005100862
2005100863
2005100865
2005100867
2005100868
2005100869
2005100870
2005100873
2005100874
2005100875
2005100876
2005100877
2005100878
2005100879
2005100880
2005100881
2005100882
2005100883
2005100884
2005100885
2005100886
2005100887
2005100888
2005100889
2005100890
2005100891
2005100892
2005100893
2005100895
2005100896
2005100898
2005100899
2005100900
2005100901
2005100902
2005100903
2005100904
2005100906
2005100907
2005100908
2005100909
2005100910
2005100911
2005100912
2005100913
2005100914
2005100915
2005100916
2005100917
2005100918
2005100919
2005100920
2005100921
2005100922
2005100923
2005100924
2005100925
2005100926
2005100927
2005100928
2005100929
2005100930
2005100932
2005100933
2005100934
2005100936
2005100937
2005100938
2005100939
2005100940
2005100941
2005100942
2005100943
2005100944
2005100945
2005100946
2005100947
2005100948
2005100949
2005100950
2005100951
2005100952
2005100954
2005100955
2005100956
2005100961
2005100962
2005100963
2005100964
2005100965
2005100966
2005100967
2005100968
2005100969
2005100970
2005100971
2005100972
2005100973
2005100974
2005100975
2005100976
2005100977
2005100978
2005100979
2005100980
2005100981
2005100982
2005100983
2005100984
2005100985
2005100986
2005100987
2005100988
2005100989
2005100990
2005100991
2005100993
2005100994
2005100995
2005100996
2005100997
2005101000
2005101003
2005101005
2005101006
2005101007
2005101008
2005101009
2005101010
2005101011
2005101013
2005101014
2005101015
2005101016
2005101017
2005101018
2005101019
2005101020
2005101021
2005101022
2005101023
2005101024
2005101025
2005101026
2005101027
2005101028
2005101029
2005101030
2005101031
2005101032
2005101033
2005101034
2005101035
2005101036
2005101037
2005101038
2005101039
2005101040
2005101041
2005101042
2005101043
2005101044
2005101045
2005101046
2005101047
2005101048
2005101049
2005101051
2005101052
2005101053
2005101055
2005101056
2005101057
2005101058
2005101060
2005101061
2005101062
2005101063
2005101064
2005101065
2005101066
2005101067
2005101068
2005101069
2005101070
2005101071
2005101072
2005101073
2005101074
2005101075
2005101076
2005101077
2005101078
2005101079
2005101080
2005101081
2005101082
2005101083
2005101084
2005101085
2005101086
2005101087
2005101088
2005101089
2005101090
2005101091
2005101092
2005101093
2005101094
2005101095
2005101096
2005101097
2005101098
2005101099
2005101100
2005101101
2005101102
2005101103
2005101104
2005101105
2005101106
2005101107
2005101108
2005101109
2005101110
2005101111
2005101113
2005101114
2005101115
2005101116
2005101118
2005101119
2005101120
2005101122
2005101123
2005101124
2005101125
2005101126
2005101127
2005101128
2005101129
2005101130
2005101131
2005101133
2005101134
2005101135
2005101136
2005101137
2005101138
2005101139
2005101140
2005101141
2005101142
2005101143
2005101144
2005101145
2005101146
2005101147
2005101148
2005101149
2005101151
2005101152
2005101153
2005101155
2005101159
2005101163
2005101164
2005101165
2005101166
2005101167
2005101168
2005101169
2005101170
2005101171
2005101172
2005101173
2005101174
2005101175
2005101176
2005101177
2005101178
2005101179
2005101180
2005101181
2005101182
2005101183
2005101184
2005101185
2005101186
2005101187
2005101188
2005101189
2005101190
2005101191
2005101192
2005101193
2005101194
2005101195
2005101196
2005101197
2005101198
2005101199
2005101200
2005101201
2005101202
2005101203
2005101204
2005101205
2005101206
2005101207
2005101208
2005101209
2005101210
2005101214
2005101215
2005101217
2005101218
2005101219
2005101220
2005101221
2005101222
2005101223
2005101224
2005101225
2005101226
2005101227
2005101228
2005101229
2005101231
2005101232
2005101233
2005101234
2005101235
2005101237
2005101238
2005101239
2005101240
2005101241
2005101243
2005101244
2005101245
2005101246
2005101249
2005101250
2005101251
2005101252
2005101253
2005101254
2005101255
2005101256
2005101257
2005101258
2005101259
2005101260
2005101261
2005101264
2005101265
2005101266
2005101267
2005101269
2005101270
2005101271
2005101272
2005101273
2005101274
2005101275
2005101276
2005101277
2005101278
2005101279
2005101280
2005101281
2005101282
2005101283
2005101284
2005101285
2005101286
2005101287
2005101288
2005101289
2005101290
2005101291
2005101292
2005101293
2005101296
2005101297
2005101298
2005101299
2005101300
2005101301
2005101302
2005101303
2005101304
2005101305
2005101306
2005101307
2005101308
2005101309
2005101310
2005101311
2005101313
2005101314
2005101315
2005101316
2005101317
2005101318
2005101319
2005101320
2005101322
2005101323
2005101325
2005101326
2005101327
2005101328
2005101329
2005101330
2005101331
2005101332
2005101333
2005101334
2005101335
2005101336
2005101337
2005101339
2005101340
2005101341
2005101342
2005101343
2005101344
2005101346
2005101347
2005101348
2005101349
2005101350
2005101351
2005101352
2005101355
2005101356
2005101357
2005101358
2005101359
2005101360
2005101361
2005101362
2005101363
2005101364
2005101365
2005101367
2005101368
2005101369
2005101370
2005101371
2005101372
2005101373
2005101375
2005101377
2005101379
2005101380
2005101381
2005101382
2005101383
2005101384
2005101385
2005101386
2005101387
2005101388
2005101390
2005101391
2005101392
2005101394
2005101395
2005101396
2005101397
2005101398
2005101399
2005101400
2005101401
2005101402
2005101403
2005101404
2005101405
2005101406
2005101408
2005101409
2005101410
2005101411
2005101413
2005101414
2005101415
2005101416
2005101417
2005101418
2005101419
2005101420
2005101421
2005101422
2005101424
2005101425
2005101426
2005101427
2005101428
2005101429
2005101430
2005101432
2005101433
2005101434
2005101435
2005101436
2005101437
2005101438
2005101439
2005101440
2005101441
2005101442
2005101444
2005101445
2005101446
2005101447
2005101448
2005101449
2005101450
2005101451
2005101452
2005101453
2005101455
2005101456
2005101457
2005101458
2005101459
2005101460
2005101461
2005101462
2005101463
2005101464
2005101466
2005101467
2005101469
2005101470
2005101471
2005101472
2005101473
2005101474
2005101475
2005101476
2005101477
2005101478
2005101479
2005101480
2005101481
2005101482
2005101483
2005101486
2005101488
2005101489
2005101490
2005101491
2005101492
2005101493
2005101494
2005101495
2005101497
2005101498
2005101499
2005101501
2005101502
2005101503
2005101505
2005101506
2005101507
2005101508
2005101509
2005101510
2005101511
2005101513
2005101514
2005101518
2005101519
2005101520
2005101521
2005101522
2005101523
2005101524
2005101525
2005101527
2005101528
2005101529
2005101530
2005101531
2005101532
2005101533
2005101534
2005101535
2005101536
2005101537
2005101538
2005101539
2005101540
2005101541
2005101542
2005101543
2005101544
2005101545
2005101546
2005101548
2005101549
2005101550
2005101551
2005101552
2005101553
2005101554
2005101555
2005101556
2005101558
2005101559
2005101560
2005101562
2005101563
2005101564
2005101566
2005101567
2005101568
2005101569
2005101570
2005101571
2005101572
2005101573
2005101574
2005101575
2005101576
2005101577
2005101578
2005101579
2005101580
2005101581
2005101582
2005101583
2005101584
2005101585
2005101586
2005101587
2005101589
2005101590
2005101591
2005101592
2005101593
2005101594
2005101595
2005101596
2005101597
2005101598
2005101599
2005101600
2005101602
2005101603
2005101604
2005101605
2005101606
2005101609
2005101610
2005101611
2005101613
2005101615
2005101616
2005101617
2005101618
2005101619
2005101620
2005101621
2005101622
2005101624
2005101625
2005101626
2005101628
2005101629
2005101630
2005101631
2005101632
2005101633
2005101634
2005101635
2005101636
2005101637
2005101639
2005101640
2005101642
2005101644
2005101645
2005101646
2005101647
2005101648
2005101649
2005101650
2005101651
2005101652
2005101653
2005101654
2005101655
2005101656
2005101657
2005101658
2005101659
2005101660
2005101661
2005101662
2005101663
2005101664
2005101665
2005101666
2005101667
2005101669
2005101670
2005101671
2005101672
2005101673
2005101674
2005101675
2005101676
2005101677
2005101678
2005101679
2005101680
2005101684
2005101686
2005101687
2005101688
2005101689
2005101691
2005101692
2005101693
2005101694
2005101695
2005101696
2005101697
2005101698
2005101699
2005101700
2005101701
2005101702
2005101704
2005101705
2005101706
2005101707
2005101708
2005101709
2005101710
2005101711
2005101712
2005101713
2005101714
2005101716
2005101717
2005101718
2005101719
2005101722
2005101723
2005101724
2005101725
2005101726
2005101728
2005101729
2005101730
2005101731
2005101733
2005101734
2005101735
2005101736
2005101737
2005101738
2005101739
2005101740
2005101741
2005101743
2005101744
2005101745
2005101746
2005101747
2005101748
2005101749
2005101750
2005101752
2005101753
2005101755
2005101756
2005101757
2005101759
2005101760
2005101761
2005101763
2005101764
2005101765
2005101766
2005101767
2005101768
2005101769
2005101770
2005101771
2005101773
2005101775
2005101776
2005101777
2005101778
2005101779
2005101780
2005101781
2005101782
2005101783
2005101784
2005101785
2005101786
2005101787
2005101788
2005101789
2005101790
2005101791
2005101792
2005101793
2005101794
2005101795
2005101796
2005101798
2005101799
2005101800
2005101801
2005101803
2005101804
2005101805
2005101806
2005101807
2005101808
2005101809
2005101810
2005101811
2005101812
2005101813
2005101814
2005101816
2005101818
2005101819
2005101820
2005101822
2005101823
2005101825
2005101826
2005101827
2005101828
2005101829
2005101830
2005101831
2005101832
2005101833
2005101834
2005101835
2005101836
2005101837
2005101838
2005101839
2005101840
2005101841
2005101842
2005101843
2005101844
2005101847
2005101848
2005101849
2005101850
2005101851
2005101852
2005101853
2005101854
2005101855
2005101856
2005101857
2005101858
2005101859
2005101861
2005101862
2005101863
2005101864
2005101865
2005101866
2005101867
2005101869
2005101870
2005101871
2005101872
2005101874
2005101875
2005101877
2005101878
2005101881
2005101883
2005101884
2005101885
2005101886
2005101887
2005101889
2005101890
2005101891
2005101892
2005101893
2005101894
2005101895
2005101896
2005101897
2005101899
2005101900
2005101901
2005101902
2005101903
2005101904
2005101905
2005101906
2005101907
2005101908
2005101909
2005101910
2005101911
2005101912
2005101913
2005101914
2005101915
2005101916
2005101917
2005101918
2005101919
2005101921
2005101922
2005101923
2005101924
2005101925
2005101926
2005101927
2005101928
2005101929
2005101930
2005101931
2005101932
2005101933
2005101934
2005101935
2005101936
2005101937
2005101938
2005101939
2005101940
2005101941
2005101942
2005101943
2005101944
2005101945
2005101946
2005101947
2005101948
2005101949
2005101950
2005101951
2005101952
2005101953
2005101954
2005101955
2005101956
2005101957
2005101958
2005101959
2005101960
2005101961
2005101962
2005101963
2005101964
2005101965
2005101966
2005101967
2005101968
2005101969
2005101970
2005101971
2005101972
2005101973
2005101974
2005101975
2005101977
2005101978
2005101979
2005101983
2005101984
2005101986
2005101987
2005101988
2005101990
2005101991
2005101992
2005101993
2005101995
2005101996
2005101997
2005101998
2005102000
2005102001
2005102002
2005102006
2005102008
2005102009
2005102011
2005102012
2005102013
2005102014
2005102015
2005102016
2005102019
2005102020
2005102021
2005102022
2005102023
2005102025
2005102026
2005102027
2005102028
2005102029
2005102030
2005102031
2005102032
2005102033
2005102034
2005102035
2005102036
2005102037
2005102038
2005102039
2005102041
2005102042
2005102043
2005102045
2005102046
2005102047
2005102048
2005102049
2005102050
2005102051
2005102052
2005102054
2005102055
2005102056
2005102057
2005102058
2005102059
2005102060
2005102061
2005102062
2005102064
2005102065
2005102067
2005102068
2005102069
2005102070
2005102072
2005102073
2005102074
2005102075
2005102076
2005102077
2005102078
2005102080
2005102081
2005102082
2005102083
2005102084
2005102085
2005102086
2005102087
2005102088
2005102089
2005102090
2005102091
2005102092
2005102093
2005102094
2005102095
2005102096
2005102098
2005102099
2005102100
2005102101
2005102102
2005102103
2005102104
2005102105
2005102106
2005102107
2005102108
2005102109
2005102110
2005102111
2005102112
2005102113
2005102114
2005102115
2005102116
2005102117
2005102118
2005102119
2005102120
2005102121
2005102122
2005102123
2005102125
2005102126
2005102127
2005102128
2005102129
2005102130
2005102131
2005102132
2005102134
2005102135
2005102136
2005102137
2005102138
2005102139
2005102140
2005102142
2005102143
2005102144
2005102145
2005102146
2005102147
2005102148
2005102150
2005102151
2005102152
2005102153
2005102154
2005102155
2005102156
2005102157
2005102158
2005102159
2005102160
2005102161
2005102162
2005102163
2005102164
2005102165
2005102166
2005102167
2005102168
2005102169
2005102170
2005102171
2005102172
2005102173
2005102174
2005102175
2005102176
2005102178
2005102179
2005102180
2005102181
2005102182
2005102183
2005102184
2005102185
2005102186
2005102187
2005102188
2005102189
2005102190
2005102191
2005102192
2005102193
2005102194
2005102195
2005102196
2005102197
2005102199
2005102200
2005102201
2005102203
2005102204
2005102205
2005102206
2005102207
2005102208
2005102209
2005102210
2005102211
2005102212
2005102213
2005102214
2005102215
2005102216
2005102217
2005102218
2005102219
2005102220
2005102221
2005102222
2005102223
2005102224
2005102226
2005102227
2005102228
2005102229
2005102230
2005102231
2005102232
2005102233
2005102234
2005102235
2005102236
2005102237
2005102238
2005102239
2005102240
2005102243
2005102244
2005102245
2005102246
2005102247
2005102248
2005102249
2005102250
2005102251
2005102252
2005102253
2005102254
2005102255
2005102256
2005102257
2005102258
2005102260
2005102261
2005102262
2005102263
2005102264
2005102265
2005102266
2005102267
2005102268
2005102269
2005102270
2005102271
2005102272
2005102273
2005102274
2005102275
2005102276
2005102277
2005102278
2005102279
2005102280
2005102281
2005102282
2005102283
2005102284
2005102285
2005102286
2005102287
2005102288
2005102289
2005102291
2005102292
2005102293
2005102294
2005102295
2005102296
2005102297
2005102298
2005102299
2005102300
2005102301
2005102302
2005102303
2005102304
2005102305
2005102306
2005102307
2005102308
2005102309
2005102310
2005102311
2005102312
2005102313
2005102314
2005102315
2005102316
2005102317
2005102318
2005102319
2005102320
2005102321
2005102322
2005102324
2005102326
2005102327
2005102328
2005102329
2005102330
2005102331
2005102333
2005102334
2005102335
2005102336
2005102337
2005102338
2005102339
2005102340
2005102341
2005102342
2005102343
2005102344
2005102345
2005102346
2005102347
2005102348
2005102349
2005102350
2005102351
2005102352
2005102353
2005102354
2005102355
2005102356
2005102357
2005102358
2005102359
2005102360
2005102361
2005102362
2005102363
2005102364
2005102365
2005102366
2005102367
2005102368
2005102369
2005102370
2005102371
2005102372
2005102373
2005102374
2005102375
2005102376
2005102377
2005102378
2005102380
2005102381
2005102382
2005102383
2005102384
2005102385
2005102386
2005102387
2005102388
2005102390
2005102391
2005102392
2005102393
2005102394
2005102395
2005102396
2005102397
2005102398
2005102399
2005102400
2005102401
2005102402
2005102403
2005102404
2005102405
2005102406
2005102407
2005102408
2005102409
2005102410
2005102411
2005102412
2005102413
2005102414
2005102415
2005102416
2005102417
2005102418
2005102419
2005102420
2005102421
2005102422
2005102423
2005102424
2005102425
2005102426
2005102427
2005102428
2005102429
2005102430
2005102431
2005102432
2005102433
2005102434
2005102435
2005102437
2005102439
2005102440
2005102441
2005102442
2005102443
2005102444
2005102445
2005102446
2005102447
2005102448
2005102449
2005102450
2005102452
2005102453
2005102454
2005102455
2005102456
2005102457
2005102458
2005102459
2005102460
2005102461
2005102462
2005102463
2005102464
2005102465
2005102467
2005102468
2005102469
2005102470
2005102471
2005102472
2005102473
2005102477
2005102478
2005102479
2005102480
2005102480.0
2005102481
2005102482
2005102483
2005102485
2005102486
2005102487
2005102488
2005102489
2005102490
2005102491
2005102492
2005102493
2005102494
2005102495
2005102496
2005102497
2005102498
2005102499
2005102500
2005102501
2005102502
2005102503
2005102504
2005102506
2005102507
2005102508
2005102509
2005102510
2005102511
2005102512
2005102514
2005102515
2005102516
2005102517
2005102518
2005102519
2005102521
2005102522
2005102523
2005102524
2005102525
2005102526
2005102527
2005102528
2005102529
2005102530
2005102532
2005102533
2005102534
2005102535
2005102536
2005102537
2005102538
2005102539
2005102540
2005102541
2005102542
2005102543
2005102544
2005102545
2005102546
2005102547
2005102548
2005102549
2005102550
2005102551
2005102552
2005102553
2005102554
2005102555
2005102556
2005102557
2005102558
2005102559
2005102561
2005102562
2005102563
2005102564
2005102566
2005102568
2005102569
2005102570
2005102571
2005102572
2005102573
2005102574
2005102576
2005102578
2005102579
2005102580
2005102581
2005102582
2005102583
2005102584
2005102585
2005102586
2005102588
2005102589
2005102590
2005102591
2005102592
2005102594
2005102595
2005102596
2005102597
2005102598
2005102599
2005102600
2005102601
2005102602
2005102603
2005102604
2005102605
2005102606
2005102607
2005102608
2005102609
2005102610
2005102611
2005102612
2005102613
2005102614
2005102615
2005102616
2005102617
2005102619
2005102620
2005102621
2005102622
2005102623
2005102624
2005102625
2005102626
2005102627
2005102628
2005102630
2005102631
2005102632
2005102633
2005102634
2005102635
2005102636
2005102637
2005102638
2005102640
2005102641
2005102642
2005102643
2005102644
2005102645
2005102646
2005102647
2005102648
2005102649
2005102650
2005102651
2005102652
2005102653
2005102654
2005102655
2005102657
2005102658
2005102659
2005102660
2005102661
2005102662
2005102664
2005102665
2005102666
2005102667
2005102668
2005102669
2005102670
2005102671
2005102672
2005102673
2005102674
2005102675
2005102676
2005102677
2005102678
2005102679
2005102681
2005102682
2005102683
2005102684
2005102685
2005102686
2005102687
2005102688
2005102690
2005102691
2005102692
2005102693
2005102695
2005102696
2005102698
2005102699
2005102700
2005102701
2005102702
2005102703
2005102704
2005102705
2005102706
2005102707
2005102708
2005102709
2005102710
2005102711
2005102712
2005102713
2005102714
2005102715
2005102716
2005102717
2005102719
2005102720
2005102721
2005102722
2005102723
2005102724
2005102725
2005102726
2005102727
2005102728
2005102729
2005102730
2005102731
2005102732
2005102733
2005102734
2005102737
2005102738
2005102739
2005102740
2005102741
2005102742
2005102743
2005102744
2005102746
2005102747
2005102748
2005102749
2005102750
2005102751
2005102752
2005102753
2005102754
2005102755
2005102756
2005102757
2005102759
2005102760
2005102761
2005102762
2005102763
2005102764
2005102765
2005102766
2005102767
2005102769
2005102770
2005102771
2005102772
2005102773
2005102774
2005102775
2005102776
2005102777
2005102779
2005102780
2005102781
2005102782
2005102785
2005102786
2005102788
2005102790
2005102792
2005102793
2005102794
2005102795
2005102796
2005102798
2005102799
2005102800
2005102801
2005102802
2005102803
2005102804
2005102805
2005102806
2005102807
2005102808
2005102809
2005102810
2005102811
2005102812
2005102813
2005102814
2005102815
2005102816
2005102817
2005102818
2005102819
2005102820
2005102821
2005102822
2005102823
2005102824
2005102825
2005102826
2005102830
2005102831
2005102832
2005102833
2005102835
2005102836
2005102837
2005102838
2005102839
2005102840
2005102841
2005102842
2005102843
2005102844
2005102845
2005102846
2005102847
2005102849
2005102850
2005102851
2005102852
2005102854
2005102855
2005102856
2005102857
2005102858
2005102859
2005102861
2005102862
2005102863
2005102864
2005102865
2005102866
2005102867
2005102868
2005102869
2005102870
2005102871
2005102872
2005102873
2005102874
2005102875
2005102876
2005102877
2005102878
2005102879
2005102880
2005102881
2005102882
2005102883
2005102884
2005102885
2005102886
2005102888
2005102889
2005102890
2005102891
2005102892
2005102894
2005102895
2005102896
2005102897
2005102898
2005102899
2005102900
2005102901
2005102902
2005102903
2005102904
2005102905
2005102906
2005102907
2005102908
2005102909
2005102910
2005102911
2005102912
2005102913
2005102914
2005102915
2005102916
2005102917
2005102918
2005102919
2005102920
2005102921
2005102922
2005102923
2005102924
2005102925
2005102926
2005102927
2005102928
2005102929
2005102930
2005102931
2005102932
2005102933
2005102934
2005102935
2005102936
2005102937
2005102938
2005102939
2005102940
2005102941
2005102942
2005102943
2005102944
2005102945
2005102946
2005102947
2005102948
2005102949
2005102950
2005102951
2005102953
2005102954
2005102956
2005102957
2005102958
2005102959
2005102961
2005102962
2005102963
2005102964
2005102965
2005102966
2005102967
2005102968
2005102969
2005102970
2005102971
2005102972
2005102973
2005102974
2005102975
2005102976
2005102977
2005102978
2005102979
2005102980
2005102981
2005102982
2005102983
2005102984
2005102985
2005102986
2005102987
2005102988
2005102989
2005102991
2005102992
2005102993
2005102995
2005102996
2005102997
2005102998
2005102999
2005103000
2005103001
2005103002
2005103003
2005103004
2005103006
2005103007
2005103008
2005103009
2005103010
2005103011
2005103012
2005103013
2005103014
2005103015
2005103016
2005103018
2005103019
2005103020
2005103021
2005103022
2005103024
2005103025
2005103027
2005103028
2005103029
2005103030
2005103031
2005103032
2005103033
2005103034
2005103035
2005103037
2005103038
2005103039
2005103041
2005103042
2005103044
2005103045
2005103046
2005103047
2005103048
2005103049
2005103050
2005103051
2005103052
2005103053
2005103054
2005103055
2005103056
2005103057
2005103058
2005103060
2005103061
2005103062
2005103063
2005103064
2005103065
2005103066
2005103067
2005103068
2005103069
2005103070
2005103072
2005103073
2005103074
2005103075
2005103076
2005103077
2005103078
2005103079
2005103080
2005103081
2005103083
2005103084
2005103085
2005103087
2005103088
2005103089
2005103090
2005103091
2005103092
2005103093
2005103094
2005103095
2005103096
2005103097
2005103098
2005103100
2005103101
2005103102
2005103103
2005103104
2005103105
2005103106
2005103107
2005103108
2005103109
2005103110
2005103111
2005103112
2005103113
2005103114
2005103115
2005103116
2005103117
2005103118
2005103119
2005103120
2005103121
2005103122
2005103123
2005103126
2005103127
2005103128
2005103129
2005103130
2005103131
2005103132
2005103133
2005103134
2005103135
2005103136
2005103137
2005103138
2005103139
2005103140
2005103141
2005103143
2005103144
2005103145
2005103146
2005103147
2005103148
2005103150
2005103151
2005103152
2005103153
2005103154
2005103155
2005103156
2005103157
2005103158
2005103160
2005103161
2005103162
2005103163
2005103164
2005103165
2005103166
2005103167
2005103168
2005103169
2005103170
2005103171
2005103172
2005103173
2005103174
2005103175
2005103177
2005103178
2005103179
2005103180
2005103181
2005103182
2005103183
2005103184
2005103185
2005103186
2005103187
2005103188
2005103189
2005103190
2005103191
2005103193
2005103194
2005103196
2005103197
2005103198
2005103200
2005103201
2005103202
2005103203
2005103204
2005103205
2005103206
2005103207
2005103208
2005103209
2005103210
2005103212
2005103213
2005103214
2005103215
2005103216
2005103217
2005103218
2005103219
2005103220
2005103221
2005103222
2005103223
2005103224
2005103225
2005103226
2005103227
2005103228
2005103229
2005103230
2005103231
2005103232
2005103233
2005103234
2005103235
2005103236
2005103237
2005103238
2005103239
2005103240
2005103241
2005103242
2005103243
2005103244
2005103245
2005103246
2005103247
2005103248
2005103250
2005103251
2005103252
2005103253
2005103254
2005103255
2005103256
2005103257
2005103258
2005103259
2005103261
2005103263
2005103264
2005103265
2005103267
2005103268
2005103270
2005103271
2005103272
2005103273
2005103275
2005103276
2005103277
2005103279
2005103280
2005103281
2005103282
2005103284
2005103287
2005103288
2005103289
2005103290
2005103291
2005103292
2005103293
2005103294
2005103295
2005103296
2005103297
2005103298
2005103299
2005103300
2005103301
2005103304
2005103305
2005103306
2005103307
2005103309
2005103310
2005103311
2005103313
2005103314
2005103315
2005103316
2005103317
2005103318
2005103320
2005103321
2005103322
2005103323
2005103324
2005103325
2005103326
2005103327
2005103328
2005103329
2005103330
2005103331
2005103332
2005103333
2005103334
2005103335
2005103337
2005103338
2005103339
2005103340
2005103341
2005103342
2005103343
2005103344
2005103345
2005103346
2005103347
2005103349
2005103350
2005103351
2005103352
2005103353
2005103354
2005103355
2005103356
2005103357
2005103358
2005103359
2005103360
2005103361
2005103362
2005103363
2005103364
2005103365
2005103366
2005103367
2005103368
2005103369
2005103371
2005103372
2005103373
2005103374
2005103375
2005103376
2005103377
2005103378
2005103380
2005103381
2005103382
2005103383
2005103384
2005103385
2005103386
2005103387
2005103388
2005103389
2005103390
2005103391
2005103392
2005103394
2005103396
2005103397
2005103398
2005103399
2005103400
2005103401
2005103402
2005103403
2005103406
2005103407
2005103408
2005103409
2005103411
2005103412
2005103413
2005103414
2005103415
2005103416
2005103417
2005103418
2005103419
2005103420
2005103421
2005103422
2005103423
2005103424
2005103425
2005103427
2005103428
2005103429
2005103430
2005103431
2005103432
2005103433
2005103434
2005103435
2005103436
2005103438
2005103439
2005103440
2005103441
2005103443
2005103444
2005103445
2005103446
2005103447
2005103448
2005103449
2005103450
2005103451
2005103452
2005103453
2005103454
2005103455
2005103456
2005103457
2005103458
2005103459
2005103460
2005103461
2005103462
2005103463
2005103464
2005103466
2005103467
2005103468
2005103469
2005103470
2005103471
2005103472
2005103473
2005103474
2005103475
2005103476
2005103477
2005103478
2005103479
2005103480
2005103481
2005103482
2005103483
2005103484
2005103485
2005103486
2005103488
2005103489
2005103490
2005103491
2005103492
2005103493
2005103494
2005103495
2005103496
2005103497
2005103498
2005103499
2005103500
2005103501
2005103502
2005103503
2005103504
2005103505
2005103506
2005103507
2005103508
2005103509
2005103510
2005103511
2005103513
2005103514
2005103515
2005103516
2005103517
2005103518
2005103520
2005103521
2005103523
2005103524
2005103526
2005103527
2005103529
2005103530
2005103532
2005103533
2005103534
2005103535
2005103536
2005103537
2005103538
2005103539
2005103540
2005103541
2005103542
2005103543
2005103544
2005103545
2005103546
2005103547
2005103548
2005103550
2005103551
2005103552
2005103554
2005103556
2005103557
2005103558
2005103559
2005103560
2005103561
2005103562
2005103565
2005103566
2005103567
2005103569
2005103570
2005103571
2005103572
2005103573
2005103574
2005103576
2005103577
2005103578
2005103579
2005103580
2005103581
2005103582
2005103583
2005103584
2005103586
2005103587
2005103588
2005103589
2005103590
2005103592
2005103593
2005103594
2005103596
2005103597
2005103598
2005103599
2005103600
2005103601
2005103602
2005103603
2005103604
2005103605
2005103606
2005103608
2005103610
2005103611
2005103612
2005103613
2005103614
2005103615
2005103616
2005103617
2005103618
2005103619
2005103620
2005103621
2005103622
2005103624
2005103625
2005103626
2005103627
2005103629
2005103630
2005103631
2005103632
2005103633
2005103634
2005103635
2005103636
2005103637
2005103638
2005103639
2005103640
2005103641
2005103642
2005103643
2005103644
2005103645
2005103646
2005103647
2005103648
2005103649
2005103650
2005103651
2005103652
2005103653
2005103654
2005103655
2005103656
2005103657
2005103659
2005103660
2005103661
2005103662
2005103663
2005103664
2005103665
2005103666
2005103667
2005103669
2005103670
2005103671
2005103672
2005103673
2005103674
2005103675
2005103676
2005103677
2005103678
2005103679
2005103680
2005103682
2005103683
2005103684
2005103685
2005103686
2005103687
2005103688
2005103689
2005103690
2005103691
2005103692
2005103694
2005103695
2005103696
2005103697
2005103698
2005103699
2005103700
2005103701
2005103702
2005103703
2005103705
2005103706
2005103707
2005103709
2005103711
2005103712
2005103713
2005103714
2005103715
2005103716
2005103717
2005103718
2005103719
2005103721
2005103722
2005103723
2005103724
2005103725
2005103726
2005103727
2005103728
2005103729
2005103730
2005103731
2005103734
2005103735
2005103736
2005103737
2005103738
2005103739
2005103741
2005103742
2005103743
2005103744
2005103746
2005103749
2005103750
2005103751
2005103752
2005103753
2005103754
2005103755
2005103756
2005103758
2005103759
2005103760
2005103761
2005103763
2005103764
2005103765
2005103766
2005103769
2005103770
2005103771
2005103772
2005103774
2005103775
2005103777
2005103778
2005103779
2005103780
2005103781
2005103782
2005103783
2005103784
2005103785
2005103786
2005103787
2005103788
2005103789
2005103790
2005103791
2005103792
2005103793
2005103794
2005103795
2005103796
2005103797
2005103798
2005103799
2005103800
2005103801
2005103803
2005103804
2005103805
2005103806
2005103807
2005103808
2005103809
2005103810
2005103811
2005103812
2005103813
2005103814
2005103815
2005103816
2005103817
2005103818
2005103819
2005103820
2005103821
2005103823
2005103824
2005103825
2005103826
2005103827
2005103828
2005103829
2005103830
2005103831
2005103832
2005103833
2005103834
2005103835
2005103836
2005103837
2005103838
2005103839
2005103840
2005103841
2005103842
2005103843
2005103844
2005103845
2005103846
2005103847
2005103848
2005103849
2005103850
2005103851
2005103852
2005103853
2005103854
2005103855
2005103856
2005103858
2005103859
2005103860
2005103861
2005103863
2005103864
2005103865
2005103867
2005103869
2005103870
2005103871
2005103872
2005103873
2005103874
2005103875
2005103876
2005103877
2005103878
2005103879
2005103881
2005103882
2005103884
2005103885
2005103886
2005103887
2005103888
2005103889
2005103890
2005103892
2005103893
2005103894
2005103895
2005103896
2005103897
2005103899
2005103900
2005103901
2005103902
2005103903
2005103904
2005103905
2005103906
2005103907
2005103908
2005103909
2005103910
2005103911
2005103912
2005103913
2005103914
2005103915
2005103916
2005103917
2005103918
2005103919
2005103920
2005103921
2005103922
2005103923
2005103924
2005103925
2005103927
2005103928
2005103930
2005103931
2005103932
2005103933
2005103934
2005103935
2005103936
2005103937
2005103938
2005103939
2005103940
2005103942
2005103943
2005103944
2005103945
2005103946
2005103948
2005103949
2005103950
2005103951
2005103952
2005103953
2005103956
2005103957
2005103958
2005103959
2005103960
2005103961
2005103962
2005103963
2005103964
2005103965
2005103966
2005103967
2005103968
2005103969
2005103970
2005103971
2005103972
2005103973
2005103974
2005103975
2005103976
2005103977
2005103978
2005103979
2005103980
2005103981
2005103982
2005103983
2005103984
2005103985
2005103986
2005103988
2005103989
2005103990
2005103991
2005103992
2005103993
2005103994
2005103995
2005103996
2005103997
2005103998
2005103999
2005104000
2005104002
2005104005
2005104006
2005104007
2005104008
2005104009
2005104010
2005104012
2005104013
2005104014
2005104015
2005104016
2005104018
2005104019
2005104020
2005104021
2005104022
2005104024
2005104025
2005104026
2005104027
2005104028
2005104030
2005104031
2005104032
2005104033
2005104034
2005104035
2005104036
2005104037
2005104038
2005104039
2005104040
2005104041
2005104042
2005104043
2005104044
2005104045
2005104046
2005104047
2005104048
2005104049
2005104050
2005104051
2005104052
2005104053
2005104054
2005104055
2005104056
2005104057
2005104058
2005104059
2005104060
2005104061
2005104062
2005104063
2005104065
2005104067
2005104068
2005104069
2005104071
2005104072
2005104073
2005104075
2005104076
2005104077
2005104078
2005104079
2005104080
2005104081
2005104082
2005104083
2005104084
2005104085
2005104086
2005104087
2005104088
2005104089
2005104090
2005104091
2005104092
2005104093
2005104094
2005104095
2005104096
2005104097
2005104098
2005104099
2005104100
2005104101
2005104102
2005104103
2005104104
2005104105
2005104107
2005104109
2005104110
2005104111
2005104112
2005104113
2005104114
2005104115
2005104116
2005104117
2005104118
2005104119
2005104121
2005104122
2005104123
2005104124
2005104125
2005104126
2005104127
2005104128
2005104129
2005104130
2005104131
2005104132
2005104133
2005104134
2005104135
2005104137
2005104138
2005104140
2005104141
2005104142
2005104143
2005104145
2005104146
2005104148
2005104150
2005104151
2005104152
2005104153
2005104154
2005104155
2005104156
2005104157
2005104158
2005104159
2005104160
2005104161
2005104163
2005104164
2005104165
2005104166
2005104167
2005104168
2005104169
2005104170
2005104171
2005104173
2005104174
2005104175
2005104176
2005104177
2005104178
2005104179
2005104180
2005104181
2005104182
2005104183
2005104184
2005104185
2005104186
2005104187
2005104188
2005104191
2005104192
2005104193
2005104194
2005104195
2005104196
2005104197
2005104198
2005104199
2005104200
2005104201
2005104202
2005104203
2005104205
2005104206
2005104207
2005104208
2005104209
2005104210
2005104211
2005104214
2005104215
2005104216
2005104217
2005104218
2005104219
2005104220
2005104221
2005104222
2005104223
2005104224
2005104225
2005104226
2005104227
2005104228
2005104229
2005104230
2005104231
2005104232
2005104233
2005104234
2005104235
2005104236
2005104237
2005104238
2005104239
2005104240
2005104241
2005104242
2005104243
2005104244
2005104245
2005104246
2005104247
2005104248
2005104249
2005104250
2005104251
2005104252
2005104253
2005104256
2005104257
2005104258
2005104259
2005104260
2005104261
2005104262
2005104263
2005104264
2005104265
2005104266
2005104267
2005104270
2005104271
2005104272
2005104273
2005104274
2005104275
2005104276
2005104277
2005104278
2005104280
2005104281
2005104282
2005104283
2005104284
2005104285
2005104286
2005104287
2005104288
2005104289
2005104290
2005104292
2005104293
2005104294
2005104295
2005104296
2005104297
2005104299
2005104300
2005104302
2005104303
2005104306
2005104307
2005104308
2005104309
2005104310
2005104311
2005104312
2005104313
2005104315
2005104316
2005104317
2005104318
2005104319
2005104320
2005104321
2005104322
2005104324
2005104325
2005104326
2005104327
2005104328
2005104329
2005104330
2005104332
2005104333
2005104334
2005104335
2005104336
2005104337
2005104338
2005104339
2005104340
2005104341
2005104342
2005104343
2005104344
2005104345
2005104346
2005104347
2005104348
2005104349
2005104350
2005104351
2005104352
2005104353
2005104354
2005104355
2005104356
2005104357
2005104358
2005104359
2005104361
2005104362
2005104363
2005104365
2005104366
2005104367
2005104368
2005104369
2005104370
2005104371
2005104372
2005104373
2005104374
2005104375
2005104376
2005104377
2005104378
2005104379
2005104380
2005104381
2005104382
2005104383
2005104384
2005104385
2005104386
2005104387
2005104388
2005104390
2005104391
2005104392
2005104393
2005104394
2005104395
2005104396
2005104397
2005104398
2005104399
2005104400
2005104401
2005104402
2005104403
2005104404
2005104405
2005104406
2005104407
2005104408
2005104409
2005104410
2005104411
2005104412
2005104413
2005104414
2005104415
2005104416
2005104417
2005104418
2005104419
2005104420
2005104421
2005104422
2005104423
2005104424
2005104425
2005104426
2005104427
2005104428
2005104429
2005104430
2005104431
2005104432
2005104433
2005104434
2005104437
2005104438
2005104439
2005104440
2005104441
2005104442
2005104443
2005104444
2005104445
2005104446
2005104447
2005104449
2005104450
2005104451
2005104452
2005104455
2005104456
2005104457
2005104458
2005104459
2005104460
2005104461
2005104463
2005104464
2005104465
2005104466
2005104467
2005104468
2005104469
2005104470
2005104471
2005104472
2005104474
2005104475
2005104476
2005104478
2005104479
2005104480
2005104481
2005104482
2005104483
2005104484
2005104485
2005104486
2005104487
2005104488
2005104489
2005104490
2005104491
2005104492
2005104493
2005104494
2005104495
2005104496
2005104497
2005104498
2005104499
2005104501
2005104502
2005104503
2005104504
2005104505
2005104506
2005104507
2005104509
2005104510
2005104511
2005104512
2005104513
2005104514
2005104515
2005104516
2005104518
2005104519
2005104521
2005104522
2005104523
2005104524
2005104525
2005104526
2005104527
2005104528
2005104529
2005104530
2005104531
2005104532
2005104533
2005104534
2005104535
2005104536
2005104537
2005104539
2005104540
2005104541
2005104542
2005104543
2005104544
2005104545
2005104546
2005104547
2005104548
2005104549
2005104550
2005104552
2005104553
2005104554
2005104555
2005104556
2005104557
2005104558
2005104559
2005104560
2005104561
2005104562
2005104563
2005104564
2005104565
2005104566
2005104568
2005104569
2005104570
2005104571
2005104572
2005104573
2005104574
2005104575
2005104578
2005104579
2005104580
2005104581
2005104582
2005104583
2005104584
2005104585
2005104586
2005104587
2005104588
2005104590
2005104591
2005104593
2005104594
2005104595
2005104596
2005104597
2005104598
2005104599
2005104600
2005104601
2005104602
2005104603
2005104604
2005104605
2005104606
2005104607
2005104608
2005104609
2005104610
2005104611
2005104612
2005104613
2005104614
2005104616
2005104617
2005104618
2005104619
2005104620
2005104623
2005104624
2005104625
2005104626
2005104627
2005104628
2005104629
2005104630
2005104631
2005104633
2005104634
2005104635
2005104636
2005104637
2005104638
2005104639
2005104640
2005104641
2005104642
2005104643
2005104645
2005104646
2005104647
2005104648
2005104649
2005104650
2005104651
2005104652
2005104653
2005104655
2005104656
2005104657
2005104658
2005104659
2005104660
2005104661
2005104662
2005104663
2005104664
2005104665
2005104666
2005104667
2005104668
2005104669
2005104670
2005104671
2005104672
2005104673
2005104674
2005104676
2005104677
2005104678
2005104679
2005104680
2005104681
2005104682
2005104683
2005104685
2005104686
2005104687
2005104688
2005104689
2005104690
2005104691
2005104692
2005104693
2005104694
2005104695
2005104696
2005104697
2005104698
2005104699
2005104700
2005104701
2005104702
2005104703
2005104704
2005104706
2005104707
2005104709
2005104710
2005104711
2005104712
2005104713
2005104714
2005104715
2005104716
2005104718
2005104720
2005104721
2005104722
2005104723
2005104724
2005104725
2005104726
2005104728
2005104729
2005104730
2005104731
2005104732
2005104733
2005104734
2005104735
2005104736
2005104737
2005104738
2005104739
2005104740
2005104742
2005104743
2005104744
2005104745
2005104746
2005104747
2005104748
2005104749
2005104750
2005104751
2005104752
2005104753
2005104754
2005104755
2005104756
2005104757
2005104758
2005104759
2005104760
2005104761
2005104762
2005104763
2005104764
2005104765
2005104766
2005104767
2005104768
2005104769
2005104770
2005104771
2005104772
2005104773
2005104774
2005104775
2005104776
2005104777
2005104779
2005104780
2005104781
2005104782
2005104783
2005104784
2005104785
2005104786
2005104789
2005104791
2005104792
2005104793
2005104794
2005104795
2005104796
2005104797
2005104798
2005104799
2005104800
2005104801
2005104802
2005104803
2005104804
2005104805
2005104806
2005104807
2005104808
2005104809
2005104810
2005104811
2005104812
2005104813
2005104814
2005104815
2005104817
2005104818
2005104820
2005104821
2005104822
2005104823
2005104824
2005104825
2005104828
2005104829
2005104832
2005104833
2005104834
2005104835
2005104836
2005104838
2005104839
2005104840
2005104841
2005104842
2005104843
2005104845
2005104846
2005104847
2005104848
2005104849
2005104850
2005104851
2005104852
2005104853
2005104854
2005104855
2005104856
2005104857
2005104858
2005104859
2005104861
2005104862
2005104863
2005104865
2005104866
2005104867
2005104868
2005104869
2005104870
2005104871
2005104872
2005104873
2005104874
2005104875
2005104876
2005104877
2005104878
2005104879
2005104880
2005104882
2005104883
2005104884
2005104885
2005104887
2005104888
2005104889
2005104890
2005104891
2005104892
2005104894
2005104895
2005104896
2005104897
2005104898
2005104899
2005104901
2005104902
2005104903
2005104904
2005104905
2005104906
2005104907
2005104908
2005104909
2005104910
2005104911
2005104913
2005104914
2005104915
2005104916
2005104917
2005104918
2005104919
2005104920
2005104921
2005104922
2005104923
2005104924
2005104925
2005104926
2005104927
2005104928
2005104929
2005104930
2005104931
2005104932
2005104933
2005104935
2005104936
2005104937
2005104938
2005104939
2005104940
2005104941
2005104942
2005104943
2005104944
2005104945
2005104946
2005104947
2005104948
2005104949
2005104950
2005104951
2005104952
2005104953
2005104954
2005104955
2005104956
2005104957
2005104958
2005104959
2005104961
2005104962
2005104963
2005104964
2005104966
2005104967
2005104968
2005104969
2005104970
2005104971
2005104973
2005104974
2005104975
2005104976
2005104978
2005104979
2005104980
2005104982
2005104983
2005104984
2005104985
2005104986
2005104988
2005104989
2005104990
2005104991
2005104992
2005104993
2005104995
2005104996
2005104997
2005104998
2005104999
2005105001
2005105003
2005105004
2005105006
2005105007
2005105008
2005105009
2005105010
2005105011
2005105012
2005105013
2005105014
2005105015
2005105017
2005105018
2005105019
2005105020
2005105024
2005105025
2005105028
2005105030
2005105032
2005105035
2005105037
2005105038
2005105040
2005105041
2005105042
2005105043
2005105044
2005105045
2005105046
2005105048
2005105049
2005105050
2005105051
2005105053
2005105054
2005105055
2005105056
2005105057
2005105058
2005105059
2005105060
2005105061
2005105062
2005105063
2005105064
2005105065
2005105066
2005105067
2005105068
2005105069
2005105072
2005105073
2005105074
2005105075
2005105076
2005105077
2005105078
2005105079
2005105080
2005105081
2005105082
2005105083
2005105084
2005105085
2005105086
2005105087
2005105088
2005105089
2005105090
2005105091
2005105092
2005105093
2005105094
2005105095
2005105096
2005105097
2005105099
2005105100
2005105101
2005105102
2005105103
2005105104
2005105105
2005105106
2005105107
2005105108
2005105109
2005105110
2005105111
2005105112
2005105113
2005105114
2005105115
2005105116
2005105117
2005105118
2005105119
2005105120
2005105121
2005105122
2005105123
2005105124
2005105125
2005105126
2005105127
2005105128
2005105129
2005105131
2005105132
2005105134
2005105135
2005105136
2005105137
2005105138
2005105140
2005105141
2005105142
2005105143
2005105144
2005105145
2005105146
2005105147
2005105148
2005105149
2005105150
2005105151
2005105152
2005105153
2005105154
2005105155
2005105156
2005105158
2005105159
2005105160
2005105161
2005105162
2005105163
2005105166
2005105167
2005105168
2005105171
2005105172
2005105173
2005105174
2005105175
2005105176
2005105177
2005105178
2005105179
2005105180
2005105181
2005105182
2005105183
2005105184
2005105185
2005105186
2005105187
2005105188
2005105189
2005105190
2005105192
2005105193
2005105194
2005105195
2005105196
2005105197
2005105198
2005105199
2005105200
2005105201
2005105202
2005105203
2005105204
2005105205
2005105206
2005105207
2005105208
2005105209
2005105210
2005105211
2005105212
2005105213
2005105214
2005105215
2005105216
2005105217
2005105218
2005105220
2005105221
2005105222
2005105224
2005105226
2005105227
2005105228
2005105229
2005105230
2005105231
2005105232
2005105234
2005105235
2005105236
2005105237
2005105238
2005105239
2005105240
2005105241
2005105242
2005105243
2005105244
2005105245
2005105246
2005105247
2005105248
2005105250
2005105251
2005105252
2005105253
2005105254
2005105255
2005105256
2005105257
2005105258
2005105259
2005105260
2005105261
2005105262
2005105263
2005105265
2005105266
2005105267
2005105270
2005105271
2005105272
2005105273
2005105274
2005105275
2005105276
2005105277
2005105278
2005105279
2005105280
2005105281
2005105282
2005105283
2005105284
2005105285
2005105286
2005105287
2005105288
2005105289
2005105290
2005105291
2005105292
2005105293
2005105294
2005105295
2005105296
2005105297
2005105299
2005105300
2005105301
2005105302
2005105303
2005105304
2005105305
2005105306
2005105307
2005105309
2005105310
2005105311
2005105312
2005105313
2005105314
2005105315
2005105316
2005105317
2005105318
2005105319
2005105320
2005105321
2005105322
2005105323
2005105324
2005105325
2005105326
2005105327
2005105328
2005105329
2005105330
2005105331
2005105332
2005105333
2005105335
2005105336
2005105337
2005105338
2005105339
2005105340
2005105341
2005105342
2005105343
2005105344
2005105345
2005105346
2005105347
2005105348
2005105350
2005105351
2005105352
2005105353
2005105354
2005105356
2005105357
2005105358
2005105359
2005105360
2005105361
2005105363
2005105364
2005105365
2005105366
2005105367
2005105369
2005105370
2005105371
2005105372
2005105373
2005105374
2005105375
2005105376
2005105377
2005105378
2005105379
2005105380
2005105381
2005105382
2005105383
2005105384
2005105385
2005105386
2005105387
2005105388
2005105389
2005105390
2005105391
2005105392
2005105393
2005105394
2005105395
2005105396
2005105397
2005105399
2005105400
2005105401
2005105402
2005105403
2005105404
2005105406
2005105409
2005105410
2005105412
2005105413
2005105414
2005105415
2005105416
2005105417
2005105419
2005105420
2005105422
2005105424
2005105425
2005105426
2005105427
2005105428
2005105429
2005105430
2005105431
2005105432
2005105433
2005105434
2005105435
2005105436
2005105437
2005105438
2005105439
2005105440
2005105441
2005105442
2005105443
2005105444
2005105445
2005105446
2005105447
2005105448
2005105449
2005105450
2005105452
2005105453
2005105454
2005105455
2005105456
2005105457
2005105458
2005105459
2005105460
2005105462
2005105463
2005105464
2005105465
2005105466
2005105467
2005105468
2005105469
2005105470
2005105471
2005105472
2005105473
2005105474
2005105475
2005105476
2005105477
2005105478
2005105479
2005105480
2005105481
2005105482
2005105483
2005105484
2005105485
2005105486
2005105487
2005105489
2005105491
2005105492
2005105493
2005105494
2005105496
2005105497
2005105498
2005105499
2005105500
2005105501
2005105502
2005105503
2005105504
2005105505
2005105506
2005105507
2005105508
2005105509
2005105510
2005105511
2005105512
2005105513
2005105514
2005105515
2005105516
2005105519
2005105520
2005105521
2005105522
2005105523
2005105524
2005105525
2005105526
2005105529
2005105530
2005105531
2005105532
2005105536
2005105538
2005105539
2005105540
2005105541
2005105543
2005105544
2005105545
2005105546
2005105547
2005105548
2005105549
2005105550
2005105551
2005105552
2005105553
2005105554
2005105555
2005105556
2005105557
2005105558
2005105559
2005105560
2005105562
2005105563
2005105564
2005105565
2005105566
2005105567
2005105569
2005105570
2005105571
2005105572
2005105573
2005105574
2005105575
2005105576
2005105577
2005105578
2005105579
2005105580
2005105581
2005105582
2005105583
2005105584
2005105585
2005105586
2005105587
2005105588
2005105589
2005105590
2005105592
2005105593
2005105594
2005105596
2005105597
2005105598
2005105599
2005105600
2005105601
2005105602
2005105603
2005105604
2005105605
2005105606
2005105607
2005105608
2005105609
2005105610
2005105611
2005105612
2005105613
2005105614
2005105615
2005105616
2005105617
2005105618
2005105619
2005105620
2005105621
2005105622
2005105623
2005105624
2005105625
2005105626
2005105627
2005105628
2005105629
2005105630
2005105631
2005105632
2005105633
2005105634
2005105635
2005105636
2005105637
2005105638
2005105639
2005105640
2005105641
2005105642
2005105643
2005105644
2005105645
2005105646
2005105647
2005105648
2005105649
2005105650
2005105651
2005105652
2005105653
2005105654
2005105655
2005105656
2005105657
2005105658
2005105659
2005105660
2005105661
2005105662
2005105663
2005105664
2005105665
2005105666
2005105667
2005105668
2005105669
2005105670
2005105671
2005105672
2005105673
2005105674
2005105675
2005105677
2005105678
2005105679
2005105680
2005105681
2005105682
2005105683
2005105684
2005105685
2005105686
2005105687
2005105688
2005105689
2005105690
2005105691
2005105692
2005105693
2005105694
2005105695
2005105696
2005105697
2005105699
2005105700
2005105702
2005105703
2005105704
2005105705
2005105706
2005105708
2005105709
2005105710
2005105711
2005105712
2005105713
2005105714
2005105715
2005105716
2005105717
2005105718
2005105720
2005105721
2005105723
2005105724
2005105727
2005105728
2005105729
2005105730
2005105731
2005105732
2005105733
2005105734
2005105735
2005105736
2005105737
2005105738
2005105739
2005105741
2005105743
2005105744
2005105745
2005105746
2005105747
2005105748
2005105749
2005105750
2005105751
2005105752
2005105753
2005105754
2005105755
2005105756
2005105757
2005105758
2005105759
2005105760
2005105761
2005105762
2005105763
2005105764
2005105765
2005105766
2005105767
2005105768
2005105769
2005105770
2005105771
2005105772
2005105774
2005105775
2005105776
2005105777
2005105778
2005105779
2005105780
2005105781
2005105782
2005105783
2005105784
2005105786
2005105787
2005105788
2005105789
2005105790
2005105791
2005105792
2005105793
2005105795
2005105797
2005105798
2005105799
2005105800
2005105801
2005105802
2005105804
2005105805
2005105806
2005105807
2005105808
2005105810
2005105811
2005105812
2005105813
2005105814
2005105815
2005105816
2005105817
2005105818
2005105819
2005105820
2005105821
2005105822
2005105823
2005105824
2005105826
2005105827
2005105828
2005105829
2005105830
2005105831
2005105832
2005105833
2005105834
2005105835
2005105837
2005105838
2005105839
2005105840
2005105841
2005105842
2005105843
2005105844
2005105845
2005105846
2005105847
2005105848
2005105849
2005105850
2005105851
2005105852
2005105853
2005105854
2005105855
2005105856
2005105857
2005105858
2005105859
2005105860
2005105862
2005105864
2005105865
2005105866
2005105867
2005105869
2005105870
2005105871
2005105872
2005105873
2005105874
2005105875
2005105876
2005105877
2005105878
2005105879
2005105880
2005105881
2005105882
2005105883
2005105884
2005105885
2005105886
2005105887
2005105888
2005105890
2005105891
2005105892
2005105893
2005105894
2005105895
2005105896
2005105897
2005105898
2005105899
2005105900
2005105901
2005105903
2005105904
2005105905
2005105906
2005105907
2005105908
2005105909
2005105910
2005105911
2005105912
2005105913
2005105914
2005105915
2005105916
2005105917
2005105918
2005105919
2005105920
2005105921
2005105922
2005105924
2005105925
2005105926
2005105927
2005105928
2005105929
2005105930
2005105931
2005105932
2005105933
2005105934
2005105937
2005105939
2005105940
2005105941
2005105942
2005105943
2005105944
2005105945
2005105946
2005105947
2005105948
2005105949
2005105950
2005105951
2005105952
2005105953
2005105955
2005105956
2005105957
2005105958
2005105960
2005105961
2005105962
2005105963
2005105964
2005105967
2005105968
2005105969
2005105970
2005105971
2005105972
2005105973
2005105974
2005105975
2005105976
2005105977
2005105978
2005105979
2005105980
2005105981
2005105982
2005105983
2005105984
2005105985
2005105986
2005105987
2005105988
2005105989
2005105990
2005105991
2005105992
2005105993
2005105996
2005105997
2005105998
2005105999
2005106000
2005106001
2005106002
2005106003
2005106004
2005106006
2005106007
2005106008
2005106009
2005106010
2005106011
2005106012
2005106013
2005106014
2005106015
2005106016
2005106018
2005106019
2005106020
2005106021
2005106022
2005106023
2005106024
2005106025
2005106026
2005106028
2005106029
2005106030
2005106031
2005106032
2005106033
2005106034
2005106035
2005106036
2005106037
2005106038
2005106040
2005106041
2005106042
2005106043
2005106044
2005106045
2005106046
2005106047
2005106048
2005106050
2005106052
2005106053
2005106054
2005106055
2005106056
2005106057
2005106058
2005106059
2005106060
2005106061
2005106062
2005106063
2005106064
2005106065
2005106066
2005106067
2005106068
2005106069
2005106070
2005106072
2005106073
2005106074
2005106076
2005106078
2005106079
2005106080
2005106081
2005106082
2005106083
2005106085
2005106086
2005106087
2005106088
2005106089
2005106092
2005106094
2005106095
2005106096
2005106097
2005106098
2005106099
2005106100
2005106101
2005106102
2005106103
2005106104
2005106105
2005106106
2005106107
2005106108
2005106109
2005106110
2005106111
2005106112
2005106113
2005106114
2005106115
2005106116
2005106118
2005106119
2005106120
2005106121
2005106122
2005106123
2005106124
2005106125
2005106126
2005106127
2005106128
2005106129
2005106130
2005106131
2005106132
2005106133
2005106134
2005106136
2005106137
2005106138
2005106139
2005106140
2005106141
2005106142
2005106144
2005106145
2005106146
2005106147
2005106148
2005106149
2005106150
2005106151
2005106152
2005106153
2005106154
2005106155
2005106156
2005106157
2005106158
2005106159
2005106160
2005106161
2005106162
2005106163
2005106164
2005106165
2005106166
2005106167
2005106168
2005106169
2005106170
2005106171
2005106172
2005106173
2005106174
2005106175
2005106176
2005106177
2005106178
2005106179
2005106180
2005106181
2005106182
2005106183
2005106184
2005106186
2005106188
2005106190
2005106191
2005106192
2005106194
2005106195
2005106196
2005106197
2005106198
2005106199
2005106200
2005106201
2005106202
2005106203
2005106204
2005106205
2005106206
2005106207
2005106208
2005106209
2005106210
2005106211
2005106212
2005106213
2005106214
2005106215
2005106216
2005106217
2005106218
2005106219
2005106220
2005106221
2005106222
2005106223
2005106224
2005106225
2005106226
2005106227
2005106228
2005106229
2005106230
2005106231
2005106232
2005106233
2005106234
2005106235
2005106236
2005106238
2005106239
2005106241
2005106242
2005106243
2005106244
2005106245
2005106246
2005106247
2005106248
2005106249
2005106250
2005106251
2005106252
2005106253
2005106254
2005106256
2005106257
2005106258
2005106259
2005106260
2005106261
2005106262
2005106263
2005106264
2005106265
2005106266
2005106267
2005106268
2005106269
2005106270
2005106271
2005106273
2005106274
2005106275
2005106276
2005106277
2005106278
2005106279
2005106280
2005106281
2005106282
2005106283
2005106284
2005106285
2005106286
2005106287
2005106289
2005106290
2005106291
2005106292
2005106293
2005106294
2005106295
2005106296
2005106297
2005106298
2005106299
2005106300
2005106301
2005106302
2005106303
2005106304
2005106305
2005106306
2005106307
2005106308
2005106309
2005106310
2005106311
2005106312
2005106313
2005106314
2005106315
2005106316
2005106317
2005106318
2005106319
2005106320
2005106321
2005106322
2005106323
2005106324
2005106325
2005106326
2005106327
2005106328
2005106329
2005106330
2005106331
2005106332
2005106333
2005106334
2005106335
2005106336
2005106337
2005106338
2005106339
2005106340
2005106341
2005106342
2005106343
2005106344
2005106345
2005106346
2005106347
2005106348
2005106349
2005106350
2005106352
2005106353
2005106354
2005106355
2005106356
2005106357
2005106358
2005106360
2005106361
2005106362
2005106363
2005106364
2005106365
2005106366
2005106367
2005106368
2005106369
2005106370
2005106371
2005106372
2005106373
2005106374
2005106375
2005106376
2005106377
2005106378
2005106379
2005106380
2005106382
2005106383
2005106384
2005106385
2005106386
2005106387
2005106388
2005106389
2005106390
2005106391
2005106392
2005106393
2005106394
2005106395
2005106396
2005106397
2005106398
2005106399
2005106400
2005106402
2005106403
2005106404
2005106406
2005106407
2005106408
2005106411
2005106412
2005106413
2005106414
2005106415
2005106416
2005106417
2005106418
2005106420
2005106421
2005106422
2005106423
2005106424
2005106425
2005106426
2005106427
2005106429
2005106430
2005106431
2005106433
2005106434
2005106435
2005106436
2005106437
2005106438
2005106439
2005106440
2005106441
2005106442
2005106443
2005106444
2005106446
2005106447
2005106448
2005106449
2005106450
2005106451
2005106452
2005106453
2005106454
2005106455
2005106456
2005106457
2005106458
2005106459
2005106461
2005106463
2005106464
2005106465
2005106466
2005106467
2005106468
2005106469
2005106470
2005106471
2005106472
2005106473
2005106474
2005106475
2005106476
2005106477
2005106478
2005106479
2005106480
2005106481
2005106482
2005106483
2005106484
2005106485
2005106486
2005106487
2005106488
2005106489
2005106491
2005106492
2005106493
2005106495
2005106496
2005106499
2005106500
2005106501
2005106502
2005106503
2005106504
2005106505
2005106506
2005106507
2005106508
2005106509
2005106511
2005106512
2005106514
2005106515
2005106517
2005106518
2005106519
2005106520
2005106521
2005106522
2005106523
2005106524
2005106525
2005106526
2005106527
2005106528
2005106530
2005106531
2005106532
2005106533
2005106534
2005106535
2005106536
2005106537
2005106538
2005106539
2005106540
2005106541
2005106542
2005106543
2005106545
2005106546
2005106548
2005106549
2005106550
2005106551
2005106552
2005106553
2005106554
2005106555
2005106556
2005106557
2005106558
2005106559
2005106560
2005106561
2005106562
2005106563
2005106564
2005106566
2005106567
2005106568
2005106569
2005106570
2005106571
2005106572
2005106573
2005106574
2005106575
2005106576
2005106577
2005106578
2005106579
2005106580
2005106581
2005106582
2005106583
2005106584
2005106585
2005106586
2005106587
2005106588
2005106589
2005106591
2005106592
2005106593
2005106594
2005106595
2005106596
2005106597
2005106598
2005106599
2005106600
2005106602
2005106603
2005106604
2005106605
2005106606
2005106607
2005106608
2005106610
2005106611
2005106612
2005106613
2005106614
2005106615
2005106616
2005106617
2005106618
2005106619
2005106620
2005106621
2005106622
2005106623
2005106624
2005106625
2005106626
2005106627
2005106628
2005106629
2005106631
2005106632
2005106633
2005106634
2005106635
2005106636
2005106637
2005106638
2005106639
2005106640
2005106641
2005106642
2005106643
2005106644
2005106645
2005106646
2005106647
2005106648
2005106650
2005106651
2005106652
2005106653
2005106654
2005106656
2005106657
2005106658
2005106659
2005106660
2005106661
2005106662
2005106663
2005106664
2005106665
2005106666
2005106667
2005106668
2005106669
2005106670
2005106671
2005106672
2005106673
2005106674
2005106675
2005106676
2005106677
2005106678
2005106679
2005106680
2005106681
2005106682
2005106683
2005106684
2005106685
2005106686
2005106687
2005106688
2005106689
2005106690
2005106691
2005106692
2005106693
2005106694
2005106695
2005106696
2005106697
2005106698
2005106701
2005106702
2005106703
2005106704
2005106705
2005106706
2005106707
2005106709
2005106710
2005106711
2005106712
2005106713
2005106714
2005106715
2005106716
2005106717
2005106718
2005106719
2005106720
2005106721
2005106722
2005106723
2005106724
2005106725
2005106726
2005106727
2005106728
2005106729
2005106730
2005106731
2005106732
2005106733
2005106734
2005106736
2005106738
2005106739
2005106740
2005106741
2005106742
2005106743
2005106744
2005106745
2005106746
2005106747
2005106748
2005106749
2005106751
2005106752
2005106753
2005106754
2005106755
2005106756
2005106757
2005106758
2005106759
2005106760
2005106761
2005106762
2005106763
2005106764
2005106765
2005106766
2005106767
2005106768
2005106769
2005106770
2005106771
2005106772
2005106773
2005106774
2005106775
2005106776
2005106777
2005106778
2005106779
2005106780
2005106781
2005106782
2005106783
2005106784
2005106785
2005106786
2005106787
2005106788
2005106789
2005106790
2005106791
2005106792
2005106793
2005106794
2005106795
2005106796
2005106797
2005106798
2005106799
2005106800
2005106801
2005106802
2005106803
2005106804
2005106805
2005106806
2005106808
2005106810
2005106811
2005106812
2005106813
2005106814
2005106815
2005106816
2005106817
2005106818
2005106819
2005106820
2005106822
2005106823
2005106824
2005106825
2005106826
2005106827
2005106828
2005106829
2005106830
2005106831
2005106832
2005106834
2005106835
2005106836
2005106837
2005106838
2005106840
2005106841
2005106843
2005106844
2005106846
2005106847
2005106848
2005106849
2005106850
2005106851
2005106852
2005106854
2005106855
2005106856
2005106858
2005106859
2005106860
2005106861
2005106862
2005106863
2005106864
2005106865
2005106867
2005106868
2005106870
2005106871
2005106872
2005106874
2005106875
2005106877
2005106878
2005106879
2005106881
2005106882
2005106883
2005106884
2005106885
2005106886
2005106887
2005106888
2005106889
2005106890
2005106891
2005106892
2005106893
2005106894
2005106895
2005106896
2005106897
2005106898
2005106899
2005106900
2005106901
2005106902
2005106903
2005106904
2005106905
2005106906
2005106907
2005106908
2005106909
2005106910
2005106911
2005106912
2005106913
2005106914
2005106915
2005106916
2005106917
2005106918
2005106919
2005106920
2005106921
2005106922
2005106923
2005106924
2005106925
2005106926
2005106927
2005106928
2005106929
2005106932
2005106933
2005106934
2005106935
2005106936
2005106937
2005106938
2005106939
2005106940
2005106941
2005106942
2005106943
2005106944
2005106945
2005106946
2005106947
2005106948
2005106949
2005106950
2005106951
2005106952
2005106953
2005106954
2005106955
2005106956
2005106958
2005106959
2005106960
2005106961
2005106962
2005106965
2005106966
2005106967
2005106968
2005106969
2005106970
2005106971
2005106972
2005106973
2005106974
2005106975
2005106976
2005106977
2005106978
2005106979
2005106980
2005106981
2005106982
2005106983
2005106984
2005106985
2005106987
2005106988
2005106989
2005106990
2005106991
2005106992
2005106993
2005106994
2005106995
2005106996
2005106997
2005106998
2005106999
2005107000
2005107001
2005107002
2005107003
2005107004
2005107005
2005107007
2005107008
2005107009
2005107010
2005107011
2005107012
2005107013
2005107014
2005107015
2005107016
2005107017
2005107018
2005107019
2005107020
2005107021
2005107022
2005107024
2005107025
2005107026
2005107027
2005107028
2005107029
2005107030
2005107031
2005107032
2005107033
2005107034
2005107035
2005107036
2005107037
2005107038
2005107039
2005107040
2005107041
2005107042
2005107043
2005107044
2005107045
2005107048
2005107050
2005107051
2005107052
2005107053
2005107054
2005107055
2005107056
2005107057
2005107058
2005107059
2005107060
2005107061
2005107062
2005107063
2005107064
2005107065
2005107066
2005107068
2005107069
2005107070
2005107071
2005107073
2005107075
2005107076
2005107077
2005107078
2005107079
2005107080
2005107081
2005107082
2005107083
2005107084
2005107085
2005107086
2005107087
2005107088
2005107089
2005107090
2005107092
2005107093
2005107094
2005107095
2005107096
2005107097
2005107102
2005107103
2005107104
2005109001
2005109002
2005109003
2005109004
2005109005
2005109006
2005109007
2005109008
2005109009
2005109011
2005109012
2005109013
2005109014
2005109015
2005109017
2005109018
2005109019
2005109020
2005109021
2005109022
2005109023
2005109024
2005109025
2005109026
2005109027
2005109028
2005109029
2005109030
2005109031
2005109032
2005109033
2005109037
2005109038
2005109039
2005109040
2005109042
2005109043
2005109044
2005109045
2005109047
2005109048
2005109049
2005109050
2005109051
2005109052
2005109053
2005109054
2005109055
2005109056
2005109057
2005109058
2005109059
2005109060
2005109061
2005109062
2005109063
2005109066
2005109067
2005109068
2005109069
2005109070
2005109071
2005109072
2005109073
2005109074
2005109076
2005109077
2005109078
2005109079
2005109080
2005109082
2005109083
2005109084
2005109085
2005109086
2005109087
2005109088
2005109089
2005109090
2005109091
2005109092
2005109093
2005109094
2005109095
2005109097
2005109098
2005109099
2005109100
2005109101
2005109102
2005109103
2005109104
2005109105
2005109106
2005109107
2005109108
2005109109
2005109110
2005109111
2005109113
2005109114
2005109115
2005109116
2005109117
2005109118
2005109120
2005109121
2005109122
2005109123
2005109124
2005109125
2005109126
2005109127
2005109128
2005109129
2005109130
2005109131
2005109132
2005109133
2005109134
2005109135
2005109136
2005109137
2005109138
2005109139
2005109140
2005109142
2005109143
2005109144
2005109145
2005109146
2005109147
2005109148
2005109149
2005109150
2005109153
2005109154
2005109155
2005109156
2005109157
2005109158
2005109159
2005109161
2005109162
2005109163
2005109164
2005109165
2005109166
2005109167
2005109168
2005109169
2005109171
2005109172
2005109174
2005109177
2005109178
2005109179
2005109180
2005109181
2005109182
2005109183
2005109184
2005109186
2005109187
2005109188
2005109189
2005109190
2005109191
2005109192
2005109194
2005109195
2005109196
2005109197
2005109199
2005109200
2005109201
2005109202
2005109203
2005109204
2005109205
2005109206
2005109207
2005109208
2005109210
2005109213
2005109214
2005109215
2005109216
2005109217
2005109218
2005109219
2005109220
2005109221
2005109222
2005109223
2005109224
2005109225
2005109227
2005109228
2005109229
2005109230
2005109231
2005109232
2005109234
2005109235
2005109236
2005109237
2005109238
2005109239
2005109240
2005109241
2005109242
2005109243
2005109244
2005109245
2005109246
2005109247
2005109248
2005109249
2005109251
2005109252
2005109254
2005109255
2005109256
2005109257
2005109258
2005109259
2005109260
2005109261
2005109262
2005109263
2005109265
2005109266
2005109267
2005109268
2005109269
2005109270
2005109271
2005109273
2005109275
2005109276
2005109277
2005109279
2005109280
2005109281
2005109282
2005109283
2005109284
2005109285
2005109286
2005109287
2005109288
2005109289
2005109290
2005109291
2005109293
2005109295
2005109297
2005109298
2005109299
2005109300
2005109301
2005109302
2005109303
2005109304
2005109305
2005109306
2005109307
2005109308
2005109309
2005109310
2005109311
2005109312
2005109313
2005109314
2005109315
2005109317
2005109318
2005109319
2005109320
2005109321
2005109322
2005109323
2005109324
2005109325
2005109326
2005109327
2005109328
2005109329
2005109331
2005109332
2005109334
2005109335
2005109336
2005109337
2005109338
2005109342
2005109343
2005109344
2005109345
2005109346
2005109347
2005109348
2005109350
2005109351
2005109352
2005110002
2005110003
2005110004
2005110005
2005110006
2005110007
2005110008
2005110009
2005110010
2005110011
2005110012
2005110013
2005110014
2005110015
2005110016
2005110017
2005110019
2005110020
2005110021
2005110022
2005110023
2005110024
2005110025
2005110026
2005110027
2005110028
2005110029
2005110030
2005110031
2005110032
2005110033
2005110035
2005110036
2005110037
2005110038
2005110039
2005110040
2005110041
2005110042
2005110043
2005110044
2005110045
2005110046
2005110047
2005110048
2005110049
2005110050
2005110051
2005110052
2005110053
2005110054
2005110055
2005110056
2005110057
2005110058
2005110059
2005110060
2005110061
2005110062
2005110063
2005110064
2005110065
2005110066
2005110067
2005110068
2005110069
2005110070
2005110071
2005110072
2005110073
2005110074
2005110075
2005110076
2005110077
2005110078
2005110079
2005110080
2005110082
2005110083
2005110084
2005110085
2005110086
2005110087
2005110088
2005110089
2005110090
2005110091
2005110092
2005110093
2005110094
2005110095
2005110097
2005110098
2005110099
2005110100
2005110101
2005110102
2005110103
2005110104
2005110105
2005110106
2005110107
2005110108
2005110109
2005110110
2005110111
2005110111.0
2005110112
2005110112.0
2005110113
2005110114
2005110115
2005110116
2005110117
2005110118
2005110119
2005110120
2005110121
2005110122
2005110123
2005110124
2005110125
2005110126
2005110127
2005110128
2005110129
2005110130
2005110131
2005110132
2005110133
2005110134
2005110135
2005110136
2005110137
2005110138
2005110139
2005110140
2005110141
2005110142
2005110143
2005110144
2005110145
2005110146
2005110147
2005110148
2005110149
2005110150
2005110151
2005110152
2005110153
2005110154
2005110156
2005110157
2005110158
2005110159
2005110160
2005110161
2005110163
2005110164
2005110165
2005110166
2005110167
2005110168
2005110169
2005110170
2005110171
2005110172
2005110173
2005110174
2005110175
2005110176
2005110177
2005110178
2005110179
2005110180
2005110181
2005110182
2005110183
2005110184
2005110185
2005110186
2005110188
2005110189
2005110190
2005110191
2005110192
2005110193
2005110194
2005110195
2005110196
2005110197
2005110198
2005110199
2005110200
2005110201
2005110202
2005110203
2005110204
2005110205
2005110206
2005110207
2005110208
2005110209
2005110210
2005110211
2005110212
2005110213
2005110214
2005110215
2005110217
2005110218
2005110219
2005110220
2005110221
2005110222
2005110223
2005110224
2005110225
2005110226
2005110227
2005110228
2005110229
2005110230
2005190001
2005190002
2005190003
2005190004
2005190004.0
2005190005
2005190006
2005190007
2005190008
2005190009
2005190010
2005190011
2005190012
2005190013
2005200001
2005200002
2005200003
2005200004
2005200005
2005200006
2005200007
2005200008
2005200010
2005200011
2005200012
2005200013
2005200014
2005200015
2005200016
2005200017
2005200018
2005200019
2005200020
2005200021
2005200022
2005200023
2005200024
2005500001
2005500003
2005500005
2005500006
2005500007
2005500009
2005500010
2005500017
2005500019
2005500020
2005500022
2005500023
2005500028
2005500029
2005500032
2005502003
2005103658
2005109330
2005105698
2005500033
