2006100004
2006100005
2006100006
2006100007
2006100008
2006100009
2006100010
2006100011
2006100012
2006100013
2006100014
2006100015
2006100016
2006100017
2006100018
2006100019
2006100021
2006100022
2006100023
2006100024
2006100025
2006100026
2006100027
2006100028
2006100029
2006100030
2006100031
2006100032
2006100033
2006100034
2006100037
2006100038
2006100039
2006100040
2006100042
2006100043
2006100044
2006100045
2006100046
2006100047
2006100050
2006100052
2006100053
2006100054
2006100055
2006100056
2006100057
2006100058
2006100059
2006100060
2006100061
2006100062
2006100063
2006100064
2006100065
2006100066
2006100067
2006100068
2006100069
2006100070
2006100071
2006100072
2006100073
2006100074
2006100075
2006100076
2006100077
2006100079
2006100080
2006100081
2006100082
2006100083
2006100084
2006100085
2006100086
2006100087
2006100088
2006100089
2006100090
2006100091
2006100092
2006100097
2006100098
2006100100
2006100101
2006100102
2006100103
2006100104
2006100105
2006100106
2006100108
2006100109
2006100110
2006100111
2006100112
2006100113
2006100114
2006100115
2006100116
2006100117
2006100118
2006100119
2006100120
2006100121
2006100122
2006100123
2006100124
2006100125
2006100126
2006100128
2006100129
2006100130
2006100131
2006100132
2006100133
2006100134
2006100135
2006100136
2006100137
2006100138
2006100139
2006100141
2006100142
2006100143
2006100144
2006100145
2006100146
2006100147
2006100148
2006100149
2006100150
2006100151
2006100152
2006100153
2006100154
2006100155
2006100156
2006100157
2006100158
2006100159
2006100161
2006100162
2006100163
2006100164
2006100165
2006100166
2006100167
2006100168
2006100169
2006100170
2006100171
2006100173
2006100174
2006100175
2006100176
2006100177
2006100178
2006100179
2006100180
2006100181
2006100182
2006100183
2006100185
2006100186
2006100187
2006100188
2006100189
2006100190
2006100191
2006100192
2006100193
2006100194
2006100196
2006100197
2006100198
2006100199
2006100200
2006100202
2006100203
2006100205
2006100208
2006100209
2006100210
2006100212
2006100213
2006100214
2006100215
2006100216
2006100217
2006100218
2006100219
2006100220
2006100221
2006100222
2006100223
2006100224
2006100225
2006100226
2006100227
2006100228
2006100229
2006100230
2006100232
2006100233
2006100234
2006100235
2006100236
2006100237
2006100238
2006100239
2006100240
2006100241
2006100242
2006100243
2006100244
2006100245
2006100246
2006100248
2006100250
2006100251
2006100252
2006100254
2006100255
2006100256
2006100257
2006100258
2006100259
2006100260
2006100261
2006100262
2006100263
2006100264
2006100265
2006100266
2006100267
2006100269
2006100270
2006100271
2006100272
2006100273
2006100274
2006100275
2006100277
2006100278
2006100279
2006100280
2006100281
2006100282
2006100284
2006100285
2006100286
2006100287
2006100288
2006100289
2006100290
2006100291
2006100292
2006100293
2006100294
2006100295
2006100297
2006100298
2006100299
2006100300
2006100301
2006100302
2006100303
2006100304
2006100305
2006100306
2006100308
2006100309
2006100310
2006100311
2006100312
2006100313
2006100314
2006100315
2006100316
2006100317
2006100318
2006100319
2006100320
2006100321
2006100323
2006100324
2006100326
2006100327
2006100328
2006100329
2006100330
2006100331
2006100332
2006100333
2006100334
2006100335
2006100336
2006100337
2006100338
2006100339
2006100340
2006100341
2006100343
2006100346
2006100349
2006100351
2006100352
2006100353
2006100355
2006100356
2006100357
2006100358
2006100359
2006100360
2006100361
2006100362
2006100363
2006100364
2006100366
2006100367
2006100369
2006100370
2006100371
2006100373
2006100374
2006100375
2006100376
2006100377
2006100379
2006100380
2006100381
2006100382
2006100383
2006100384
2006100385
2006100386
2006100387
2006100388
2006100389
2006100390
2006100391
2006100392
2006100393
2006100394
2006100395
2006100396
2006100397
2006100398
2006100399
2006100400
2006100401
2006100402
2006100403
2006100404
2006100405
2006100406
2006100407
2006100408
2006100409
2006100410
2006100412
2006100413
2006100415
2006100416
2006100418
2006100419
2006100420
2006100421
2006100422
2006100425
2006100426
2006100427
2006100428
2006100429
2006100430
2006100431
2006100432
2006100433
2006100434
2006100435
2006100436
2006100437
2006100438
2006100439
2006100440
2006100441
2006100442
2006100443
2006100444
2006100445
2006100446
2006100447
2006100448
2006100449
2006100450
2006100451
2006100452
2006100453
2006100454
2006100455
2006100456
2006100457
2006100458
2006100459
2006100460
2006100461
2006100464
2006100466
2006100467
2006100468
2006100469
2006100471
2006100474
2006100475
2006100476
2006100477
2006100478
2006100479
2006100480
2006100482
2006100483
2006100484
2006100486
2006100487
2006100488
2006100489
2006100490
2006100491
2006100492
2006100493
2006100494
2006100495
2006100496
2006100497
2006100498
2006100499
2006100500
2006100501
2006100503
2006100504
2006100505
2006100506
2006100507
2006100508
2006100509
2006100510
2006100511
2006100512
2006100513
2006100514
2006100515
2006100516
2006100517
2006100518
2006100519
2006100520
2006100521
2006100522
2006100523
2006100525
2006100526
2006100527
2006100528
2006100529
2006100530
2006100531
2006100532
2006100534
2006100535
2006100536
2006100537
2006100538
2006100539
2006100540
2006100541
2006100542
2006100543
2006100544
2006100545
2006100546
2006100547
2006100548
2006100550
2006100551
2006100552
2006100553
2006100554
2006100555
2006100556
2006100557
2006100558
2006100559
2006100560
2006100561
2006100562
2006100563
2006100565
2006100566
2006100567
2006100568
2006100569
2006100570
2006100571
2006100572
2006100573
2006100574
2006100575
2006100576
2006100577
2006100578
2006100579
2006100580
2006100581
2006100582
2006100583
2006100584
2006100585
2006100586
2006100587
2006100588
2006100589
2006100590
2006100591
2006100592
2006100593
2006100594
2006100595
2006100596
2006100597
2006100598
2006100599
2006100600
2006100602
2006100603
2006100604
2006100605
2006100606
2006100607
2006100608
2006100609
2006100612
2006100613
2006100614
2006100615
2006100616
2006100617
2006100618
2006100619
2006100620
2006100621
2006100622
2006100623
2006100624
2006100626
2006100627
2006100628
2006100629
2006100630
2006100631
2006100632
2006100633
2006100634
2006100635
2006100636
2006100637
2006100638
2006100639
2006100640
2006100642
2006100643
2006100645
2006100647
2006100648
2006100649
2006100650
2006100651
2006100655
2006100656
2006100657
2006100659
2006100660
2006100661
2006100662
2006100663
2006100664
2006100665
2006100667
2006100668
2006100669
2006100670
2006100671
2006100672
2006100673
2006100674
2006100675
2006100676
2006100677
2006100678
2006100679
2006100680
2006100681
2006100682
2006100683
2006100684
2006100685
2006100686
2006100687
2006100688
2006100689
2006100690
2006100691
2006100692
2006100693
2006100694
2006100695
2006100698
2006100699
2006100700
2006100701
2006100702
2006100703
2006100704
2006100705
2006100706
2006100707
2006100708
2006100709
2006100710
2006100711
2006100712
2006100713
2006100714
2006100715
2006100716
2006100717
2006100718
2006100719
2006100720
2006100721
2006100722
2006100723
2006100724
2006100726
2006100728
2006100729
2006100731
2006100732
2006100734
2006100735
2006100736
2006100737
2006100738
2006100739
2006100740
2006100741
2006100742
2006100743
2006100744
2006100745
2006100746
2006100747
2006100748
2006100749
2006100750
2006100751
2006100753
2006100754
2006100755
2006100756
2006100757
2006100758
2006100760
2006100761
2006100762
2006100763
2006100764
2006100765
2006100766
2006100767
2006100768
2006100769
2006100770
2006100771
2006100772
2006100773
2006100774
2006100775
2006100776
2006100777
2006100779
2006100780
2006100781
2006100782
2006100783
2006100784
2006100785
2006100786
2006100787
2006100788
2006100789
2006100790
2006100791
2006100792
2006100793
2006100794
2006100795
2006100796
2006100797
2006100799
2006100800
2006100801
2006100802
2006100803
2006100804
2006100808
2006100810
2006100811
2006100812
2006100813
2006100814
2006100815
2006100816
2006100817
2006100818
2006100820
2006100821
2006100822
2006100823
2006100824
2006100825
2006100826
2006100827
2006100828
2006100829
2006100830
2006100831
2006100832
2006100833
2006100834
2006100835
2006100836
2006100837
2006100838
2006100839
2006100841
2006100842
2006100843
2006100844
2006100845
2006100846
2006100847
2006100848
2006100849
2006100850
2006100851
2006100852
2006100853
2006100854
2006100855
2006100856
2006100857
2006100858
2006100860
2006100861
2006100862
2006100863
2006100865
2006100866
2006100867
2006100868
2006100869
2006100870
2006100871
2006100872
2006100873
2006100874
2006100875
2006100876
2006100877
2006100878
2006100879
2006100880
2006100881
2006100882
2006100883
2006100884
2006100885
2006100886
2006100887
2006100888
2006100889
2006100890
2006100891
2006100892
2006100893
2006100894
2006100895
2006100896
2006100897
2006100898
2006100899
2006100900
2006100901
2006100903
2006100904
2006100905
2006100906
2006100907
2006100908
2006100910
2006100911
2006100912
2006100913
2006100914
2006100915
2006100916
2006100917
2006100918
2006100919
2006100920
2006100921
2006100922
2006100923
2006100924
2006100925
2006100926
2006100928
2006100930
2006100931
2006100932
2006100933
2006100934
2006100936
2006100937
2006100938
2006100939
2006100940
2006100941
2006100942
2006100943
2006100944
2006100945
2006100946
2006100947
2006100948
2006100949
2006100950
2006100951
2006100952
2006100953
2006100954
2006100955
2006100956
2006100957
2006100958
2006100959
2006100960
2006100961
2006100962
2006100963
2006100965
2006100966
2006100967
2006100968
2006100969
2006100970
2006100972
2006100973
2006100974
2006100975
2006100977
2006100979
2006100980
2006100981
2006100982
2006100984
2006100985
2006100986
2006100987
2006100988
2006100990
2006100991
2006100992
2006100993
2006100994
2006100996
2006100997
2006100998
2006101000
2006101001
2006101003
2006101004
2006101005
2006101006
2006101007
2006101008
2006101009
2006101010
2006101011
2006101012
2006101013
2006101014
2006101015
2006101016
2006101017
2006101018
2006101020
2006101021
2006101022
2006101023
2006101025
2006101026
2006101027
2006101028
2006101029
2006101030
2006101031
2006101032
2006101034
2006101035
2006101036
2006101038
2006101039
2006101040
2006101041
2006101042
2006101043
2006101044
2006101045
2006101046
2006101047
2006101048
2006101049
2006101050
2006101051
2006101052
2006101053
2006101054
2006101055
2006101056
2006101057
2006101058
2006101059
2006101062
2006101063
2006101064
2006101066
2006101067
2006101068
2006101069
2006101071
2006101072
2006101073
2006101074
2006101075
2006101076
2006101077
2006101078
2006101079
2006101080
2006101081
2006101082
2006101083
2006101084
2006101085
2006101086
2006101087
2006101088
2006101089
2006101090
2006101091
2006101092
2006101093
2006101094
2006101095
2006101096
2006101097
2006101098
2006101099
2006101100
2006101101
2006101102
2006101103
2006101104
2006101105
2006101106
2006101107
2006101108
2006101109
2006101111
2006101112
2006101113
2006101114
2006101116
2006101117
2006101118
2006101119
2006101120
2006101121
2006101122
2006101123
2006101125
2006101126
2006101127
2006101128
2006101129
2006101130
2006101131
2006101132
2006101133
2006101134
2006101135
2006101136
2006101137
2006101138
2006101139
2006101140
2006101141
2006101142
2006101144
2006101145
2006101146
2006101147
2006101148
2006101149
2006101150
2006101151
2006101152
2006101153
2006101154
2006101155
2006101156
2006101158
2006101159
2006101161
2006101162
2006101163
2006101164
2006101167
2006101168
2006101169
2006101171
2006101172
2006101173
2006101174
2006101175
2006101176
2006101177
2006101178
2006101179
2006101180
2006101182
2006101183
2006101184
2006101185
2006101186
2006101187
2006101189
2006101191
2006101192
2006101193
2006101194
2006101195
2006101196
2006101197
2006101198
2006101199
2006101200
2006101201
2006101202
2006101203
2006101204
2006101205
2006101206
2006101207
2006101208
2006101209
2006101210
2006101211
2006101213
2006101214
2006101215
2006101216
2006101217
2006101218
2006101219
2006101220
2006101221
2006101222
2006101224
2006101225
2006101226
2006101227
2006101228
2006101229
2006101230
2006101231
2006101232
2006101233
2006101234
2006101235
2006101236
2006101237
2006101238
2006101239
2006101240
2006101241
2006101242
2006101244
2006101245
2006101246
2006101247
2006101248
2006101249
2006101250
2006101251
2006101252
2006101253
2006101254
2006101255
2006101256
2006101257
2006101258
2006101259
2006101260
2006101261
2006101262
2006101263
2006101264
2006101267
2006101268
2006101269
2006101270
2006101271
2006101273
2006101274
2006101275
2006101276
2006101277
2006101279
2006101280
2006101281
2006101282
2006101283
2006101284
2006101285
2006101286
2006101287
2006101288
2006101289
2006101290
2006101291
2006101292
2006101293
2006101294
2006101295
2006101296
2006101297
2006101298
2006101299
2006101300
2006101301
2006101303
2006101304
2006101305
2006101306
2006101307
2006101308
2006101309
2006101310
2006101311
2006101312
2006101313
2006101314
2006101315
2006101316
2006101317
2006101318
2006101319
2006101320
2006101321
2006101322
2006101323
2006101324
2006101325
2006101327
2006101328
2006101329
2006101330
2006101331
2006101332
2006101333
2006101334
2006101335
2006101336
2006101337
2006101338
2006101339
2006101340
2006101341
2006101343
2006101345
2006101346
2006101348
2006101349
2006101350
2006101351
2006101352
2006101353
2006101354
2006101355
2006101356
2006101359
2006101360
2006101361
2006101362
2006101363
2006101364
2006101365
2006101366
2006101367
2006101368
2006101369
2006101370
2006101371
2006101372
2006101373
2006101374
2006101376
2006101377
2006101378
2006101379
2006101380
2006101381
2006101382
2006101383
2006101384
2006101385
2006101386
2006101387
2006101388
2006101389
2006101390
2006101391
2006101392
2006101393
2006101394
2006101396
2006101397
2006101398
2006101400
2006101401
2006101402
2006101403
2006101404
2006101405
2006101406
2006101407
2006101408
2006101409
2006101410
2006101411
2006101413
2006101414
2006101415
2006101416
2006101417
2006101418
2006101419
2006101422
2006101423
2006101424
2006101425
2006101426
2006101427
2006101428
2006101429
2006101430
2006101431
2006101432
2006101433
2006101434
2006101435
2006101436
2006101437
2006101438
2006101439
2006101440
2006101441
2006101442
2006101443
2006101444
2006101445
2006101446
2006101447
2006101448
2006101449
2006101450
2006101451
2006101453
2006101454
2006101455
2006101456
2006101457
2006101459
2006101460
2006101461
2006101462
2006101463
2006101465
2006101467
2006101468
2006101469
2006101470
2006101471
2006101472
2006101474
2006101475
2006101476
2006101477
2006101478
2006101479
2006101480
2006101481
2006101483
2006101484
2006101485
2006101486
2006101488
2006101489
2006101490
2006101491
2006101492
2006101493
2006101494
2006101495
2006101496
2006101497
2006101498
2006101499
2006101500
2006101501
2006101502
2006101503
2006101504
2006101505
2006101506
2006101507
2006101508
2006101509
2006101511
2006101512
2006101513
2006101514
2006101515
2006101516
2006101518
2006101519
2006101520
2006101521
2006101522
2006101523
2006101524
2006101525
2006101526
2006101527
2006101528
2006101529
2006101530
2006101531
2006101532
2006101533
2006101534
2006101535
2006101537
2006101538
2006101539
2006101540
2006101541
2006101542
2006101543
2006101544
2006101545
2006101546
2006101547
2006101549
2006101550
2006101551
2006101552
2006101553
2006101555
2006101556
2006101557
2006101558
2006101559
2006101560
2006101561
2006101562
2006101563
2006101564
2006101565
2006101566
2006101567
2006101568
2006101569
2006101570
2006101571
2006101573
2006101574
2006101576
2006101577
2006101579
2006101580
2006101581
2006101582
2006101583
2006101584
2006101585
2006101586
2006101587
2006101588
2006101589
2006101590
2006101591
2006101593
2006101594
2006101595
2006101597
2006101599
2006101600
2006101601
2006101602
2006101603
2006101604
2006101605
2006101606
2006101607
2006101608
2006101609
2006101610
2006101611
2006101612
2006101613
2006101614
2006101615
2006101616
2006101618
2006101619
2006101620
2006101621
2006101623
2006101624
2006101627
2006101628
2006101629
2006101630
2006101632
2006101633
2006101634
2006101635
2006101638
2006101639
2006101640
2006101641
2006101642
2006101643
2006101644
2006101645
2006101646
2006101647
2006101648
2006101649
2006101650
2006101652
2006101653
2006101654
2006101655
2006101656
2006101657
2006101658
2006101660
2006101662
2006101663
2006101664
2006101665
2006101667
2006101668
2006101669
2006101670
2006101671
2006101673
2006101674
2006101675
2006101676
2006101679
2006101680
2006101681
2006101682
2006101683
2006101684
2006101685
2006101686
2006101687
2006101688
2006101689
2006101690
2006101691
2006101692
2006101693
2006101694
2006101695
2006101696
2006101697
2006101698
2006101699
2006101700
2006101701
2006101702
2006101703
2006101704
2006101705
2006101706
2006101707
2006101708
2006101709
2006101710
2006101711
2006101712
2006101713
2006101714
2006101715
2006101717
2006101718
2006101719
2006101720
2006101721
2006101722
2006101723
2006101724
2006101725
2006101726
2006101727
2006101728
2006101729
2006101730
2006101731
2006101733
2006101734
2006101735
2006101737
2006101738
2006101739
2006101740
2006101741
2006101742
2006101743
2006101744
2006101745
2006101746
2006101747
2006101748
2006101749
2006101750
2006101751
2006101752
2006101753
2006101754
2006101755
2006101757
2006101758
2006101759
2006101760
2006101761
2006101762
2006101763
2006101764
2006101765
2006101766
2006101767
2006101768
2006101769
2006101770
2006101771
2006101772
2006101773
2006101774
2006101775
2006101776
2006101777
2006101779
2006101780
2006101781
2006101782
2006101783
2006101784
2006101785
2006101786
2006101787
2006101788
2006101789
2006101790
2006101791
2006101792
2006101793
2006101794
2006101795
2006101796
2006101797
2006101798
2006101799
2006101801
2006101802
2006101803
2006101804
2006101805
2006101806
2006101807
2006101808
2006101809
2006101811
2006101812
2006101813
2006101814
2006101815
2006101816
2006101818
2006101819
2006101820
2006101821
2006101822
2006101823
2006101824
2006101825
2006101826
2006101827
2006101828
2006101829
2006101830
2006101831
2006101832
2006101833
2006101834
2006101835
2006101836
2006101838
2006101839
2006101840
2006101841
2006101842
2006101843
2006101844
2006101845
2006101846
2006101848
2006101849
2006101850
2006101851
2006101852
2006101853
2006101854
2006101855
2006101856
2006101857
2006101858
2006101859
2006101861
2006101862
2006101864
2006101865
2006101866
2006101867
2006101868
2006101869
2006101870
2006101871
2006101872
2006101873
2006101874
2006101875
2006101876
2006101877
2006101878
2006101879
2006101880
2006101881
2006101882
2006101883
2006101884
2006101885
2006101886
2006101887
2006101888
2006101889
2006101890
2006101891
2006101892
2006101893
2006101894
2006101895
2006101896
2006101897
2006101898
2006101899
2006101900
2006101901
2006101902
2006101904
2006101905
2006101906
2006101907
2006101908
2006101909
2006101910
2006101911
2006101912
2006101913
2006101914
2006101915
2006101916
2006101918
2006101919
2006101920
2006101921
2006101923
2006101924
2006101925
2006101926
2006101927
2006101929
2006101930
2006101931
2006101932
2006101933
2006101934
2006101935
2006101936
2006101937
2006101938
2006101939
2006101940
2006101941
2006101942
2006101943
2006101945
2006101946
2006101947
2006101948
2006101949
2006101951
2006101952
2006101953
2006101954
2006101955
2006101956
2006101957
2006101958
2006101959
2006101960
2006101962
2006101963
2006101964
2006101965
2006101966
2006101967
2006101968
2006101969
2006101970
2006101971
2006101972
2006101973
2006101974
2006101975
2006101976
2006101977
2006101978
2006101979
2006101980
2006101981
2006101982
2006101984
2006101985
2006101986
2006101987
2006101988
2006101990
2006101991
2006101992
2006101993
2006101994
2006101995
2006101996
2006101997
2006101998
2006101999
2006102000
2006102001
2006102002
2006102003
2006102004
2006102005
2006102006
2006102008
2006102010
2006102011
2006102012
2006102013
2006102014
2006102015
2006102016
2006102017
2006102018
2006102019
2006102020
2006102021
2006102024
2006102025
2006102026
2006102028
2006102029
2006102030
2006102031
2006102032
2006102033
2006102034
2006102036
2006102038
2006102039
2006102040
2006102041
2006102042
2006102043
2006102044
2006102045
2006102046
2006102047
2006102048
2006102049
2006102050
2006102051
2006102052
2006102053
2006102054
2006102055
2006102056
2006102058
2006102059
2006102060
2006102061
2006102062
2006102063
2006102064
2006102065
2006102066
2006102067
2006102068
2006102069
2006102070
2006102072
2006102073
2006102074
2006102075
2006102076
2006102077
2006102078
2006102080
2006102082
2006102083
2006102084
2006102085
2006102086
2006102087
2006102088
2006102089
2006102090
2006102091
2006102092
2006102093
2006102094
2006102095
2006102096
2006102097
2006102098
2006102099
2006102100
2006102101
2006102102
2006102103
2006102104
2006102105
2006102106
2006102107
2006102108
2006102109
2006102110
2006102111
2006102112
2006102113
2006102114
2006102115
2006102116
2006102117
2006102118
2006102119
2006102120
2006102121
2006102122
2006102123
2006102125
2006102127
2006102128
2006102129
2006102130
2006102131
2006102133
2006102134
2006102139
2006102140
2006102141
2006102142
2006102143
2006102144
2006102145
2006102146
2006102147
2006102148
2006102149
2006102150
2006102151
2006102152
2006102153
2006102154
2006102155
2006102156
2006102157
2006102159
2006102160
2006102161
2006102162
2006102163
2006102164
2006102165
2006102166
2006102167
2006102168
2006102169
2006102170
2006102171
2006102172
2006102173
2006102174
2006102175
2006102176
2006102177
2006102178
2006102179
2006102180
2006102181
2006102182
2006102183
2006102184
2006102185
2006102186
2006102187
2006102188
2006102189
2006102190
2006102191
2006102194
2006102196
2006102198
2006102199
2006102201
2006102202
2006102203
2006102204
2006102205
2006102206
2006102207
2006102208
2006102209
2006102210
2006102211
2006102212
2006102213
2006102214
2006102215
2006102216
2006102217
2006102218
2006102219
2006102220
2006102221
2006102222
2006102223
2006102224
2006102225
2006102226
2006102227
2006102228
2006102229
2006102230
2006102231
2006102232
2006102233
2006102234
2006102235
2006102236
2006102237
2006102238
2006102239
2006102240
2006102241
2006102242
2006102243
2006102244
2006102245
2006102246
2006102248
2006102249
2006102250
2006102251
2006102253
2006102254
2006102255
2006102256
2006102257
2006102258
2006102259
2006102260
2006102261
2006102263
2006102264
2006102265
2006102266
2006102268
2006102269
2006102270
2006102271
2006102272
2006102273
2006102274
2006102275
2006102276
2006102277
2006102278
2006102279
2006102280
2006102281
2006102282
2006102283
2006102284
2006102285
2006102286
2006102287
2006102288
2006102289
2006102290
2006102291
2006102292
2006102293
2006102294
2006102295
2006102296
2006102297
2006102298
2006102299
2006102300
2006102301
2006102302
2006102303
2006102304
2006102305
2006102306
2006102307
2006102308
2006102309
2006102310
2006102311
2006102312
2006102313
2006102314
2006102315
2006102316
2006102317
2006102318
2006102319
2006102320
2006102321
2006102322
2006102323
2006102324
2006102325
2006102326
2006102327
2006102328
2006102329
2006102330
2006102331
2006102332
2006102333
2006102334
2006102335
2006102336
2006102337
2006102338
2006102339
2006102340
2006102341
2006102342
2006102343
2006102344
2006102345
2006102346
2006102347
2006102348
2006102349
2006102350
2006102351
2006102352
2006102353
2006102354
2006102355
2006102356
2006102357
2006102358
2006102359
2006102360
2006102362
2006102364
2006102365
2006102366
2006102367
2006102368
2006102369
2006102370
2006102371
2006102372
2006102374
2006102375
2006102376
2006102377
2006102378
2006102379
2006102380
2006102381
2006102382
2006102383
2006102384
2006102386
2006102387
2006102388
2006102389
2006102390
2006102391
2006102392
2006102393
2006102394
2006102395
2006102396
2006102397
2006102398
2006102399
2006102400
2006102401
2006102403
2006102404
2006102405
2006102406
2006102407
2006102408
2006102409
2006102410
2006102411
2006102412
2006102413
2006102414
2006102417
2006102418
2006102419
2006102420
2006102421
2006102422
2006102423
2006102424
2006102425
2006102426
2006102427
2006102428
2006102429
2006102430
2006102431
2006102432
2006102433
2006102434
2006102435
2006102437
2006102438
2006102439
2006102440
2006102441
2006102442
2006102443
2006102444
2006102445
2006102446
2006102447
2006102448
2006102449
2006102450
2006102451
2006102452
2006102453
2006102454
2006102456
2006102457
2006102458
2006102459
2006102460
2006102461
2006102462
2006102463
2006102464
2006102465
2006102466
2006102467
2006102469
2006102470
2006102471
2006102472
2006102473
2006102474
2006102475
2006102476
2006102477
2006102478
2006102479
2006102480
2006102481
2006102482
2006102483
2006102486
2006102487
2006102488
2006102489
2006102490
2006102491
2006102492
2006102493
2006102494
2006102495
2006102496
2006102497
2006102498
2006102499
2006102500
2006102501
2006102502
2006102503
2006102504
2006102505
2006102506
2006102507
2006102508
2006102509
2006102510
2006102512
2006102513
2006102514
2006102515
2006102516
2006102517
2006102519
2006102520
2006102521
2006102522
2006102523
2006102524
2006102525
2006102530
2006102531
2006102532
2006102533
2006102534
2006102535
2006102536
2006102538
2006102540
2006102541
2006102542
2006102543
2006102544
2006102545
2006102546
2006102547
2006102548
2006102549
2006102550
2006102551
2006102552
2006102554
2006102555
2006102557
2006102559
2006102561
2006102563
2006102564
2006102565
2006102566
2006102567
2006102568
2006102570
2006102571
2006102572
2006102573
2006102574
2006102575
2006102576
2006102578
2006102579
2006102580
2006102581
2006102582
2006102583
2006102584
2006102586
2006102587
2006102588
2006102589
2006102590
2006102591
2006102593
2006102594
2006102596
2006102597
2006102598
2006102600
2006102601
2006102602
2006102604
2006102605
2006102606
2006102607
2006102608
2006102609
2006102610
2006102611
2006102612
2006102613
2006102614
2006102615
2006102616
2006102617
2006102618
2006102620
2006102621
2006102622
2006102623
2006102624
2006102625
2006102627
2006102628
2006102629
2006102630
2006102631
2006102632
2006102633
2006102634
2006102635
2006102636
2006102637
2006102638
2006102639
2006102640
2006102641
2006102642
2006102643
2006102645
2006102647
2006102648
2006102649
2006102650
2006102651
2006102652
2006102653
2006102654
2006102655
2006102656
2006102657
2006102658
2006102660
2006102661
2006102662
2006102663
2006102664
2006102665
2006102666
2006102667
2006102668
2006102669
2006102670
2006102671
2006102672
2006102673
2006102674
2006102675
2006102676
2006102677
2006102678
2006102679
2006102680
2006102681
2006102682
2006102683
2006102684
2006102685
2006102686
2006102687
2006102688
2006102689
2006102690
2006102691
2006102692
2006102693
2006102694
2006102696
2006102697
2006102698
2006102699
2006102700
2006102701
2006102702
2006102703
2006102704
2006102705
2006102706
2006102707
2006102709
2006102710
2006102711
2006102712
2006102713
2006102714
2006102715
2006102716
2006102717
2006102718
2006102719
2006102720
2006102721
2006102723
2006102725
2006102727
2006102729
2006102730
2006102731
2006102732
2006102733
2006102734
2006102735
2006102736
2006102737
2006102738
2006102739
2006102740
2006102741
2006102742
2006102744
2006102745
2006102746
2006102748
2006102749
2006102750
2006102751
2006102753
2006102754
2006102755
2006102756
2006102757
2006102758
2006102759
2006102760
2006102761
2006102762
2006102763
2006102764
2006102765
2006102766
2006102767
2006102768
2006102769
2006102770
2006102771
2006102772
2006102774
2006102775
2006102776
2006102777
2006102778
2006102779
2006102780
2006102781
2006102782
2006102783
2006102784
2006102785
2006102786
2006102787
2006102788
2006102789
2006102790
2006102791
2006102792
2006102793
2006102794
2006102795
2006102796
2006102797
2006102798
2006102799
2006102800
2006102801
2006102802
2006102803
2006102804
2006102805
2006102806
2006102807
2006102808
2006102809
2006102811
2006102812
2006102813
2006102814
2006102815
2006102816
2006102817
2006102818
2006102819
2006102820
2006102821
2006102822
2006102823
2006102824
2006102825
2006102826
2006102827
2006102828
2006102829
2006102831
2006102832
2006102833
2006102834
2006102835
2006102837
2006102838
2006102839
2006102841
2006102842
2006102843
2006102844
2006102845
2006102846
2006102847
2006102848
2006102849
2006102850
2006102851
2006102852
2006102853
2006102854
2006102855
2006102856
2006102857
2006102858
2006102859
2006102860
2006102861
2006102862
2006102863
2006102864
2006102865
2006102866
2006102867
2006102868
2006102869
2006102870
2006102871
2006102872
2006102873
2006102874
2006102875
2006102877
2006102878
2006102879
2006102880
2006102881
2006102882
2006102883
2006102884
2006102885
2006102886
2006102887
2006102888
2006102889
2006102890
2006102891
2006102892
2006102893
2006102894
2006102895
2006102896
2006102897
2006102898
2006102899
2006102900
2006102901
2006102902
2006102903
2006102904
2006102905
2006102906
2006102907
2006102909
2006102910
2006102911
2006102912
2006102913
2006102914
2006102916
2006102917
2006102918
2006102919
2006102920
2006102921
2006102922
2006102923
2006102924
2006102925
2006102926
2006102927
2006102928
2006102929
2006102931
2006102932
2006102933
2006102934
2006102935
2006102936
2006102937
2006102938
2006102939
2006102940
2006102941
2006102942
2006102943
2006102944
2006102945
2006102946
2006102947
2006102948
2006102949
2006102950
2006102951
2006102952
2006102953
2006102954
2006102955
2006102956
2006102957
2006102958
2006102959
2006102960
2006102961
2006102962
2006102964
2006102965
2006102966
2006102967
2006102968
2006102969
2006102970
2006102971
2006102973
2006102974
2006102975
2006102976
2006102977
2006102978
2006102979
2006102980
2006102981
2006102982
2006102983
2006102984
2006102985
2006102986
2006102987
2006102988
2006102989
2006102990
2006102992
2006102993
2006102994
2006102995
2006102996
2006102997
2006102998
2006102999
2006103000
2006103001
2006103002
2006103003
2006103004
2006103005
2006103006
2006103007
2006103008
2006103009
2006103010
2006103011
2006103012
2006103013
2006103014
2006103015
2006103016
2006103018
2006103019
2006103020
2006103021
2006103023
2006103024
2006103025
2006103026
2006103027
2006103028
2006103029
2006103030
2006103032
2006103034
2006103035
2006103036
2006103037
2006103038
2006103039
2006103041
2006103042
2006103043
2006103044
2006103045
2006103046
2006103047
2006103048
2006103049
2006103050
2006103051
2006103052
2006103053
2006103054
2006103055
2006103056
2006103057
2006103058
2006103060
2006103061
2006103062
2006103063
2006103064
2006103065
2006103066
2006103067
2006103068
2006103069
2006103070
2006103071
2006103072
2006103073
2006103074
2006103075
2006103076
2006103077
2006103078
2006103079
2006103080
2006103081
2006103082
2006103083
2006103084
2006103085
2006103086
2006103087
2006103088
2006103089
2006103090
2006103091
2006103092
2006103093
2006103094
2006103095
2006103096
2006103098
2006103099
2006103100
2006103101
2006103102
2006103103
2006103104
2006103105
2006103106
2006103107
2006103108
2006103109
2006103110
2006103111
2006103112
2006103113
2006103114
2006103116
2006103117
2006103118
2006103119
2006103120
2006103121
2006103122
2006103123
2006103124
2006103125
2006103126
2006103127
2006103128
2006103129
2006103131
2006103132
2006103133
2006103134
2006103135
2006103136
2006103137
2006103138
2006103139
2006103140
2006103141
2006103142
2006103143
2006103144
2006103145
2006103146
2006103147
2006103148
2006103149
2006103150
2006103151
2006103152
2006103153
2006103154
2006103155
2006103157
2006103158
2006103159
2006103160
2006103161
2006103162
2006103163
2006103164
2006103165
2006103166
2006103167
2006103168
2006103169
2006103170
2006103171
2006103172
2006103174
2006103175
2006103176
2006103177
2006103178
2006103179
2006103180
2006103181
2006103182
2006103183
2006103184
2006103185
2006103186
2006103187
2006103188
2006103189
2006103190
2006103191
2006103192
2006103193
2006103194
2006103195
2006103196
2006103197
2006103198
2006103199
2006103200
2006103202
2006103203
2006103204
2006103205
2006103206
2006103207
2006103208
2006103210
2006103212
2006103213
2006103214
2006103215
2006103216
2006103217
2006103218
2006103219
2006103220
2006103221
2006103222
2006103223
2006103225
2006103226
2006103227
2006103228
2006103229
2006103230
2006103231
2006103232
2006103233
2006103234
2006103235
2006103236
2006103237
2006103238
2006103239
2006103240
2006103241
2006103242
2006103243
2006103244
2006103245
2006103246
2006103247
2006103249
2006103250
2006103251
2006103252
2006103253
2006103254
2006103256
2006103257
2006103258
2006103259
2006103260
2006103261
2006103262
2006103263
2006103264
2006103265
2006103266
2006103267
2006103268
2006103269
2006103270
2006103271
2006103272
2006103273
2006103274
2006103275
2006103276
2006103277
2006103278
2006103279
2006103280
2006103281
2006103284
2006103285
2006103286
2006103287
2006103289
2006103290
2006103291
2006103292
2006103293
2006103294
2006103295
2006103297
2006103299
2006103300
2006103301
2006103302
2006103303
2006103304
2006103305
2006103306
2006103308
2006103309
2006103310
2006103312
2006103313
2006103314
2006103315
2006103316
2006103317
2006103318
2006103319
2006103320
2006103321
2006103322
2006103323
2006103324
2006103325
2006103327
2006103329
2006103330
2006103331
2006103332
2006103333
2006103335
2006103337
2006103338
2006103339
2006103340
2006103341
2006103342
2006103343
2006103344
2006103345
2006103346
2006103347
2006103348
2006103349
2006103350
2006103351
2006103352
2006103353
2006103354
2006103357
2006103358
2006103359
2006103361
2006103362
2006103364
2006103365
2006103366
2006103367
2006103368
2006103369
2006103370
2006103371
2006103372
2006103373
2006103374
2006103375
2006103376
2006103377
2006103378
2006103379
2006103381
2006103382
2006103383
2006103384
2006103385
2006103386
2006103387
2006103389
2006103391
2006103392
2006103393
2006103394
2006103395
2006103396
2006103397
2006103398
2006103399
2006103400
2006103401
2006103402
2006103404
2006103405
2006103406
2006103407
2006103408
2006103409
2006103410
2006103411
2006103412
2006103413
2006103414
2006103416
2006103417
2006103418
2006103419
2006103420
2006103421
2006103422
2006103423
2006103426
2006103427
2006103428
2006103429
2006103430
2006103432
2006103434
2006103435
2006103436
2006103437
2006103438
2006103439
2006103441
2006103442
2006103443
2006103445
2006103446
2006103447
2006103448
2006103449
2006103450
2006103451
2006103452
2006103453
2006103454
2006103455
2006103456
2006103457
2006103458
2006103459
2006103460
2006103461
2006103462
2006103463
2006103464
2006103465
2006103466
2006103467
2006103468
2006103469
2006103470
2006103471
2006103472
2006103473
2006103474
2006103475
2006103477
2006103478
2006103479
2006103480
2006103481
2006103482
2006103483
2006103484
2006103485
2006103486
2006103487
2006103488
2006103489
2006103490
2006103491
2006103492
2006103493
2006103494
2006103496
2006103497
2006103498
2006103499
2006103500
2006103501
2006103502
2006103503
2006103505
2006103506
2006103507
2006103508
2006103509
2006103510
2006103511
2006103512
2006103513
2006103514
2006103515
2006103516
2006103517
2006103518
2006103519
2006103521
2006103522
2006103523
2006103524
2006103525
2006103526
2006103527
2006103528
2006103529
2006103530
2006103531
2006103532
2006103533
2006103534
2006103535
2006103536
2006103537
2006103538
2006103539
2006103540
2006103541
2006103542
2006103543
2006103544
2006103545
2006103546
2006103547
2006103548
2006103549
2006103550
2006103551
2006103552
2006103553
2006103554
2006103555
2006103557
2006103558
2006103559
2006103560
2006103561
2006103562
2006103564
2006103565
2006103566
2006103567
2006103568
2006103569
2006103570
2006103571
2006103572
2006103574
2006103575
2006103576
2006103577
2006103578
2006103579
2006103580
2006103581
2006103582
2006103584
2006103585
2006103586
2006103587
2006103588
2006103590
2006103591
2006103592
2006103593
2006103594
2006103595
2006103596
2006103597
2006103598
2006103599
2006103600
2006103601
2006103602
2006103603
2006103604
2006103606
2006103607
2006103608
2006103609
2006103610
2006103611
2006103612
2006103613
2006103614
2006103615
2006103616
2006103617
2006103618
2006103620
2006103621
2006103622
2006103623
2006103624
2006103625
2006103626
2006103627
2006103628
2006103629
2006103630
2006103631
2006103633
2006103634
2006103635
2006103636
2006103638
2006103639
2006103640
2006103642
2006103643
2006103644
2006103645
2006103647
2006103648
2006103649
2006103650
2006103651
2006103652
2006103653
2006103654
2006103655
2006103656
2006103657
2006103658
2006103659
2006103660
2006103661
2006103662
2006103663
2006103664
2006103665
2006103666
2006103667
2006103668
2006103669
2006103670
2006103671
2006103672
2006103674
2006103675
2006103676
2006103677
2006103680
2006103681
2006103682
2006103683
2006103684
2006103685
2006103686
2006103687
2006103688
2006103689
2006103690
2006103691
2006103692
2006103693
2006103694
2006103695
2006103696
2006103697
2006103699
2006103700
2006103702
2006103703
2006103704
2006103705
2006103706
2006103707
2006103708
2006103709
2006103710
2006103712
2006103713
2006103714
2006103715
2006103716
2006103717
2006103718
2006103720
2006103721
2006103722
2006103723
2006103724
2006103725
2006103726
2006103727
2006103728
2006103729
2006103730
2006103731
2006103732
2006103733
2006103734
2006103735
2006103736
2006103737
2006103738
2006103739
2006103740
2006103741
2006103742
2006103743
2006103744
2006103745
2006103746
2006103747
2006103750
2006103751
2006103752
2006103753
2006103754
2006103755
2006103756
2006103758
2006103759
2006103760
2006103761
2006103763
2006103764
2006103765
2006103766
2006103767
2006103768
2006103769
2006103770
2006103771
2006103773
2006103774
2006103775
2006103776
2006103777
2006103778
2006103779
2006103780
2006103781
2006103782
2006103783
2006103784
2006103785
2006103786
2006103787
2006103788
2006103789
2006103790
2006103791
2006103792
2006103793
2006103794
2006103795
2006103796
2006103797
2006103798
2006103799
2006103800
2006103801
2006103802
2006103803
2006103805
2006103806
2006103807
2006103808
2006103809
2006103810
2006103811
2006103812
2006103813
2006103814
2006103815
2006103816
2006103817
2006103819
2006103820
2006103821
2006103822
2006103823
2006103824
2006103825
2006103826
2006103827
2006103828
2006103829
2006103830
2006103831
2006103832
2006103833
2006103834
2006103835
2006103836
2006103837
2006103838
2006103839
2006103841
2006103842
2006103843
2006103844
2006103845
2006103847
2006103848
2006103849
2006103850
2006103851
2006103852
2006103853
2006103854
2006103855
2006103856
2006103858
2006103859
2006103860
2006103863
2006103864
2006103867
2006103868
2006103869
2006103870
2006103871
2006103872
2006103874
2006103875
2006103876
2006103877
2006103878
2006103879
2006103880
2006103881
2006103883
2006103884
2006103885
2006103886
2006103887
2006103888
2006103889
2006103890
2006103891
2006103892
2006103893
2006103894
2006103895
2006103896
2006103897
2006103898
2006103899
2006103900
2006103901
2006103902
2006103905
2006103906
2006103907
2006103908
2006103909
2006103910
2006103911
2006103912
2006103913
2006103914
2006103915
2006103916
2006103917
2006103918
2006103919
2006103920
2006103922
2006103923
2006103924
2006103925
2006103926
2006103927
2006103929
2006103930
2006103931
2006103932
2006103934
2006103935
2006103936
2006103939
2006103940
2006103941
2006103942
2006103943
2006103944
2006103945
2006103946
2006103947
2006103948
2006103950
2006103951
2006103952
2006103953
2006103954
2006103955
2006103956
2006103957
2006103958
2006103959
2006103960
2006103961
2006103962
2006103963
2006103964
2006103965
2006103966
2006103968
2006103969
2006103970
2006103971
2006103972
2006103973
2006103974
2006103975
2006103976
2006103977
2006103978
2006103979
2006103980
2006103981
2006103982
2006103983
2006103984
2006103985
2006103987
2006103988
2006103989
2006103990
2006103991
2006103992
2006103993
2006103995
2006103996
2006103997
2006103998
2006103999
2006104000
2006104001
2006104003
2006104005
2006104006
2006104007
2006104008
2006104009
2006104011
2006104012
2006104013
2006104014
2006104015
2006104016
2006104018
2006104019
2006104020
2006104021
2006104022
2006104023
2006104024
2006104025
2006104027
2006104028
2006104029
2006104032
2006104033
2006104034
2006104035
2006104036
2006104038
2006104039
2006104040
2006104041
2006104043
2006104044
2006104045
2006104047
2006104048
2006104049
2006104050
2006104051
2006104052
2006104053
2006104054
2006104055
2006104057
2006104058
2006104059
2006104060
2006104061
2006104062
2006104064
2006104065
2006104066
2006104067
2006104068
2006104069
2006104070
2006104071
2006104072
2006104073
2006104074
2006104075
2006104076
2006104077
2006104078
2006104079
2006104080
2006104081
2006104082
2006104083
2006104084
2006104085
2006104086
2006104087
2006104088
2006104089
2006104090
2006104091
2006104092
2006104094
2006104095
2006104096
2006104097
2006104098
2006104100
2006104101
2006104102
2006104103
2006104105
2006104106
2006104107
2006104108
2006104109
2006104110
2006104111
2006104113
2006104114
2006104115
2006104116
2006104117
2006104118
2006104119
2006104120
2006104121
2006104122
2006104123
2006104124
2006104125
2006104126
2006104127
2006104128
2006104129
2006104130
2006104131
2006104133
2006104135
2006104136
2006104138
2006104139
2006104140
2006104142
2006104143
2006104144
2006104145
2006104146
2006104147
2006104148
2006104149
2006104150
2006104151
2006104152
2006104153
2006104154
2006104155
2006104156
2006104157
2006104158
2006104159
2006104160
2006104161
2006104163
2006104165
2006104166
2006104167
2006104168
2006104169
2006104170
2006104171
2006104172
2006104173
2006104174
2006104175
2006104176
2006104177
2006104178
2006104179
2006104180
2006104181
2006104182
2006104183
2006104186
2006104187
2006104188
2006104189
2006104190
2006104191
2006104192
2006104193
2006104194
2006104195
2006104196
2006104197
2006104198
2006104200
2006104201
2006104202
2006104204
2006104205
2006104207
2006104209
2006104211
2006104212
2006104213
2006104214
2006104215
2006104216
2006104217
2006104218
2006104219
2006104220
2006104221
2006104222
2006104223
2006104224
2006104225
2006104226
2006104227
2006104228
2006104229
2006104230
2006104231
2006104232
2006104233
2006104234
2006104235
2006104236
2006104237
2006104239
2006104240
2006104241
2006104242
2006104243
2006104244
2006104246
2006104247
2006104248
2006104249
2006104250
2006104252
2006104253
2006104254
2006104256
2006104257
2006104258
2006104259
2006104261
2006104262
2006104263
2006104264
2006104265
2006104266
2006104267
2006104268
2006104269
2006104270
2006104271
2006104272
2006104273
2006104274
2006104275
2006104276
2006104277
2006104278
2006104279
2006104280
2006104281
2006104282
2006104283
2006104284
2006104286
2006104287
2006104288
2006104289
2006104290
2006104291
2006104292
2006104293
2006104294
2006104295
2006104297
2006104298
2006104299
2006104300
2006104301
2006104302
2006104303
2006104304
2006104305
2006104306
2006104307
2006104308
2006104310
2006104311
2006104312
2006104313
2006104315
2006104316
2006104317
2006104318
2006104319
2006104320
2006104321
2006104322
2006104323
2006104324
2006104325
2006104326
2006104328
2006104329
2006104330
2006104331
2006104332
2006104333
2006104334
2006104335
2006104336
2006104337
2006104338
2006104339
2006104340
2006104341
2006104342
2006104343
2006104344
2006104345
2006104346
2006104347
2006104348
2006104349
2006104350
2006104351
2006104352
2006104353
2006104354
2006104355
2006104356
2006104357
2006104358
2006104359
2006104360
2006104361
2006104362
2006104363
2006104364
2006104365
2006104366
2006104367
2006104368
2006104369
2006104370
2006104371
2006104372
2006104373
2006104375
2006104376
2006104377
2006104379
2006104381
2006104382
2006104383
2006104384
2006104385
2006104386
2006104387
2006104388
2006104389
2006104390
2006104391
2006104392
2006104393
2006104395
2006104396
2006104397
2006104398
2006104399
2006104400
2006104402
2006104403
2006104404
2006104405
2006104406
2006104407
2006104408
2006104409
2006104410
2006104411
2006104412
2006104413
2006104415
2006104417
2006104418
2006104419
2006104420
2006104421
2006104422
2006104423
2006104424
2006104426
2006104427
2006104429
2006104430
2006104431
2006104432
2006104433
2006104434
2006104435
2006104436
2006104437
2006104438
2006104439
2006104441
2006104442
2006104443
2006104444
2006104445
2006104446
2006104447
2006104449
2006104450
2006104451
2006104452
2006104454
2006104455
2006104456
2006104457
2006104458
2006104460
2006104461
2006104462
2006104463
2006104465
2006104467
2006104469
2006104471
2006104472
2006104473
2006104474
2006104475
2006104476
2006104477
2006104479
2006104480
2006104481
2006104482
2006104483
2006104484
2006104485
2006104486
2006104487
2006104488
2006104489
2006104490
2006104491
2006104492
2006104493
2006104494
2006104495
2006104496
2006104498
2006104499
2006104500
2006104501
2006104502
2006104503
2006104504
2006104505
2006104506
2006104507
2006104508
2006104509
2006104510
2006104512
2006104513
2006104514
2006104515
2006104516
2006104517
2006104518
2006104519
2006104520
2006104521
2006104522
2006104523
2006104524
2006104525
2006104526
2006104527
2006104528
2006104529
2006104530
2006104531
2006104532
2006104533
2006104534
2006104535
2006104536
2006104537
2006104538
2006104539
2006104540
2006104541
2006104542
2006104543
2006104544
2006104545
2006104546
2006104547
2006104548
2006104549
2006104550
2006104551
2006104552
2006104554
2006104555
2006104558
2006104559
2006104560
2006104561
2006104563
2006104564
2006104566
2006104567
2006104568
2006104569
2006104570
2006104571
2006104572
2006104574
2006104576
2006104577
2006104578
2006104579
2006104580
2006104581
2006104582
2006104583
2006104584
2006104585
2006104586
2006104587
2006104588
2006104589
2006104592
2006104593
2006104595
2006104596
2006104597
2006104598
2006104599
2006104600
2006104601
2006104602
2006104604
2006104605
2006104607
2006104608
2006104609
2006104610
2006104611
2006104612
2006104613
2006104615
2006104616
2006104617
2006104618
2006104619
2006104621
2006104622
2006104623
2006104624
2006104625
2006104626
2006104627
2006104628
2006104629
2006104630
2006104631
2006104632
2006104633
2006104634
2006104636
2006104637
2006104638
2006104639
2006104640
2006104642
2006104643
2006104644
2006104645
2006104646
2006104647
2006104648
2006104649
2006104650
2006104651
2006104652
2006104653
2006104655
2006104656
2006104657
2006104658
2006104659
2006104660
2006104661
2006104662
2006104663
2006104664
2006104665
2006104666
2006104667
2006104668
2006104670
2006104672
2006104673
2006104676
2006104677
2006104678
2006104679
2006104680
2006104681
2006104682
2006104683
2006104684
2006104685
2006104686
2006104687
2006104688
2006104689
2006104690
2006104691
2006104692
2006104693
2006104694
2006104695
2006104696
2006104697
2006104698
2006104699
2006104700
2006104701
2006104702
2006104703
2006104705
2006104707
2006104708
2006104709
2006104710
2006104711
2006104712
2006104713
2006104714
2006104715
2006104716
2006104717
2006104718
2006104719
2006104720
2006104721
2006104722
2006104723
2006104724
2006104725
2006104727
2006104728
2006104729
2006104730
2006104731
2006104732
2006104733
2006104734
2006104735
2006104736
2006104737
2006104738
2006104739
2006104740
2006104741
2006104743
2006104744
2006104745
2006104746
2006104747
2006104748
2006104750
2006104751
2006104752
2006104753
2006104754
2006104755
2006104756
2006104757
2006104758
2006104759
2006104760
2006104761
2006104762
2006104763
2006104764
2006104765
2006104766
2006104767
2006104768
2006104769
2006104770
2006104771
2006104773
2006104774
2006104775
2006104776
2006104777
2006104778
2006104779
2006104780
2006104782
2006104783
2006104784
2006104785
2006104786
2006104787
2006104788
2006104789
2006104790
2006104791
2006104792
2006104793
2006104794
2006104795
2006104796
2006104797
2006104798
2006104799
2006104801
2006104802
2006104803
2006104804
2006104805
2006104806
2006104807
2006104808
2006104809
2006104810
2006104811
2006104813
2006104814
2006104815
2006104816
2006104817
2006104818
2006104819
2006104820
2006104821
2006104823
2006104825
2006104826
2006104827
2006104828
2006104829
2006104830
2006104831
2006104832
2006104833
2006104834
2006104836
2006104837
2006104838
2006104839
2006104840
2006104841
2006104842
2006104843
2006104844
2006104845
2006104846
2006104847
2006104848
2006104850
2006104851
2006104852
2006104854
2006104855
2006104856
2006104857
2006104859
2006104860
2006104862
2006104863
2006104864
2006104865
2006104866
2006104867
2006104868
2006104869
2006104870
2006104871
2006104872
2006104873
2006104874
2006104875
2006104876
2006104877
2006104878
2006104879
2006104880
2006104881
2006104882
2006104883
2006104884
2006104885
2006104886
2006104887
2006104888
2006104889
2006104890
2006104891
2006104892
2006104893
2006104894
2006104895
2006104896
2006104897
2006104898
2006104899
2006104900
2006104901
2006104902
2006104903
2006104904
2006104905
2006104906
2006104907
2006104908
2006104909
2006104910
2006104911
2006104912
2006104913
2006104914
2006104915
2006104916
2006104917
2006104918
2006104919
2006104920
2006104922
2006104923
2006104924
2006104925
2006104926
2006104927
2006104928
2006104930
2006104931
2006104932
2006104933
2006104934
2006104935
2006104936
2006104937
2006104938
2006104939
2006104940
2006104941
2006104943
2006104944
2006104945
2006104946
2006104947
2006104948
2006104949
2006104950
2006104951
2006104953
2006104954
2006104955
2006104956
2006104957
2006104958
2006104959
2006104960
2006104961
2006104962
2006104963
2006104964
2006104965
2006104966
2006104967
2006104969
2006104970
2006104971
2006104972
2006104973
2006104974
2006104975
2006104976
2006104977
2006104978
2006104980
2006104981
2006104982
2006104983
2006104984
2006104985
2006104986
2006104987
2006104988
2006104989
2006104990
2006104991
2006104993
2006104994
2006104995
2006104996
2006104997
2006104998
2006104999
2006105000
2006105002
2006105003
2006105004
2006105005
2006105007
2006105008
2006105009
2006105010
2006105011
2006105012
2006105013
2006105015
2006105016
2006105017
2006105018
2006105019
2006105020
2006105021
2006105022
2006105023
2006105024
2006105025
2006105026
2006105027
2006105029
2006105030
2006105031
2006105032
2006105033
2006105034
2006105036
2006105037
2006105038
2006105040
2006105041
2006105042
2006105043
2006105044
2006105045
2006105046
2006105047
2006105048
2006105050
2006105051
2006105052
2006105053
2006105054
2006105055
2006105057
2006105058
2006105059
2006105060
2006105061
2006105062
2006105063
2006105064
2006105065
2006105066
2006105067
2006105068
2006105069
2006105070
2006105071
2006105072
2006105073
2006105074
2006105075
2006105076
2006105078
2006105079
2006105080
2006105081
2006105082
2006105083
2006105084
2006105085
2006105086
2006105087
2006105088
2006105089
2006105091
2006105092
2006105093
2006105094
2006105095
2006105096
2006105097
2006105098
2006105099
2006105102
2006105103
2006105104
2006105105
2006105106
2006105107
2006105108
2006105109
2006105110
2006105111
2006105112
2006105113
2006105114
2006105115
2006105116
2006105118
2006105119
2006105120
2006105121
2006105122
2006105123
2006105124
2006105125
2006105126
2006105127
2006105129
2006105130
2006105131
2006105132
2006105133
2006105134
2006105135
2006105136
2006105137
2006105138
2006105139
2006105140
2006105141
2006105142
2006105143
2006105144
2006105145
2006105146
2006105147
2006105149
2006105150
2006105152
2006105153
2006105154
2006105155
2006105156
2006105158
2006105159
2006105160
2006105161
2006105162
2006105163
2006105164
2006105165
2006105166
2006105167
2006105168
2006105169
2006105170
2006105171
2006105172
2006105174
2006105175
2006105176
2006105177
2006105178
2006105179
2006105180
2006105181
2006105182
2006105183
2006105185
2006105186
2006105187
2006105188
2006105189
2006105190
2006105191
2006105192
2006105195
2006105196
2006105197
2006105198
2006105199
2006105200
2006105201
2006105203
2006105204
2006105206
2006105207
2006105208
2006105209
2006105210
2006105211
2006105212
2006105213
2006105214
2006105215
2006105216
2006105218
2006105219
2006105220
2006105221
2006105222
2006105223
2006105224
2006105226
2006105227
2006105228
2006105229
2006105230
2006105231
2006105232
2006105233
2006105235
2006105236
2006105237
2006105238
2006105239
2006105240
2006105241
2006105242
2006105243
2006105244
2006105245
2006105246
2006105247
2006105248
2006105249
2006105250
2006105251
2006105252
2006105253
2006105254
2006105255
2006105256
2006105257
2006105258
2006105259
2006105260
2006105261
2006105262
2006105263
2006105264
2006105265
2006105266
2006105267
2006105268
2006105269
2006105270
2006105271
2006105272
2006105273
2006105274
2006105275
2006105276
2006105277
2006105278
2006105279
2006105280
2006105281
2006105282
2006105283
2006105285
2006105286
2006105287
2006105289
2006105290
2006105291
2006105292
2006105293
2006105295
2006105297
2006105298
2006105299
2006105300
2006105301
2006105302
2006105304
2006105305
2006105306
2006105307
2006105308
2006105309
2006105311
2006105312
2006105313
2006105314
2006105315
2006105316
2006105318
2006105319
2006105320
2006105321
2006105322
2006105323
2006105324
2006105325
2006105326
2006105327
2006105328
2006105329
2006105330
2006105331
2006105332
2006105333
2006105334
2006105335
2006105336
2006105337
2006105338
2006105339
2006105340
2006105341
2006105342
2006105343
2006105344
2006105345
2006105346
2006105347
2006105348
2006105349
2006105350
2006105351
2006105352
2006105353
2006105354
2006105355
2006105356
2006105357
2006105358
2006105359
2006105360
2006105361
2006105362
2006105363
2006105365
2006105366
2006105367
2006105369
2006105370
2006105372
2006105373
2006105374
2006105375
2006105376
2006105377
2006105379
2006105380
2006105381
2006105382
2006105383
2006105384
2006105385
2006105386
2006105387
2006105388
2006105389
2006105390
2006105391
2006105392
2006105393
2006105394
2006105395
2006105396
2006105397
2006105398
2006105399
2006105401
2006105402
2006105403
2006105404
2006105405
2006105406
2006105407
2006105408
2006105409
2006105410
2006105411
2006105412
2006105413
2006105414
2006105415
2006105416
2006105417
2006105418
2006105419
2006105420
2006105421
2006105422
2006105423
2006105424
2006105425
2006105426
2006105427
2006105428
2006105429
2006105430
2006105431
2006105433
2006105434
2006105435
2006105436
2006105437
2006105438
2006105439
2006105440
2006105441
2006105442
2006105443
2006105444
2006105445
2006105446
2006105447
2006105448
2006105449
2006105450
2006105451
2006105453
2006105454
2006105455
2006105456
2006105457
2006105458
2006105459
2006105460
2006105461
2006105462
2006105464
2006105465
2006105466
2006105467
2006105468
2006105469
2006105470
2006105471
2006105472
2006105473
2006105474
2006105475
2006105477
2006105478
2006105479
2006105480
2006105481
2006105482
2006105483
2006105484
2006105485
2006105486
2006105487
2006105488
2006105489
2006105490
2006105491
2006105492
2006105493
2006105494
2006105495
2006105496
2006105497
2006105498
2006105499
2006105500
2006105501
2006105502
2006105503
2006105504
2006105506
2006105507
2006105508
2006105509
2006105510
2006105511
2006105512
2006105514
2006105515
2006105516
2006105517
2006105518
2006105519
2006105520
2006105521
2006105522
2006105523
2006105524
2006105525
2006105526
2006105527
2006105528
2006105529
2006105530
2006105531
2006105532
2006105533
2006105534
2006105535
2006105536
2006105537
2006105538
2006105539
2006105540
2006105541
2006105542
2006105543
2006105544
2006105545
2006105546
2006105547
2006105548
2006105549
2006105550
2006105551
2006105552
2006105553
2006105554
2006105555
2006105556
2006105557
2006105558
2006105560
2006105561
2006105563
2006105564
2006105565
2006105566
2006105567
2006105568
2006105569
2006105570
2006105571
2006105572
2006105573
2006105575
2006105576
2006105577
2006105578
2006105579
2006105580
2006105581
2006105582
2006105583
2006105584
2006105585
2006105587
2006105588
2006105589
2006105590
2006105591
2006105592
2006105593
2006105594
2006105595
2006105596
2006105597
2006105598
2006105599
2006105600
2006105601
2006105602
2006105603
2006105604
2006105605
2006105606
2006105607
2006105608
2006105611
2006105612
2006105613
2006105614
2006105616
2006105617
2006105618
2006105619
2006105620
2006105621
2006105622
2006105623
2006105624
2006105626
2006105627
2006105628
2006105629
2006105630
2006105631
2006105632
2006105633
2006105635
2006105636
2006105637
2006105638
2006105639
2006105641
2006105642
2006105643
2006105644
2006105645
2006105646
2006105647
2006105648
2006105649
2006105650
2006105651
2006105652
2006105653
2006105654
2006105655
2006105656
2006105657
2006105658
2006105661
2006105662
2006105663
2006105664
2006105665
2006105666
2006105667
2006105668
2006105669
2006105670
2006105671
2006105673
2006105675
2006105676
2006105677
2006105678
2006105679
2006105680
2006105681
2006105683
2006105684
2006105685
2006105686
2006105687
2006105688
2006105689
2006105690
2006105692
2006105693
2006105694
2006105695
2006105696
2006105697
2006105698
2006105699
2006105701
2006105702
2006105703
2006105704
2006105705
2006105707
2006105708
2006105709
2006105710
2006105711
2006105713
2006105714
2006105715
2006105716
2006105717
2006105718
2006105719
2006105720
2006105721
2006105722
2006105723
2006105724
2006105726
2006105727
2006105728
2006105730
2006105731
2006105732
2006105733
2006105734
2006105735
2006105737
2006105738
2006105739
2006105740
2006105741
2006105742
2006105743
2006105744
2006105745
2006105746
2006105747
2006105748
2006105749
2006105750
2006105751
2006105752
2006105753
2006105754
2006105755
2006105756
2006105757
2006105758
2006105759
2006105760
2006105765
2006105766
2006105767
2006105768
2006105769
2006105770
2006105771
2006105772
2006105773
2006105774
2006105775
2006105776
2006105777
2006105778
2006105779
2006105780
2006105781
2006105782
2006105783
2006105784
2006105785
2006105786
2006105787
2006105789
2006105790
2006105791
2006105792
2006105793
2006105794
2006105795
2006105796
2006105797
2006105798
2006105799
2006105800
2006105801
2006105802
2006105803
2006105804
2006105805
2006105806
2006105807
2006105808
2006105809
2006105811
2006105812
2006105814
2006105815
2006105816
2006105817
2006105818
2006105819
2006105821
2006105822
2006105823
2006105824
2006105825
2006105826
2006105827
2006105828
2006105829
2006105830
2006105831
2006105832
2006105833
2006105834
2006105836
2006105837
2006105839
2006105840
2006105841
2006105842
2006105843
2006105844
2006105845
2006105846
2006105847
2006105848
2006105849
2006105850
2006105851
2006105852
2006105853
2006105854
2006105855
2006105856
2006105857
2006105859
2006105860
2006105861
2006105862
2006105863
2006105864
2006105865
2006105866
2006105867
2006105869
2006105870
2006105871
2006105873
2006105874
2006105875
2006105876
2006105877
2006105878
2006105879
2006105880
2006105881
2006105882
2006105883
2006105884
2006105885
2006105886
2006105887
2006105888
2006105889
2006105890
2006105891
2006105892
2006105893
2006105894
2006105895
2006105896
2006105897
2006105898
2006105899
2006105900
2006105902
2006105903
2006105904
2006105905
2006105906
2006105907
2006105908
2006105909
2006105911
2006105912
2006105913
2006105915
2006105916
2006105917
2006105918
2006105919
2006105920
2006105921
2006105922
2006105923
2006105924
2006105925
2006105927
2006105928
2006105930
2006105931
2006105932
2006105933
2006105934
2006105935
2006105936
2006105937
2006105938
2006105939
2006105940
2006105941
2006105942
2006105943
2006105944
2006105945
2006105946
2006105947
2006105948
2006105949
2006105951
2006105952
2006105955
2006105956
2006105957
2006105958
2006105959
2006105960
2006105961
2006105962
2006105963
2006105964
2006105965
2006105966
2006105967
2006105968
2006105969
2006105970
2006105972
2006105973
2006105974
2006105975
2006105977
2006105978
2006105979
2006105980
2006105981
2006105982
2006105983
2006105984
2006105985
2006105986
2006105987
2006105988
2006105989
2006105990
2006105991
2006105992
2006105993
2006105994
2006105995
2006105996
2006105997
2006105998
2006105999
2006106000
2006106001
2006106002
2006106003
2006106005
2006106006
2006106007
2006106008
2006106010
2006106011
2006106012
2006106013
2006106015
2006106016
2006106017
2006106018
2006106019
2006106021
2006106022
2006106023
2006106024
2006106025
2006106026
2006106027
2006106028
2006106029
2006106030
2006106031
2006106032
2006106033
2006106034
2006106035
2006106036
2006106037
2006106038
2006106039
2006106040
2006106041
2006106043
2006106045
2006106046
2006106047
2006106048
2006106049
2006106050
2006106051
2006106053
2006106054
2006106055
2006106056
2006106057
2006106058
2006106060
2006106061
2006106062
2006106063
2006106064
2006106065
2006106066
2006106067
2006106068
2006106070
2006106071
2006106072
2006106074
2006106075
2006106076
2006106077
2006106078
2006106079
2006106081
2006106082
2006106084
2006106085
2006106086
2006106087
2006106088
2006106089
2006106090
2006106091
2006106092
2006106093
2006106095
2006106096
2006106097
2006106098
2006106099
2006106100
2006106101
2006106102
2006106104
2006106106
2006106108
2006106109
2006106110
2006106111
2006106112
2006106113
2006106114
2006106115
2006106116
2006106117
2006106118
2006106119
2006106120
2006106121
2006106122
2006106123
2006106124
2006106125
2006106126
2006106127
2006106128
2006106129
2006106130
2006106131
2006106132
2006106133
2006106134
2006106135
2006106136
2006106137
2006106138
2006106139
2006106140
2006106141
2006106142
2006106143
2006106144
2006106145
2006106146
2006106147
2006106148
2006106149
2006106150
2006106151
2006106152
2006106155
2006106156
2006106158
2006106159
2006106160
2006106161
2006106163
2006106164
2006106165
2006106166
2006106167
2006106168
2006106169
2006106170
2006106171
2006106172
2006106174
2006106175
2006106176
2006106177
2006106178
2006106179
2006106180
2006106181
2006106182
2006106183
2006106184
2006106185
2006106186
2006106187
2006106188
2006106189
2006106190
2006106191
2006106192
2006106193
2006106194
2006106195
2006106196
2006106198
2006106201
2006106202
2006106203
2006106204
2006106205
2006106206
2006106208
2006106209
2006106210
2006106212
2006106213
2006106214
2006106215
2006106216
2006106217
2006106218
2006106219
2006106221
2006106222
2006106223
2006106224
2006106225
2006106226
2006106227
2006106228
2006106229
2006106230
2006106231
2006106232
2006106233
2006106234
2006106235
2006106236
2006106237
2006106238
2006106239
2006106240
2006106242
2006106243
2006106244
2006106245
2006106246
2006106247
2006106249
2006106250
2006106251
2006106252
2006106253
2006106254
2006106256
2006106257
2006106258
2006106260
2006106261
2006106262
2006106263
2006106264
2006106265
2006106266
2006106267
2006106268
2006106269
2006106270
2006106271
2006106272
2006106273
2006106274
2006106275
2006106276
2006106277
2006106278
2006106279
2006106280
2006106281
2006106282
2006106283
2006106284
2006106285
2006106286
2006106287
2006106288
2006106289
2006106290
2006106291
2006106292
2006106295
2006106296
2006106297
2006106298
2006106299
2006106300
2006106301
2006106302
2006106303
2006106304
2006106305
2006106306
2006106307
2006106308
2006106309
2006106311
2006106312
2006106314
2006106315
2006106316
2006106317
2006106318
2006106319
2006106320
2006106321
2006106322
2006106323
2006106324
2006106325
2006106326
2006106327
2006106328
2006106330
2006106331
2006106332
2006106333
2006106334
2006106335
2006106336
2006106337
2006106338
2006106339
2006106340
2006106341
2006106342
2006106343
2006106345
2006106346
2006106347
2006106348
2006106349
2006106350
2006106351
2006106352
2006106353
2006106354
2006106355
2006106356
2006106357
2006106358
2006106359
2006106360
2006106361
2006106362
2006106363
2006106364
2006106365
2006106366
2006106367
2006106368
2006106369
2006106370
2006106371
2006106372
2006106373
2006106374
2006106375
2006106376
2006106377
2006106379
2006106380
2006106381
2006106382
2006106383
2006106384
2006106385
2006106386
2006106387
2006106389
2006106391
2006106392
2006106393
2006106396
2006106397
2006106398
2006106399
2006106400
2006106401
2006106402
2006106403
2006106404
2006106405
2006106406
2006106407
2006106410
2006106411
2006106412
2006106413
2006106414
2006106415
2006106416
2006106417
2006106418
2006106419
2006106420
2006106423
2006106424
2006106425
2006106426
2006106427
2006106428
2006106429
2006106430
2006106431
2006106432
2006106433
2006106434
2006106435
2006106436
2006106438
2006106439
2006106440
2006106441
2006106442
2006106443
2006106444
2006106445
2006106446
2006106447
2006106448
2006106449
2006106450
2006106451
2006106452
2006106453
2006106454
2006106455
2006106456
2006106457
2006106458
2006106459
2006106460
2006106461
2006106462
2006106463
2006106464
2006106465
2006106466
2006106468
2006106469
2006106470
2006106471
2006106472
2006106473
2006106474
2006106475
2006106476
2006106477
2006106478
2006106479
2006106481
2006106482
2006106483
2006106484
2006106485
2006106487
2006106489
2006106490
2006106491
2006106492
2006106494
2006106495
2006106496
2006106497
2006106498
2006106499
2006106500
2006106501
2006106502
2006106503
2006106505
2006106506
2006106507
2006106508
2006106509
2006106510
2006106511
2006106512
2006106514
2006106515
2006106516
2006106517
2006106518
2006106519
2006106520
2006106521
2006106522
2006106523
2006106525
2006106526
2006106527
2006106528
2006106529
2006106531
2006106532
2006106533
2006106534
2006106535
2006106536
2006106537
2006106538
2006106539
2006106540
2006106541
2006106542
2006106543
2006106544
2006106545
2006106546
2006106547
2006106548
2006106549
2006106550
2006106551
2006106552
2006106553
2006106554
2006106556
2006106557
2006106558
2006106560
2006106562
2006106563
2006106564
2006106565
2006106566
2006106567
2006106568
2006106569
2006106570
2006106571
2006106572
2006106573
2006106574
2006106575
2006106576
2006106577
2006106578
2006106579
2006106580
2006106581
2006106582
2006106583
2006106584
2006106585
2006106586
2006106587
2006106588
2006106589
2006106591
2006106592
2006106593
2006106594
2006106595
2006106596
2006106597
2006106598
2006106599
2006106600
2006106601
2006106603
2006106605
2006106607
2006106608
2006106610
2006106612
2006106613
2006106614
2006106615
2006106617
2006106618
2006106619
2006106620
2006106621
2006106622
2006106623
2006106624
2006106625
2006106627
2006106628
2006106629
2006106631
2006106632
2006106633
2006106634
2006106635
2006106636
2006106637
2006106638
2006106639
2006106640
2006106641
2006106642
2006106643
2006106644
2006106645
2006106646
2006106647
2006106648
2006106649
2006106650
2006106651
2006106652
2006106653
2006106654
2006106655
2006106656
2006106657
2006106658
2006106659
2006106660
2006106661
2006106662
2006106663
2006106664
2006106665
2006106666
2006106667
2006106670
2006106671
2006106672
2006106673
2006106674
2006106676
2006106677
2006106678
2006106679
2006106680
2006106681
2006106682
2006106683
2006106684
2006106685
2006106686
2006106687
2006106688
2006106689
2006106690
2006106691
2006106692
2006106693
2006106694
2006106695
2006106696
2006106697
2006106698
2006106699
2006106700
2006106701
2006106703
2006106705
2006106707
2006106708
2006106709
2006106710
2006106711
2006106712
2006106713
2006106714
2006106716
2006106717
2006106718
2006106719
2006106720
2006106721
2006106722
2006106723
2006106724
2006106725
2006106727
2006106728
2006106729
2006106730
2006106731
2006106732
2006106733
2006106734
2006106735
2006106736
2006106737
2006106738
2006106739
2006106740
2006106741
2006106742
2006106743
2006106744
2006106745
2006106746
2006106747
2006106748
2006106749
2006106750
2006106751
2006106752
2006106753
2006106754
2006106756
2006106757
2006106758
2006106759
2006106761
2006106763
2006106764
2006106765
2006106766
2006106767
2006106768
2006106769
2006106770
2006106771
2006106772
2006106773
2006106774
2006106775
2006106776
2006106777
2006106778
2006106779
2006106780
2006106781
2006106782
2006106783
2006106785
2006106786
2006106787
2006106788
2006106789
2006106790
2006106791
2006106792
2006106793
2006106794
2006106795
2006106796
2006106797
2006106798
2006106799
2006106800
2006106801
2006106802
2006106803
2006106804
2006106805
2006106806
2006106807
2006106808
2006106809
2006106810
2006106811
2006106812
2006106813
2006106814
2006106815
2006106816
2006106817
2006106818
2006106819
2006106820
2006106821
2006106822
2006106823
2006106824
2006106825
2006106826
2006106827
2006106828
2006106829
2006106831
2006106833
2006106834
2006106835
2006106836
2006106837
2006106838
2006106839
2006106841
2006106842
2006106843
2006106845
2006106846
2006106847
2006106848
2006106849
2006106850
2006106851
2006106852
2006106853
2006106855
2006106856
2006106857
2006106860
2006106861
2006106862
2006106863
2006106864
2006106865
2006106867
2006106868
2006106869
2006106870
2006106871
2006106872
2006106873
2006106874
2006106875
2006106876
2006106877
2006106878
2006106879
2006106880
2006106881
2006106882
2006106883
2006106886
2006106887
2006106888
2006106889
2006106890
2006106891
2006106892
2006106893
2006106895
2006106896
2006106898
2006106899
2006106900
2006106901
2006106902
2006106903
2006106904
2006106905
2006106906
2006106907
2006106908
2006106909
2006106910
2006106911
2006106913
2006106914
2006106915
2006106916
2006106917
2006106918
2006106919
2006106920
2006109001
2006109003
2006109004
2006109005
2006109007
2006109008
2006109009
2006109010
2006109011
2006109015
2006109016
2006109018
2006109019
2006109021
2006109022
2006109023
2006109024
2006109026
2006109027
2006109028
2006109030
2006109031
2006109032
2006109033
2006109035
2006109037
2006109038
2006109040
2006109041
2006109044
2006109045
2006109046
2006109047
2006109049
2006109050
2006109051
2006109052
2006109053
2006109054
2006109055
2006109056
2006109057
2006109058
2006109061
2006109062
2006109063
2006109065
2006109066
2006109067
2006109068
2006109070
2006109071
2006109072
2006109073
2006109074
2006109075
2006109076
2006109077
2006109078
2006109079
2006109080
2006109081
2006109082
2006109083
2006109084
2006109085
2006109086
2006109087
2006109088
2006109089
2006109090
2006109091
2006109092
2006109093
2006109094
2006109096
2006109097
2006109098
2006109099
2006109100
2006109101
2006109102
2006109103
2006109104
2006109106
2006109107
2006109108
2006109109
2006109110
2006109111
2006109112
2006109114
2006109115
2006109117
2006109118
2006109119
2006109120
2006109121
2006109122
2006109123
2006109124
2006109126
2006109127
2006109128
2006109129
2006109132
2006109133
2006109134
2006109135
2006109136
2006109137
2006109138
2006109139
2006109140
2006109144
2006109145
2006109146
2006109148
2006109150
2006109151
2006109152
2006109153
2006109154
2006109155
2006109156
2006109157
2006109158
2006109159
2006109161
2006109162
2006109163
2006109164
2006109165
2006109168
2006109169
2006109170
2006109172
2006109173
2006109174
2006109175
2006109176
2006109177
2006109178
2006109179
2006109180
2006109181
2006109183
2006109185
2006109192
2006109193
2006109194
2006109195
2006109196
2006109197
2006109198
2006109199
2006109200
2006109201
2006109202
2006109203
2006109204
2006109205
2006109206
2006109207
2006109208
2006109209
2006109210
2006109211
2006109212
2006109213
2006109216
2006109217
2006109218
2006109219
2006109220
2006109221
2006109223
2006109224
2006109225
2006109226
2006109227
2006109228
2006109229
2006109230
2006109231
2006109232
2006109233
2006109234
2006109235
2006109237
2006109238
2006109239
2006109241
2006109242
2006109243
2006109244
2006109245
2006109246
2006109247
2006109248
2006109249
2006109251
2006109252
2006109253
2006109254
2006109255
2006109256
2006109257
2006109258
2006109259
2006109260
2006109261
2006109262
2006109263
2006109265
2006109266
2006109267
2006109268
2006109269
2006109270
2006109271
2006109272
2006109273
2006109274
2006109277
2006109278
2006109279
2006109280
2006109281
2006109282
2006109283
2006109284
2006109285
2006109286
2006109287
2006109288
2006109289
2006109290
2006109291
2006109292
2006109293
2006109294
2006109295
2006109296
2006109297
2006109298
2006109300
2006109302
2006109303
2006109304
2006109305
2006109307
2006109311
2006109312
2006109313
2006109314
2006109316
2006109318
2006109319
2006109320
2006109321
2006109322
2006109324
2006109326
2006109330
2006109331
2006110001
2006110002
2006110003
2006110004
2006110005
2006110006
2006110007
2006110008
2006110009
2006110010
2006110011
2006110012
2006110013
2006110014
2006110015
2006110016
2006110017
2006110018
2006110019
2006110020
2006110021
2006110022
2006110023
2006110024
2006110025
2006110026
2006110027
2006110028
2006110029
2006110030
2006110031
2006110032
2006110033
2006110034
2006110035
2006110036
2006110038
2006110039
2006110040
2006110041
2006110042
2006110043
2006110044
2006110045
2006110046
2006110048
2006110049
2006110050
2006110051
2006110052
2006110053
2006110054
2006110055
2006110056
2006110057
2006110058
2006110059
2006110060
2006110061
2006110062
2006110063
2006110064
2006110065
2006110066
2006110067
2006110068
2006110069
2006110070
2006110071
2006110072
2006110073
2006110074
2006110075
2006110076
2006110077
2006110078
2006110079
2006110080
2006110081
2006110082
2006110083
2006110084
2006110085
2006110086
2006110087
2006110088
2006110089
2006110090
2006110091
2006110092
2006110093
2006110094
2006110095
2006110096
2006110097
2006110098
2006110099
2006110100
2006110101
2006110102
2006110103
2006110104
2006110105
2006110106
2006110107
2006110108
2006110109
2006110110
2006110111
2006110112
2006110113
2006110114
2006110115
2006110116
2006110117
2006110118
2006110119
2006110120
2006110121
2006110122
2006110123
2006110124
2006110125
2006110126
2006110127
2006110128
2006110129
2006110130
2006110131
2006110132
2006110133
2006110134
2006110135
2006110136
2006110137
2006110138
2006110139
2006110141
2006110142
2006110143
2006110144
2006110145
2006110146
2006110147
2006110148
2006110149
2006110150
2006110151
2006110152
2006110153
2006110154
2006110155
2006110156
2006110157
2006110158
2006110159
2006110160
2006110161
2006110162
2006110163
2006110164
2006110165
2006110167
2006110168
2006110169
2006110170
2006190001
2006190002
2006190003
2006190004
2006190005
2006190006
2006190007
2006190008
2006190009
2006190010
2006190011
2006200001
2006200002
2006200003
2006200004
2006200005
2006200006
2006200007
2006200008
2006200009
2006200011
2006200012
2006200013
2006200014
2006200015
2006200016
2006200017
2006200019
2006200020
2006500001
2006500002
