2008100008
2008100013
2008100015
2008100017
2008100020
2008100023
2008100032
2008100033
2008100034
2008100039
2008100040
2008100041
2008100042
2008100047
2008100048
2008100050
2008100052
2008100056
2008100057
2008100059
2008100060
2008100061
2008100062
2008100063
2008100065
2008100067
2008100068
2008100072
2008100076
2008100077
2008100079
2008100083
2008100085
2008100086
2008100087
2008100088
2008100090
2008100091
2008100092
2008100093
2008100094
2008100095
2008100097
2008100100
2008100101
2008100102
2008100103
2008100104
2008100105
2008100107
2008100108
2008100109
2008100110
2008100111
2008100113
2008100114
2008100116
2008100117
2008100118
2008100120
2008100121
2008100122
2008100123
2008100124
2008100129
2008100132
2008100133
2008100134
2008100138
2008100139
2008100142
2008100144
2008100145
2008100146
2008100149
2008100150
2008100151
2008100152
2008100155
2008100156
2008100157
2008100159
2008100160
2008100161
2008100163
2008100166
2008100167
2008100169
2008100170
2008100171
2008100175
2008100176
2008100177
2008100180
2008100181
2008100183
2008100187
2008100190
2008100193
2008100194
2008100195
2008100196
2008100199
2008100200
2008100202
2008100206
2008100207
2008100208
2008100210
2008100211
2008100212
2008100213
2008100215
2008100216
2008100218
2008100219
2008100220
2008100221
2008100222
2008100226
2008100227
2008100228
2008100229
2008100238
2008100239
2008100240
2008100241
2008100242
2008100244
2008100245
2008100247
2008100248
2008100251
2008100254
2008100255
2008100257
2008100258
2008100259
2008100260
2008100261
2008100263
2008100266
2008100267
2008100270
2008100272
2008100273
2008100274
2008100278
2008100279
2008100281
2008100283
2008100284
2008100285
2008100286
2008100288
2008100289
2008100291
2008100292
2008100293
2008100294
2008100296
2008100299
2008100302
2008100304
2008100306
2008100311
2008100312
2008100317
2008100324
2008100327
2008100328
2008100330
2008100331
2008100332
2008100335
2008100337
2008100338
2008100341
2008100342
2008100343
2008100344
2008100345
2008100346
2008100348
2008100349
2008100350
2008100351
2008100352
2008100353
2008100355
2008100356
2008100357
2008100358
2008100359
2008100364
2008100368
2008100370
2008100374
2008100375
2008100376
2008100377
2008100378
2008100379
2008100380
2008100382
2008100383
2008100384
2008100385
2008100386
2008100398
2008100399
2008100400
2008100402
2008100404
2008100405
2008100406
2008100408
2008100415
2008100424
2008100429
2008100436
2008100440
2008100441
2008100442
2008100443
2008100444
2008100445
2008100446
2008100447
2008100450
2008100451
2008100453
2008100455
2008100457
2008100460
2008100461
2008100462
2008100463
2008100467
2008100468
2008100469
2008100470
2008100473
2008100474
2008100475
2008100476
2008100477
2008100479
2008100480
2008100481
2008100482
2008100483
2008100484
2008100485
2008100487
2008100488
2008100489
2008100491
2008100492
2008100495
2008100497
2008100498
2008100499
2008100500
2008100502
2008100504
2008100512
2008100513
2008100516
2008100519
2008100520
2008100522
2008100523
2008100524
2008100525
2008100526
2008100528
2008100529
2008100530
2008100532
2008100533
2008100534
2008100536
2008100537
2008100538
2008100540
2008100541
2008100542
2008100543
2008100544
2008100546
2008100547
2008100549
2008100550
2008100551
2008100552
2008100553
2008100554
2008100555
2008100557
2008100558
2008100559
2008100560
2008100561
2008100563
2008100564
2008100565
2008100566
2008100567
2008100568
2008100569
2008100570
2008100571
2008100572
2008100573
2008100574
2008100576
2008100577
2008100579
2008100580
2008100585
2008100588
2008100589
2008100590
2008100592
2008100593
2008100594
2008100595
2008100596
2008100597
2008100598
2008100601
2008100602
2008100603
2008100604
2008100605
2008100606
2008100607
2008100608
2008100609
2008100610
2008100611
2008100613
2008100614
2008100615
2008100617
2008100618
2008100619
2008100620
2008100621
2008100622
2008100623
2008100625
2008100627
2008100628
2008100629
2008100630
2008100631
2008100632
2008100634
2008100639
2008100640
2008100642
2008100643
2008100644
2008100645
2008100647
2008100649
2008100654
2008100655
2008100656
2008100657
2008100659
2008100660
2008100661
2008100662
2008100663
2008100665
2008100666
2008100667
2008100668
2008100669
2008100671
2008100672
2008100673
2008100674
2008100675
2008100676
2008100677
2008100678
2008100679
2008100681
2008100682
2008100683
2008100684
2008100685
2008100686
2008100687
2008100689
2008100690
2008100691
2008100692
2008100693
2008100694
2008100695
2008100705
2008100707
2008100709
2008100713
2008100714
2008100715
2008100718
2008100723
2008100724
2008100725
2008100726
2008100727
2008100728
2008100729
2008100730
2008100731
2008100732
2008100733
2008100736
2008100737
2008100738
2008100739
2008100740
2008100744
2008100747
2008100750
2008100751
2008100753
2008100754
2008100755
2008100758
2008100759
2008100760
2008100762
2008100763
2008100766
2008100767
2008100768
2008100770
2008100771
2008100772
2008100774
2008100776
2008100778
2008100780
2008100781
2008100783
2008100784
2008100786
2008100787
2008100788
2008100791
2008100792
2008100793
2008100794
2008100795
2008100796
2008100797
2008100799
2008100800
2008100801
2008100803
2008100805
2008100806
2008100807
2008100808
2008100813
2008100826
2008100832
2008100833
2008100835
2008100837
2008100844
2008100845
2008100848
2008100850
2008100851
2008100852
2008100853
2008100856
2008100857
2008100861
2008100862
2008100863
2008100864
2008100865
2008100866
2008100868
2008100869
2008100870
2008100871
2008100872
2008100873
2008100874
2008100875
2008100877
2008100878
2008100879
2008100880
2008100881
2008100882
2008100884
2008100885
2008100886
2008100887
2008100888
2008100889
2008100890
2008100891
2008100894
2008100896
2008100899
2008100900
2008100901
2008100903
2008100904
2008100905
2008100906
2008100911
2008100912
2008100913
2008100914
2008100916
2008100917
2008100918
2008100919
2008100921
2008100922
2008100924
2008100925
2008100926
2008100927
2008100929
2008100930
2008100931
2008100933
2008100935
2008100939
2008100940
2008100943
2008100944
2008100945
2008100946
2008100949
2008100951
2008100953
2008100955
2008100956
2008100957
2008100958
2008100959
2008100960
2008100961
2008100962
2008100964
2008100965
2008100966
2008100968
2008100972
2008100973
2008100975
2008100976
2008100979
2008100980
2008100981
2008100983
2008100984
2008100987
2008100989
2008100990
2008100991
2008100994
2008100995
2008100997
2008100998
2008101000
2008101002
2008101003
2008101008
2008101011
2008101012
2008101013
2008101014
2008101015
2008101016
2008101017
2008101019
2008101020
2008101021
2008101025
2008101026
2008101030
2008101031
2008101034
2008101036
2008101039
2008101041
2008101043
2008101045
2008101048
2008101050
2008101054
2008101055
2008101057
2008101058
2008101059
2008101060
2008101062
2008101064
2008101066
2008101068
2008101069
2008101071
2008101072
2008101073
2008101074
2008101075
2008101076
2008101078
2008101079
2008101082
2008101083
2008101084
2008101085
2008101087
2008101088
2008101089
2008101090
2008101091
2008101092
2008101093
2008101095
2008101108
2008101109
2008101111
2008101113
2008101114
2008101115
2008101117
2008101119
2008101120
2008101121
2008101122
2008101123
2008101125
2008101126
2008101127
2008101130
2008101131
2008101132
2008101133
2008101134
2008101136
2008101137
2008101138
2008101140
2008101141
2008101142
2008101143
2008101146
2008101149
2008101150
2008101151
2008101153
2008101154
2008101155
2008101156
2008101157
2008101158
2008101159
2008101160
2008101162
2008101163
2008101165
2008101166
2008101167
2008101169
2008101170
2008101171
2008101173
2008101175
2008101178
2008101179
2008101183
2008101184
2008101186
2008101187
2008101188
2008101190
2008101191
2008101192
2008101195
2008101196
2008101200
2008101201
2008101203
2008101204
2008101206
2008101208
2008101210
2008101211
2008101214
2008101216
2008101217
2008101224
2008101228
2008101229
2008101233
2008101235
2008101236
2008101237
2008101239
2008101240
2008101241
2008101242
2008101243
2008101244
2008101245
2008101246
2008101249
2008101251
2008101252
2008101253
2008101254
2008101255
2008101256
2008101261
2008101263
2008101265
2008101266
2008101267
2008101269
2008101270
2008101271
2008101273
2008101274
2008101275
2008101277
2008101278
2008101279
2008101280
2008101281
2008101282
2008101283
2008101284
2008101286
2008101288
2008101289
2008101290
2008101291
2008101293
2008101294
2008101295
2008101300
2008101301
2008101304
2008101309
2008101312
2008101313
2008101314
2008101316
2008101319
2008101320
2008101321
2008101324
2008101326
2008101329
2008101330
2008101331
2008101332
2008101333
2008101335
2008101336
2008101337
2008101338
2008101339
2008101340
2008101343
2008101346
2008101347
2008101348
2008101350
2008101352
2008101354
2008101355
2008101356
2008101357
2008101358
2008101359
2008101360
2008101362
2008101363
2008101364
2008101365
2008101367
2008101369
2008101370
2008101375
2008101376
2008101377
2008101378
2008101379
2008101380
2008101381
2008101382
2008101383
2008101384
2008101389
2008101390
2008101391
2008101392
2008101393
2008101394
2008101396
2008101397
2008101398
2008101400
2008101401
2008101405
2008101406
2008101409
2008101411
2008101414
2008101416
2008101417
2008101418
2008101419
2008101420
2008101421
2008101422
2008101424
2008101425
2008101426
2008101427
2008101429
2008101430
2008101431
2008101432
2008101433
2008101434
2008101435
2008101436
2008101438
2008101440
2008101441
2008101442
2008101443
2008101444
2008101445
2008101448
2008101450
2008101451
2008101453
2008101455
2008101456
2008101457
2008101460
2008101464
2008101467
2008101468
2008101470
2008101475
2008101477
2008101480
2008101481
2008101484
2008101485
2008101486
2008101487
2008101488
2008101489
2008101490
2008101491
2008101493
2008101494
2008101495
2008101496
2008101497
2008101498
2008101501
2008101503
2008101504
2008101505
2008101506
2008101507
2008101508
2008101509
2008101510
2008101511
2008101512
2008101513
2008101514
2008101515
2008101516
2008101518
2008101519
2008101520
2008101521
2008101522
2008101524
2008101526
2008101528
2008101529
2008101530
2008101531
2008101533
2008101534
2008101538
2008101539
2008101540
2008101542
2008101543
2008101545
2008101546
2008101547
2008101548
2008101549
2008101550
2008101552
2008101553
2008101554
2008101555
2008101557
2008101558
2008101561
2008101562
2008101563
2008101564
2008101565
2008101566
2008101567
2008101568
2008101571
2008101572
2008101574
2008101576
2008101579
2008101581
2008101585
2008101586
2008101588
2008101591
2008101592
2008101593
2008101594
2008101596
2008101598
2008101600
2008101602
2008101603
2008101606
2008101607
2008101608
2008101609
2008101611
2008101612
2008101613
2008101615
2008101616
2008101619
2008101620
2008101622
2008101623
2008101626
2008101627
2008101628
2008101629
2008101630
2008101631
2008101632
2008101633
2008101634
2008101635
2008101637
2008101638
2008101639
2008101640
2008101641
2008101642
2008101643
2008101645
2008101646
2008101647
2008101649
2008101650
2008101651
2008101652
2008101653
2008101655
2008101657
2008101658
2008101659
2008101660
2008101661
2008101662
2008101663
2008101667
2008101668
2008101669
2008101670
2008101671
2008101672
2008101673
2008101676
2008101677
2008101679
2008101687
2008101689
2008101690
2008101691
2008101692
2008101693
2008101695
2008101696
2008101700
2008101701
2008101702
2008101703
2008101704
2008101705
2008101706
2008101708
2008101709
2008101710
2008101711
2008101712
2008101713
2008101714
2008101715
2008101717
2008101718
2008101719
2008101720
2008101721
2008101722
2008101723
2008101724
2008101725
2008101726
2008101727
2008101728
2008101731
2008101734
2008101735
2008101736
2008101737
2008101739
2008101740
2008101741
2008101743
2008101745
2008101746
2008101748
2008101750
2008101753
2008101754
2008101755
2008101756
2008101757
2008101758
2008101759
2008101760
2008101761
2008101762
2008101763
2008101764
2008101766
2008101769
2008101770
2008101771
2008101772
2008101773
2008101775
2008101776
2008101777
2008101778
2008101779
2008101780
2008101781
2008101782
2008101783
2008101784
2008101785
2008101786
2008101788
2008101789
2008101790
2008101791
2008101792
2008101793
2008101794
2008101796
2008101798
2008101799
2008101800
2008101801
2008101803
2008101804
2008101807
2008101808
2008101809
2008101810
2008101811
2008101813
2008101815
2008101817
2008101820
2008101824
2008101826
2008101828
2008101832
2008101833
2008101834
2008101835
2008101837
2008101838
2008101839
2008101840
2008101842
2008101843
2008101849
2008101850
2008101851
2008101852
2008101853
2008101854
2008101857
2008101858
2008101859
2008101860
2008101862
2008101866
2008101867
2008101870
2008101871
2008101872
2008101876
2008101883
2008101890
2008101892
2008101894
2008101895
2008101897
2008101904
2008101907
2008101908
2008101909
2008101910
2008101911
2008101912
2008101913
2008101914
2008101915
2008101917
2008101920
2008101921
2008101922
2008101923
2008101925
2008101926
2008101927
2008101934
2008101935
2008101936
2008101939
2008101940
2008101941
2008101942
2008101943
2008101944
2008101945
2008101946
2008101947
2008101949
2008101950
2008101951
2008101952
2008101953
2008101954
2008101955
2008101956
2008101958
2008101961
2008101962
2008101965
2008101966
2008101969
2008101970
2008101972
2008101973
2008101974
2008101975
2008101977
2008101978
2008101979
2008101980
2008101982
2008101983
2008101984
2008101985
2008101986
2008101987
2008101988
2008101990
2008101991
2008101993
2008101994
2008101997
2008101999
2008102000
2008102002
2008102004
2008102011
2008102015
2008102016
2008102018
2008102019
2008102020
2008102022
2008102023
2008102024
2008102025
2008102026
2008102030
2008102036
2008102037
2008102039
2008102041
2008102042
2008102043
2008102044
2008102045
2008102046
2008102047
2008102048
2008102049
2008102052
2008102054
2008102055
2008102056
2008102057
2008102058
2008102060
2008102061
2008102062
2008102064
2008102065
2008102066
2008102067
2008102068
2008102070
2008102071
2008102074
2008102075
2008102076
2008102077
2008102078
2008102079
2008102080
2008102081
2008102083
2008102084
2008102085
2008102089
2008102093
2008102096
2008102097
2008102098
2008102099
2008102101
2008102104
2008102105
2008102106
2008102107
2008102108
2008102110
2008102111
2008102115
2008102118
2008102119
2008102120
2008102121
2008102122
2008102123
2008102127
2008102128
2008102130
2008102132
2008102137
2008102139
2008102140
2008102141
2008102143
2008102147
2008102148
2008102159
2008102161
2008102162
2008102164
2008102165
2008102166
2008102167
2008102170
2008102171
2008102174
2008102177
2008102178
2008102179
2008102180
2008102181
2008102183
2008102187
2008102189
2008102190
2008102191
2008102192
2008102193
2008102194
2008102195
2008102196
2008102197
2008102198
2008102199
2008102200
2008102201
2008102202
2008102204
2008102205
2008102207
2008102209
2008102210
2008102211
2008102212
2008102213
2008102215
2008102217
2008102218
2008102219
2008102221
2008102222
2008102223
2008102225
2008102226
2008102227
2008102228
2008102229
2008102230
2008102231
2008102232
2008102233
2008102236
2008102237
2008102242
2008102243
2008102244
2008102245
2008102247
2008102249
2008102250
2008102251
2008102252
2008102253
2008102255
2008102258
2008102260
2008102262
2008102267
2008102269
2008102270
2008102272
2008102276
2008102277
2008102279
2008102281
2008102282
2008102283
2008102286
2008102289
2008102292
2008102293
2008102294
2008102295
2008102296
2008102298
2008102301
2008102306
2008102307
2008102309
2008102310
2008102311
2008102313
2008102315
2008102317
2008102319
2008102320
2008102321
2008102322
2008102323
2008102324
2008102325
2008102326
2008102327
2008102332
2008102343
2008102344
2008102345
2008102346
2008102348
2008102349
2008102351
2008102352
2008102353
2008102354
2008102355
2008102357
2008102358
2008102359
2008102361
2008102363
2008102364
2008102365
2008102368
2008102369
2008102370
2008102375
2008102381
2008102390
2008102397
2008102402
2008102403
2008102408
2008102409
2008102412
2008102413
2008102414
2008102415
2008102416
2008102417
2008102418
2008102419
2008102420
2008102421
2008102424
2008102425
2008102428
2008102430
2008102431
2008102435
2008102436
2008102437
2008102440
2008102441
2008102443
2008102445
2008102446
2008102447
2008102449
2008102450
2008102451
2008102452
2008102453
2008102454
2008102455
2008102456
2008102458
2008102460
2008102464
2008102465
2008102466
2008102467
2008102468
2008102469
2008102471
2008102472
2008102473
2008102477
2008102478
2008102479
2008102480
2008102481
2008102482
2008102483
2008102484
2008102485
2008102486
2008102487
2008102488
2008102489
2008102490
2008102491
2008102492
2008102512
2008102513
2008102514
2008102516
2008102517
2008102518
2008102519
2008102520
2008102521
2008102522
2008102523
2008102524
2008102525
2008102527
2008102529
2008102530
2008102532
2008102533
2008102535
2008102536
2008102537
2008102538
2008102539
2008102540
2008102541
2008102543
2008102547
2008102549
2008102551
2008102552
2008102554
2008102556
2008102560
2008102561
2008102562
2008102563
2008102564
2008102565
2008102566
2008102568
2008102573
2008102577
2008102578
2008102579
2008102580
2008102581
2008102582
2008102583
2008102584
2008102585
2008102586
2008102587
2008102588
2008102589
2008102591
2008102594
2008102595
2008102596
2008102597
2008102598
2008102599
2008102600
2008102601
2008102602
2008102604
2008102605
2008102606
2008102607
2008102608
2008102610
2008102611
2008102612
2008102613
2008102614
2008102615
2008102616
2008102617
2008102618
2008102620
2008102621
2008102622
2008102625
2008102626
2008102627
2008102628
2008102629
2008102630
2008102631
2008102632
2008102633
2008102634
2008102635
2008102636
2008102637
2008102638
2008102639
2008102640
2008102641
2008102642
2008102643
2008102644
2008102645
2008102646
2008102647
2008102648
2008102650
2008102651
2008102652
2008102653
2008102654
2008102655
2008102657
2008102658
2008102659
2008102660
2008102661
2008102662
2008102664
2008102665
2008102666
2008102667
2008102668
2008102669
2008102670
2008102671
2008102673
2008102674
2008102675
2008102677
2008102678
2008102679
2008102681
2008102682
2008102683
2008102684
2008102686
2008102687
2008102688
2008102689
2008102690
2008102691
2008102692
2008102693
2008102694
2008102696
2008102698
2008102699
2008102700
2008102701
2008102702
2008102703
2008102704
2008102705
2008102706
2008102707
2008102708
2008102709
2008102710
2008102711
2008102712
2008102713
2008102714
2008102717
2008102718
2008102719
2008102720
2008102721
2008102723
2008102724
2008102725
2008102726
2008102728
2008102729
2008102730
2008102731
2008102734
2008102735
2008102736
2008102737
2008102738
2008102739
2008102740
2008102741
2008102742
2008102743
2008102744
2008102746
2008102747
2008102748
2008102749
2008102750
2008102753
2008102754
2008102755
2008102757
2008102758
2008102760
2008102761
2008102762
2008102763
2008102764
2008102765
2008102766
2008102767
2008102768
2008102770
2008102771
2008102772
2008102773
2008102775
2008102776
2008102777
2008102778
2008102779
2008102780
2008102781
2008102782
2008102784
2008102785
2008102786
2008102789
2008102790
2008102791
2008102792
2008102793
2008102794
2008102795
2008102796
2008102797
2008102798
2008102799
2008102801
2008102803
2008102804
2008102805
2008102806
2008102807
2008102808
2008102809
2008102810
2008102811
2008102812
2008102813
2008102814
2008102816
2008102818
2008102819
2008102821
2008102822
2008102823
2008102824
2008102825
2008102826
2008102827
2008102828
2008102829
2008102831
2008102832
2008102833
2008102834
2008102835
2008102836
2008102837
2008102838
2008102839
2008102840
2008102843
2008102845
2008102846
2008102847
2008102848
2008102849
2008102850
2008102851
2008102852
2008102853
2008102854
2008102855
2008102856
2008102857
2008102858
2008102859
2008102860
2008102861
2008102862
2008102863
2008102864
2008102865
2008102866
2008102867
2008102868
2008102869
2008102870
2008102871
2008102872
2008102873
2008102874
2008102875
2008102876
2008102878
2008102879
2008102880
2008102881
2008102882
2008102883
2008102884
2008102885
2008102886
2008102887
2008102888
2008102889
2008102890
2008102892
2008102893
2008102894
2008102895
2008102896
2008102897
2008102899
2008102901
2008102902
2008102903
2008102904
2008102905
2008102906
2008102907
2008102908
2008102909
2008102910
2008102911
2008102912
2008102913
2008102914
2008102915
2008102916
2008102917
2008102918
2008102919
2008102920
2008102921
2008102924
2008102925
2008102927
2008102929
2008102930
2008102931
2008102932
2008102933
2008102935
2008102936
2008102938
2008102939
2008102940
2008102941
2008102942
2008102944
2008102946
2008102947
2008102948
2008102949
2008102950
2008102951
2008102952
2008102953
2008102954
2008102955
2008102956
2008102957
2008102958
2008102959
2008102960
2008102961
2008102962
2008102963
2008102964
2008102965
2008102966
2008102967
2008102969
2008102971
2008102972
2008102973
2008102974
2008102975
2008102976
2008102978
2008102979
2008102980
2008102981
2008102982
2008102983
2008102984
2008102985
2008102986
2008102987
2008102988
2008102989
2008102990
2008102991
2008102992
2008102993
2008102994
2008102995
2008102996
2008102997
2008102998
2008102999
2008103000
2008103002
2008103003
2008103004
2008103005
2008103006
2008103007
2008103008
2008103009
2008103010
2008103011
2008103012
2008103013
2008103014
2008103016
2008103017
2008103018
2008103019
2008103020
2008103021
2008103022
2008103023
2008103024
2008103025
2008103027
2008103030
2008103031
2008103033
2008103034
2008103035
2008103038
2008103039
2008103041
2008103043
2008103044
2008103045
2008103046
2008103047
2008103048
2008103049
2008103050
2008103051
2008103053
2008103054
2008103055
2008103056
2008103057
2008103058
2008103059
2008103060
2008103064
2008103065
2008103066
2008103067
2008103069
2008103070
2008103071
2008103074
2008103075
2008103076
2008103077
2008103078
2008103079
2008103080
2008103081
2008103082
2008103083
2008103084
2008103085
2008103086
2008103088
2008103089
2008103090
2008103091
2008103092
2008103093
2008103095
2008103096
2008103097
2008103099
2008103100
2008103101
2008103105
2008103107
2008103108
2008103109
2008103110
2008103111
2008103112
2008103115
2008103116
2008103118
2008103119
2008103120
2008103121
2008103122
2008103124
2008103125
2008103126
2008103127
2008103128
2008103129
2008103130
2008103131
2008103132
2008103133
2008103135
2008103136
2008103137
2008103138
2008103139
2008103140
2008103141
2008103142
2008103143
2008103144
2008103145
2008103146
2008103147
2008103148
2008103150
2008103151
2008103153
2008103154
2008103155
2008103156
2008103157
2008103158
2008103159
2008103160
2008103161
2008103163
2008103165
2008103168
2008103169
2008103171
2008103173
2008103174
2008103175
2008103177
2008103180
2008103181
2008103182
2008103183
2008103184
2008103185
2008103186
2008103187
2008103188
2008103189
2008103190
2008103191
2008103192
2008103194
2008103196
2008103197
2008103198
2008103199
2008103200
2008103201
2008103202
2008103203
2008103204
2008103205
2008103206
2008103207
2008103209
2008103210
2008103211
2008103212
2008103214
2008103215
2008103217
2008103219
2008103220
2008103221
2008103223
2008103224
2008103225
2008103226
2008103227
2008103228
2008103229
2008103230
2008103231
2008103232
2008103233
2008103234
2008103235
2008103236
2008103237
2008103238
2008103240
2008103241
2008103242
2008103243
2008103244
2008103245
2008103247
2008103248
2008103249
2008103250
2008103251
2008103252
2008103253
2008103254
2008103255
2008103256
2008103257
2008103258
2008103259
2008103260
2008103261
2008103262
2008103263
2008103264
2008103265
2008103266
2008103267
2008103269
2008103270
2008103271
2008103272
2008103273
2008103274
2008103275
2008103276
2008103277
2008103278
2008103279
2008103280
2008103281
2008103282
2008103283
2008103284
2008103287
2008103288
2008103289
2008103290
2008103291
2008103292
2008103293
2008103294
2008103297
2008103298
2008103300
2008103301
2008103302
2008103303
2008103304
2008103305
2008103306
2008103309
2008103310
2008103311
2008103312
2008103313
2008103314
2008103316
2008103317
2008103318
2008103319
2008103320
2008103321
2008103322
2008103324
2008103325
2008103326
2008103327
2008103328
2008103329
2008103332
2008103333
2008103334
2008103335
2008103336
2008103337
2008103338
2008103341
2008103343
2008103344
2008103345
2008103346
2008103347
2008103348
2008103349
2008103350
2008103351
2008103352
2008103353
2008103354
2008103356
2008103357
2008103359
2008103360
2008103361
2008103362
2008103363
2008103364
2008103365
2008103366
2008103367
2008103368
2008103369
2008103370
2008103371
2008103372
2008103373
2008103374
2008103375
2008103376
2008103377
2008103378
2008103379
2008103380
2008103381
2008103382
2008103383
2008103385
2008103386
2008103387
2008103388
2008103390
2008103391
2008103392
2008103393
2008103395
2008103396
2008103397
2008103400
2008103401
2008103402
2008103403
2008103404
2008103405
2008103407
2008103411
2008103413
2008103414
2008103416
2008103417
2008103418
2008103419
2008103420
2008103421
2008103422
2008103425
2008103426
2008103427
2008103429
2008103431
2008103433
2008103434
2008103438
2008103439
2008103441
2008103442
2008103444
2008103446
2008103447
2008103453
2008103454
2008103455
2008103456
2008103457
2008103458
2008103460
2008103461
2008103462
2008103463
2008103464
2008103465
2008103466
2008103467
2008103469
2008103470
2008103472
2008103473
2008103475
2008103476
2008103477
2008103478
2008103483
2008103484
2008103489
2008103492
2008103495
2008103505
2008103517
2008103518
2008103519
2008103522
2008103523
2008103524
2008103525
2008103527
2008103528
2008103530
2008103533
2008103535
2008103537
2008103539
2008103540
2008103541
2008103542
2008103543
2008103544
2008103545
2008103547
2008103548
2008103551
2008103552
2008103553
2008103554
2008103555
2008103557
2008103559
2008103560
2008103567
2008103568
2008103569
2008103570
2008103574
2008103575
2008103579
2008103580
2008103584
2008103587
2008103589
2008103590
2008103593
2008103594
2008103595
2008103597
2008103600
2008103603
2008103604
2008103605
2008103610
2008103611
2008103614
2008103616
2008103618
2008103619
2008103620
2008103623
2008103624
2008103625
2008103631
2008103635
2008103636
2008103637
2008103639
2008103640
2008103641
2008103643
2008103646
2008103647
2008103648
2008103649
2008103650
2008103652
2008103653
2008103655
2008103658
2008103660
2008103661
2008103662
2008103665
2008103666
2008103667
2008103669
2008103670
2008103671
2008103672
2008103674
2008103675
2008103677
2008103679
2008103681
2008103686
2008103693
2008103701
2008103717
2008103730
2008103736
2008103741
2008103751
2008103752
2008103753
2008103754
2008103756
2008103764
2008103766
2008103769
2008103771
2008103772
2008103776
2008103783
2008103785
2008103790
2008103791
2008103793
2008103794
2008103795
2008103797
2008103798
2008103799
2008103801
2008103802
2008103803
2008103804
2008103805
2008103806
2008103807
2008103808
2008103809
2008103812
2008103813
2008103817
2008103818
2008103821
2008103822
2008103823
2008103825
2008103826
2008103827
2008103829
2008103830
2008103831
2008103832
2008103833
2008103836
2008103838
2008103841
2008103842
2008103844
2008103846
2008103847
2008103849
2008103850
2008103852
2008103854
2008103855
2008103856
2008103857
2008103858
2008103859
2008103862
2008103866
2008103867
2008103868
2008103869
2008103870
2008103871
2008103874
2008103875
2008103876
2008103879
2008103880
2008103881
2008103882
2008103886
2008103887
2008103888
2008103889
2008103890
2008103892
2008103893
2008103894
2008103895
2008103896
2008103897
2008103899
2008103901
2008103903
2008103904
2008103911
2008103914
2008103915
2008103917
2008103919
2008103920
2008103921
2008103924
2008103925
2008103927
2008103928
2008103930
2008103935
2008103937
2008103938
2008103941
2008103942
2008103946
2008103948
2008103950
2008103955
2008103957
2008103958
2008103959
2008103960
2008103961
2008103965
2008103968
2008103969
2008103972
2008103982
2008103983
2008103991
2008103992
2008103993
2008103994
2008103995
2008103996
2008103997
2008103998
2008103999
2008104000
2008104001
2008104005
2008104006
2008104007
2008104008
2008104010
2008104011
2008104012
2008104013
2008104016
2008104019
2008104027
2008104028
2008104031
2008104032
2008104033
2008104034
2008104035
2008104036
2008104038
2008104039
2008104040
2008104041
2008104042
2008104043
2008104049
2008104050
2008104053
2008104056
2008104057
2008104059
2008104060
2008104061
2008104063
2008104065
2008104066
2008104067
2008104068
2008104070
2008104071
2008104072
2008104073
2008104075
2008104076
2008104077
2008104078
2008104079
2008104080
2008104081
2008104082
2008104083
2008104085
2008104086
2008104087
2008104088
2008104089
2008104090
2008104091
2008104096
2008104097
2008104098
2008104099
2008104100
2008104101
2008104105
2008104108
2008104110
2008104111
2008104113
2008104114
2008104115
2008104116
2008104118
2008104119
2008104120
2008104122
2008104123
2008104124
2008104125
2008104126
2008104127
2008104128
2008104129
2008104130
2008104131
2008104132
2008104133
2008104134
2008104135
2008104136
2008104137
2008104138
2008104139
2008104140
2008104141
2008104142
2008104144
2008104145
2008104146
2008104147
2008104148
2008104149
2008104151
2008104152
2008104153
2008104155
2008104156
2008104157
2008104159
2008104160
2008104161
2008104162
2008104163
2008104165
2008104169
2008104174
2008104175
2008104176
2008104178
2008104180
2008104182
2008104186
2008104187
2008104189
2008104199
2008104203
2008104210
2008104212
2008104213
2008104215
2008104216
2008104217
2008104218
2008104223
2008104226
2008104234
2008104236
2008104237
2008104241
2008104243
2008104244
2008104245
2008104246
2008104247
2008104250
2008104251
2008104252
2008104253
2008104255
2008104258
2008104259
2008104260
2008104261
2008104262
2008104263
2008104264
2008104265
2008104266
2008104267
2008104268
2008104270
2008104271
2008104273
2008104275
2008104276
2008104277
2008104279
2008104283
2008104284
2008104285
2008104292
2008104294
2008104297
2008104298
2008104301
2008104310
2008104312
2008104314
2008104315
2008104316
2008104317
2008104319
2008104328
2008104329
2008104331
2008104337
2008104341
2008104342
2008104345
2008104346
2008104348
2008104349
2008104350
2008104354
2008104355
2008104356
2008104357
2008104359
2008104362
2008104363
2008104365
2008104366
2008104367
2008104369
2008104372
2008104373
2008104375
2008104376
2008104378
2008104379
2008104380
2008104381
2008104383
2008104384
2008104386
2008104387
2008104388
2008104389
2008104390
2008104394
2008104397
2008104399
2008104400
2008104401
2008104403
2008104404
2008104405
2008104406
2008104407
2008104408
2008104410
2008104411
2008104412
2008104413
2008104415
2008104416
2008104417
2008104419
2008104421
2008104423
2008104424
2008104426
2008104427
2008104429
2008104430
2008104431
2008104435
2008104437
2008104439
2008104441
2008104443
2008104447
2008104449
2008104450
2008104452
2008104453
2008104454
2008104457
2008104458
2008104459
2008104460
2008104461
2008104463
2008104464
2008104465
2008104467
2008104468
2008104469
2008104471
2008104474
2008104476
2008104477
2008104479
2008104481
2008104483
2008104484
2008104486
2008104487
2008104488
2008104489
2008104490
2008104491
2008104503
2008104511
2008104512
2008104513
2008104514
2008104516
2008104522
2008104523
2008104524
2008104525
2008104528
2008104538
2008104539
2008104540
2008104541
2008104544
2008104545
2008104555
2008104556
2008104557
2008104558
2008104559
2008104566
2008104567
2008104568
2008104569
2008104570
2008104571
2008104573
2008104574
2008104575
2008104576
2008104578
2008104579
2008104580
2008104581
2008104582
2008104583
2008104584
2008104586
2008104589
2008104594
2008104595
2008104597
2008104601
2008104602
2008104603
2008104604
2008104606
2008104608
2008104609
2008104610
2008104611
2008104613
2008104614
2008104615
2008104616
2008104617
2008104618
2008104619
2008104627
2008104630
2008104631
2008104636
2008104637
2008104640
2008104641
2008104642
2008104643
2008104646
2008104648
2008104649
2008104650
2008104655
2008104656
2008104657
2008104658
2008104659
2008104662
2008104663
2008104666
2008104670
2008104671
2008104672
2008104677
2008104679
2008104680
2008104681
2008104683
2008104686
2008104687
2008104689
2008104695
2008104696
2008104697
2008104698
2008104699
2008104701
2008104704
2008104705
2008104706
2008104709
2008104713
2008104714
2008104719
2008104723
2008104724
2008104729
2008104732
2008104733
2008104735
2008104736
2008104737
2008104739
2008104740
2008104742
2008104743
2008104746
2008104747
2008104749
2008104750
2008104751
2008104752
2008104753
2008104755
2008104756
2008104758
2008104759
2008104761
2008104764
2008104765
2008104766
2008104767
2008104768
2008104769
2008104771
2008104773
2008104775
2008104776
2008104777
2008104778
2008104779
2008104780
2008104781
2008104782
2008104783
2008104784
2008104785
2008104787
2008104788
2008104789
2008104790
2008104791
2008104792
2008104793
2008104794
2008104795
2008104796
2008104797
2008104798
2008104800
2008104801
2008104802
2008104805
2008104807
2008104808
2008104809
2008104810
2008104812
2008104814
2008104815
2008104816
2008104817
2008104818
2008104819
2008104820
2008104822
2008104823
2008104824
2008104825
2008104826
2008104827
2008104829
2008104830
2008104831
2008104832
2008104833
2008104834
2008104835
2008104836
2008104837
2008104838
2008104840
2008104841
2008104842
2008104843
2008104846
2008104848
2008104849
2008104850
2008104851
2008104852
2008104853
2008104858
2008104860
2008104862
2008104863
2008104866
2008104867
2008104868
2008104869
2008104870
2008104871
2008104873
2008104874
2008104875
2008104876
2008104877
2008104878
2008104879
2008104880
2008104881
2008104885
2008104886
2008104888
2008104889
2008104890
2008104891
2008104892
2008104893
2008104894
2008104898
2008104899
2008104901
2008104904
2008104905
2008104906
2008104907
2008104909
2008104910
2008104911
2008104913
2008104914
2008104915
2008104916
2008104918
2008104921
2008104922
2008104923
2008104924
2008104925
2008104927
2008104930
2008104932
2008104934
2008104937
2008104941
2008104946
2008104948
2008104950
2008104953
2008104955
2008104956
2008104957
2008104960
2008104961
2008104962
2008104963
2008104964
2008104965
2008104967
2008104969
2008104971
2008104972
2008104973
2008104975
2008104976
2008104977
2008104979
2008104980
2008104981
2008104982
2008104983
2008104984
2008104986
2008104988
2008104990
2008104991
2008104992
2008104993
2008104995
2008104996
2008104997
2008105001
2008105003
2008105004
2008105005
2008105006
2008105007
2008105008
2008105009
2008105013
2008105014
2008105015
2008105016
2008105017
2008105018
2008105020
2008105021
2008105022
2008105023
2008105024
2008105025
2008105032
2008105034
2008105035
2008105038
2008105040
2008105041
2008105046
2008105048
2008105049
2008105050
2008105051
2008105053
2008105054
2008105056
2008105057
2008105059
2008105062
2008105063
2008105065
2008105066
2008105067
2008105068
2008105069
2008105071
2008105075
2008105076
2008105079
2008105083
2008105084
2008105085
2008105086
2008105087
2008105091
2008105092
2008105093
2008105095
2008105096
2008105100
2008105102
2008105104
2008105105
2008105106
2008105107
2008105109
2008105113
2008105114
2008105115
2008105116
2008105117
2008105119
2008105120
2008105122
2008105123
2008105124
2008105125
2008105126
2008105127
2008105129
2008105130
2008105131
2008105132
2008105135
2008105136
2008105139
2008105142
2008105144
2008105145
2008105150
2008105151
2008105154
2008105155
2008105156
2008105161
2008105162
2008105163
2008105174
2008105177
2008105181
2008105182
2008105183
2008105185
2008105189
2008105190
2008105191
2008105192
2008105193
2008105194
2008105195
2008105196
2008105199
2008105203
2008105207
2008105210
2008105211
2008105214
2008105219
2008105220
2008105221
2008105222
2008105224
2008105225
2008105226
2008105230
2008105231
2008105233
2008105234
2008105236
2008105238
2008105241
2008105242
2008105243
2008105244
2008105245
2008105246
2008105250
2008105251
2008105252
2008105254
2008105257
2008105258
2008105261
2008105262
2008105263
2008105264
2008105269
2008105270
2008105273
2008105275
2008105277
2008105278
2008105279
2008105280
2008105281
2008105283
2008105285
2008105286
2008105287
2008105289
2008105292
2008105294
2008105295
2008105302
2008105303
2008105305
2008105306
2008105307
2008105308
2008105309
2008105311
2008105313
2008105315
2008105317
2008105319
2008105322
2008105323
2008105325
2008105327
2008105328
2008105330
2008105333
2008105335
2008105337
2008105338
2008105339
2008105340
2008105341
2008105342
2008105343
2008105344
2008105347
2008105348
2008105354
2008105361
2008105362
2008105363
2008105364
2008105367
2008105368
2008105369
2008105370
2008105372
2008105373
2008105374
2008105376
2008105378
2008105379
2008105381
2008105383
2008105384
2008105387
2008105388
2008105390
2008105396
2008105399
2008105402
2008105406
2008105409
2008105410
2008105411
2008105412
2008105417
2008105421
2008105422
2008105426
2008105427
2008105429
2008105430
2008105431
2008105433
2008105440
2008105442
2008105445
2008105447
2008105448
2008105449
2008105450
2008105451
2008105452
2008105453
2008105454
2008105456
2008105458
2008105461
2008105465
2008105466
2008105467
2008105469
2008105472
2008105474
2008105475
2008105478
2008105480
2008105481
2008105483
2008105484
2008105486
2008105488
2008105489
2008105491
2008105493
2008105494
2008105495
2008105496
2008105501
2008105502
2008105507
2008105508
2008105512
2008105513
2008105518
2008105519
2008105520
2008105521
2008105524
2008105525
2008105526
2008105527
2008105528
2008105529
2008105534
2008105542
2008105543
2008105545
2008105548
2008105549
2008105550
2008105551
2008105552
2008105553
2008105554
2008105556
2008105557
2008105558
2008105559
2008105560
2008105561
2008105562
2008105564
2008105565
2008105566
2008105567
2008105568
2008105569
2008105571
2008105572
2008105573
2008105574
2008105575
2008105576
2008105577
2008105578
2008105579
2008105580
2008105581
2008105582
2008105583
2008105584
2008105585
2008105586
2008105587
2008105588
2008105589
2008105591
2008105592
2008105594
2008105595
2008105596
2008105597
2008105598
2008105600
2008105601
2008105602
2008105604
2008105607
2008105609
2008105610
2008105612
2008105617
2008105618
2008105620
2008105621
2008105622
2008105624
2008105626
2008105627
2008105629
2008105630
2008105631
2008105632
2008105633
2008105634
2008105638
2008105639
2008105640
2008105641
2008105644
2008105645
2008105647
2008105648
2008105649
2008105650
2008105651
2008105653
2008105654
2008105655
2008105662
2008105664
2008105665
2008105666
2008105667
2008105668
2008105676
2008105678
2008105690
2008105691
2008105692
2008105698
2008105699
2008105700
2008105701
2008105702
2008105703
2008105704
2008105707
2008105709
2008105712
2008105713
2008105714
2008105717
2008105718
2008105720
2008105722
2008105723
2008105724
2008105725
2008105727
2008105728
2008105729
2008105730
2008105731
2008105732
2008105733
2008105737
2008105739
2008105740
2008105741
2008105742
2008105743
2008105744
2008105746
2008105747
2008105748
2008105754
2008105756
2008105757
2008105758
2008105759
2008105760
2008105761
2008105763
2008105764
2008105765
2008105767
2008105768
2008105769
2008105770
2008105771
2008105772
2008105773
2008105774
2008105775
2008105776
2008105777
2008105778
2008105779
2008105780
2008105782
2008105783
2008105784
2008105785
2008105788
2008105789
2008105790
2008105792
2008105793
2008105794
2008105797
2008105798
2008105799
2008105801
2008105803
2008105805
2008105810
2008105813
2008105814
2008105815
2008105817
2008105818
2008105819
2008105822
2008105825
2008105826
2008105827
2008105828
2008105829
2008105832
2008105833
2008105834
2008105839
2008105840
2008105844
2008105845
2008105847
2008105850
2008105851
2008105854
2008105857
2008105865
2008105866
2008105867
2008105868
2008105869
2008105870
2008105874
2008105876
2008105879
2008105880
2008105881
2008105882
2008105883
2008105887
2008105891
2008105893
2008105894
2008105898
2008105899
2008105900
2008105903
2008105904
2008105905
2008105909
2008105911
2008105912
2008105913
2008105914
2008105916
2008105917
2008105918
2008105919
2008105920
2008105921
2008105922
2008105923
2008105924
2008105925
2008105926
2008105927
2008105929
2008105930
2008105931
2008105932
2008105933
2008105938
2008105946
2008105947
2008105950
2008105954
2008105956
2008105959
2008105960
2008105963
2008105964
2008105965
2008105966
2008105968
2008105969
2008105970
2008105976
2008105977
2008105978
2008105980
2008105982
2008105983
2008105986
2008105991
2008105993
2008105994
2008105995
2008105996
2008105997
2008105998
2008105999
2008106003
2008106004
2008106006
2008106007
2008106008
2008106009
2008106013
2008106014
2008106017
2008106018
2008106019
2008106021
2008106025
2008106026
2008106027
2008106032
2008106037
2008106038
2008106041
2008106042
2008106044
2008106046
2008106047
2008106048
2008106050
2008106054
2008106055
2008106058
2008106059
2008106060
2008106061
2008106062
2008106074
2008106076
2008106082
2008106083
2008106086
2008106087
2008106089
2008106092
2008106093
2008106097
2008106098
2008106099
2008106100
2008106101
2008106104
2008106105
2008106111
2008106116
2008106117
2008106118
2008106123
2008106124
2008106126
2008106127
2008106130
2008106140
2008106143
2008106145
2008106146
2008106147
2008106150
2008106152
2008106153
2008106156
2008106157
2008106160
2008106163
2008106164
2008106172
2008106173
2008106175
2008106176
2008106177
2008106179
2008106180
2008106181
2008106182
2008106184
2008106185
2008106186
2008106187
2008106188
2008106189
2008106190
2008106193
2008106200
2008106201
2008106204
2008106205
2008106206
2008106208
2008106210
2008106213
2008106217
2008106218
2008106220
2008106221
2008106222
2008106223
2008106224
2008106232
2008106234
2008106236
2008106237
2008106239
2008106240
2008106241
2008106244
2008106245
2008106246
2008106247
2008106248
2008106249
2008106250
2008106255
2008106256
2008106258
2008106261
2008106265
2008106266
2008106267
2008106268
2008106269
2008106270
2008106272
2008106276
2008106279
2008106280
2008106281
2008106282
2008106283
2008106284
2008106285
2008106286
2008106294
2008106296
2008106298
2008106299
2008106300
2008106301
2008106303
2008106304
2008106307
2008106309
2008106315
2008106316
2008106324
2008106326
2008106334
2008106337
2008106342
2008106344
2008106345
2008106346
2008106348
2008106349
2008106350
2008106351
2008106354
2008106356
2008106357
2008106360
2008106361
2008106364
2008106365
2008106366
2008106374
2008106375
2008106382
2008106386
2008106388
2008106389
2008106390
2008106391
2008106392
2008106394
2008106396
2008106400
2008106402
2008106403
2008106404
2008106405
2008106406
2008106407
2008106408
2008106409
2008106410
2008106411
2008106412
2008106413
2008106415
2008106419
2008106420
2008106421
2008106424
2008106426
2008106427
2008106430
2008106431
2008106434
2008106435
2008106436
2008106437
2008106438
2008106442
2008106444
2008106445
2008106446
2008106454
2008106459
2008106461
2008106463
2008106464
2008106465
2008106466
2008106467
2008106468
2008106469
2008106470
2008106471
2008106472
2008106473
2008106474
2008106476
2008106477
2008106478
2008106479
2008106480
2008106481
2008106483
2008106485
2008106486
2008106487
2008106489
2008106492
2008106495
2008106497
2008106499
2008106500
2008106501
2008106504
2008106506
2008106507
2008106508
2008106510
2008106511
2008106512
2008106513
2008106515
2008106518
2008106523
2008106525
2008106526
2008106529
2008106530
2008106532
2008106536
2008106542
2008106545
2008106546
2008106548
2008106549
2008106551
2008106553
2008106554
2008106555
2008106558
2008106559
2008106561
2008106563
2008106566
2008106569
2008106571
2008106572
2008106573
2008106574
2008106577
2008106579
2008106580
2008106586
2008106587
2008106591
2008106592
2008106593
2008106597
2008106599
2008106600
2008106602
2008106603
2008106604
2008106605
2008106606
2008106608
2008106609
2008106610
2008106611
2008106612
2008106613
2008106614
2008106615
2008106617
2008106622
2008106623
2008106624
2008106625
2008106628
2008106630
2008106631
2008106633
2008106634
2008106636
2008106656
2008106663
2008106666
2008106667
2008106668
2008106669
2008106670
2008106671
2008106672
2008106673
2008106677
2008106680
2008106681
2008106683
2008106686
2008106688
2008106696
2008106697
2008106699
2008106701
2008106704
2008106716
2008106717
2008106718
2008106725
2008106728
2008106729
2008106731
2008106732
2008106733
2008106741
2008106742
2008106744
2008106745
2008106748
2008106754
2008109001
2008109002
2008109005
2008109007
2008109008
2008109009
2008109013
2008109016
2008109017
2008109018
2008109019
2008109020
2008109021
2008109022
2008109023
2008109024
2008109028
2008109030
2008109031
2008109033
2008109034
2008109035
2008109049
2008109050
2008109056
2008109068
2008109071
2008109076
2008109085
2008109088
2008109089
2008109090
2008109094
2008109099
2008109102
2008109104
2008109105
2008109111
2008109123
2008109124
2008109132
2008109134
2008109136
2008109140
2008109149
2008109151
2008109153
2008109154
2008109156
2008109157
2008109158
2008109163
2008109166
2008109174
2008109177
2008109184
2008109185
2008109190
2008109191
2008109192
2008109195
2008109197
2008109198
2008109201
2008109203
2008109204
2008109205
2008109206
2008109207
2008109208
2008109209
2008109210
2008109211
2008109216
2008109217
2008109228
2008109230
2008109234
2008109238
2008109239
2008109240
2008109242
2008109244
2008109247
2008109248
2008109249
2008109250
2008109251
2008109252
2008109253
2008109254
2008110001
2008110003
2008110004
2008110005
2008110006
2008110007
2008110008
2008110012
2008110013
2008110014
2008110016
2008110017
2008110018
2008110019
2008110020
2008110021
2008110022
2008110023
2008110024
2008110025
2008110026
2008110027
2008110028
2008110029
2008110030
2008110031
2008110032
2008110033
2008110034
2008110035
2008110036
2008110037
2008110038
2008110039
2008110040
2008110041
2008110042
2008110043
2008110044
2008110045
2008110046
2008110047
2008110049
2008110050
2008110051
2008110052
2008110053
2008110054
2008110055
2008110056
2008110057
2008110058
2008110059
2008110060
2008110061
2008110062
2008110063
2008110065
2008110066
2008110067
2008110068
2008110069
2008110070
2008110071
2008110072
2008110073
2008110074
2008110075
2008110076
2008110077
2008110078
2008110079
2008110080
2008110081
2008110082
2008110083
2008110084
2008110085
2008110086
2008110087
2008110088
2008110089
2008110090
2008110091
2008110092
2008110093
2008110094
2008110095
2008110096
2008110097
2008110098
2008110099
2008110100
2008110101
2008110102
2008110103
2008110104
2008110105
2008110106
2008110107
2008110108
2008110109
2008110110
2008110112
2008110113
2008110114
2008110115
2008110116
2008110117
2008110118
2008110120
2008110121
2008110122
2008110123
2008110124
2008110125
2008110126
2008110127
2008110128
2008110129
2008110130
2008110131
2008110132
2008110133
2008110134
2008110135
2008190001
2008190002
2008190003
2008190004
2008190005
2008190006
2008190007
2008190008
2008200004
2008200013
2008105605
2008105716
2008102528
2008104393
2008106010
2008101644
2008110111
2008106429
2008104272
2008105055
2008104734
2008109012
2008109121
2008105479
2008103729
2008103676
2008103687
2008103063
2008103840
2008103032
2008101387
2008101742
2008101937
2008100749
2008102830
2008106517
2008104622
2008104652
2008104664
2008104667
2008105787
2008102680
2008105503
2008103872
2008103905
2008100182
2008100045
2008100115
2008100599
2008100761
2008100867
2008103001
2008103176
2008103355
2008102623
2008100757
2008100587
2008102745
2008104166
2008101938
2008104674
2008105967
2008105892
2008105990
2008103358
2008106169
2008106455
2008100252
2008106302
2008106341
2008104712
2008102685
2008102751
2008103040
2008103634
2008103853
2008102088
2008100648
2008100339
2008100586
2008101532
2008102559
2008103330
2008102756
2008101625
2008104046
2008105671
2008105101
2008106619
2008102340
2008102923
2008103042
2008100198
2008100265
2008100256
2008100246
2008101325
2008100954
2008101063
2008106695
2008103295
2008104999
2008103103
2008105674
2008105804
2008103408
2008110119
2008106320
2008103480
