2009100001
2009100004
2009100005
2009100006
2009100007
2009100009
2009100010
2009100011
2009100012
2009100013
2009100014
2009100015
2009100016
2009100017
2009100019
2009100020
2009100022
2009100025
2009100026
2009100027
2009100028
2009100031
2009100032
2009100035
2009100037
2009100039
2009100040
2009100045
2009100046
2009100047
2009100048
2009100049
2009100050
2009100052
2009100053
2009100054
2009100056
2009100057
2009100059
2009100060
2009100061
2009100062
2009100063
2009100065
2009100066
2009100073
2009100076
2009100077
2009100078
2009100079
2009100080
2009100081
2009100082
2009100084
2009100085
2009100086
2009100089
2009100090
2009100091
2009100092
2009100094
2009100095
2009100096
2009100098
2009100100
2009100101
2009100102
2009100103
2009100104
2009100106
2009100109
2009100111
2009100112
2009100113
2009100114
2009100118
2009100120
2009100121
2009100122
2009100123
2009100124
2009100126
2009100130
2009100131
2009100133
2009100135
2009100137
2009100139
2009100141
2009100142
2009100143
2009100144
2009100145
2009100148
2009100149
2009100152
2009100155
2009100156
2009100158
2009100159
2009100160
2009100162
2009100166
2009100167
2009100168
2009100170
2009100174
2009100175
2009100176
2009100177
2009100178
2009100179
2009100180
2009100182
2009100183
2009100184
2009100186
2009100188
2009100189
2009100190
2009100192
2009100193
2009100196
2009100197
2009100198
2009100199
2009100200
2009100201
2009100202
2009100203
2009100204
2009100206
2009100207
2009100208
2009100209
2009100210
2009100211
2009100212
2009100213
2009100214
2009100215
2009100216
2009100217
2009100218
2009100219
2009100220
2009100221
2009100222
2009100223
2009100224
2009100225
2009100226
2009100229
2009100230
2009100231
2009100232
2009100233
2009100235
2009100237
2009100240
2009100241
2009100242
2009100243
2009100244
2009100245
2009100246
2009100247
2009100248
2009100249
2009100250
2009100251
2009100253
2009100254
2009100255
2009100256
2009100258
2009100259
2009100262
2009100265
2009100276
2009100277
2009100279
2009100281
2009100282
2009100285
2009100286
2009100287
2009100288
2009100289
2009100290
2009100291
2009100292
2009100293
2009100294
2009100295
2009100297
2009100298
2009100299
2009100300
2009100301
2009100303
2009100304
2009100306
2009100307
2009100308
2009100309
2009100310
2009100312
2009100313
2009100314
2009100316
2009100318
2009100322
2009100324
2009100325
2009100326
2009100327
2009100328
2009100329
2009100330
2009100331
2009100332
2009100333
2009100334
2009100335
2009100337
2009100338
2009100341
2009100342
2009100343
2009100344
2009100346
2009100348
2009100349
2009100352
2009100353
2009100354
2009100355
2009100356
2009100357
2009100358
2009100359
2009100360
2009100361
2009100362
2009100363
2009100364
2009100365
2009100366
2009100367
2009100368
2009100369
2009100370
2009100373
2009100374
2009100375
2009100376
2009100377
2009100378
2009100379
2009100380
2009100381
2009100382
2009100383
2009100384
2009100385
2009100386
2009100389
2009100391
2009100392
2009100393
2009100395
2009100396
2009100398
2009100399
2009100400
2009100401
2009100402
2009100403
2009100405
2009100407
2009100410
2009100411
2009100414
2009100416
2009100417
2009100419
2009100420
2009100422
2009100425
2009100431
2009100433
2009100434
2009100435
2009100437
2009100439
2009100441
2009100444
2009100445
2009100446
2009100447
2009100448
2009100455
2009100456
2009100457
2009100458
2009100461
2009100462
2009100463
2009100464
2009100465
2009100466
2009100469
2009100470
2009100471
2009100472
2009100473
2009100474
2009100475
2009100477
2009100478
2009100479
2009100481
2009100482
2009100483
2009100485
2009100486
2009100488
2009100489
2009100490
2009100491
2009100492
2009100493
2009100494
2009100495
2009100498
2009100502
2009100503
2009100504
2009100505
2009100506
2009100507
2009100508
2009100509
2009100510
2009100511
2009100512
2009100513
2009100515
2009100516
2009100517
2009100518
2009100519
2009100520
2009100522
2009100523
2009100525
2009100528
2009100529
2009100530
2009100531
2009100532
2009100534
2009100535
2009100536
2009100538
2009100539
2009100540
2009100541
2009100543
2009100544
2009100547
2009100548
2009100551
2009100552
2009100553
2009100556
2009100558
2009100562
2009100563
2009100564
2009100565
2009100569
2009100570
2009100572
2009100573
2009100574
2009100575
2009100576
2009100577
2009100578
2009100579
2009100580
2009100581
2009100582
2009100583
2009100584
2009100585
2009100586
2009100587
2009100588
2009100589
2009100592
2009100594
2009100595
2009100596
2009100597
2009100598
2009100599
2009100601
2009100602
2009100603
2009100604
2009100605
2009100606
2009100607
2009100609
2009100610
2009100611
2009100612
2009100613
2009100614
2009100615
2009100616
2009100617
2009100620
2009100622
2009100623
2009100626
2009100628
2009100629
2009100634
2009100635
2009100637
2009100641
2009100642
2009100645
2009100646
2009100647
2009100648
2009100650
2009100651
2009100653
2009100656
2009100660
2009100661
2009100662
2009100663
2009100665
2009100666
2009100667
2009100668
2009100669
2009100670
2009100671
2009100672
2009100673
2009100674
2009100675
2009100676
2009100677
2009100678
2009100679
2009100680
2009100681
2009100682
2009100683
2009100684
2009100686
2009100687
2009100688
2009100689
2009100693
2009100695
2009100696
2009100697
2009100698
2009100700
2009100701
2009100702
2009100703
2009100704
2009100705
2009100706
2009100707
2009100709
2009100710
2009100713
2009100715
2009100716
2009100717
2009100718
2009100719
2009100720
2009100721
2009100722
2009100723
2009100725
2009100726
2009100728
2009100729
2009100730
2009100732
2009100734
2009100735
2009100736
2009100738
2009100740
2009100741
2009100742
2009100743
2009100744
2009100745
2009100746
2009100747
2009100749
2009100750
2009100751
2009100752
2009100754
2009100755
2009100756
2009100758
2009100761
2009100764
2009100765
2009100766
2009100767
2009100768
2009100769
2009100771
2009100772
2009100773
2009100774
2009100775
2009100776
2009100777
2009100779
2009100780
2009100781
2009100782
2009100783
2009100784
2009100785
2009100787
2009100789
2009100790
2009100791
2009100793
2009100794
2009100795
2009100796
2009100798
2009100799
2009100800
2009100801
2009100802
2009100803
2009100804
2009100805
2009100806
2009100807
2009100808
2009100809
2009100811
2009100812
2009100813
2009100814
2009100815
2009100816
2009100817
2009100818
2009100820
2009100824
2009100825
2009100826
2009100827
2009100828
2009100829
2009100830
2009100831
2009100832
2009100833
2009100834
2009100836
2009100838
2009100839
2009100843
2009100844
2009100845
2009100846
2009100848
2009100851
2009100852
2009100853
2009100854
2009100857
2009100858
2009100859
2009100860
2009100861
2009100863
2009100864
2009100866
2009100872
2009100874
2009100875
2009100876
2009100877
2009100878
2009100880
2009100882
2009100884
2009100885
2009100886
2009100887
2009100888
2009100892
2009100893
2009100895
2009100896
2009100897
2009100898
2009100899
2009100901
2009100903
2009100904
2009100905
2009100906
2009100907
2009100909
2009100910
2009100911
2009100914
2009100917
2009100918
2009100920
2009100921
2009100922
2009100923
2009100924
2009100925
2009100926
2009100927
2009100930
2009100933
2009100935
2009100936
2009100937
2009100939
2009100941
2009100946
2009100947
2009100948
2009100949
2009100950
2009100951
2009100952
2009100953
2009100957
2009100958
2009100959
2009100960
2009100961
2009100963
2009100967
2009100969
2009100970
2009100971
2009100973
2009100974
2009100975
2009100976
2009100977
2009100978
2009100979
2009100980
2009100981
2009100982
2009100983
2009100985
2009100986
2009100987
2009100988
2009100989
2009100990
2009100991
2009100992
2009100993
2009100995
2009100997
2009100998
2009100999
2009101000
2009101001
2009101002
2009101003
2009101004
2009101005
2009101006
2009101007
2009101008
2009101009
2009101010
2009101011
2009101012
2009101013
2009101016
2009101017
2009101018
2009101019
2009101020
2009101021
2009101022
2009101023
2009101024
2009101025
2009101026
2009101027
2009101030
2009101032
2009101037
2009101040
2009101043
2009101044
2009101046
2009101049
2009101050
2009101051
2009101052
2009101053
2009101054
2009101055
2009101056
2009101057
2009101058
2009101059
2009101060
2009101063
2009101065
2009101067
2009101075
2009101076
2009101077
2009101078
2009101079
2009101080
2009101082
2009101085
2009101086
2009101087
2009101088
2009101090
2009101091
2009101092
2009101093
2009101094
2009101097
2009101098
2009101099
2009101100
2009101103
2009101104
2009101105
2009101106
2009101107
2009101108
2009101110
2009101111
2009101112
2009101113
2009101114
2009101115
2009101116
2009101117
2009101118
2009101124
2009101125
2009101126
2009101127
2009101128
2009101129
2009101130
2009101131
2009101133
2009101134
2009101137
2009101138
2009101139
2009101140
2009101141
2009101142
2009101147
2009101149
2009101150
2009101151
2009101152
2009101153
2009101154
2009101155
2009101156
2009101158
2009101162
2009101163
2009101164
2009101167
2009101168
2009101169
2009101170
2009101171
2009101172
2009101173
2009101174
2009101175
2009101176
2009101177
2009101179
2009101180
2009101181
2009101184
2009101185
2009101186
2009101188
2009101190
2009101197
2009101198
2009101199
2009101200
2009101204
2009101206
2009101207
2009101208
2009101209
2009101210
2009101211
2009101212
2009101215
2009101216
2009101218
2009101219
2009101220
2009101221
2009101222
2009101224
2009101225
2009101226
2009101227
2009101229
2009101230
2009101231
2009101233
2009101235
2009101237
2009101239
2009101240
2009101241
2009101242
2009101243
2009101245
2009101250
2009101251
2009101252
2009101253
2009101254
2009101255
2009101257
2009101258
2009101259
2009101261
2009101262
2009101264
2009101266
2009101268
2009101270
2009101272
2009101273
2009101274
2009101275
2009101277
2009101279
2009101283
2009101284
2009101285
2009101286
2009101287
2009101291
2009101292
2009101294
2009101295
2009101296
2009101297
2009101299
2009101300
2009101304
2009101306
2009101307
2009101309
2009101310
2009101313
2009101318
2009101319
2009101320
2009101322
2009101323
2009101326
2009101329
2009101330
2009101331
2009101334
2009101336
2009101344
2009101347
2009101349
2009101351
2009101352
2009101353
2009101360
2009101361
2009101362
2009101363
2009101365
2009101366
2009101367
2009101375
2009101376
2009101377
2009101378
2009101380
2009101381
2009101382
2009101385
2009101387
2009101389
2009101390
2009101391
2009101392
2009101394
2009101395
2009101396
2009101397
2009101398
2009101399
2009101400
2009101402
2009101403
2009101404
2009101405
2009101406
2009101407
2009101408
2009101409
2009101410
2009101413
2009101414
2009101415
2009101416
2009101419
2009101422
2009101423
2009101425
2009101426
2009101427
2009101428
2009101431
2009101432
2009101434
2009101435
2009101438
2009101439
2009101442
2009101443
2009101445
2009101446
2009101447
2009101448
2009101449
2009101450
2009101451
2009101454
2009101457
2009101458
2009101459
2009101460
2009101461
2009101462
2009101463
2009101466
2009101469
2009101472
2009101473
2009101474
2009101475
2009101477
2009101478
2009101484
2009101491
2009101493
2009101494
2009101495
2009101497
2009101499
2009101501
2009101502
2009101503
2009101506
2009101507
2009101508
2009101510
2009101512
2009101514
2009101515
2009101516
2009101517
2009101519
2009101521
2009101522
2009101523
2009101524
2009101527
2009101528
2009101529
2009101530
2009101531
2009101532
2009101533
2009101534
2009101535
2009101536
2009101537
2009101538
2009101541
2009101542
2009101545
2009101549
2009101550
2009101552
2009101554
2009101555
2009101556
2009101559
2009101564
2009101565
2009101566
2009101568
2009101569
2009101570
2009101571
2009101572
2009101573
2009101574
2009101575
2009101576
2009101577
2009101578
2009101580
2009101582
2009101584
2009101585
2009101588
2009101589
2009101593
2009101596
2009101598
2009101599
2009101600
2009101601
2009101602
2009101607
2009101608
2009101609
2009101610
2009101612
2009101613
2009101615
2009101623
2009101624
2009101630
2009101633
2009101634
2009101635
2009101637
2009101638
2009101640
2009101641
2009101642
2009101643
2009101644
2009101645
2009101647
2009101648
2009101650
2009101651
2009101652
2009101654
2009101655
2009101657
2009101658
2009101659
2009101662
2009101663
2009101664
2009101669
2009101670
2009101672
2009101674
2009101675
2009101680
2009101682
2009101683
2009101685
2009101686
2009101687
2009101692
2009101695
2009101697
2009101698
2009101701
2009101702
2009101705
2009101706
2009101708
2009101709
2009101710
2009101712
2009101713
2009101714
2009101720
2009101723
2009101725
2009101727
2009101728
2009101729
2009101730
2009101732
2009101735
2009101737
2009101739
2009101741
2009101742
2009101750
2009101751
2009101752
2009101753
2009101755
2009101760
2009101761
2009101762
2009101763
2009101764
2009101765
2009101766
2009101767
2009101768
2009101770
2009101771
2009101772
2009101773
2009101774
2009101776
2009101778
2009101779
2009101784
2009101785
2009101788
2009101789
2009101790
2009101792
2009101793
2009101794
2009101797
2009101798
2009101801
2009101803
2009101804
2009101805
2009101806
2009101807
2009101808
2009101809
2009101810
2009101812
2009101813
2009101814
2009101815
2009101816
2009101817
2009101818
2009101819
2009101821
2009101822
2009101823
2009101825
2009101827
2009101828
2009101829
2009101832
2009101834
2009101835
2009101837
2009101838
2009101840
2009101844
2009101845
2009101846
2009101847
2009101850
2009101854
2009101855
2009101856
2009101857
2009101860
2009101861
2009101862
2009101863
2009101865
2009101866
2009101868
2009101869
2009101870
2009101871
2009101872
2009101873
2009101874
2009101875
2009101876
2009101878
2009101881
2009101885
2009101886
2009101889
2009101891
2009101892
2009101893
2009101894
2009101896
2009101900
2009101901
2009101902
2009101903
2009101904
2009101905
2009101908
2009101910
2009101912
2009101918
2009101919
2009101920
2009101923
2009101927
2009101930
2009101931
2009101932
2009101933
2009101934
2009101936
2009101937
2009101940
2009101944
2009101946
2009101947
2009101948
2009101949
2009101951
2009101952
2009101953
2009101959
2009101964
2009101966
2009101967
2009101968
2009101970
2009101971
2009101972
2009101973
2009101975
2009101978
2009101983
2009101986
2009101989
2009101990
2009101991
2009101992
2009101994
2009102000
2009102001
2009102002
2009102003
2009102004
2009102006
2009102007
2009102014
2009102015
2009102016
2009102019
2009102021
2009102023
2009102024
2009102025
2009102026
2009102027
2009102028
2009102029
2009102031
2009102032
2009102033
2009102035
2009102036
2009102038
2009102039
2009102043
2009102044
2009102047
2009102048
2009102049
2009102050
2009102051
2009102052
2009102053
2009102054
2009102056
2009102057
2009102058
2009102063
2009102064
2009102065
2009102066
2009102068
2009102071
2009102073
2009102074
2009102075
2009102076
2009102079
2009102080
2009102081
2009102082
2009102085
2009102086
2009102095
2009102096
2009102097
2009102098
2009102100
2009102101
2009102102
2009102103
2009102109
2009102112
2009102114
2009102115
2009102116
2009102118
2009102119
2009102120
2009102121
2009102122
2009102123
2009102124
2009102125
2009102127
2009102128
2009102131
2009102133
2009102134
2009102135
2009102137
2009102138
2009102139
2009102140
2009102141
2009102142
2009102143
2009102144
2009102145
2009102146
2009102147
2009102148
2009102150
2009102152
2009102155
2009102156
2009102157
2009102158
2009102162
2009102163
2009102164
2009102166
2009102169
2009102171
2009102172
2009102173
2009102175
2009102176
2009102179
2009102180
2009102182
2009102183
2009102185
2009102186
2009102187
2009102189
2009102190
2009102191
2009102192
2009102193
2009102195
2009102197
2009102198
2009102201
2009102203
2009102204
2009102205
2009102207
2009102210
2009102212
2009102216
2009102220
2009102222
2009102225
2009102226
2009102231
2009102232
2009102241
2009102242
2009102247
2009102249
2009102253
2009102255
2009102256
2009102257
2009102259
2009102263
2009102276
2009102278
2009102282
2009102283
2009102285
2009102286
2009102287
2009102288
2009102289
2009102290
2009102291
2009102294
2009102297
2009102298
2009102299
2009102300
2009102301
2009102302
2009102303
2009102304
2009102309
2009102311
2009102313
2009102318
2009102321
2009102322
2009102323
2009102327
2009102330
2009102331
2009102332
2009102335
2009102336
2009102341
2009102342
2009102348
2009102349
2009102350
2009102351
2009102352
2009102353
2009102355
2009102356
2009102357
2009102359
2009102360
2009102362
2009102365
2009102366
2009102367
2009102369
2009102372
2009102374
2009102375
2009102376
2009102379
2009102385
2009102387
2009102390
2009102391
2009102395
2009102396
2009102402
2009102404
2009102405
2009102407
2009102408
2009102409
2009102410
2009102411
2009102412
2009102413
2009102414
2009102415
2009102416
2009102417
2009102418
2009102419
2009102422
2009102429
2009102431
2009102432
2009102433
2009102434
2009102438
2009102439
2009102440
2009102441
2009102442
2009102443
2009102444
2009102445
2009102447
2009102448
2009102449
2009102450
2009102452
2009102453
2009102455
2009102457
2009102458
2009102459
2009102460
2009102461
2009102462
2009102463
2009102464
2009102465
2009102466
2009102467
2009102469
2009102470
2009102471
2009102472
2009102473
2009102474
2009102476
2009102477
2009102478
2009102479
2009102480
2009102481
2009102482
2009102483
2009102485
2009102487
2009102488
2009102489
2009102490
2009102491
2009102492
2009102493
2009102494
2009102495
2009102496
2009102497
2009102499
2009102500
2009102501
2009102503
2009102504
2009102505
2009102506
2009102508
2009102510
2009102511
2009102513
2009102515
2009102516
2009102517
2009102518
2009102519
2009102520
2009102521
2009102522
2009102524
2009102525
2009102527
2009102529
2009102530
2009102531
2009102532
2009102533
2009102534
2009102537
2009102539
2009102540
2009102541
2009102545
2009102546
2009102547
2009102551
2009102553
2009102554
2009102555
2009102556
2009102557
2009102558
2009102559
2009102560
2009102561
2009102566
2009102568
2009102569
2009102570
2009102571
2009102579
2009102580
2009102581
2009102582
2009102583
2009102584
2009102585
2009102586
2009102588
2009102589
2009102590
2009102591
2009102593
2009102596
2009102597
2009102598
2009102600
2009102601
2009102602
2009102603
2009102604
2009102605
2009102606
2009102608
2009102609
2009102610
2009102613
2009102615
2009102616
2009102617
2009102618
2009102619
2009102620
2009102622
2009102623
2009102624
2009102625
2009102626
2009102628
2009102629
2009102630
2009102631
2009102633
2009102634
2009102636
2009102638
2009102639
2009102640
2009102641
2009102642
2009102643
2009102644
2009102645
2009102646
2009102647
2009102648
2009102649
2009102650
2009102651
2009102653
2009102655
2009102657
2009102658
2009102659
2009102661
2009102662
2009102663
2009102664
2009102666
2009102667
2009102668
2009102669
2009102671
2009102672
2009102673
2009102674
2009102676
2009102678
2009102679
2009102680
2009102681
2009102682
2009102683
2009102684
2009102685
2009102686
2009102687
2009102692
2009102694
2009102695
2009102696
2009102698
2009102699
2009102700
2009102701
2009102703
2009102704
2009102705
2009102706
2009102711
2009102713
2009102716
2009102722
2009102724
2009102726
2009102727
2009102730
2009102732
2009102733
2009102734
2009102735
2009102736
2009102738
2009102739
2009102742
2009102744
2009102745
2009102749
2009102750
2009102752
2009102753
2009102757
2009102758
2009102759
2009102766
2009102767
2009102768
2009102772
2009102775
2009102779
2009102781
2009102782
2009102783
2009102786
2009102787
2009102788
2009102789
2009102793
2009102795
2009102796
2009102798
2009102800
2009102801
2009102803
2009102808
2009102809
2009102810
2009102815
2009102817
2009102819
2009102822
2009102824
2009102825
2009102826
2009102828
2009102833
2009102835
2009102836
2009102837
2009102838
2009102840
2009102841
2009102842
2009102843
2009102844
2009102845
2009102846
2009102847
2009102848
2009102849
2009102850
2009102851
2009102852
2009102854
2009102855
2009102865
2009102866
2009102867
2009102870
2009102872
2009102873
2009102875
2009102877
2009102878
2009102879
2009102880
2009102881
2009102882
2009102883
2009102887
2009102889
2009102891
2009102894
2009102895
2009102897
2009102899
2009102901
2009102903
2009102905
2009102906
2009102908
2009102909
2009102910
2009102912
2009102914
2009102915
2009102917
2009102918
2009102919
2009102923
2009102924
2009102925
2009102926
2009102930
2009102934
2009102935
2009102936
2009102937
2009102939
2009102940
2009102941
2009102942
2009102943
2009102945
2009102952
2009102953
2009102954
2009102955
2009102956
2009102957
2009102958
2009102959
2009102961
2009102962
2009102963
2009102965
2009102966
2009102969
2009102971
2009102972
2009102973
2009102974
2009102979
2009102981
2009102983
2009102986
2009102988
2009102990
2009102992
2009102994
2009102996
2009102999
2009103001
2009103002
2009103003
2009103004
2009103006
2009103007
2009103010
2009103012
2009103013
2009103014
2009103015
2009103019
2009103020
2009103023
2009103029
2009103031
2009103032
2009103033
2009103034
2009103036
2009103037
2009103039
2009103040
2009103044
2009103045
2009103046
2009103049
2009103053
2009103054
2009103056
2009103059
2009103060
2009103062
2009103064
2009103067
2009103068
2009103069
2009103071
2009103075
2009103076
2009103077
2009103079
2009103081
2009103082
2009103084
2009103085
2009103086
2009103087
2009103089
2009103090
2009103091
2009103092
2009103098
2009103099
2009103100
2009103104
2009103107
2009103108
2009103109
2009103110
2009103111
2009103112
2009103113
2009103114
2009103115
2009103116
2009103117
2009103121
2009103128
2009103130
2009103131
2009103133
2009103134
2009103137
2009103138
2009103140
2009103141
2009103142
2009103143
2009103145
2009103146
2009103147
2009103148
2009103149
2009103150
2009103152
2009103154
2009103155
2009103156
2009103157
2009103158
2009103160
2009103161
2009103162
2009103163
2009103164
2009103165
2009103167
2009103170
2009103171
2009103172
2009103175
2009103176
2009103177
2009103182
2009103191
2009103203
2009103204
2009103205
2009103209
2009103211
2009103212
2009103218
2009103220
2009103226
2009103228
2009103230
2009103234
2009103235
2009103236
2009103243
2009103245
2009103246
2009103247
2009103249
2009103250
2009103251
2009103253
2009103254
2009103255
2009103256
2009103257
2009103258
2009103260
2009103261
2009103262
2009103263
2009103264
2009103266
2009103267
2009103268
2009103269
2009103271
2009103277
2009103278
2009103280
2009103281
2009103283
2009103284
2009103285
2009103291
2009103295
2009103298
2009103299
2009103300
2009103301
2009103302
2009103303
2009103307
2009103308
2009103310
2009103311
2009103312
2009103314
2009103315
2009103316
2009103317
2009103318
2009103319
2009103320
2009103321
2009103322
2009103323
2009103326
2009103327
2009103328
2009103329
2009103330
2009103334
2009103336
2009103337
2009103338
2009103340
2009103341
2009103343
2009103344
2009103345
2009103346
2009103347
2009103350
2009103351
2009103352
2009103356
2009103357
2009103359
2009103361
2009103362
2009103367
2009103368
2009103369
2009103373
2009103374
2009103375
2009103377
2009103378
2009103381
2009103382
2009103384
2009103385
2009103388
2009103389
2009103390
2009103392
2009103393
2009103394
2009103395
2009103396
2009103400
2009103401
2009103402
2009103404
2009103405
2009103406
2009103410
2009103411
2009103412
2009103413
2009103414
2009103430
2009103431
2009103432
2009103433
2009103434
2009103435
2009103436
2009103438
2009103439
2009103440
2009103441
2009103443
2009103444
2009103445
2009103446
2009103448
2009103449
2009103450
2009103451
2009103453
2009103454
2009103455
2009103456
2009103457
2009103458
2009103460
2009103461
2009103462
2009103463
2009103464
2009103465
2009103466
2009103467
2009103469
2009103470
2009103471
2009103473
2009103475
2009103483
2009103484
2009103489
2009103493
2009103494
2009103495
2009103501
2009103504
2009103505
2009103507
2009103509
2009103510
2009103513
2009103514
2009103515
2009103516
2009103518
2009103521
2009103522
2009103523
2009103525
2009103526
2009103527
2009103529
2009103531
2009103532
2009103534
2009103536
2009103539
2009103541
2009103544
2009103545
2009103547
2009103548
2009103550
2009103551
2009103554
2009103555
2009103557
2009103558
2009103559
2009103560
2009103562
2009103564
2009103566
2009103570
2009103581
2009103584
2009103586
2009103587
2009103589
2009103590
2009103591
2009103592
2009103593
2009103594
2009103595
2009103597
2009103598
2009103600
2009103601
2009103602
2009103604
2009103606
2009103607
2009103610
2009103611
2009103613
2009103616
2009103617
2009103618
2009103619
2009103622
2009103623
2009103624
2009103626
2009103629
2009103630
2009103631
2009103632
2009103634
2009103635
2009103636
2009103638
2009103639
2009103640
2009103642
2009103643
2009103645
2009103646
2009103652
2009103656
2009103657
2009103658
2009103660
2009103661
2009103662
2009103663
2009103665
2009103666
2009103667
2009103668
2009103683
2009103684
2009103686
2009103687
2009103690
2009103691
2009103692
2009103694
2009103695
2009103696
2009103697
2009103698
2009103700
2009103703
2009103704
2009103705
2009103707
2009103708
2009103710
2009103711
2009103713
2009103714
2009103716
2009103717
2009103720
2009103722
2009103724
2009103725
2009103726
2009103728
2009103730
2009103731
2009103734
2009103735
2009103736
2009103737
2009103738
2009103739
2009103740
2009103741
2009103742
2009103743
2009103747
2009103748
2009103749
2009103750
2009103751
2009103759
2009103762
2009103763
2009103764
2009103765
2009103766
2009103767
2009103768
2009103772
2009103773
2009103775
2009103777
2009103780
2009103781
2009103783
2009103785
2009103786
2009103788
2009103795
2009103802
2009103805
2009103810
2009103812
2009103813
2009103814
2009103815
2009103816
2009103817
2009103818
2009103820
2009103821
2009103822
2009103823
2009103824
2009103826
2009103828
2009103829
2009103830
2009103831
2009103832
2009103833
2009103836
2009103837
2009103838
2009103839
2009103840
2009103841
2009103842
2009103844
2009103845
2009103847
2009103848
2009103849
2009103850
2009103851
2009103852
2009103853
2009103854
2009103855
2009103856
2009103859
2009103860
2009103861
2009103862
2009103863
2009103864
2009103866
2009103867
2009103868
2009103869
2009103870
2009103871
2009103872
2009103873
2009103874
2009103875
2009103876
2009103878
2009103879
2009103880
2009103881
2009103882
2009103883
2009103885
2009103886
2009103887
2009103888
2009103889
2009103890
2009103891
2009103893
2009103894
2009103896
2009103897
2009103898
2009103899
2009103900
2009103901
2009103902
2009103903
2009103904
2009103905
2009103906
2009103907
2009103909
2009103910
2009103911
2009103912
2009103917
2009103918
2009103919
2009103920
2009103922
2009103923
2009103925
2009103926
2009103927
2009103928
2009103929
2009103930
2009103931
2009103932
2009103933
2009103934
2009103935
2009103936
2009103937
2009103938
2009103939
2009103940
2009103941
2009103942
2009103943
2009103946
2009103947
2009103949
2009103950
2009103951
2009103952
2009103953
2009103954
2009103955
2009103956
2009103958
2009103960
2009103961
2009103962
2009103963
2009103964
2009103965
2009103966
2009103967
2009103968
2009103971
2009103972
2009103975
2009103976
2009103977
2009103982
2009103986
2009103987
2009103988
2009103989
2009103991
2009103992
2009103993
2009103994
2009103997
2009103999
2009104004
2009104005
2009104006
2009104007
2009104008
2009104011
2009104013
2009104014
2009104017
2009104018
2009104019
2009104020
2009104022
2009104026
2009104027
2009104030
2009104031
2009104035
2009104037
2009104041
2009104043
2009104044
2009104046
2009104047
2009104049
2009104050
2009104051
2009104052
2009104053
2009104054
2009104055
2009104059
2009104060
2009104063
2009104064
2009104065
2009104066
2009104067
2009104068
2009104069
2009104070
2009104072
2009104074
2009104075
2009104077
2009104078
2009104082
2009104084
2009104085
2009104086
2009104087
2009104089
2009104090
2009104091
2009104093
2009104094
2009104096
2009104106
2009104108
2009104109
2009104110
2009104122
2009104124
2009104126
2009104127
2009104133
2009104134
2009104135
2009104138
2009104139
2009104142
2009104143
2009104144
2009104145
2009104146
2009104147
2009104148
2009104149
2009104150
2009104151
2009104152
2009104153
2009104154
2009104155
2009104156
2009104157
2009104158
2009104159
2009104160
2009104161
2009104163
2009104164
2009104165
2009104166
2009104167
2009104168
2009104169
2009104171
2009104172
2009104173
2009104175
2009104177
2009104178
2009104180
2009104181
2009104182
2009104183
2009104185
2009104187
2009104188
2009104190
2009104191
2009104193
2009104194
2009104195
2009104197
2009104199
2009104200
2009104201
2009104203
2009104204
2009104205
2009104206
2009104207
2009104211
2009104214
2009104215
2009104225
2009104226
2009104228
2009104230
2009104231
2009104232
2009104233
2009104234
2009104235
2009104236
2009104237
2009104238
2009104239
2009104240
2009104241
2009104242
2009104243
2009104244
2009104245
2009104246
2009104247
2009104248
2009104250
2009104253
2009104254
2009104256
2009104259
2009104261
2009104262
2009104264
2009104265
2009104266
2009104267
2009104268
2009104269
2009104270
2009104272
2009104274
2009104275
2009104276
2009104282
2009104283
2009104286
2009104287
2009104288
2009104292
2009104293
2009104294
2009104295
2009104296
2009104297
2009104299
2009104304
2009104305
2009104306
2009104307
2009104308
2009104309
2009104312
2009104313
2009104314
2009104315
2009104316
2009104317
2009104318
2009104319
2009104320
2009104321
2009104323
2009104324
2009104328
2009104330
2009104331
2009104332
2009104334
2009104336
2009104337
2009104338
2009104340
2009104344
2009104348
2009104349
2009104350
2009104351
2009104356
2009104358
2009104364
2009104365
2009104366
2009104367
2009104368
2009104369
2009104370
2009104372
2009104374
2009104375
2009104376
2009104377
2009104380
2009104381
2009104387
2009104390
2009104391
2009104392
2009104393
2009104394
2009104396
2009104398
2009104400
2009104402
2009104403
2009104404
2009104407
2009104410
2009104411
2009104413
2009104414
2009104415
2009104419
2009104421
2009104426
2009104431
2009104432
2009104436
2009104439
2009104441
2009104442
2009104443
2009104445
2009104448
2009104449
2009104454
2009104457
2009104459
2009104460
2009104461
2009104462
2009104465
2009104466
2009104467
2009104469
2009104470
2009104474
2009104475
2009104477
2009104478
2009104479
2009104480
2009104481
2009104483
2009104484
2009104485
2009104487
2009104490
2009104496
2009104497
2009104498
2009104499
2009104504
2009104505
2009104506
2009104507
2009104510
2009104511
2009104512
2009104514
2009104517
2009104518
2009104527
2009104529
2009104533
2009104534
2009104535
2009104536
2009104538
2009104539
2009104540
2009104541
2009104542
2009104546
2009104547
2009104548
2009104552
2009104554
2009104556
2009104558
2009104560
2009104561
2009104562
2009104564
2009104565
2009104566
2009104567
2009104568
2009104570
2009104572
2009104575
2009104576
2009104578
2009104579
2009104584
2009104585
2009104586
2009104587
2009104588
2009104589
2009104590
2009104591
2009104592
2009104593
2009104595
2009104596
2009104597
2009104598
2009104599
2009104600
2009104602
2009104603
2009104604
2009104605
2009104606
2009104607
2009104608
2009104609
2009104610
2009104611
2009104612
2009104616
2009104619
2009104623
2009104624
2009104626
2009104628
2009104631
2009104632
2009104633
2009104634
2009104635
2009104636
2009104638
2009104641
2009104643
2009104644
2009104648
2009104650
2009104651
2009104652
2009104653
2009104655
2009104656
2009104657
2009104660
2009104661
2009104662
2009104663
2009104665
2009104666
2009104673
2009104677
2009104679
2009104685
2009104686
2009104690
2009104692
2009104693
2009104696
2009104697
2009104700
2009104705
2009104706
2009104707
2009104718
2009104720
2009104722
2009104724
2009104725
2009104726
2009104732
2009104733
2009104735
2009104736
2009104738
2009104741
2009104743
2009104751
2009104752
2009104753
2009104755
2009104756
2009104757
2009104759
2009104760
2009104765
2009104767
2009104768
2009104769
2009104771
2009104772
2009104773
2009104774
2009104775
2009104776
2009104777
2009104779
2009104781
2009104782
2009104783
2009104784
2009104785
2009104786
2009104787
2009104788
2009104789
2009104792
2009104793
2009104794
2009104799
2009104800
2009104801
2009104803
2009104806
2009104807
2009104808
2009104810
2009104813
2009104814
2009104816
2009104817
2009104818
2009104819
2009104821
2009104822
2009104823
2009104824
2009104826
2009104827
2009104829
2009104830
2009104832
2009104835
2009104836
2009104837
2009104839
2009104841
2009104845
2009104850
2009104852
2009104856
2009104857
2009104858
2009104859
2009104860
2009104861
2009104863
2009104865
2009104866
2009104870
2009104873
2009104874
2009104876
2009104877
2009104878
2009104879
2009104884
2009104885
2009104886
2009104888
2009104891
2009104893
2009104894
2009104896
2009104897
2009104901
2009104902
2009104903
2009104904
2009104909
2009104910
2009104911
2009104915
2009104916
2009104919
2009104920
2009104922
2009104923
2009104925
2009104926
2009104927
2009104928
2009104929
2009104930
2009104931
2009104932
2009104934
2009104935
2009104936
2009104938
2009104940
2009104941
2009104942
2009104943
2009104944
2009104945
2009104946
2009104947
2009104948
2009104949
2009104950
2009104951
2009104952
2009104955
2009104956
2009104957
2009104958
2009104960
2009104961
2009104962
2009104963
2009104964
2009104966
2009104969
2009104971
2009104972
2009104973
2009104974
2009104975
2009104976
2009104977
2009104978
2009104980
2009104981
2009104982
2009104983
2009104985
2009104986
2009104987
2009104988
2009104989
2009104990
2009104991
2009104992
2009104993
2009104994
2009104995
2009104996
2009104997
2009104998
2009104999
2009105000
2009105001
2009105002
2009105003
2009105004
2009105005
2009105006
2009105008
2009105009
2009105012
2009105013
2009105014
2009105015
2009105016
2009105017
2009105018
2009105019
2009105020
2009105021
2009105022
2009105023
2009105024
2009105025
2009105026
2009105027
2009105028
2009105029
2009105030
2009105031
2009105032
2009105033
2009105034
2009105035
2009105036
2009105037
2009105038
2009105039
2009105040
2009105041
2009105042
2009105043
2009105044
2009105046
2009105048
2009105049
2009105050
2009105051
2009105053
2009105055
2009105056
2009105058
2009105059
2009105062
2009105063
2009105067
2009105068
2009105069
2009105071
2009105072
2009105073
2009105074
2009105077
2009105079
2009105080
2009105081
2009105082
2009105084
2009105086
2009105087
2009105088
2009105092
2009105093
2009105096
2009105098
2009105099
2009105100
2009105101
2009105102
2009105103
2009105105
2009105107
2009105108
2009105109
2009105111
2009105112
2009105114
2009105116
2009105117
2009105122
2009105123
2009105124
2009105125
2009105126
2009105127
2009105128
2009105129
2009105131
2009105132
2009105133
2009105134
2009105136
2009105137
2009105139
2009105140
2009105141
2009105142
2009105143
2009105144
2009105145
2009105146
2009105147
2009105148
2009105150
2009105151
2009105153
2009105155
2009105157
2009105159
2009105160
2009105161
2009105164
2009105165
2009105168
2009105169
2009105171
2009105172
2009105173
2009105174
2009105175
2009105176
2009105177
2009105179
2009105180
2009105181
2009105182
2009105183
2009105184
2009105185
2009105187
2009105189
2009105190
2009105191
2009105192
2009105193
2009105194
2009105196
2009105198
2009105199
2009105200
2009105201
2009105202
2009105203
2009105204
2009105206
2009105208
2009105209
2009105210
2009105212
2009105213
2009105214
2009105216
2009105219
2009105220
2009105222
2009105223
2009105225
2009105226
2009105227
2009105230
2009105232
2009105233
2009105234
2009105235
2009105236
2009105237
2009105239
2009105240
2009105241
2009105244
2009105245
2009105247
2009105248
2009105250
2009105251
2009105252
2009105253
2009105254
2009105255
2009105258
2009105259
2009105260
2009105261
2009105262
2009105263
2009105266
2009105267
2009105268
2009105269
2009105270
2009105271
2009105272
2009105273
2009105275
2009105276
2009105278
2009105279
2009105280
2009105282
2009105283
2009105284
2009105285
2009105287
2009105288
2009105289
2009105290
2009105291
2009105292
2009105294
2009105295
2009105296
2009105297
2009105298
2009105299
2009105301
2009105303
2009105304
2009105305
2009105306
2009105307
2009105312
2009105313
2009105314
2009105316
2009105317
2009105318
2009105321
2009105322
2009105323
2009105324
2009105327
2009105328
2009105330
2009105334
2009105335
2009105336
2009105339
2009105340
2009105341
2009105342
2009105344
2009105345
2009105346
2009105347
2009105349
2009105351
2009105352
2009105355
2009105356
2009105357
2009105358
2009105365
2009105367
2009105370
2009105371
2009105374
2009105375
2009105376
2009105377
2009105378
2009105379
2009105380
2009105382
2009105385
2009105386
2009105387
2009105389
2009105396
2009105397
2009105398
2009105399
2009105400
2009105401
2009105402
2009105404
2009105405
2009105407
2009105409
2009105410
2009105411
2009105413
2009105420
2009105421
2009105422
2009105423
2009105425
2009105426
2009105430
2009105431
2009105432
2009105434
2009105435
2009105436
2009105440
2009105442
2009105446
2009105447
2009105449
2009105451
2009105452
2009105453
2009105454
2009105455
2009105456
2009105458
2009105459
2009105460
2009105461
2009105463
2009105466
2009105467
2009105469
2009105470
2009105471
2009105473
2009105475
2009105477
2009105478
2009105479
2009105480
2009105481
2009105482
2009105483
2009105484
2009105485
2009105488
2009105489
2009105490
2009105491
2009105492
2009105493
2009105495
2009105497
2009105499
2009105503
2009105505
2009105506
2009105507
2009105511
2009105512
2009105514
2009105515
2009105522
2009105527
2009105528
2009105530
2009105531
2009105532
2009105533
2009105535
2009105540
2009105542
2009105543
2009105544
2009105546
2009105547
2009105548
2009105550
2009105551
2009105554
2009105556
2009105560
2009105561
2009105562
2009105563
2009105564
2009105566
2009105567
2009105569
2009105570
2009105571
2009105572
2009105574
2009105575
2009105579
2009105582
2009105583
2009105586
2009105587
2009105589
2009105590
2009105591
2009105592
2009105593
2009105594
2009105595
2009105598
2009105600
2009105602
2009105605
2009105606
2009105607
2009105623
2009105624
2009105625
2009105629
2009105630
2009105631
2009105634
2009105635
2009105637
2009105638
2009105639
2009105640
2009105642
2009105643
2009105646
2009105649
2009105650
2009105653
2009105654
2009105655
2009105658
2009105660
2009105661
2009105668
2009105670
2009105672
2009105674
2009105675
2009105676
2009105677
2009105680
2009105685
2009105688
2009105690
2009105691
2009105693
2009105694
2009105695
2009105696
2009105698
2009105699
2009105700
2009105701
2009105702
2009105703
2009105704
2009105705
2009105706
2009105707
2009105708
2009105709
2009105710
2009105711
2009105712
2009105713
2009105714
2009105715
2009105716
2009105717
2009105718
2009105720
2009105721
2009105723
2009105725
2009105726
2009105727
2009105728
2009105729
2009105730
2009105731
2009105732
2009105733
2009105734
2009105735
2009105736
2009105737
2009105738
2009105739
2009105740
2009105741
2009105742
2009105743
2009105745
2009105746
2009105747
2009105748
2009105749
2009105750
2009105752
2009105753
2009105755
2009105757
2009105758
2009105760
2009105761
2009105762
2009105763
2009105764
2009105765
2009105766
2009105767
2009105768
2009105769
2009105770
2009105771
2009105773
2009105774
2009105775
2009105776
2009105777
2009105778
2009105779
2009105780
2009105781
2009105784
2009105785
2009105786
2009105788
2009105789
2009105790
2009105791
2009105792
2009105793
2009105794
2009105795
2009105796
2009105797
2009105798
2009105799
2009105800
2009105801
2009105802
2009105803
2009105804
2009105805
2009105806
2009105807
2009105808
2009105809
2009105810
2009105811
2009105812
2009105813
2009105814
2009105815
2009105816
2009105817
2009105818
2009105819
2009105820
2009105821
2009105822
2009105825
2009105826
2009105827
2009105828
2009105829
2009105830
2009105831
2009105832
2009105833
2009105834
2009105835
2009105836
2009105837
2009105838
2009105839
2009105841
2009105842
2009105843
2009105844
2009105847
2009105848
2009105849
2009105850
2009105851
2009105853
2009105854
2009105855
2009105856
2009105857
2009105858
2009105859
2009105860
2009105861
2009105862
2009105863
2009105864
2009105867
2009105868
2009105869
2009105870
2009105871
2009105872
2009105873
2009105874
2009105875
2009105877
2009105878
2009105879
2009105880
2009105881
2009105882
2009105883
2009105884
2009105885
2009105887
2009105888
2009105889
2009105890
2009105891
2009105892
2009105893
2009105894
2009105896
2009105897
2009105899
2009105900
2009105901
2009105902
2009105903
2009105905
2009105907
2009105909
2009105910
2009105911
2009105912
2009105913
2009105914
2009105916
2009105917
2009105918
2009105920
2009105921
2009105922
2009105923
2009105924
2009105925
2009105926
2009105927
2009105928
2009105929
2009105930
2009105931
2009105934
2009105935
2009105936
2009105937
2009105938
2009105939
2009105940
2009105941
2009105942
2009105943
2009105944
2009105945
2009105946
2009105949
2009105950
2009105951
2009105953
2009105954
2009105955
2009105957
2009105959
2009105960
2009105961
2009105963
2009105964
2009105965
2009105967
2009105968
2009105969
2009105971
2009105972
2009105973
2009105974
2009105975
2009105976
2009105977
2009105978
2009105979
2009105980
2009105981
2009105982
2009105983
2009105984
2009105985
2009105988
2009105989
2009105990
2009105991
2009105992
2009105993
2009105994
2009105996
2009105997
2009105998
2009105999
2009106000
2009106001
2009106002
2009106003
2009106004
2009106005
2009106007
2009106009
2009106011
2009106012
2009106013
2009106014
2009106015
2009106016
2009106017
2009106018
2009106020
2009106023
2009106025
2009106026
2009106027
2009106029
2009106030
2009106031
2009106032
2009106034
2009106035
2009106036
2009106037
2009106038
2009106039
2009106040
2009106041
2009106042
2009106044
2009106045
2009106046
2009106047
2009106048
2009106049
2009106050
2009106051
2009106052
2009106053
2009106054
2009106055
2009106056
2009106057
2009106058
2009106059
2009106060
2009106061
2009106062
2009106063
2009106064
2009106065
2009106066
2009106067
2009106068
2009106069
2009106070
2009106072
2009106073
2009106074
2009106075
2009106076
2009106078
2009106079
2009106080
2009106083
2009106084
2009106086
2009106087
2009106088
2009106090
2009106091
2009106092
2009106093
2009106094
2009106095
2009106096
2009106097
2009106098
2009106099
2009106100
2009106101
2009106104
2009106105
2009106106
2009106107
2009106108
2009106109
2009106110
2009106111
2009106113
2009106114
2009106115
2009106119
2009106121
2009106122
2009106123
2009106124
2009106125
2009106126
2009106127
2009106128
2009106130
2009106131
2009106132
2009106133
2009106134
2009106135
2009106138
2009106139
2009106140
2009106141
2009106142
2009106145
2009106146
2009106147
2009106148
2009106149
2009106150
2009106151
2009106152
2009106153
2009106154
2009106155
2009106157
2009106158
2009106159
2009106160
2009106161
2009106162
2009106164
2009106165
2009106166
2009106170
2009106171
2009106172
2009106173
2009106174
2009106175
2009106176
2009106178
2009106179
2009106180
2009106181
2009106182
2009106183
2009106184
2009106185
2009106186
2009106187
2009106188
2009106189
2009106190
2009106191
2009106192
2009106193
2009106194
2009106195
2009106196
2009106197
2009106198
2009106199
2009106200
2009106201
2009106202
2009106203
2009106204
2009106205
2009106206
2009106207
2009106208
2009106209
2009106210
2009106211
2009106213
2009106214
2009106215
2009106216
2009106217
2009106218
2009106219
2009106220
2009106221
2009106222
2009106223
2009106224
2009106225
2009106226
2009106227
2009106228
2009106229
2009106230
2009106231
2009106233
2009106234
2009106236
2009106237
2009106239
2009106240
2009106241
2009106242
2009106243
2009106244
2009106246
2009106247
2009106248
2009106249
2009106250
2009106252
2009106253
2009106254
2009106255
2009106257
2009106258
2009106259
2009106261
2009106262
2009106264
2009106265
2009106266
2009106267
2009106269
2009106270
2009106271
2009106272
2009106275
2009106276
2009106277
2009106278
2009106279
2009106280
2009106281
2009106282
2009106284
2009106285
2009106286
2009106287
2009106288
2009106289
2009106290
2009106291
2009106292
2009106294
2009106296
2009106298
2009106299
2009106300
2009106301
2009106304
2009106305
2009106306
2009106307
2009106308
2009106310
2009106311
2009106312
2009106314
2009106315
2009106317
2009106318
2009106319
2009106320
2009106321
2009106322
2009106323
2009106324
2009106325
2009106326
2009106327
2009106328
2009106329
2009106330
2009106331
2009106332
2009106334
2009106335
2009106336
2009106338
2009106339
2009106341
2009106342
2009106343
2009106344
2009106345
2009106346
2009106349
2009106350
2009106351
2009106352
2009106353
2009106354
2009106356
2009106357
2009106359
2009106360
2009106361
2009106363
2009106364
2009106366
2009106367
2009106368
2009106369
2009106370
2009106371
2009106373
2009106374
2009106375
2009106376
2009106377
2009106378
2009106379
2009106380
2009106381
2009106383
2009106384
2009106386
2009106387
2009106388
2009106389
2009106390
2009106392
2009106393
2009106394
2009106395
2009106396
2009106397
2009106398
2009106399
2009106400
2009106403
2009106404
2009106406
2009106408
2009106410
2009106411
2009106413
2009106414
2009106415
2009106416
2009106417
2009106419
2009106420
2009106421
2009106423
2009106425
2009106426
2009106427
2009106428
2009106429
2009106430
2009106431
2009106432
2009106433
2009106434
2009106436
2009106437
2009106438
2009106440
2009106441
2009106442
2009106443
2009106444
2009106445
2009106446
2009106447
2009106448
2009106449
2009106450
2009106451
2009106452
2009106453
2009106454
2009106455
2009106456
2009106458
2009106459
2009106460
2009106461
2009106462
2009106464
2009106465
2009106466
2009106467
2009106468
2009106469
2009106470
2009106471
2009106472
2009106475
2009106476
2009106477
2009106478
2009106480
2009106481
2009106482
2009106483
2009106484
2009106485
2009106486
2009106487
2009106488
2009106489
2009106491
2009106492
2009106493
2009106494
2009106495
2009106497
2009106498
2009106499
2009106500
2009106501
2009106505
2009106506
2009106508
2009106509
2009106510
2009106512
2009106513
2009106514
2009106515
2009106516
2009106518
2009106519
2009106520
2009106521
2009106523
2009106525
2009106526
2009106527
2009106529
2009106530
2009106531
2009106532
2009106533
2009106535
2009106536
2009106537
2009106538
2009106539
2009106540
2009106542
2009106543
2009106544
2009106545
2009106546
2009106547
2009106548
2009106549
2009106550
2009106551
2009106552
2009106553
2009106554
2009106555
2009106556
2009106557
2009106558
2009106559
2009106560
2009106561
2009106562
2009106563
2009106564
2009106565
2009106566
2009106569
2009106570
2009106571
2009106572
2009106573
2009106574
2009106576
2009106577
2009106578
2009106579
2009106581
2009106583
2009106585
2009106586
2009106587
2009106588
2009106589
2009106590
2009106591
2009106592
2009106593
2009106594
2009106595
2009106596
2009106597
2009106599
2009106600
2009106603
2009106604
2009106605
2009106606
2009106607
2009106608
2009106609
2009106610
2009106611
2009106614
2009106615
2009106616
2009106618
2009106619
2009106620
2009106621
2009106622
2009106623
2009106624
2009106625
2009106626
2009106628
2009106629
2009106630
2009106632
2009106634
2009106636
2009106637
2009106641
2009106642
2009106643
2009106644
2009106645
2009106647
2009106648
2009106651
2009106652
2009106653
2009106656
2009106661
2009106662
2009106663
2009106664
2009106665
2009106666
2009106667
2009106668
2009106669
2009106670
2009106671
2009106673
2009106679
2009106683
2009106685
2009106686
2009106690
2009106691
2009106693
2009106694
2009106696
2009106697
2009106700
2009106703
2009106709
2009106710
2009106711
2009106718
2009106719
2009106724
2009106726
2009106731
2009106736
2009106737
2009106738
2009106740
2009106741
2009106742
2009106743
2009106744
2009106745
2009106746
2009106747
2009106748
2009106749
2009106751
2009106752
2009106753
2009106755
2009106756
2009106757
2009106759
2009106760
2009106763
2009106765
2009106766
2009106771
2009106773
2009106776
2009106778
2009106779
2009106786
2009106787
2009106788
2009106793
2009106797
2009106799
2009106800
2009106801
2009106802
2009106804
2009106807
2009106808
2009106810
2009106811
2009106812
2009106817
2009106818
2009106819
2009106820
2009106821
2009106823
2009106824
2009106826
2009106827
2009106831
2009106832
2009106833
2009106836
2009106843
2009106847
2009106848
2009106850
2009106851
2009106853
2009106855
2009106858
2009106861
2009106862
2009106864
2009106866
2009106867
2009106869
2009106870
2009106871
2009106872
2009106875
2009106876
2009106877
2009106878
2009106879
2009106881
2009106883
2009106886
2009106887
2009106889
2009106890
2009106891
2009106892
2009106893
2009106895
2009106896
2009106897
2009106898
2009106900
2009106901
2009106902
2009106903
2009106904
2009106910
2009106911
2009106918
2009106920
2009106923
2009106930
2009106935
2009106937
2009109007
2009109012
2009109015
2009109022
2009109024
2009109026
2009109028
2009109035
2009109042
2009109045
2009109047
2009109048
2009109049
2009109050
2009109051
2009109052
2009109053
2009109058
2009109059
2009109060
2009109068
2009109070
2009109080
2009109082
2009109083
2009109085
2009109092
2009109093
2009109096
2009109101
2009109109
2009109113
2009109114
2009109116
2009109117
2009109119
2009109120
2009109126
2009109129
2009109130
2009109133
2009109134
2009109136
2009109137
2009109138
2009109139
2009109140
2009109141
2009109142
2009109144
2009109145
2009109146
2009109147
2009109148
2009109149
2009109150
2009109151
2009109152
2009109153
2009109154
2009109156
2009109157
2009109158
2009109159
2009109160
2009109161
2009109162
2009109167
2009109168
2009109169
2009109171
2009109173
2009109174
2009109177
2009109178
2009109179
2009109180
2009109181
2009109182
2009109185
2009109188
2009109190
2009109192
2009109196
2009109199
2009109200
2009109201
2009109204
2009109207
2009109208
2009109209
2009109210
2009109211
2009109214
2009109215
2009109216
2009109217
2009109218
2009109223
2009109224
2009109225
2009109228
2009109229
2009109230
2009109231
2009109232
2009109233
2009109234
2009109237
2009109238
2009109240
2009109241
2009109242
2009109243
2009109244
2009109246
2009109247
2009109248
2009109249
2009109250
2009109251
2009109253
2009109256
2009109260
2009109264
2009109265
2009109266
2009109268
2009109269
2009110001
2009110002
2009110003
2009110005
2009110006
2009110007
2009110008
2009110009
2009110010
2009110011
2009110012
2009110013
2009110014
2009110015
2009110016
2009110017
2009110018
2009110019
2009110020
2009110021
2009110022
2009110023
2009110024
2009110025
2009110026
2009110027
2009110028
2009110029
2009110030
2009110031
2009110032
2009110033
2009110034
2009110035
2009110036
2009110037
2009110038
2009110040
2009110041
2009110042
2009110043
2009110044
2009110045
2009110046
2009110047
2009110048
2009110049
2009110050
2009110051
2009110052
2009110053
2009110054
2009110056
2009110057
2009110059
2009110060
2009110061
2009110062
2009110063
2009110064
2009110065
2009110066
2009110067
2009110068
2009110069
2009110070
2009110071
2009110073
2009110074
2009110075
2009110076
2009110077
2009110078
2009110079
2009110080
2009110081
2009110082
2009110083
2009110084
2009110085
2009110086
2009110087
2009110088
2009110089
2009110090
2009110091
2009110092
2009110093
2009110094
2009110095
2009110096
2009110097
2009110098
2009110099
2009110100
2009110101
2009110102
2009110103
2009110105
2009110106
2009110107
2009110108
2009110109
2009110110
2009110111
2009110112
2009110113
2009110114
2009110115
2009110116
2009110117
2009110118
2009110119
2009110120
2009110121
2009110122
2009110123
2009110124
2009110125
2009110126
2009110127
2009110128
2009110129
2009110130
2009110131
2009110132
2009110133
2009110134
2009200001
2009102293
2009106534
2009106337
2009105751
2009106303
2009104409
2009101498
2009101509
2009101867
2009100873
2009100187
2009106503
2009100760
2009100792
2009104355
2009103819
2009104446
2009105221
2009106085
2009101511
2009105895
2009101145
2009101317
2009101159
2009104401
2009101160
2009103793
2009103846
2009105692
2009106316
2009106212
2009102240
2009105555
2009100590
2009106770
2009102269
2009106640
2009102791
2009102059
2009106077
2009101033
2009101332
2009103884
2009104346
2009110058
2009105620
2009110039
2009106627
2009103437
2009101213
2009102635
2009100003
2009102813
2009104021
2009106401
2009106245
2009106348
2009103333
2009103520
2009100619
2009101305
2009103706
2009101754
2009106163
2009103201
2009102754
2009102977
2009103042
2009102523
2009100526
2009101430
2009106251
2009106232
2009103754
2009103533
2009102987
2009104463
2009104640
2009104959
2009101864
2009100394
2009102675
2009102778
2009102312
2009104495
2009102484
2009105919
2009106022
