2012100005
2012100006
2012100009
2012100010
2012100011
2012100017
2012100018
2012100019
2012100020
2012100022
2012100023
2012100026
2012100028
2012100029
2012100030
2012100032
2012100041
2012100042
2012100045
2012100046
2012100047
2012100048
2012100050
2012100054
2012100055
2012100056
2012100058
2012100064
2012100065
2012100066
2012100068
2012100070
2012100073
2012100075
2012100077
2012100079
2012100080
2012100083
2012100084
2012100085
2012100086
2012100087
2012100088
2012100089
2012100090
2012100091
2012100094
2012100096
2012100097
2012100100
2012100101
2012100102
2012100108
2012100109
2012100111
2012100112
2012100114
2012100115
2012100116
2012100118
2012100119
2012100120
2012100121
2012100122
2012100126
2012100128
2012100129
2012100130
2012100131
2012100133
2012100134
2012100135
2012100137
2012100139
2012100141
2012100144
2012100148
2012100150
2012100152
2012100153
2012100154
2012100155
2012100157
2012100160
2012100161
2012100162
2012100163
2012100164
2012100165
2012100166
2012100167
2012100168
2012100169
2012100170
2012100171
2012100173
2012100177
2012100178
2012100179
2012100182
2012100183
2012100184
2012100185
2012100186
2012100187
2012100188
2012100190
2012100194
2012100195
2012100196
2012100197
2012100198
2012100199
2012100202
2012100204
2012100207
2012100208
2012100210
2012100211
2012100212
2012100220
2012100221
2012100223
2012100224
2012100225
2012100228
2012100229
2012100231
2012100233
2012100234
2012100235
2012100236
2012100237
2012100238
2012100239
2012100240
2012100241
2012100242
2012100243
2012100244
2012100245
2012100246
2012100247
2012100248
2012100249
2012100252
2012100254
2012100255
2012100256
2012100258
2012100260
2012100261
2012100263
2012100264
2012100268
2012100271
2012100272
2012100273
2012100274
2012100275
2012100276
2012100277
2012100278
2012100280
2012100281
2012100282
2012100283
2012100284
2012100285
2012100286
2012100287
2012100288
2012100289
2012100296
2012100301
2012100302
2012100303
2012100304
2012100305
2012100306
2012100308
2012100309
2012100310
2012100311
2012100312
2012100313
2012100314
2012100315
2012100316
2012100323
2012100324
2012100326
2012100327
2012100329
2012100330
2012100331
2012100332
2012100333
2012100335
2012100336
2012100337
2012100338
2012100339
2012100340
2012100342
2012100343
2012100344
2012100346
2012100351
2012100352
2012100355
2012100356
2012100358
2012100359
2012100360
2012100361
2012100363
2012100365
2012100366
2012100367
2012100369
2012100370
2012100371
2012100373
2012100374
2012100375
2012100376
2012100379
2012100381
2012100382
2012100383
2012100386
2012100387
2012100388
2012100389
2012100390
2012100391
2012100394
2012100396
2012100397
2012100399
2012100401
2012100403
2012100404
2012100405
2012100406
2012100407
2012100408
2012100410
2012100411
2012100412
2012100413
2012100414
2012100415
2012100417
2012100419
2012100420
2012100421
2012100422
2012100425
2012100426
2012100427
2012100428
2012100431
2012100433
2012100436
2012100437
2012100438
2012100439
2012100440
2012100441
2012100446
2012100448
2012100450
2012100451
2012100452
2012100453
2012100455
2012100457
2012100458
2012100460
2012100461
2012100462
2012100471
2012100472
2012100474
2012100481
2012100484
2012100487
2012100488
2012100490
2012100491
2012100492
2012100494
2012100495
2012100497
2012100498
2012100499
2012100500
2012100501
2012100503
2012100504
2012100505
2012100506
2012100507
2012100508
2012100510
2012100511
2012100512
2012100514
2012100516
2012100517
2012100518
2012100520
2012100522
2012100524
2012100525
2012100526
2012100527
2012100528
2012100529
2012100531
2012100532
2012100534
2012100535
2012100536
2012100537
2012100538
2012100539
2012100540
2012100544
2012100545
2012100546
2012100547
2012100548
2012100549
2012100550
2012100551
2012100552
2012100553
2012100554
2012100555
2012100556
2012100557
2012100558
2012100559
2012100560
2012100561
2012100562
2012100564
2012100565
2012100566
2012100567
2012100568
2012100569
2012100570
2012100572
2012100573
2012100574
2012100577
2012100578
2012100579
2012100581
2012100582
2012100583
2012100584
2012100585
2012100586
2012100587
2012100589
2012100590
2012100591
2012100592
2012100593
2012100594
2012100595
2012100596
2012100598
2012100599
2012100600
2012100601
2012100602
2012100603
2012100604
2012100606
2012100607
2012100608
2012100609
2012100610
2012100611
2012100612
2012100613
2012100614
2012100615
2012100616
2012100617
2012100618
2012100619
2012100620
2012100621
2012100623
2012100624
2012100625
2012100626
2012100627
2012100628
2012100629
2012100632
2012100633
2012100635
2012100636
2012100637
2012100639
2012100640
2012100641
2012100643
2012100644
2012100646
2012100649
2012100651
2012100652
2012100653
2012100654
2012100656
2012100657
2012100658
2012100661
2012100662
2012100666
2012100667
2012100669
2012100671
2012100672
2012100673
2012100675
2012100676
2012100677
2012100678
2012100679
2012100680
2012100682
2012100683
2012100684
2012100685
2012100688
2012100689
2012100690
2012100691
2012100693
2012100695
2012100696
2012100697
2012100701
2012100702
2012100703
2012100704
2012100705
2012100709
2012100710
2012100711
2012100712
2012100714
2012100716
2012100717
2012100718
2012100719
2012100720
2012100721
2012100723
2012100724
2012100725
2012100727
2012100728
2012100729
2012100730
2012100732
2012100733
2012100734
2012100736
2012100737
2012100738
2012100740
2012100741
2012100742
2012100744
2012100755
2012100757
2012100759
2012100760
2012100763
2012100764
2012100767
2012100769
2012100771
2012100772
2012100775
2012100776
2012100777
2012100779
2012100781
2012100783
2012100787
2012100789
2012100790
2012100793
2012100794
2012100795
2012100796
2012100797
2012100798
2012100799
2012100800
2012100801
2012100802
2012100805
2012100806
2012100808
2012100809
2012100810
2012100811
2012100812
2012100813
2012100814
2012100815
2012100819
2012100820
2012100821
2012100825
2012100826
2012100827
2012100828
2012100829
2012100830
2012100831
2012100834
2012100836
2012100837
2012100841
2012100842
2012100843
2012100844
2012100846
2012100849
2012100850
2012100851
2012100852
2012100853
2012100854
2012100855
2012100858
2012100859
2012100860
2012100862
2012100863
2012100864
2012100865
2012100866
2012100869
2012100871
2012100872
2012100874
2012100875
2012100876
2012100877
2012100879
2012100882
2012100883
2012100889
2012100890
2012100891
2012100893
2012100895
2012100901
2012100902
2012100903
2012100904
2012100905
2012100907
2012100911
2012100912
2012100913
2012100915
2012100921
2012100922
2012100923
2012100925
2012100927
2012100928
2012100929
2012100931
2012100932
2012100934
2012100935
2012100936
2012100937
2012100938
2012100939
2012100940
2012100941
2012100943
2012100944
2012100945
2012100949
2012100953
2012100957
2012100958
2012100960
2012100961
2012100973
2012100974
2012100975
2012100977
2012100980
2012100982
2012100983
2012100984
2012100985
2012100986
2012100987
2012100989
2012100990
2012100991
2012100994
2012100996
2012100997
2012100998
2012100999
2012101001
2012101002
2012101004
2012101005
2012101006
2012101007
2012101008
2012101009
2012101010
2012101011
2012101012
2012101013
2012101014
2012101015
2012101017
2012101018
2012101019
2012101020
2012101021
2012101022
2012101023
2012101024
2012101029
2012101030
2012101034
2012101035
2012101036
2012101038
2012101039
2012101040
2012101043
2012101044
2012101050
2012101051
2012101052
2012101054
2012101055
2012101056
2012101058
2012101060
2012101061
2012101062
2012101063
2012101064
2012101065
2012101066
2012101067
2012101068
2012101069
2012101071
2012101072
2012101073
2012101075
2012101078
2012101079
2012101080
2012101083
2012101084
2012101085
2012101087
2012101088
2012101090
2012101091
2012101094
2012101095
2012101097
2012101098
2012101099
2012101100
2012101101
2012101105
2012101106
2012101107
2012101108
2012101109
2012101112
2012101113
2012101114
2012101115
2012101116
2012101117
2012101119
2012101122
2012101124
2012101126
2012101127
2012101132
2012101134
2012101135
2012101139
2012101140
2012101143
2012101144
2012101145
2012101146
2012101148
2012101149
2012101150
2012101151
2012101154
2012101155
2012101157
2012101159
2012101161
2012101162
2012101164
2012101171
2012101172
2012101173
2012101174
2012101175
2012101176
2012101178
2012101179
2012101182
2012101183
2012101184
2012101185
2012101186
2012101187
2012101191
2012101192
2012101194
2012101197
2012101200
2012101201
2012101202
2012101204
2012101205
2012101206
2012101207
2012101210
2012101212
2012101213
2012101214
2012101215
2012101216
2012101226
2012101227
2012101229
2012101232
2012101233
2012101234
2012101237
2012101245
2012101246
2012101248
2012101250
2012101252
2012101254
2012101256
2012101257
2012101263
2012101265
2012101266
2012101275
2012101276
2012101282
2012101283
2012101284
2012101285
2012101286
2012101287
2012101289
2012101290
2012101291
2012101296
2012101297
2012101304
2012101305
2012101306
2012101307
2012101310
2012101311
2012101312
2012101313
2012101314
2012101315
2012101317
2012101318
2012101319
2012101321
2012101322
2012101323
2012101324
2012101326
2012101327
2012101328
2012101329
2012101331
2012101332
2012101333
2012101334
2012101335
2012101336
2012101337
2012101338
2012101339
2012101340
2012101342
2012101343
2012101345
2012101347
2012101348
2012101349
2012101350
2012101351
2012101353
2012101354
2012101355
2012101356
2012101357
2012101358
2012101359
2012101360
2012101361
2012101362
2012101363
2012101364
2012101365
2012101367
2012101368
2012101369
2012101370
2012101373
2012101374
2012101375
2012101376
2012101377
2012101378
2012101379
2012101380
2012101382
2012101383
2012101385
2012101386
2012101388
2012101389
2012101390
2012101393
2012101394
2012101395
2012101396
2012101397
2012101399
2012101400
2012101401
2012101402
2012101403
2012101404
2012101405
2012101406
2012101407
2012101409
2012101410
2012101411
2012101413
2012101414
2012101415
2012101416
2012101417
2012101418
2012101420
2012101421
2012101422
2012101423
2012101424
2012101425
2012101426
2012101427
2012101428
2012101429
2012101430
2012101431
2012101432
2012101433
2012101434
2012101435
2012101436
2012101437
2012101438
2012101441
2012101442
2012101460
2012101461
2012101462
2012101464
2012101466
2012101470
2012101477
2012101478
2012101479
2012101480
2012101483
2012101484
2012101486
2012101489
2012101491
2012101493
2012101495
2012101498
2012101499
2012101501
2012101502
2012101503
2012101504
2012101505
2012101508
2012101509
2012101510
2012101512
2012101513
2012101515
2012101516
2012101517
2012101518
2012101519
2012101523
2012101524
2012101525
2012101526
2012101528
2012101529
2012101530
2012101531
2012101533
2012101534
2012101535
2012101536
2012101537
2012101539
2012101540
2012101542
2012101544
2012101545
2012101546
2012101547
2012101548
2012101549
2012101552
2012101553
2012101554
2012101555
2012101556
2012101557
2012101558
2012101561
2012101562
2012101563
2012101564
2012101565
2012101566
2012101567
2012101568
2012101569
2012101570
2012101572
2012101574
2012101575
2012101576
2012101577
2012101579
2012101581
2012101582
2012101583
2012101585
2012101586
2012101587
2012101588
2012101589
2012101590
2012101591
2012101593
2012101594
2012101595
2012101596
2012101598
2012101599
2012101600
2012101601
2012101602
2012101603
2012101604
2012101606
2012101607
2012101608
2012101609
2012101610
2012101611
2012101612
2012101613
2012101614
2012101617
2012101618
2012101619
2012101620
2012101621
2012101622
2012101623
2012101624
2012101625
2012101628
2012101630
2012101633
2012101634
2012101636
2012101638
2012101639
2012101641
2012101643
2012101644
2012101646
2012101647
2012101648
2012101650
2012101652
2012101655
2012101657
2012101658
2012101661
2012101664
2012101667
2012101668
2012101669
2012101670
2012101671
2012101672
2012101673
2012101674
2012101675
2012101677
2012101681
2012101683
2012101684
2012101685
2012101687
2012101690
2012101691
2012101693
2012101695
2012101696
2012101701
2012101702
2012101703
2012101704
2012101705
2012101706
2012101708
2012101709
2012101710
2012101712
2012101714
2012101715
2012101716
2012101717
2012101718
2012101719
2012101721
2012101723
2012101724
2012101725
2012101726
2012101727
2012101728
2012101729
2012101730
2012101731
2012101733
2012101740
2012101752
2012101754
2012101757
2012101759
2012101760
2012101762
2012101764
2012101765
2012101767
2012101768
2012101769
2012101770
2012101771
2012101772
2012101773
2012101774
2012101775
2012101781
2012101782
2012101785
2012101787
2012101788
2012101790
2012101791
2012101793
2012101795
2012101796
2012101797
2012101798
2012101799
2012101800
2012101801
2012101802
2012101803
2012101804
2012101805
2012101806
2012101809
2012101810
2012101811
2012101812
2012101813
2012101814
2012101815
2012101816
2012101817
2012101818
2012101819
2012101820
2012101821
2012101822
2012101823
2012101825
2012101826
2012101827
2012101828
2012101829
2012101830
2012101832
2012101834
2012101839
2012101842
2012101843
2012101844
2012101846
2012101847
2012101848
2012101849
2012101850
2012101855
2012101856
2012101859
2012101860
2012101863
2012101868
2012101875
2012101877
2012101878
2012101879
2012101880
2012101881
2012101883
2012101889
2012101890
2012101892
2012101893
2012101894
2012101895
2012101899
2012101902
2012101907
2012101908
2012101910
2012101911
2012101912
2012101913
2012101914
2012101915
2012101916
2012101917
2012101925
2012101926
2012101930
2012101931
2012101932
2012101934
2012101936
2012101937
2012101940
2012101942
2012101944
2012101948
2012101949
2012101950
2012101952
2012101954
2012101958
2012101961
2012101963
2012101964
2012101965
2012101966
2012101968
2012101969
2012101970
2012101971
2012101972
2012101973
2012101974
2012101975
2012101976
2012101978
2012101979
2012101980
2012101981
2012101983
2012101984
2012101985
2012101986
2012101987
2012101989
2012101990
2012101991
2012101992
2012101994
2012101995
2012101998
2012102005
2012102006
2012102008
2012102009
2012102012
2012102013
2012102014
2012102015
2012102016
2012102017
2012102019
2012102022
2012102023
2012102024
2012102026
2012102028
2012102034
2012102036
2012102037
2012102038
2012102039
2012102040
2012102041
2012102042
2012102043
2012102044
2012102045
2012102046
2012102047
2012102051
2012102052
2012102054
2012102055
2012102056
2012102057
2012102058
2012102059
2012102062
2012102063
2012102066
2012102068
2012102070
2012102071
2012102072
2012102073
2012102075
2012102080
2012102082
2012102084
2012102089
2012102090
2012102091
2012102092
2012102093
2012102094
2012102095
2012102098
2012102099
2012102100
2012102104
2012102106
2012102107
2012102110
2012102111
2012102114
2012102115
2012102116
2012102117
2012102118
2012102119
2012102123
2012102124
2012102126
2012102128
2012102129
2012102132
2012102133
2012102135
2012102136
2012102140
2012102141
2012102142
2012102143
2012102144
2012102146
2012102147
2012102148
2012102149
2012102150
2012102151
2012102156
2012102157
2012102158
2012102159
2012102160
2012102161
2012102162
2012102163
2012102164
2012102169
2012102170
2012102171
2012102173
2012102177
2012102178
2012102179
2012102180
2012102181
2012102184
2012102185
2012102186
2012102187
2012102188
2012102189
2012102190
2012102192
2012102194
2012102196
2012102197
2012102200
2012102202
2012102207
2012102209
2012102210
2012102212
2012102216
2012102218
2012102222
2012102224
2012102226
2012102228
2012102229
2012102231
2012102232
2012102235
2012102241
2012102243
2012102244
2012102245
2012102246
2012102247
2012102249
2012102251
2012102252
2012102253
2012102254
2012102255
2012102257
2012102260
2012102263
2012102265
2012102269
2012102270
2012102271
2012102272
2012102277
2012102278
2012102279
2012102281
2012102282
2012102286
2012102287
2012102290
2012102291
2012102292
2012102293
2012102294
2012102295
2012102296
2012102297
2012102298
2012102299
2012102300
2012102301
2012102302
2012102303
2012102304
2012102305
2012102306
2012102307
2012102308
2012102309
2012102310
2012102311
2012102312
2012102313
2012102314
2012102315
2012102319
2012102320
2012102321
2012102322
2012102323
2012102327
2012102328
2012102330
2012102331
2012102332
2012102334
2012102337
2012102338
2012102340
2012102341
2012102342
2012102345
2012102346
2012102348
2012102350
2012102351
2012102352
2012102356
2012102357
2012102358
2012102359
2012102360
2012102361
2012102362
2012102363
2012102364
2012102366
2012102367
2012102368
2012102369
2012102370
2012102371
2012102374
2012102375
2012102376
2012102378
2012102380
2012102381
2012102382
2012102384
2012102392
2012102393
2012102396
2012102400
2012102401
2012102402
2012102404
2012102406
2012102410
2012102411
2012102414
2012102416
2012102418
2012102421
2012102422
2012102425
2012102426
2012102427
2012102429
2012102430
2012102431
2012102432
2012102434
2012102438
2012102443
2012102445
2012102446
2012102448
2012102450
2012102451
2012102452
2012102453
2012102454
2012102455
2012102456
2012102460
2012102461
2012102463
2012102465
2012102466
2012102467
2012102469
2012102470
2012102472
2012102474
2012102475
2012102476
2012102477
2012102480
2012102484
2012102485
2012102486
2012102487
2012102488
2012102490
2012102492
2012102494
2012102496
2012102497
2012102498
2012102499
2012102501
2012102502
2012102503
2012102504
2012102505
2012102506
2012102508
2012102509
2012102511
2012102515
2012102516
2012102517
2012102519
2012102520
2012102521
2012102522
2012102523
2012102524
2012102525
2012102526
2012102527
2012102528
2012102529
2012102530
2012102531
2012102532
2012102533
2012102535
2012102536
2012102539
2012102541
2012102542
2012102543
2012102545
2012102551
2012102552
2012102553
2012102554
2012102555
2012102557
2012102558
2012102559
2012102561
2012102564
2012102566
2012102567
2012102568
2012102570
2012102572
2012102576
2012102581
2012102582
2012102583
2012102586
2012102587
2012102589
2012102590
2012102591
2012102592
2012102595
2012102597
2012102598
2012102599
2012102600
2012102601
2012102602
2012102603
2012102604
2012102606
2012102608
2012102610
2012102611
2012102612
2012102614
2012102616
2012102617
2012102620
2012102622
2012102624
2012102625
2012102627
2012102629
2012102630
2012102633
2012102636
2012102637
2012102639
2012102641
2012102647
2012102648
2012102649
2012102650
2012102651
2012102659
2012102661
2012102665
2012102670
2012102671
2012102673
2012102674
2012102675
2012102676
2012102677
2012102678
2012102679
2012102682
2012102683
2012102685
2012102688
2012102690
2012102691
2012102692
2012102694
2012102698
2012102699
2012102700
2012102701
2012102702
2012102703
2012102705
2012102706
2012102707
2012102708
2012102709
2012102710
2012102711
2012102712
2012102713
2012102714
2012102715
2012102716
2012102718
2012102720
2012102721
2012102726
2012102727
2012102729
2012102734
2012102736
2012102738
2012102739
2012102740
2012102741
2012102743
2012102744
2012102745
2012102746
2012102747
2012102748
2012102750
2012102751
2012102752
2012102753
2012102754
2012102756
2012102758
2012102760
2012102761
2012102766
2012102768
2012102769
2012102771
2012102772
2012102773
2012102774
2012102776
2012102779
2012102781
2012102782
2012102783
2012102785
2012102786
2012102789
2012102790
2012102792
2012102801
2012102802
2012102803
2012102808
2012102809
2012102810
2012102811
2012102812
2012102815
2012102816
2012102819
2012102820
2012102821
2012102822
2012102824
2012102830
2012102832
2012102834
2012102837
2012102840
2012102842
2012102843
2012102845
2012102846
2012102848
2012102849
2012102850
2012102852
2012102853
2012102855
2012102856
2012102857
2012102859
2012102860
2012102864
2012102865
2012102870
2012102879
2012102880
2012102883
2012102887
2012102888
2012102889
2012102890
2012102894
2012102897
2012102900
2012102902
2012102903
2012102904
2012102906
2012102907
2012102908
2012102913
2012102915
2012102917
2012102919
2012102920
2012102921
2012102927
2012102928
2012102930
2012102934
2012102935
2012102936
2012102937
2012102938
2012102939
2012102940
2012102941
2012102942
2012102946
2012102947
2012102948
2012102949
2012102952
2012102954
2012102955
2012102956
2012102957
2012102958
2012102959
2012102960
2012102961
2012102964
2012102966
2012102967
2012102969
2012102970
2012102972
2012102973
2012102975
2012102976
2012102978
2012102980
2012102981
2012102982
2012102983
2012102984
2012102985
2012102988
2012102992
2012102995
2012103001
2012103004
2012103005
2012103008
2012103009
2012103010
2012103011
2012103012
2012103015
2012103017
2012103018
2012103019
2012103020
2012103025
2012103026
2012103027
2012103028
2012103029
2012103030
2012103031
2012103032
2012103033
2012103034
2012103035
2012103037
2012103040
2012103041
2012103042
2012103043
2012103045
2012103046
2012103048
2012103050
2012103052
2012103054
2012103055
2012103057
2012103058
2012103059
2012103060
2012103061
2012103062
2012103063
2012103064
2012103066
2012103067
2012103068
2012103069
2012103072
2012103074
2012103076
2012103079
2012103080
2012103081
2012103082
2012103085
2012103086
2012103087
2012103088
2012103090
2012103092
2012103093
2012103095
2012103097
2012103100
2012103101
2012103103
2012103108
2012103110
2012103111
2012103112
2012103114
2012103115
2012103117
2012103118
2012103119
2012103122
2012103125
2012103129
2012103130
2012103134
2012103135
2012103138
2012103141
2012103142
2012103143
2012103144
2012103146
2012103150
2012103152
2012103153
2012103154
2012103156
2012103157
2012103158
2012103160
2012103162
2012103163
2012103165
2012103166
2012103167
2012103168
2012103169
2012103170
2012103171
2012103173
2012103174
2012103176
2012103177
2012103178
2012103180
2012103181
2012103182
2012103185
2012103186
2012103188
2012103189
2012103190
2012103191
2012103192
2012103193
2012103194
2012103195
2012103198
2012103199
2012103200
2012103201
2012103202
2012103204
2012103205
2012103206
2012103207
2012103208
2012103209
2012103211
2012103213
2012103214
2012103216
2012103217
2012103218
2012103219
2012103221
2012103222
2012103223
2012103224
2012103225
2012103226
2012103227
2012103228
2012103229
2012103230
2012103231
2012103233
2012103234
2012103237
2012103238
2012103241
2012103243
2012103245
2012103246
2012103247
2012103248
2012103249
2012103251
2012103252
2012103253
2012103254
2012103255
2012103258
2012103260
2012103261
2012103262
2012103264
2012103265
2012103266
2012103267
2012103268
2012103269
2012103270
2012103274
2012103275
2012103282
2012103283
2012103284
2012103285
2012103286
2012103287
2012103288
2012103289
2012103290
2012103292
2012103294
2012103295
2012103296
2012103297
2012103298
2012103300
2012103304
2012103305
2012103306
2012103307
2012103308
2012103310
2012103314
2012103315
2012103318
2012103322
2012103323
2012103325
2012103326
2012103327
2012103328
2012103329
2012103333
2012103336
2012103337
2012103338
2012103339
2012103340
2012103341
2012103345
2012103346
2012103348
2012103352
2012103354
2012103356
2012103357
2012103358
2012103359
2012103360
2012103361
2012103363
2012103364
2012103365
2012103366
2012103367
2012103368
2012103369
2012103370
2012103373
2012103374
2012103375
2012103376
2012103379
2012103382
2012103383
2012103385
2012103387
2012103388
2012103389
2012103390
2012103391
2012103392
2012103393
2012103394
2012103396
2012103397
2012103398
2012103399
2012103401
2012103402
2012103403
2012103404
2012103405
2012103408
2012103409
2012103410
2012103421
2012103422
2012103423
2012103425
2012103426
2012103429
2012103430
2012103431
2012103432
2012103433
2012103434
2012103439
2012103442
2012103443
2012103449
2012103450
2012103451
2012103453
2012103454
2012103457
2012103459
2012103461
2012103465
2012103466
2012103468
2012103469
2012103470
2012103471
2012103472
2012103473
2012103474
2012103475
2012103476
2012103477
2012103478
2012103479
2012103480
2012103481
2012103482
2012103484
2012103485
2012103486
2012103488
2012103489
2012103490
2012103491
2012103492
2012103493
2012103494
2012103495
2012103496
2012103498
2012103499
2012103500
2012103502
2012103503
2012103504
2012103505
2012103506
2012103507
2012103508
2012103509
2012103510
2012103513
2012103518
2012103519
2012103521
2012103522
2012103524
2012103525
2012103529
2012103532
2012103535
2012103537
2012103538
2012103540
2012103541
2012103542
2012103543
2012103544
2012103545
2012103546
2012103547
2012103551
2012103552
2012103554
2012103557
2012103559
2012103560
2012103561
2012103563
2012103566
2012103568
2012103570
2012103571
2012103572
2012103574
2012103575
2012103576
2012103577
2012103578
2012103581
2012103583
2012103585
2012103586
2012103587
2012103590
2012103591
2012103592
2012103596
2012103597
2012103599
2012103606
2012103607
2012103610
2012103611
2012103613
2012103615
2012103617
2012103619
2012103621
2012103622
2012103623
2012103624
2012103625
2012103626
2012103627
2012103628
2012103630
2012103631
2012103632
2012103633
2012103634
2012103635
2012103636
2012103637
2012103639
2012103640
2012103641
2012103642
2012103643
2012103644
2012103645
2012103646
2012103647
2012103648
2012103649
2012103651
2012103652
2012103654
2012103656
2012103657
2012103658
2012103661
2012103663
2012103666
2012103667
2012103669
2012103671
2012103673
2012103674
2012103676
2012103678
2012103679
2012103680
2012103681
2012103682
2012103683
2012103685
2012103689
2012103696
2012103697
2012103698
2012103699
2012103700
2012103702
2012103703
2012103704
2012103705
2012103707
2012103708
2012103709
2012103711
2012103712
2012103713
2012103714
2012103718
2012103719
2012103720
2012103721
2012103722
2012103723
2012103724
2012103725
2012103726
2012103727
2012103728
2012103729
2012103730
2012103731
2012103732
2012103733
2012103734
2012103735
2012103736
2012103737
2012103738
2012103739
2012103740
2012103741
2012103746
2012103752
2012103754
2012103755
2012103756
2012103759
2012103764
2012103766
2012103768
2012103769
2012103771
2012103772
2012103775
2012103776
2012103777
2012103778
2012103780
2012103781
2012103783
2012103784
2012103785
2012103786
2012103789
2012103790
2012103791
2012103792
2012103794
2012103795
2012103796
2012103797
2012103798
2012103799
2012103800
2012103803
2012103809
2012103812
2012103813
2012103814
2012103815
2012103817
2012103818
2012103819
2012103823
2012103825
2012103827
2012103839
2012103840
2012103841
2012103842
2012103843
2012103844
2012103845
2012103846
2012103847
2012103849
2012103851
2012103853
2012103854
2012103856
2012103858
2012103859
2012103862
2012103864
2012103865
2012103866
2012103867
2012103868
2012103870
2012103871
2012103872
2012103874
2012103875
2012103877
2012103878
2012103881
2012103882
2012103884
2012103885
2012103886
2012103888
2012103891
2012103895
2012103901
2012103904
2012103906
2012103907
2012103908
2012103910
2012103911
2012103914
2012103915
2012103916
2012103917
2012103918
2012103919
2012103920
2012103921
2012103922
2012103926
2012103929
2012103930
2012103931
2012103932
2012103933
2012103934
2012103935
2012103937
2012103938
2012103939
2012103940
2012103941
2012103942
2012103943
2012103944
2012103945
2012103946
2012103947
2012103948
2012103949
2012103950
2012103951
2012103953
2012103955
2012103957
2012103959
2012103962
2012103964
2012103965
2012103966
2012103967
2012103968
2012103971
2012103972
2012103974
2012103975
2012103976
2012103978
2012103979
2012103980
2012103981
2012103982
2012103984
2012103985
2012103986
2012103987
2012103988
2012103990
2012103991
2012103992
2012103994
2012103995
2012103996
2012103997
2012103999
2012104000
2012104001
2012104002
2012104003
2012104004
2012104005
2012104007
2012104008
2012104009
2012104010
2012104012
2012104015
2012104017
2012104018
2012104019
2012104021
2012104023
2012104024
2012104026
2012104028
2012104030
2012104033
2012104036
2012104037
2012104040
2012104042
2012104044
2012104045
2012104046
2012104048
2012104049
2012104050
2012104051
2012104052
2012104053
2012104054
2012104055
2012104056
2012104057
2012104058
2012104059
2012104061
2012104062
2012104063
2012104064
2012104065
2012104066
2012104067
2012104068
2012104069
2012104070
2012104072
2012104073
2012104074
2012104076
2012104077
2012104078
2012104079
2012104080
2012104081
2012104082
2012104083
2012104084
2012104085
2012104086
2012104087
2012104088
2012104090
2012104092
2012104094
2012104095
2012104096
2012104097
2012104098
2012104099
2012104102
2012104103
2012104104
2012104105
2012104106
2012104108
2012104110
2012104111
2012104112
2012104113
2012104115
2012104116
2012104117
2012104118
2012104119
2012104120
2012104121
2012104122
2012104124
2012104125
2012104126
2012104127
2012104128
2012104129
2012104130
2012104132
2012104133
2012104134
2012104135
2012104136
2012104137
2012104138
2012104139
2012104140
2012104141
2012104142
2012104143
2012104144
2012104145
2012104147
2012104148
2012104150
2012104151
2012104152
2012104153
2012104154
2012104156
2012104157
2012104158
2012104159
2012104161
2012104162
2012104163
2012104164
2012104165
2012104167
2012104168
2012104169
2012104170
2012104171
2012104172
2012104173
2012104174
2012104175
2012104176
2012104177
2012104178
2012104179
2012104180
2012104181
2012104182
2012104184
2012104185
2012104188
2012104189
2012104191
2012104192
2012104193
2012104194
2012104195
2012104196
2012104197
2012104198
2012104199
2012104200
2012104202
2012104203
2012104204
2012104205
2012104206
2012104207
2012104208
2012104209
2012104210
2012104211
2012104212
2012104214
2012104215
2012104216
2012104217
2012104218
2012104219
2012104220
2012104221
2012104222
2012104223
2012104224
2012104226
2012104227
2012104228
2012104229
2012104230
2012104231
2012104232
2012104233
2012104235
2012104236
2012104237
2012104238
2012104239
2012104241
2012104242
2012104243
2012104246
2012104247
2012104248
2012104249
2012104251
2012104252
2012104253
2012104254
2012104255
2012104256
2012104257
2012104259
2012104260
2012104261
2012104263
2012104264
2012104265
2012104266
2012104267
2012104268
2012104270
2012104272
2012104273
2012104274
2012104275
2012104277
2012104278
2012104279
2012104280
2012104281
2012104282
2012104283
2012104284
2012104285
2012104286
2012104287
2012104288
2012104289
2012104290
2012104292
2012104293
2012104294
2012104295
2012104296
2012104297
2012104298
2012104300
2012104301
2012104302
2012104304
2012104305
2012104306
2012104307
2012104308
2012104309
2012104310
2012104311
2012104312
2012104314
2012104315
2012104316
2012104317
2012104318
2012104319
2012104320
2012104323
2012104324
2012104326
2012104327
2012104328
2012104329
2012104330
2012104331
2012104332
2012104333
2012104334
2012104335
2012104336
2012104337
2012104338
2012104340
2012104341
2012104342
2012104343
2012104344
2012104345
2012104346
2012104347
2012104348
2012104349
2012104350
2012104351
2012104354
2012104355
2012104358
2012104360
2012104361
2012104362
2012104364
2012104365
2012104366
2012104367
2012104368
2012104369
2012104370
2012104371
2012104372
2012104373
2012104374
2012104375
2012104376
2012104378
2012104379
2012104380
2012104381
2012104383
2012104384
2012104385
2012104387
2012104388
2012104390
2012104392
2012104393
2012104394
2012104396
2012104397
2012104398
2012104399
2012104400
2012104401
2012104402
2012104405
2012104406
2012104407
2012104409
2012104410
2012104411
2012104412
2012104413
2012104414
2012104415
2012104416
2012104417
2012104418
2012104419
2012104420
2012104422
2012104423
2012104424
2012104425
2012104426
2012104427
2012104428
2012104430
2012104431
2012104432
2012104434
2012104435
2012104436
2012104438
2012104439
2012104440
2012104441
2012104442
2012104444
2012104445
2012104447
2012104448
2012104449
2012104451
2012104453
2012104454
2012104457
2012104458
2012104459
2012104460
2012104461
2012104463
2012104464
2012104465
2012104466
2012104467
2012104469
2012104470
2012104471
2012104472
2012104473
2012104474
2012104475
2012104476
2012104477
2012104479
2012104480
2012104481
2012104482
2012104483
2012104484
2012104485
2012104486
2012104487
2012104488
2012104490
2012104491
2012104493
2012104494
2012104496
2012104497
2012104498
2012104499
2012104502
2012104503
2012104504
2012104505
2012104506
2012104507
2012104508
2012104509
2012104510
2012104511
2012104512
2012104513
2012104514
2012104515
2012104516
2012104517
2012104518
2012104519
2012104520
2012104521
2012104524
2012104525
2012104526
2012104527
2012104529
2012104530
2012104531
2012104532
2012104533
2012104534
2012104535
2012104536
2012104538
2012104539
2012104540
2012104541
2012104542
2012104543
2012104547
2012104548
2012104549
2012104550
2012104551
2012104552
2012104553
2012104554
2012104555
2012104556
2012104557
2012104559
2012104560
2012104561
2012104562
2012104563
2012104564
2012104565
2012104566
2012104567
2012104569
2012104570
2012104572
2012104573
2012104574
2012104575
2012104576
2012104577
2012104578
2012104579
2012104580
2012104581
2012104582
2012104583
2012104584
2012104586
2012104588
2012104589
2012104590
2012104591
2012104592
2012104593
2012104594
2012104595
2012104596
2012104597
2012104598
2012104599
2012104600
2012104601
2012104602
2012104603
2012104604
2012104605
2012104607
2012104608
2012104609
2012104610
2012104611
2012104612
2012104613
2012104614
2012104616
2012104617
2012104618
2012104619
2012104621
2012104622
2012104624
2012104625
2012104626
2012104628
2012104629
2012104630
2012104631
2012104632
2012104633
2012104634
2012104636
2012104637
2012104638
2012104639
2012104641
2012104642
2012104643
2012104645
2012104646
2012104647
2012104648
2012104649
2012104650
2012104651
2012104652
2012104653
2012104654
2012104655
2012104657
2012104658
2012104659
2012104661
2012104662
2012104663
2012104665
2012104666
2012104667
2012104668
2012104669
2012104670
2012104672
2012104674
2012104675
2012104676
2012104678
2012104679
2012104680
2012104681
2012104682
2012104683
2012104684
2012104685
2012104686
2012104688
2012104690
2012104691
2012104692
2012104694
2012104695
2012104696
2012104697
2012104698
2012104700
2012104701
2012104703
2012104705
2012104706
2012104708
2012104709
2012104710
2012104711
2012104712
2012104713
2012104714
2012104715
2012104716
2012104717
2012104718
2012104719
2012104720
2012104721
2012104722
2012104723
2012104724
2012104726
2012104727
2012104728
2012104730
2012104732
2012104733
2012104734
2012104735
2012104736
2012104737
2012104739
2012104740
2012104741
2012104742
2012104743
2012104745
2012104746
2012104747
2012104748
2012104749
2012104750
2012104751
2012104752
2012104753
2012104755
2012104756
2012104757
2012104759
2012104760
2012104761
2012104762
2012104763
2012104764
2012104765
2012104766
2012104767
2012104768
2012104769
2012104770
2012104771
2012104772
2012104773
2012104774
2012104775
2012104776
2012104777
2012104778
2012104779
2012104780
2012104781
2012104782
2012104783
2012104784
2012104785
2012104786
2012104787
2012104788
2012104789
2012104790
2012104792
2012104793
2012104794
2012104796
2012104798
2012104799
2012104801
2012104802
2012104803
2012104804
2012104805
2012104806
2012104807
2012104808
2012104809
2012104812
2012104813
2012104814
2012104816
2012104817
2012104819
2012104820
2012104821
2012104823
2012104824
2012104825
2012104826
2012104828
2012104829
2012104830
2012104831
2012104832
2012104833
2012104836
2012104837
2012104838
2012104839
2012104840
2012104841
2012104842
2012104845
2012104846
2012104847
2012104850
2012104851
2012104852
2012104853
2012104855
2012104856
2012104857
2012104858
2012104859
2012104860
2012104861
2012104863
2012104864
2012104866
2012104867
2012104868
2012104869
2012104870
2012104872
2012104873
2012104874
2012104875
2012104877
2012104878
2012104880
2012104881
2012104882
2012104883
2012104884
2012104885
2012104886
2012104887
2012104889
2012104890
2012104891
2012104892
2012104893
2012104894
2012104895
2012104896
2012104897
2012104898
2012104899
2012104900
2012104901
2012104902
2012104903
2012104904
2012104905
2012104906
2012104907
2012104908
2012104909
2012104910
2012104913
2012104914
2012104915
2012104916
2012104917
2012104918
2012104919
2012104920
2012104922
2012104923
2012104924
2012104925
2012104926
2012104927
2012104928
2012104929
2012104930
2012104931
2012104932
2012104933
2012104934
2012104935
2012104936
2012104937
2012104938
2012104939
2012104941
2012104943
2012104944
2012104945
2012104946
2012104947
2012104948
2012104949
2012104950
2012104951
2012104952
2012104954
2012104955
2012104956
2012104957
2012104965
2012104966
2012104971
2012104973
2012104975
2012104976
2012104977
2012104978
2012104979
2012104980
2012104981
2012104983
2012104984
2012104985
2012104986
2012104987
2012104988
2012104990
2012104992
2012104993
2012104994
2012104995
2012105000
2012105002
2012105003
2012105005
2012105006
2012105007
2012105010
2012105011
2012105012
2012105013
2012105014
2012105015
2012105016
2012105020
2012105021
2012105022
2012105023
2012105024
2012105027
2012105031
2012105032
2012105033
2012105034
2012105035
2012105036
2012105037
2012105038
2012105039
2012105040
2012105041
2012105042
2012105044
2012105045
2012105047
2012105048
2012105049
2012105050
2012105052
2012105053
2012105055
2012105057
2012105058
2012105060
2012105061
2012105062
2012105063
2012105067
2012105070
2012105071
2012105072
2012105073
2012105074
2012105075
2012105076
2012105078
2012105079
2012105080
2012105081
2012105082
2012105083
2012105084
2012105085
2012105088
2012105090
2012105091
2012105092
2012105093
2012105095
2012105096
2012105097
2012105098
2012105099
2012105102
2012105108
2012105109
2012105110
2012105111
2012105112
2012105113
2012105114
2012105115
2012105117
2012105121
2012105122
2012105123
2012105129
2012105130
2012105131
2012105133
2012105134
2012105136
2012105137
2012105138
2012105139
2012105141
2012105142
2012105143
2012105144
2012105145
2012105146
2012105147
2012105148
2012105149
2012105152
2012105153
2012105154
2012105155
2012105157
2012105158
2012105160
2012105161
2012105162
2012105165
2012105166
2012105169
2012105170
2012105171
2012105172
2012105173
2012105175
2012105176
2012105177
2012105178
2012105180
2012105181
2012105182
2012105183
2012105184
2012105186
2012105187
2012105189
2012105190
2012105191
2012105192
2012105193
2012105194
2012105195
2012105196
2012105197
2012105198
2012105200
2012105201
2012105202
2012105203
2012105205
2012105206
2012105207
2012105209
2012105211
2012105212
2012105213
2012105214
2012105215
2012105218
2012105219
2012105220
2012105221
2012105222
2012105223
2012105224
2012105226
2012105228
2012105229
2012105233
2012105235
2012105237
2012105238
2012105239
2012105240
2012105243
2012105244
2012105245
2012105247
2012105249
2012105251
2012105252
2012105253
2012105254
2012105255
2012105256
2012105257
2012105258
2012105259
2012105261
2012105262
2012105263
2012105266
2012105269
2012105272
2012105273
2012105276
2012105277
2012105278
2012105280
2012105281
2012105282
2012105283
2012105284
2012105286
2012105288
2012105290
2012105291
2012105292
2012105293
2012105294
2012105295
2012105296
2012105298
2012105299
2012105300
2012105301
2012105302
2012105303
2012105304
2012105305
2012105306
2012105307
2012105309
2012105312
2012105316
2012105317
2012105319
2012105320
2012105321
2012105322
2012105323
2012105326
2012105327
2012105328
2012105329
2012105331
2012105333
2012105336
2012105337
2012105338
2012105339
2012105341
2012105342
2012105343
2012105345
2012105346
2012105347
2012105348
2012105350
2012105351
2012105352
2012105353
2012105354
2012105355
2012105356
2012105357
2012105358
2012105360
2012105361
2012105362
2012105364
2012105365
2012105367
2012105368
2012105370
2012105371
2012105372
2012105373
2012105376
2012105377
2012105378
2012105379
2012105383
2012105384
2012105389
2012105391
2012105395
2012105396
2012105397
2012105398
2012105400
2012105401
2012105402
2012105403
2012105405
2012105406
2012105407
2012105408
2012105409
2012105410
2012105413
2012105414
2012105417
2012105419
2012105420
2012105421
2012105422
2012105425
2012105426
2012105427
2012105428
2012105429
2012105431
2012105433
2012105434
2012105436
2012105437
2012105438
2012105439
2012105440
2012105441
2012105442
2012105444
2012105445
2012105451
2012105452
2012105454
2012105455
2012105456
2012105460
2012105463
2012105465
2012105466
2012105467
2012105468
2012105469
2012105470
2012105471
2012105472
2012105474
2012105475
2012105476
2012105477
2012105478
2012105479
2012105480
2012105482
2012105483
2012105484
2012105488
2012105489
2012105490
2012105491
2012105492
2012105493
2012105494
2012105495
2012105496
2012105497
2012105498
2012105499
2012105500
2012105502
2012105503
2012105504
2012105505
2012105506
2012105507
2012105508
2012105509
2012105510
2012105511
2012105512
2012105513
2012105515
2012105516
2012105517
2012105518
2012105519
2012105521
2012105525
2012105526
2012105527
2012105529
2012105531
2012105532
2012105537
2012105538
2012105539
2012105540
2012105541
2012105542
2012105544
2012105545
2012105546
2012105549
2012105550
2012105551
2012105552
2012105553
2012105554
2012105556
2012105560
2012105561
2012105562
2012105563
2012105564
2012105565
2012105566
2012105567
2012105568
2012105569
2012105570
2012105571
2012105572
2012105573
2012105574
2012105575
2012105577
2012105578
2012105579
2012105580
2012105581
2012105582
2012105583
2012105584
2012105585
2012105586
2012105587
2012105588
2012105589
2012105590
2012105591
2012105592
2012105593
2012105595
2012105596
2012105597
2012105598
2012105599
2012105601
2012105602
2012105603
2012105604
2012105606
2012105607
2012105608
2012105609
2012105610
2012105611
2012105612
2012105613
2012105615
2012105616
2012105617
2012105618
2012105619
2012105620
2012105622
2012105623
2012105625
2012105626
2012105627
2012105628
2012105629
2012105631
2012105632
2012105633
2012105634
2012105635
2012105636
2012105637
2012105638
2012105639
2012105640
2012105641
2012105642
2012105643
2012105644
2012105645
2012105646
2012105647
2012105648
2012105649
2012105652
2012105653
2012105655
2012105656
2012105657
2012105659
2012105660
2012105661
2012105663
2012105664
2012105665
2012105670
2012105672
2012105673
2012105675
2012105676
2012105677
2012105681
2012105684
2012105685
2012105687
2012105688
2012105689
2012105690
2012105691
2012105693
2012105695
2012105696
2012105700
2012105701
2012105703
2012105704
2012105705
2012105707
2012105709
2012105710
2012105711
2012105716
2012105720
2012105721
2012105723
2012105724
2012105725
2012105726
2012105728
2012105729
2012105730
2012105731
2012105732
2012105737
2012105739
2012105740
2012105741
2012105742
2012105744
2012105747
2012105748
2012105749
2012105750
2012105751
2012105752
2012105753
2012105754
2012105756
2012105757
2012105758
2012105759
2012105762
2012105763
2012105764
2012105765
2012105767
2012105768
2012105769
2012105770
2012105771
2012105773
2012105774
2012105775
2012105776
2012105777
2012105778
2012105779
2012105780
2012105781
2012105782
2012105784
2012105786
2012105787
2012105788
2012105789
2012105790
2012105791
2012105792
2012105793
2012105794
2012105795
2012105796
2012105797
2012105798
2012105799
2012105800
2012105801
2012105802
2012105803
2012105804
2012105805
2012105806
2012105807
2012105810
2012105812
2012105813
2012105814
2012105815
2012105816
2012105817
2012105820
2012105822
2012105823
2012105825
2012105826
2012105827
2012105828
2012105829
2012105830
2012105831
2012105832
2012105833
2012105834
2012105835
2012105836
2012105838
2012105839
2012105841
2012105842
2012105845
2012105846
2012105847
2012105848
2012105849
2012105850
2012105851
2012105852
2012105853
2012105854
2012105855
2012105856
2012105857
2012105858
2012105859
2012105861
2012105862
2012105864
2012105865
2012105866
2012105867
2012105869
2012105870
2012105872
2012105873
2012105874
2012105875
2012105876
2012105877
2012105878
2012105879
2012105880
2012105881
2012105882
2012105883
2012105885
2012105886
2012105888
2012105890
2012105891
2012105892
2012105893
2012105895
2012105896
2012105897
2012105898
2012105899
2012105900
2012105901
2012105902
2012105903
2012105904
2012105905
2012105906
2012105907
2012105910
2012105911
2012105912
2012105914
2012105915
2012105916
2012105917
2012105918
2012105920
2012105921
2012105924
2012105926
2012105927
2012105931
2012105933
2012105934
2012105938
2012105939
2012105941
2012105943
2012105944
2012105947
2012105949
2012105950
2012105951
2012105952
2012105953
2012105955
2012105956
2012105957
2012105959
2012105963
2012105964
2012105965
2012105967
2012105968
2012105969
2012105970
2012105971
2012105972
2012105973
2012105975
2012105978
2012105979
2012105988
2012105993
2012105995
2012105996
2012105997
2012105998
2012105999
2012106000
2012106001
2012106003
2012106005
2012106007
2012106010
2012106011
2012106012
2012106013
2012106016
2012106018
2012106019
2012106020
2012106021
2012106023
2012106024
2012106028
2012106030
2012106031
2012106033
2012106035
2012106038
2012106039
2012106040
2012106041
2012106042
2012106043
2012106045
2012106046
2012106047
2012106048
2012106050
2012106051
2012106052
2012106053
2012106054
2012106055
2012106056
2012106057
2012106058
2012106060
2012106062
2012106064
2012106065
2012106066
2012106067
2012106068
2012106069
2012106070
2012106071
2012106074
2012106075
2012106076
2012106077
2012106079
2012106080
2012106082
2012106085
2012106086
2012106087
2012106091
2012106092
2012106093
2012106095
2012106096
2012106097
2012106099
2012106101
2012106102
2012106103
2012106104
2012106105
2012106106
2012106109
2012106110
2012106112
2012106114
2012106115
2012106116
2012106117
2012106118
2012106119
2012106128
2012106129
2012106130
2012106131
2012106132
2012106134
2012106136
2012106137
2012106138
2012106139
2012106143
2012106146
2012106148
2012106150
2012106153
2012106154
2012106155
2012106156
2012106158
2012106160
2012106161
2012106162
2012106163
2012106164
2012106165
2012106166
2012106167
2012106174
2012106189
2012106191
2012106195
2012106196
2012106198
2012106199
2012106200
2012106201
2012106202
2012106203
2012106204
2012106205
2012106206
2012106207
2012106209
2012106210
2012106211
2012106212
2012106213
2012106214
2012106215
2012106216
2012106217
2012106220
2012106221
2012106223
2012106224
2012106225
2012106226
2012106227
2012106228
2012106229
2012106230
2012106231
2012106232
2012106233
2012106237
2012106238
2012106239
2012106240
2012106247
2012106248
2012106250
2012106252
2012106253
2012106255
2012106256
2012106257
2012106259
2012106261
2012106262
2012106266
2012106268
2012106269
2012106270
2012106271
2012106272
2012106273
2012106275
2012106276
2012106277
2012106278
2012106279
2012106280
2012106281
2012106282
2012106283
2012106284
2012106285
2012106286
2012106288
2012106289
2012106290
2012106291
2012106292
2012106294
2012106299
2012106301
2012106303
2012106305
2012106308
2012106310
2012106312
2012106313
2012106314
2012106315
2012106316
2012106317
2012106319
2012106321
2012106322
2012106323
2012106324
2012106327
2012106328
2012106330
2012106332
2012106335
2012106336
2012106339
2012106340
2012106345
2012106346
2012106347
2012106348
2012106349
2012106350
2012106351
2012106352
2012106354
2012106355
2012106356
2012106358
2012106359
2012106363
2012106364
2012106365
2012106370
2012106371
2012106372
2012106373
2012106375
2012106376
2012106377
2012106378
2012106379
2012106380
2012106381
2012106382
2012106386
2012106388
2012106389
2012106391
2012106394
2012106395
2012106397
2012106398
2012106411
2012106412
2012106413
2012106414
2012106415
2012106419
2012106420
2012106421
2012106422
2012106424
2012106426
2012106429
2012106431
2012106432
2012106434
2012106435
2012106436
2012106437
2012106438
2012106440
2012109003
2012109005
2012109007
2012109012
2012109015
2012109027
2012109029
2012109031
2012109036
2012109037
2012109045
2012109052
2012109053
2012109056
2012109060
2012109062
2012109064
2012109065
2012109066
2012109068
2012109069
2012109077
2012109078
2012109079
2012109080
2012109082
2012109085
2012109086
2012109091
2012109092
2012109093
2012109094
2012109095
2012109096
2012109097
2012109098
2012109099
2012109100
2012109101
2012109103
2012109104
2012109105
2012109106
2012109107
2012109108
2012109109
2012109110
2012109112
2012109113
2012109114
2012109115
2012109116
2012109118
2012109119
2012109120
2012109123
2012109124
2012109125
2012109126
2012109127
2012109129
2012109132
2012109139
2012109141
2012109142
2012109146
2012109149
2012109150
2012109155
2012109156
2012109158
2012109159
2012109164
2012109171
2012109172
2012109173
2012109179
2012109181
2012109182
2012109183
2012109184
2012109185
2012109186
2012109187
2012109188
2012109189
2012109193
2012109194
2012109195
2012109197
2012109201
2012109202
2012109205
2012109208
2012109209
2012109210
2012109215
2012109217
2012110001
2012110003
2012110004
2012110005
2012110006
2012110007
2012110008
2012110009
2012110010
2012110011
2012110012
2012110013
2012110015
2012110016
2012110017
2012110018
2012110019
2012110020
2012110021
2012110022
2012110023
2012110024
2012110025
2012110026
2012110028
2012110029
2012110030
2012110031
2012110032
2012110033
2012110034
2012110035
2012110036
2012110037
2012110038
2012110039
2012110040
2012110041
2012110042
2012110043
2012110044
2012110045
2012110046
2012110047
2012110048
2012110049
2012110050
2012110051
2012110052
2012110053
2012110054
2012110056
2012110057
2012110058
2012110059
2012110060
2012110061
2012110062
2012110063
2012110064
2012110065
2012110066
2012110067
2012110068
2012110070
2012110071
2012110072
2012110073
2012110074
2012110076
2012110077
2012110078
2012110079
2012110080
2012110081
2012110082
2012110083
2012110084
2012110085
2012110086
2012110087
2012110088
2012110089
2012110090
2012110091
2012110092
2012110093
2012110094
2012110095
2012110096
2012110097
2012110098
2012110099
2012110100
2012110101
2012110102
2012110103
2012110104
2012110105
2012110106
2012110107
2012110108
2012110109
2012110110
2012110111
2012110112
2012110113
2012110114
2012110115
2012110116
2012110117
2012110118
2012110119
2012110120
2012110121
2012110122
2012110123
2012110124
2012190001
2012190002
2012190003
2012190004
2012190005
2012103460
2012101292
2012103362
2012102239
2012101831
2012100952
2012100093
2012100377
2012101642
2012100519
2012102405
2012101560
2012100926
2012102399
2012105501
2012106333
2012100509
2012101711
2012102195
2012105486
2012105783
2012102672
2012102875
2012106081
2012106090
2012103172
2012101294
2012101003
2012104911
2012104673
2012104013
2012100464
2012110075
2012105156
2012105416
2012102965
2012101451
2012101500
2012101739
2012101841
2012101713
2012102439
2012102011
2012104225
2012100172
2012103446
2012100888
2012102423
2012102619
2012105863
2012102562
2012105962
2012106084
2012103588
2012103106
2012103139
2012103155
2012106329
2012104528
2012104865
2012101967
2012101031
2012109212
2012101016
2012102273
