2013100001
2013100003
2013100004
2013100005
2013100007
2013100011
2013100013
2013100015
2013100016
2013100017
2013100018
2013100019
2013100022
2013100023
2013100025
2013100026
2013100028
2013100029
2013100030
2013100031
2013100032
2013100033
2013100034
2013100035
2013100036
2013100037
2013100038
2013100039
2013100040
2013100041
2013100045
2013100046
2013100053
2013100054
2013100055
2013100056
2013100057
2013100058
2013100059
2013100060
2013100061
2013100062
2013100063
2013100064
2013100067
2013100068
2013100069
2013100071
2013100072
2013100073
2013100074
2013100075
2013100076
2013100077
2013100078
2013100079
2013100080
2013100081
2013100082
2013100083
2013100084
2013100085
2013100086
2013100088
2013100090
2013100091
2013100092
2013100093
2013100094
2013100095
2013100096
2013100097
2013100099
2013100101
2013100102
2013100103
2013100104
2013100106
2013100107
2013100108
2013100110
2013100111
2013100114
2013100115
2013100116
2013100119
2013100120
2013100121
2013100122
2013100125
2013100126
2013100127
2013100128
2013100129
2013100131
2013100132
2013100133
2013100134
2013100135
2013100136
2013100140
2013100142
2013100149
2013100150
2013100152
2013100156
2013100159
2013100160
2013100162
2013100163
2013100165
2013100166
2013100167
2013100168
2013100170
2013100172
2013100173
2013100174
2013100175
2013100180
2013100182
2013100184
2013100189
2013100193
2013100194
2013100195
2013100196
2013100197
2013100199
2013100202
2013100203
2013100205
2013100206
2013100208
2013100210
2013100211
2013100212
2013100214
2013100215
2013100216
2013100217
2013100218
2013100221
2013100222
2013100223
2013100224
2013100225
2013100226
2013100236
2013100237
2013100238
2013100240
2013100242
2013100243
2013100244
2013100245
2013100248
2013100253
2013100257
2013100258
2013100260
2013100261
2013100262
2013100264
2013100265
2013100266
2013100269
2013100270
2013100271
2013100289
2013100290
2013100291
2013100292
2013100293
2013100294
2013100295
2013100296
2013100297
2013100298
2013100299
2013100302
2013100303
2013100304
2013100305
2013100306
2013100311
2013100315
2013100316
2013100318
2013100320
2013100321
2013100322
2013100323
2013100324
2013100325
2013100327
2013100328
2013100329
2013100330
2013100331
2013100332
2013100333
2013100334
2013100335
2013100336
2013100337
2013100338
2013100339
2013100340
2013100342
2013100343
2013100345
2013100347
2013100348
2013100350
2013100351
2013100352
2013100353
2013100354
2013100356
2013100357
2013100358
2013100359
2013100360
2013100361
2013100362
2013100364
2013100365
2013100366
2013100367
2013100369
2013100371
2013100373
2013100374
2013100375
2013100376
2013100377
2013100378
2013100379
2013100380
2013100381
2013100382
2013100383
2013100384
2013100386
2013100387
2013100388
2013100389
2013100390
2013100391
2013100392
2013100394
2013100395
2013100398
2013100399
2013100400
2013100401
2013100402
2013100404
2013100405
2013100406
2013100408
2013100410
2013100411
2013100412
2013100413
2013100414
2013100416
2013100419
2013100420
2013100422
2013100423
2013100424
2013100425
2013100426
2013100427
2013100428
2013100429
2013100430
2013100431
2013100432
2013100433
2013100434
2013100435
2013100436
2013100437
2013100439
2013100440
2013100446
2013100448
2013100457
2013100458
2013100460
2013100461
2013100462
2013100463
2013100464
2013100465
2013100466
2013100467
2013100468
2013100469
2013100470
2013100471
2013100472
2013100474
2013100475
2013100476
2013100477
2013100478
2013100480
2013100481
2013100482
2013100483
2013100484
2013100485
2013100488
2013100489
2013100490
2013100491
2013100494
2013100499
2013100500
2013100502
2013100503
2013100504
2013100505
2013100506
2013100510
2013100511
2013100512
2013100513
2013100514
2013100516
2013100518
2013100519
2013100520
2013100521
2013100522
2013100523
2013100528
2013100529
2013100531
2013100532
2013100534
2013100537
2013100538
2013100539
2013100540
2013100541
2013100542
2013100544
2013100546
2013100547
2013100548
2013100549
2013100550
2013100551
2013100554
2013100555
2013100556
2013100557
2013100561
2013100564
2013100566
2013100567
2013100568
2013100569
2013100570
2013100572
2013100575
2013100576
2013100578
2013100579
2013100580
2013100584
2013100586
2013100587
2013100588
2013100589
2013100590
2013100591
2013100592
2013100593
2013100594
2013100596
2013100597
2013100598
2013100599
2013100601
2013100602
2013100603
2013100605
2013100606
2013100607
2013100609
2013100611
2013100612
2013100615
2013100616
2013100617
2013100618
2013100620
2013100621
2013100622
2013100623
2013100624
2013100625
2013100627
2013100628
2013100629
2013100630
2013100632
2013100633
2013100635
2013100636
2013100637
2013100638
2013100640
2013100641
2013100642
2013100645
2013100646
2013100647
2013100648
2013100649
2013100651
2013100653
2013100654
2013100655
2013100658
2013100661
2013100662
2013100663
2013100664
2013100672
2013100673
2013100675
2013100676
2013100677
2013100678
2013100679
2013100680
2013100683
2013100685
2013100686
2013100687
2013100689
2013100690
2013100691
2013100696
2013100697
2013100699
2013100700
2013100703
2013100704
2013100705
2013100706
2013100707
2013100708
2013100709
2013100711
2013100712
2013100713
2013100720
2013100721
2013100722
2013100723
2013100724
2013100727
2013100728
2013100729
2013100730
2013100731
2013100732
2013100733
2013100734
2013100735
2013100736
2013100737
2013100742
2013100744
2013100746
2013100747
2013100748
2013100750
2013100752
2013100753
2013100754
2013100755
2013100756
2013100758
2013100759
2013100763
2013100765
2013100766
2013100767
2013100768
2013100771
2013100772
2013100773
2013100774
2013100779
2013100781
2013100782
2013100783
2013100784
2013100785
2013100786
2013100787
2013100789
2013100790
2013100791
2013100792
2013100793
2013100794
2013100801
2013100807
2013100808
2013100812
2013100814
2013100815
2013100816
2013100817
2013100819
2013100820
2013100821
2013100822
2013100825
2013100826
2013100827
2013100828
2013100829
2013100831
2013100832
2013100834
2013100836
2013100837
2013100839
2013100841
2013100842
2013100843
2013100844
2013100845
2013100847
2013100849
2013100850
2013100851
2013100852
2013100853
2013100856
2013100857
2013100858
2013100861
2013100862
2013100863
2013100865
2013100866
2013100867
2013100869
2013100870
2013100871
2013100872
2013100873
2013100877
2013100884
2013100886
2013100887
2013100888
2013100889
2013100894
2013100898
2013100900
2013100901
2013100904
2013100905
2013100906
2013100908
2013100909
2013100910
2013100913
2013100914
2013100915
2013100916
2013100917
2013100918
2013100919
2013100920
2013100922
2013100925
2013100928
2013100929
2013100930
2013100932
2013100937
2013100940
2013100941
2013100942
2013100943
2013100944
2013100946
2013100947
2013100948
2013100949
2013100950
2013100951
2013100952
2013100958
2013100960
2013100961
2013100962
2013100963
2013100965
2013100967
2013100968
2013100970
2013100974
2013100975
2013100977
2013100979
2013100980
2013100981
2013100982
2013100983
2013100984
2013100985
2013100986
2013100988
2013100989
2013100990
2013100991
2013100992
2013100993
2013100994
2013100996
2013100997
2013100998
2013100999
2013101002
2013101006
2013101007
2013101008
2013101018
2013101022
2013101023
2013101024
2013101025
2013101026
2013101027
2013101028
2013101029
2013101030
2013101031
2013101034
2013101036
2013101040
2013101042
2013101043
2013101045
2013101046
2013101047
2013101058
2013101061
2013101066
2013101075
2013101076
2013101078
2013101079
2013101080
2013101081
2013101083
2013101084
2013101085
2013101086
2013101087
2013101088
2013101097
2013101099
2013101100
2013101103
2013101109
2013101110
2013101112
2013101115
2013101116
2013101117
2013101118
2013101119
2013101122
2013101123
2013101125
2013101126
2013101128
2013101129
2013101131
2013101132
2013101133
2013101137
2013101140
2013101141
2013101142
2013101143
2013101144
2013101145
2013101146
2013101147
2013101151
2013101152
2013101153
2013101155
2013101156
2013101158
2013101159
2013101160
2013101161
2013101162
2013101165
2013101167
2013101169
2013101171
2013101174
2013101175
2013101178
2013101181
2013101182
2013101183
2013101184
2013101185
2013101188
2013101190
2013101198
2013101201
2013101202
2013101203
2013101204
2013101205
2013101206
2013101207
2013101213
2013101217
2013101220
2013101223
2013101227
2013101228
2013101229
2013101234
2013101235
2013101236
2013101237
2013101238
2013101239
2013101241
2013101243
2013101244
2013101246
2013101248
2013101249
2013101251
2013101255
2013101257
2013101258
2013101259
2013101261
2013101263
2013101264
2013101265
2013101266
2013101267
2013101268
2013101269
2013101270
2013101271
2013101272
2013101278
2013101279
2013101281
2013101287
2013101289
2013101290
2013101291
2013101292
2013101293
2013101294
2013101295
2013101296
2013101298
2013101299
2013101300
2013101301
2013101303
2013101306
2013101310
2013101312
2013101313
2013101314
2013101315
2013101316
2013101317
2013101318
2013101320
2013101322
2013101323
2013101325
2013101326
2013101328
2013101329
2013101332
2013101333
2013101335
2013101336
2013101337
2013101338
2013101339
2013101341
2013101342
2013101344
2013101345
2013101347
2013101348
2013101351
2013101353
2013101354
2013101356
2013101357
2013101358
2013101359
2013101360
2013101362
2013101363
2013101364
2013101366
2013101367
2013101369
2013101376
2013101377
2013101378
2013101379
2013101380
2013101381
2013101382
2013101384
2013101385
2013101386
2013101387
2013101390
2013101391
2013101392
2013101393
2013101394
2013101395
2013101396
2013101398
2013101399
2013101400
2013101401
2013101402
2013101404
2013101405
2013101407
2013101411
2013101413
2013101414
2013101415
2013101416
2013101419
2013101420
2013101421
2013101423
2013101424
2013101425
2013101426
2013101431
2013101434
2013101435
2013101437
2013101438
2013101439
2013101440
2013101441
2013101442
2013101443
2013101444
2013101445
2013101446
2013101447
2013101448
2013101449
2013101451
2013101453
2013101455
2013101458
2013101459
2013101460
2013101461
2013101462
2013101463
2013101465
2013101466
2013101468
2013101469
2013101471
2013101476
2013101477
2013101478
2013101479
2013101481
2013101485
2013101489
2013101490
2013101491
2013101492
2013101494
2013101495
2013101496
2013101497
2013101498
2013101499
2013101508
2013101509
2013101510
2013101511
2013101513
2013101514
2013101515
2013101517
2013101518
2013101519
2013101520
2013101521
2013101522
2013101523
2013101526
2013101527
2013101528
2013101530
2013101531
2013101533
2013101541
2013101542
2013101543
2013101544
2013101545
2013101546
2013101547
2013101548
2013101549
2013101550
2013101551
2013101554
2013101556
2013101557
2013101558
2013101559
2013101560
2013101561
2013101563
2013101565
2013101566
2013101567
2013101570
2013101571
2013101575
2013101577
2013101578
2013101580
2013101581
2013101582
2013101586
2013101587
2013101588
2013101589
2013101591
2013101593
2013101594
2013101595
2013101596
2013101600
2013101602
2013101603
2013101604
2013101605
2013101606
2013101607
2013101609
2013101610
2013101611
2013101612
2013101614
2013101616
2013101617
2013101618
2013101620
2013101622
2013101623
2013101625
2013101628
2013101629
2013101630
2013101632
2013101633
2013101634
2013101636
2013101639
2013101647
2013101648
2013101649
2013101650
2013101651
2013101652
2013101655
2013101658
2013101663
2013101665
2013101666
2013101667
2013101669
2013101670
2013101671
2013101673
2013101675
2013101677
2013101678
2013101680
2013101681
2013101688
2013101692
2013101693
2013101694
2013101695
2013101696
2013101697
2013101699
2013101700
2013101701
2013101702
2013101705
2013101706
2013101710
2013101711
2013101713
2013101714
2013101715
2013101716
2013101718
2013101719
2013101720
2013101721
2013101722
2013101723
2013101724
2013101725
2013101726
2013101727
2013101728
2013101729
2013101730
2013101731
2013101732
2013101733
2013101735
2013101736
2013101737
2013101738
2013101739
2013101740
2013101741
2013101743
2013101744
2013101745
2013101746
2013101747
2013101748
2013101749
2013101750
2013101753
2013101754
2013101756
2013101757
2013101758
2013101759
2013101760
2013101761
2013101762
2013101763
2013101765
2013101766
2013101767
2013101768
2013101769
2013101770
2013101771
2013101772
2013101773
2013101774
2013101775
2013101776
2013101777
2013101778
2013101779
2013101780
2013101781
2013101782
2013101783
2013101784
2013101787
2013101788
2013101789
2013101790
2013101791
2013101793
2013101794
2013101795
2013101796
2013101797
2013101798
2013101799
2013101800
2013101801
2013101802
2013101803
2013101805
2013101806
2013101807
2013101809
2013101811
2013101812
2013101815
2013101816
2013101817
2013101819
2013101820
2013101821
2013101822
2013101823
2013101824
2013101825
2013101826
2013101827
2013101828
2013101829
2013101831
2013101832
2013101834
2013101835
2013101836
2013101837
2013101838
2013101839
2013101840
2013101842
2013101844
2013101845
2013101846
2013101847
2013101848
2013101849
2013101850
2013101855
2013101856
2013101857
2013101858
2013101859
2013101860
2013101861
2013101864
2013101866
2013101867
2013101868
2013101869
2013101871
2013101872
2013101873
2013101874
2013101875
2013101876
2013101883
2013101884
2013101885
2013101886
2013101887
2013101889
2013101893
2013101894
2013101895
2013101896
2013101897
2013101898
2013101899
2013101900
2013101901
2013101902
2013101903
2013101904
2013101907
2013101909
2013101910
2013101911
2013101912
2013101913
2013101914
2013101915
2013101916
2013101917
2013101918
2013101919
2013101920
2013101921
2013101922
2013101924
2013101925
2013101926
2013101928
2013101929
2013101930
2013101932
2013101933
2013101934
2013101935
2013101936
2013101937
2013101938
2013101939
2013101940
2013101942
2013101944
2013101945
2013101946
2013101947
2013101948
2013101949
2013101950
2013101951
2013101953
2013101954
2013101955
2013101957
2013101958
2013101959
2013101960
2013101961
2013101965
2013101969
2013101972
2013101973
2013101974
2013101975
2013101978
2013101985
2013101989
2013101990
2013101991
2013101992
2013101993
2013101994
2013101995
2013101996
2013101998
2013101999
2013102001
2013102002
2013102003
2013102004
2013102005
2013102009
2013102010
2013102011
2013102012
2013102013
2013102016
2013102020
2013102021
2013102022
2013102024
2013102025
2013102026
2013102027
2013102028
2013102029
2013102031
2013102033
2013102034
2013102035
2013102036
2013102037
2013102038
2013102039
2013102040
2013102041
2013102042
2013102046
2013102047
2013102048
2013102049
2013102050
2013102051
2013102052
2013102053
2013102054
2013102055
2013102056
2013102057
2013102058
2013102059
2013102060
2013102061
2013102064
2013102065
2013102066
2013102067
2013102072
2013102073
2013102075
2013102076
2013102077
2013102083
2013102084
2013102086
2013102087
2013102088
2013102089
2013102091
2013102092
2013102094
2013102095
2013102096
2013102097
2013102098
2013102100
2013102105
2013102107
2013102108
2013102110
2013102112
2013102114
2013102116
2013102117
2013102118
2013102119
2013102124
2013102127
2013102129
2013102131
2013102133
2013102135
2013102138
2013102142
2013102145
2013102148
2013102149
2013102150
2013102152
2013102154
2013102157
2013102161
2013102164
2013102165
2013102166
2013102167
2013102168
2013102171
2013102173
2013102176
2013102177
2013102178
2013102179
2013102181
2013102183
2013102187
2013102188
2013102189
2013102190
2013102191
2013102192
2013102193
2013102194
2013102196
2013102197
2013102199
2013102200
2013102202
2013102205
2013102207
2013102209
2013102210
2013102213
2013102214
2013102215
2013102216
2013102217
2013102218
2013102219
2013102220
2013102221
2013102225
2013102226
2013102229
2013102232
2013102236
2013102237
2013102239
2013102240
2013102241
2013102242
2013102243
2013102244
2013102245
2013102250
2013102255
2013102258
2013102259
2013102261
2013102265
2013102269
2013102270
2013102271
2013102272
2013102273
2013102275
2013102276
2013102277
2013102278
2013102279
2013102280
2013102281
2013102283
2013102286
2013102287
2013102289
2013102291
2013102295
2013102296
2013102297
2013102298
2013102299
2013102300
2013102301
2013102302
2013102303
2013102305
2013102307
2013102308
2013102309
2013102310
2013102311
2013102312
2013102313
2013102314
2013102315
2013102317
2013102319
2013102320
2013102321
2013102322
2013102323
2013102326
2013102327
2013102331
2013102334
2013102335
2013102336
2013102337
2013102339
2013102340
2013102342
2013102344
2013102345
2013102346
2013102347
2013102348
2013102349
2013102350
2013102351
2013102352
2013102353
2013102354
2013102355
2013102356
2013102357
2013102358
2013102359
2013102360
2013102362
2013102363
2013102364
2013102365
2013102367
2013102368
2013102369
2013102370
2013102371
2013102373
2013102375
2013102378
2013102379
2013102381
2013102384
2013102385
2013102389
2013102392
2013102393
2013102394
2013102395
2013102396
2013102398
2013102399
2013102401
2013102402
2013102403
2013102404
2013102406
2013102407
2013102408
2013102412
2013102413
2013102414
2013102416
2013102417
2013102422
2013102424
2013102425
2013102426
2013102427
2013102429
2013102430
2013102431
2013102432
2013102433
2013102438
2013102439
2013102440
2013102441
2013102443
2013102444
2013102447
2013102451
2013102452
2013102453
2013102455
2013102456
2013102459
2013102460
2013102462
2013102463
2013102464
2013102468
2013102470
2013102471
2013102472
2013102474
2013102476
2013102477
2013102478
2013102479
2013102480
2013102482
2013102483
2013102484
2013102485
2013102488
2013102489
2013102490
2013102491
2013102492
2013102495
2013102496
2013102498
2013102500
2013102501
2013102502
2013102503
2013102504
2013102507
2013102508
2013102510
2013102512
2013102513
2013102515
2013102516
2013102518
2013102519
2013102521
2013102522
2013102523
2013102526
2013102527
2013102528
2013102529
2013102530
2013102531
2013102532
2013102534
2013102536
2013102537
2013102538
2013102541
2013102544
2013102545
2013102547
2013102549
2013102551
2013102552
2013102553
2013102555
2013102556
2013102558
2013102559
2013102562
2013102563
2013102564
2013102565
2013102566
2013102571
2013102572
2013102574
2013102575
2013102577
2013102578
2013102579
2013102580
2013102582
2013102583
2013102584
2013102588
2013102589
2013102590
2013102592
2013102594
2013102596
2013102597
2013102598
2013102599
2013102600
2013102603
2013102604
2013102605
2013102606
2013102607
2013102608
2013102611
2013102612
2013102613
2013102614
2013102615
2013102623
2013102624
2013102626
2013102630
2013102631
2013102633
2013102635
2013102640
2013102643
2013102644
2013102647
2013102649
2013102652
2013102661
2013102663
2013102664
2013102666
2013102667
2013102668
2013102669
2013102671
2013102672
2013102674
2013102679
2013102680
2013102681
2013102682
2013102684
2013102685
2013102686
2013102687
2013102688
2013102689
2013102690
2013102691
2013102693
2013102698
2013102700
2013102701
2013102702
2013102703
2013102704
2013102706
2013102710
2013102712
2013102714
2013102716
2013102717
2013102718
2013102720
2013102723
2013102726
2013102727
2013102728
2013102729
2013102730
2013102732
2013102733
2013102734
2013102735
2013102737
2013102738
2013102741
2013102746
2013102747
2013102748
2013102753
2013102766
2013102770
2013102771
2013102772
2013102776
2013102777
2013102778
2013102781
2013102790
2013102791
2013102792
2013102794
2013102795
2013102796
2013102797
2013102798
2013102799
2013102800
2013102801
2013102802
2013102803
2013102804
2013102805
2013102806
2013102807
2013102809
2013102810
2013102811
2013102812
2013102813
2013102814
2013102815
2013102816
2013102817
2013102818
2013102819
2013102820
2013102821
2013102823
2013102825
2013102826
2013102827
2013102828
2013102829
2013102830
2013102831
2013102832
2013102833
2013102834
2013102835
2013102836
2013102837
2013102838
2013102839
2013102840
2013102841
2013102843
2013102845
2013102846
2013102847
2013102848
2013102849
2013102851
2013102852
2013102854
2013102855
2013102856
2013102857
2013102858
2013102861
2013102862
2013102863
2013102865
2013102870
2013102872
2013102875
2013102876
2013102877
2013102878
2013102879
2013102880
2013102881
2013102882
2013102883
2013102884
2013102886
2013102889
2013102890
2013102892
2013102894
2013102895
2013102897
2013102898
2013102900
2013102901
2013102902
2013102903
2013102905
2013102906
2013102907
2013102909
2013102911
2013102912
2013102913
2013102914
2013102916
2013102917
2013102918
2013102919
2013102921
2013102922
2013102923
2013102924
2013102925
2013102926
2013102929
2013102930
2013102932
2013102933
2013102934
2013102935
2013102936
2013102937
2013102938
2013102939
2013102940
2013102941
2013102942
2013102944
2013102945
2013102946
2013102947
2013102949
2013102951
2013102953
2013102954
2013102955
2013102956
2013102957
2013102958
2013102959
2013102960
2013102961
2013102963
2013102964
2013102965
2013102966
2013102967
2013102968
2013102969
2013102970
2013102971
2013102972
2013102973
2013102977
2013102978
2013102979
2013102981
2013102982
2013102983
2013102984
2013102985
2013102986
2013102987
2013102993
2013102996
2013102997
2013103000
2013103001
2013103003
2013103004
2013103005
2013103006
2013103007
2013103008
2013103011
2013103013
2013103015
2013103016
2013103017
2013103018
2013103022
2013103023
2013103024
2013103029
2013103030
2013103031
2013103033
2013103034
2013103035
2013103041
2013103042
2013103043
2013103044
2013103045
2013103048
2013103049
2013103050
2013103051
2013103052
2013103056
2013103057
2013103058
2013103059
2013103060
2013103062
2013103065
2013103066
2013103067
2013103068
2013103070
2013103071
2013103073
2013103075
2013103079
2013103081
2013103082
2013103084
2013103085
2013103086
2013103087
2013103089
2013103090
2013103091
2013103094
2013103098
2013103100
2013103101
2013103106
2013103109
2013103110
2013103113
2013103114
2013103115
2013103117
2013103120
2013103122
2013103123
2013103124
2013103125
2013103126
2013103128
2013103129
2013103130
2013103132
2013103133
2013103134
2013103135
2013103137
2013103138
2013103139
2013103140
2013103141
2013103143
2013103144
2013103146
2013103147
2013103148
2013103149
2013103152
2013103153
2013103154
2013103155
2013103156
2013103157
2013103159
2013103160
2013103161
2013103162
2013103163
2013103164
2013103165
2013103166
2013103167
2013103168
2013103169
2013103170
2013103172
2013103174
2013103175
2013103176
2013103177
2013103178
2013103179
2013103182
2013103183
2013103187
2013103189
2013103190
2013103191
2013103192
2013103193
2013103194
2013103195
2013103196
2013103197
2013103198
2013103199
2013103200
2013103202
2013103204
2013103206
2013103207
2013103208
2013103209
2013103210
2013103211
2013103213
2013103214
2013103217
2013103220
2013103224
2013103225
2013103226
2013103227
2013103229
2013103231
2013103232
2013103233
2013103234
2013103236
2013103239
2013103242
2013103243
2013103244
2013103245
2013103247
2013103248
2013103249
2013103250
2013103251
2013103253
2013103254
2013103255
2013103256
2013103257
2013103258
2013103260
2013103262
2013103263
2013103264
2013103267
2013103273
2013103274
2013103277
2013103280
2013103282
2013103285
2013103287
2013103288
2013103290
2013103291
2013103292
2013103294
2013103295
2013103296
2013103297
2013103298
2013103299
2013103301
2013103304
2013103305
2013103308
2013103309
2013103310
2013103311
2013103312
2013103315
2013103317
2013103318
2013103322
2013103323
2013103324
2013103325
2013103326
2013103328
2013103331
2013103332
2013103333
2013103334
2013103335
2013103337
2013103338
2013103339
2013103340
2013103343
2013103344
2013103346
2013103347
2013103348
2013103349
2013103350
2013103351
2013103352
2013103353
2013103354
2013103355
2013103356
2013103359
2013103360
2013103362
2013103363
2013103365
2013103366
2013103367
2013103368
2013103369
2013103370
2013103372
2013103373
2013103374
2013103375
2013103376
2013103377
2013103379
2013103381
2013103382
2013103384
2013103385
2013103386
2013103387
2013103388
2013103389
2013103390
2013103391
2013103392
2013103394
2013103395
2013103396
2013103397
2013103398
2013103399
2013103401
2013103402
2013103403
2013103404
2013103405
2013103406
2013103407
2013103408
2013103409
2013103410
2013103411
2013103412
2013103413
2013103415
2013103416
2013103419
2013103420
2013103422
2013103423
2013103424
2013103425
2013103426
2013103427
2013103428
2013103429
2013103430
2013103431
2013103434
2013103435
2013103438
2013103440
2013103441
2013103443
2013103444
2013103445
2013103446
2013103447
2013103448
2013103450
2013103452
2013103453
2013103456
2013103457
2013103459
2013103460
2013103461
2013103462
2013103463
2013103464
2013103465
2013103466
2013103467
2013103468
2013103469
2013103470
2013103471
2013103472
2013103474
2013103475
2013103476
2013103484
2013103485
2013103486
2013103488
2013103489
2013103490
2013103491
2013103492
2013103493
2013103494
2013103495
2013103496
2013103497
2013103498
2013103499
2013103501
2013103502
2013103503
2013103505
2013103506
2013103507
2013103508
2013103509
2013103511
2013103512
2013103513
2013103514
2013103515
2013103516
2013103517
2013103519
2013103520
2013103521
2013103522
2013103523
2013103524
2013103525
2013103526
2013103527
2013103528
2013103530
2013103531
2013103534
2013103536
2013103537
2013103538
2013103540
2013103543
2013103544
2013103545
2013103547
2013103549
2013103551
2013103554
2013103556
2013103558
2013103559
2013103560
2013103561
2013103562
2013103563
2013103564
2013103565
2013103567
2013103568
2013103569
2013103570
2013103571
2013103572
2013103573
2013103574
2013103575
2013103576
2013103577
2013103579
2013103580
2013103581
2013103582
2013103583
2013103584
2013103585
2013103587
2013103588
2013103589
2013103590
2013103591
2013103592
2013103593
2013103595
2013103597
2013103599
2013103600
2013103601
2013103602
2013103603
2013103604
2013103605
2013103606
2013103608
2013103609
2013103610
2013103611
2013103613
2013103614
2013103615
2013103616
2013103617
2013103618
2013103619
2013103620
2013103621
2013103622
2013103623
2013103624
2013103626
2013103627
2013103628
2013103629
2013103632
2013103633
2013103635
2013103637
2013103638
2013103639
2013103640
2013103643
2013103644
2013103646
2013103647
2013103649
2013103651
2013103652
2013103653
2013103654
2013103655
2013103656
2013103657
2013103658
2013103660
2013103661
2013103662
2013103663
2013103664
2013103665
2013103667
2013103668
2013103669
2013103670
2013103671
2013103672
2013103673
2013103674
2013103675
2013103676
2013103677
2013103678
2013103679
2013103681
2013103682
2013103683
2013103684
2013103685
2013103687
2013103688
2013103689
2013103690
2013103691
2013103692
2013103693
2013103695
2013103696
2013103698
2013103699
2013103700
2013103701
2013103702
2013103703
2013103704
2013103705
2013103706
2013103707
2013103708
2013103711
2013103712
2013103715
2013103717
2013103719
2013103720
2013103722
2013103724
2013103725
2013103726
2013103727
2013103730
2013103732
2013103733
2013103734
2013103735
2013103736
2013103737
2013103738
2013103739
2013103740
2013103741
2013103742
2013103743
2013103744
2013103746
2013103747
2013103748
2013103749
2013103752
2013103753
2013103754
2013103755
2013103756
2013103758
2013103759
2013103760
2013103761
2013103762
2013103763
2013103764
2013103765
2013103766
2013103767
2013103769
2013103770
2013103771
2013103772
2013103773
2013103774
2013103775
2013103776
2013103777
2013103778
2013103779
2013103780
2013103781
2013103782
2013103783
2013103784
2013103785
2013103786
2013103788
2013103789
2013103790
2013103791
2013103792
2013103793
2013103795
2013103796
2013103797
2013103799
2013103800
2013103801
2013103802
2013103803
2013103804
2013103805
2013103806
2013103807
2013103808
2013103809
2013103810
2013103811
2013103812
2013103813
2013103814
2013103815
2013103816
2013103817
2013103818
2013103819
2013103821
2013103823
2013103824
2013103826
2013103830
2013103834
2013103837
2013103838
2013103842
2013103844
2013103846
2013103848
2013103849
2013103850
2013103851
2013103852
2013103853
2013103854
2013103857
2013103863
2013103865
2013103867
2013103870
2013103871
2013103872
2013103876
2013103878
2013103879
2013103880
2013103881
2013103884
2013103885
2013103886
2013103887
2013103888
2013103890
2013103891
2013103893
2013103894
2013103895
2013103896
2013103897
2013103898
2013103899
2013103900
2013103901
2013103902
2013103903
2013103905
2013103906
2013103907
2013103908
2013103909
2013103910
2013103914
2013103915
2013103916
2013103918
2013103919
2013103920
2013103921
2013103926
2013103927
2013103928
2013103929
2013103930
2013103931
2013103933
2013103934
2013103937
2013103938
2013103939
2013103940
2013103941
2013103942
2013103943
2013103944
2013103946
2013103947
2013103948
2013103949
2013103950
2013103951
2013103952
2013103953
2013103954
2013103956
2013103957
2013103958
2013103959
2013103960
2013103961
2013103962
2013103963
2013103964
2013103965
2013103966
2013103968
2013103969
2013103970
2013103971
2013103972
2013103973
2013103974
2013103975
2013103976
2013103977
2013103978
2013103979
2013103980
2013103983
2013103987
2013103988
2013103989
2013103991
2013103992
2013103993
2013103995
2013103998
2013103999
2013104000
2013104001
2013104003
2013104005
2013104007
2013104008
2013104011
2013104013
2013104014
2013104016
2013104017
2013104018
2013104020
2013104021
2013104023
2013104024
2013104025
2013104026
2013104027
2013104030
2013104031
2013104032
2013104037
2013104038
2013104039
2013104042
2013104044
2013104045
2013104046
2013104047
2013104048
2013104049
2013104050
2013104051
2013104053
2013104054
2013104055
2013104057
2013104058
2013104060
2013104061
2013104062
2013104063
2013104067
2013104070
2013104072
2013104076
2013104077
2013104078
2013104079
2013104080
2013104081
2013104083
2013104085
2013104086
2013104087
2013104088
2013104089
2013104090
2013104091
2013104092
2013104093
2013104094
2013104095
2013104096
2013104097
2013104098
2013104099
2013104101
2013104102
2013104103
2013104104
2013104106
2013104107
2013104109
2013104114
2013104115
2013104119
2013104121
2013104126
2013104127
2013104128
2013104129
2013104132
2013104133
2013104134
2013104135
2013104136
2013104137
2013104138
2013104141
2013104143
2013104145
2013104147
2013104148
2013104150
2013104152
2013104153
2013104154
2013104155
2013104156
2013104157
2013104158
2013104161
2013104162
2013104165
2013104166
2013104167
2013104168
2013104169
2013104170
2013104171
2013104175
2013104179
2013104183
2013104185
2013104186
2013104187
2013104189
2013104191
2013104192
2013104193
2013104194
2013104197
2013104198
2013104200
2013104201
2013104202
2013104204
2013104206
2013104209
2013104210
2013104212
2013104215
2013104217
2013104218
2013104222
2013104227
2013104228
2013104229
2013104230
2013104231
2013104232
2013104234
2013104235
2013104236
2013104237
2013104238
2013104241
2013104242
2013104246
2013104248
2013104249
2013104250
2013104251
2013104252
2013104253
2013104254
2013104255
2013104256
2013104260
2013104262
2013104263
2013104264
2013104265
2013104268
2013104272
2013104273
2013104274
2013104275
2013104276
2013104277
2013104278
2013104279
2013104282
2013104283
2013104285
2013104286
2013104291
2013104294
2013104295
2013104304
2013104310
2013104314
2013104317
2013104318
2013104319
2013104320
2013104321
2013104326
2013104328
2013104329
2013104330
2013104333
2013104334
2013104335
2013104336
2013104337
2013104338
2013104339
2013104340
2013104341
2013104342
2013104343
2013104345
2013104346
2013104349
2013104350
2013104351
2013104353
2013104355
2013104356
2013104362
2013104363
2013104364
2013104365
2013104366
2013104367
2013104368
2013104369
2013104370
2013104371
2013104372
2013104373
2013104374
2013104375
2013104378
2013104379
2013104380
2013104381
2013104382
2013104384
2013104385
2013104386
2013104387
2013104389
2013104390
2013104392
2013104393
2013104395
2013104396
2013104403
2013104406
2013104407
2013104408
2013104411
2013104415
2013104419
2013104420
2013104422
2013104423
2013104424
2013104425
2013104426
2013104427
2013104428
2013104429
2013104431
2013104432
2013104436
2013104438
2013104442
2013104443
2013104444
2013104446
2013104447
2013104448
2013104449
2013104450
2013104451
2013104452
2013104453
2013104455
2013104456
2013104457
2013104459
2013104460
2013104461
2013104462
2013104463
2013104464
2013104465
2013104466
2013104467
2013104468
2013104469
2013104472
2013104473
2013104474
2013104475
2013104476
2013104477
2013104479
2013104480
2013104481
2013104482
2013104483
2013104484
2013104486
2013104487
2013104488
2013104489
2013104490
2013104491
2013104492
2013104495
2013104496
2013104497
2013104498
2013104499
2013104500
2013104501
2013104502
2013104503
2013104504
2013104506
2013104507
2013104508
2013104509
2013104510
2013104511
2013104512
2013104513
2013104514
2013104515
2013104516
2013104517
2013104518
2013104519
2013104520
2013104521
2013104522
2013104523
2013104524
2013104526
2013104527
2013104529
2013104531
2013104532
2013104535
2013104536
2013104538
2013104539
2013104540
2013104541
2013104542
2013104543
2013104544
2013104545
2013104547
2013104548
2013104550
2013104552
2013104553
2013104555
2013104556
2013104559
2013104560
2013104563
2013104565
2013104566
2013104568
2013104570
2013104573
2013104574
2013104575
2013104576
2013104578
2013104579
2013104581
2013104584
2013104585
2013104589
2013104590
2013104593
2013104594
2013104595
2013104596
2013104597
2013104598
2013104601
2013104602
2013104603
2013104604
2013104606
2013104607
2013104608
2013104612
2013104614
2013104616
2013104617
2013104618
2013104619
2013104621
2013104622
2013104625
2013104626
2013104628
2013104629
2013104630
2013104632
2013104636
2013104637
2013104638
2013104639
2013104640
2013104641
2013104642
2013104643
2013104644
2013104647
2013104649
2013104651
2013104655
2013104658
2013104660
2013104661
2013104662
2013104663
2013104664
2013104668
2013104671
2013104672
2013104673
2013104675
2013104676
2013104677
2013104678
2013104680
2013104683
2013104687
2013104688
2013104689
2013104690
2013104691
2013104692
2013104693
2013104694
2013104695
2013104696
2013104699
2013104700
2013104701
2013104702
2013104704
2013104706
2013104707
2013104708
2013104710
2013104713
2013104714
2013104718
2013104720
2013104725
2013104727
2013104733
2013104737
2013104738
2013104739
2013104740
2013104743
2013104744
2013104745
2013104746
2013104747
2013104748
2013104750
2013104752
2013104753
2013104754
2013104756
2013104757
2013104759
2013104765
2013104766
2013104767
2013104770
2013104771
2013104773
2013104774
2013104775
2013104776
2013104777
2013104778
2013104779
2013104780
2013104781
2013104782
2013104783
2013104784
2013104785
2013104786
2013104787
2013104788
2013104789
2013104790
2013104791
2013104792
2013104793
2013104794
2013104795
2013104796
2013104798
2013104799
2013104800
2013104801
2013104802
2013104803
2013104804
2013104805
2013104806
2013104807
2013104808
2013104811
2013104812
2013104813
2013104814
2013104815
2013104816
2013104817
2013104818
2013104819
2013104823
2013104825
2013104826
2013104827
2013104828
2013104829
2013104832
2013104834
2013104835
2013104838
2013104840
2013104841
2013104844
2013104845
2013104847
2013104849
2013104850
2013104851
2013104852
2013104853
2013104854
2013104855
2013104856
2013104858
2013104859
2013104860
2013104862
2013104863
2013104864
2013104865
2013104867
2013104868
2013104869
2013104870
2013104871
2013104873
2013104874
2013104875
2013104876
2013104879
2013104880
2013104881
2013104882
2013104883
2013104884
2013104885
2013104886
2013104889
2013104890
2013104891
2013104892
2013104893
2013104895
2013104896
2013104897
2013104902
2013104903
2013104904
2013104906
2013104907
2013104908
2013104909
2013104910
2013104911
2013104912
2013104914
2013104917
2013104922
2013104925
2013104927
2013104928
2013104929
2013104933
2013104934
2013104936
2013104937
2013104938
2013104939
2013104940
2013104942
2013104944
2013104946
2013104950
2013104951
2013104953
2013104954
2013104955
2013104956
2013104957
2013104958
2013104959
2013104960
2013104961
2013104962
2013104964
2013104965
2013104966
2013104967
2013104969
2013104970
2013104971
2013104972
2013104974
2013104975
2013104976
2013104977
2013104978
2013104979
2013104980
2013104981
2013104984
2013104985
2013104986
2013104987
2013104988
2013104989
2013104990
2013104991
2013104996
2013104998
2013105000
2013105004
2013105008
2013105009
2013105011
2013105013
2013105014
2013105015
2013105016
2013105020
2013105021
2013105022
2013105024
2013105028
2013105029
2013105030
2013105031
2013105032
2013105033
2013105034
2013105035
2013105036
2013105037
2013105038
2013105039
2013105042
2013105043
2013105044
2013105046
2013105050
2013105051
2013105052
2013105054
2013105057
2013105064
2013105065
2013105069
2013105074
2013105077
2013105080
2013105083
2013105084
2013105092
2013105093
2013105094
2013105095
2013105096
2013105097
2013105099
2013105100
2013105103
2013105104
2013105105
2013105106
2013105107
2013105108
2013105109
2013105110
2013105111
2013105112
2013105113
2013105114
2013105115
2013105116
2013105118
2013105119
2013105120
2013105122
2013105123
2013105124
2013105125
2013105127
2013105128
2013105129
2013105130
2013105131
2013105132
2013105133
2013105134
2013105136
2013105137
2013105139
2013105140
2013105141
2013105142
2013105143
2013105146
2013105147
2013105148
2013105149
2013105155
2013105157
2013105158
2013105160
2013105161
2013105163
2013105168
2013105171
2013105172
2013105173
2013105176
2013105177
2013105178
2013105180
2013105187
2013105188
2013105189
2013105191
2013105192
2013105193
2013105194
2013105195
2013105197
2013105198
2013105199
2013105202
2013105203
2013105205
2013105206
2013105209
2013105210
2013105213
2013105214
2013105215
2013105216
2013105217
2013105218
2013105220
2013105223
2013105227
2013105229
2013105230
2013105231
2013105232
2013105233
2013105234
2013105235
2013105236
2013105237
2013105240
2013105241
2013105242
2013105243
2013105244
2013105245
2013105246
2013105247
2013105250
2013105251
2013105252
2013105254
2013105256
2013105257
2013105258
2013105260
2013105261
2013105262
2013105263
2013105264
2013105265
2013105267
2013105268
2013105270
2013105278
2013105280
2013105281
2013105282
2013105283
2013105284
2013105286
2013105288
2013105291
2013105293
2013105294
2013105296
2013105297
2013105298
2013105299
2013105301
2013105302
2013105303
2013105304
2013105305
2013105306
2013105307
2013105308
2013105309
2013105310
2013105311
2013105315
2013105316
2013105318
2013105319
2013105320
2013105321
2013105322
2013105323
2013105325
2013105326
2013105328
2013105329
2013105331
2013105332
2013105333
2013105334
2013105335
2013105336
2013105339
2013105340
2013105341
2013105342
2013105343
2013105344
2013105345
2013105346
2013105347
2013105348
2013105349
2013105350
2013105351
2013105352
2013105353
2013105354
2013105355
2013105356
2013105357
2013105358
2013105359
2013105360
2013105361
2013105363
2013105364
2013105365
2013105366
2013105367
2013105369
2013105370
2013105371
2013105372
2013105373
2013105374
2013105375
2013105376
2013105377
2013105378
2013105379
2013105380
2013105381
2013105382
2013105383
2013105384
2013105385
2013105386
2013105387
2013105388
2013105389
2013105391
2013105392
2013105393
2013105394
2013105396
2013105397
2013105398
2013105399
2013105400
2013105402
2013105404
2013105406
2013105407
2013105408
2013105409
2013105410
2013105412
2013105413
2013105414
2013105415
2013105416
2013105417
2013105418
2013105419
2013105420
2013105421
2013105422
2013105423
2013105424
2013105425
2013105426
2013105427
2013105428
2013105429
2013105430
2013105431
2013105432
2013105433
2013105434
2013105435
2013105436
2013105437
2013105438
2013105440
2013105441
2013105443
2013105444
2013105445
2013105446
2013105448
2013105449
2013105450
2013105451
2013105452
2013105453
2013105454
2013105455
2013105456
2013105458
2013105459
2013105461
2013105462
2013105463
2013105464
2013105465
2013105467
2013105468
2013105469
2013105471
2013105472
2013105473
2013105474
2013105475
2013105476
2013105477
2013105479
2013105480
2013105481
2013105484
2013105485
2013105487
2013105489
2013105491
2013105492
2013105493
2013105494
2013105495
2013105496
2013105497
2013105498
2013105499
2013105500
2013105501
2013105502
2013105503
2013105504
2013105505
2013105506
2013105508
2013105509
2013105510
2013105511
2013105512
2013105513
2013105514
2013105515
2013105516
2013105517
2013105518
2013105519
2013105521
2013105522
2013105523
2013105524
2013105525
2013105526
2013105527
2013105528
2013105529
2013105530
2013105531
2013105532
2013105535
2013105536
2013105537
2013105538
2013105539
2013105540
2013105541
2013105542
2013105543
2013105544
2013105545
2013105546
2013105547
2013105548
2013105549
2013105550
2013105551
2013105552
2013105553
2013105554
2013105556
2013105558
2013105559
2013105560
2013105561
2013105562
2013105563
2013105564
2013105565
2013105566
2013105567
2013105569
2013105570
2013105572
2013105573
2013105574
2013105575
2013105576
2013105579
2013105580
2013105581
2013105582
2013105583
2013105586
2013105587
2013105588
2013105589
2013105591
2013105593
2013105594
2013105595
2013105596
2013105598
2013105599
2013105600
2013105601
2013105602
2013105603
2013105604
2013105605
2013105606
2013105607
2013105608
2013105611
2013105612
2013105613
2013105615
2013105616
2013105619
2013105620
2013105621
2013105622
2013105623
2013105624
2013105625
2013105626
2013105627
2013105628
2013105629
2013105630
2013105631
2013105634
2013105635
2013105637
2013105639
2013105640
2013105641
2013105642
2013105643
2013105644
2013105645
2013105646
2013105648
2013105650
2013105651
2013105652
2013105654
2013105655
2013105656
2013105658
2013105659
2013105660
2013105661
2013105662
2013105663
2013105664
2013105665
2013105666
2013105667
2013105668
2013105669
2013105670
2013105671
2013105673
2013105674
2013105675
2013105676
2013105677
2013105678
2013105679
2013105680
2013105681
2013105682
2013105683
2013105684
2013105685
2013105686
2013105688
2013105690
2013105691
2013105693
2013105694
2013105695
2013105696
2013105697
2013105698
2013105699
2013105700
2013105701
2013105702
2013105703
2013105704
2013105705
2013105707
2013105708
2013105709
2013105711
2013105712
2013105713
2013105714
2013105715
2013105716
2013105717
2013105718
2013105719
2013105720
2013105721
2013105722
2013105723
2013105725
2013105726
2013105727
2013105728
2013105730
2013105731
2013105732
2013105733
2013105735
2013105736
2013105737
2013105738
2013105739
2013105740
2013105741
2013105742
2013105743
2013105744
2013105745
2013105746
2013105747
2013105748
2013105749
2013105750
2013105752
2013105753
2013105754
2013105755
2013105756
2013105757
2013105758
2013105760
2013105761
2013105762
2013105764
2013105765
2013105766
2013105767
2013105768
2013105769
2013105770
2013105771
2013105773
2013105775
2013105776
2013105777
2013105778
2013105779
2013105781
2013105782
2013105783
2013105784
2013105785
2013105786
2013105787
2013105788
2013105789
2013105790
2013105791
2013105794
2013105795
2013105796
2013105798
2013105800
2013105801
2013105802
2013105803
2013105804
2013105805
2013105806
2013105807
2013105808
2013105809
2013105810
2013105811
2013105812
2013105814
2013105815
2013105816
2013105818
2013105819
2013105820
2013105821
2013105822
2013105824
2013105825
2013105826
2013105827
2013105828
2013105830
2013105832
2013105833
2013105834
2013105835
2013105836
2013105838
2013105839
2013105840
2013105841
2013105842
2013105843
2013105844
2013105845
2013105846
2013105847
2013105848
2013105849
2013105850
2013105851
2013105852
2013105853
2013105854
2013105855
2013105856
2013105857
2013105858
2013105859
2013105860
2013105861
2013105862
2013105863
2013105864
2013105865
2013105866
2013105867
2013105869
2013105870
2013105871
2013105872
2013105873
2013105874
2013105875
2013105876
2013105878
2013105879
2013105880
2013105881
2013105882
2013105884
2013105885
2013105886
2013105887
2013105888
2013105890
2013105892
2013105893
2013105894
2013105895
2013105896
2013105897
2013105898
2013105899
2013105900
2013105901
2013105902
2013105903
2013105904
2013105905
2013105906
2013105907
2013105908
2013105912
2013105914
2013105915
2013105916
2013105917
2013105918
2013105919
2013105920
2013105922
2013105923
2013105924
2013105925
2013105926
2013105927
2013105928
2013105929
2013105930
2013105931
2013105932
2013105933
2013105935
2013105936
2013105937
2013105938
2013105940
2013105941
2013105942
2013105943
2013105944
2013105945
2013105946
2013105947
2013105948
2013105949
2013105950
2013105951
2013105952
2013105954
2013105955
2013105956
2013105958
2013105959
2013105960
2013105961
2013105962
2013105963
2013105964
2013105965
2013105966
2013105967
2013105968
2013105969
2013105970
2013105971
2013105972
2013105973
2013105974
2013105975
2013105976
2013105977
2013105978
2013105979
2013105980
2013105981
2013105983
2013105984
2013105985
2013105986
2013105988
2013105989
2013105990
2013105991
2013105994
2013105995
2013105996
2013105997
2013105998
2013105999
2013106000
2013106001
2013106002
2013106003
2013106004
2013106005
2013106006
2013106007
2013106008
2013106009
2013106010
2013106011
2013106012
2013106013
2013106014
2013106015
2013106017
2013106018
2013106019
2013106020
2013106021
2013106022
2013106024
2013106025
2013106026
2013106027
2013106028
2013106030
2013106031
2013106032
2013106033
2013106036
2013106037
2013106038
2013106039
2013106040
2013106041
2013106042
2013106043
2013106044
2013106045
2013106046
2013106047
2013106049
2013106050
2013106051
2013106052
2013106055
2013106056
2013106057
2013106058
2013106059
2013106060
2013106061
2013106062
2013106063
2013106064
2013106066
2013106067
2013106068
2013106070
2013106071
2013106072
2013106073
2013106075
2013106076
2013106077
2013106078
2013106079
2013106080
2013106081
2013106082
2013106083
2013106084
2013106085
2013106086
2013106087
2013106088
2013106089
2013106090
2013106091
2013106093
2013106094
2013106095
2013106096
2013106097
2013106098
2013106099
2013106100
2013106101
2013106102
2013106103
2013106104
2013106105
2013106106
2013106107
2013106108
2013106109
2013106110
2013106111
2013106112
2013106113
2013106114
2013106117
2013106118
2013106119
2013106120
2013106121
2013106122
2013106123
2013106124
2013106125
2013106126
2013106127
2013106128
2013106129
2013106130
2013106131
2013106133
2013106134
2013106135
2013106136
2013106137
2013106138
2013106139
2013106140
2013106141
2013106142
2013106143
2013106144
2013106145
2013106146
2013106148
2013106149
2013106150
2013106151
2013106153
2013106154
2013106155
2013106156
2013106157
2013106159
2013106160
2013106161
2013106162
2013106163
2013106164
2013106165
2013106166
2013106167
2013106168
2013106169
2013106170
2013106171
2013106172
2013106173
2013106174
2013106175
2013106176
2013106177
2013106178
2013106180
2013106181
2013106182
2013106183
2013106184
2013106185
2013106186
2013106187
2013106188
2013106189
2013106190
2013106191
2013106192
2013106193
2013106198
2013106200
2013106202
2013106203
2013106204
2013106207
2013106208
2013106210
2013106214
2013106215
2013106216
2013106218
2013106219
2013106221
2013106228
2013106230
2013106232
2013106234
2013106235
2013106236
2013106237
2013106241
2013106243
2013106244
2013106245
2013106246
2013106247
2013106249
2013106250
2013106254
2013106255
2013106256
2013106257
2013106258
2013106259
2013106260
2013106262
2013106263
2013106264
2013106265
2013106266
2013106267
2013106268
2013106269
2013106274
2013106275
2013106276
2013106280
2013106281
2013106286
2013106287
2013106288
2013106290
2013106291
2013106293
2013106294
2013106295
2013106296
2013106297
2013106298
2013106299
2013106300
2013106301
2013106303
2013106304
2013106305
2013106307
2013106308
2013106311
2013106312
2013106313
2013106314
2013106315
2013106316
2013106317
2013106319
2013106320
2013106321
2013106322
2013106323
2013106325
2013106329
2013106331
2013106333
2013106334
2013106336
2013106337
2013106338
2013106341
2013106344
2013106345
2013106347
2013106348
2013106351
2013106352
2013106355
2013106360
2013106361
2013106362
2013106364
2013106365
2013106366
2013106368
2013106373
2013106375
2013106376
2013106378
2013106379
2013106382
2013106384
2013106388
2013106389
2013106390
2013106391
2013106394
2013106395
2013106397
2013106398
2013106399
2013106400
2013106402
2013106403
2013106404
2013106405
2013106408
2013106409
2013106411
2013106413
2013106419
2013106425
2013106426
2013106430
2013106432
2013106433
2013106436
2013106437
2013106438
2013106440
2013106441
2013106442
2013106443
2013106444
2013106446
2013106447
2013106448
2013106449
2013106451
2013106452
2013106455
2013106456
2013106459
2013106463
2013106465
2013106467
2013106468
2013106469
2013106471
2013106472
2013106473
2013106474
2013106475
2013106476
2013106477
2013106479
2013106481
2013106482
2013106483
2013106485
2013106486
2013109002
2013109003
2013109005
2013109009
2013109011
2013109012
2013109016
2013109017
2013109018
2013109019
2013109020
2013109021
2013109022
2013109024
2013109025
2013109026
2013109027
2013109028
2013109029
2013109032
2013109034
2013109037
2013109038
2013109039
2013109040
2013109041
2013109045
2013109046
2013109048
2013109050
2013109052
2013109053
2013109055
2013109056
2013109072
2013109075
2013109076
2013109078
2013109079
2013109080
2013109085
2013109086
2013109087
2013109088
2013109095
2013109096
2013109097
2013109098
2013109101
2013109102
2013109103
2013109105
2013109107
2013109108
2013109112
2013109113
2013109114
2013109127
2013109128
2013109129
2013109130
2013109131
2013109132
2013109133
2013109134
2013109137
2013109138
2013109141
2013109142
2013109143
2013109144
2013109145
2013109146
2013109147
2013109148
2013109149
2013109150
2013109151
2013109152
2013109157
2013109162
2013109166
2013109167
2013109168
2013109169
2013109170
2013109177
2013110001
2013110002
2013110003
2013110004
2013110005
2013110006
2013110007
2013110008
2013110009
2013110010
2013110011
2013110012
2013110013
2013110014
2013110016
2013110017
2013110018
2013110019
2013110020
2013110021
2013110022
2013110023
2013110024
2013110025
2013110026
2013110027
2013110028
2013110029
2013110030
2013110031
2013110032
2013110033
2013110034
2013110035
2013110036
2013110037
2013110038
2013110039
2013110040
2013110041
2013110042
2013110043
2013110044
2013110045
2013110046
2013110048
2013110049
2013110050
2013110051
2013110052
2013110054
2013110055
2013110056
2013110057
2013110058
2013110059
2013110060
2013110061
2013110062
2013110063
2013110066
2013110067
2013110068
2013110069
2013110070
2013110071
2013110072
2013110073
2013110074
2013110075
2013110080
2013110081
2013110082
2013110083
2013110084
2013110085
2013110086
2013110087
2013110088
2013110089
2013110090
2013110091
2013110092
2013110093
2013110095
2013110096
2013110097
2013110098
2013110099
2013110101
2013110102
2013110103
2013110104
2013110105
2013110106
2013110107
2013110108
2013110109
2013110110
2013110111
2013110112
2013110113
2013110114
2013110115
2013110116
2013110117
2013110118
2013110119
2013110120
2013110121
2013110122
2013110123
2013110124
2013110125
2013110126
2013110127
2013110128
2013110129
2013110130
2013110131
2013110132
2013110133
2013110134
2013110135
2013110136
2013110137
2013110138
2013110139
2013110140
2013190002
2013190003
2013190004
2013100545
2013101113
2013105482
2013104493
2013100560
2013102068
2013102185
2013102789
2013103095
2013103612
2013104582
2013104530
2013109023
2013104993
2013106396
2013103451
2013100300
2013106035
2013101436
2013101854
2013104327
2013104670
2013105314
2013105763
2013105993
2013100643
