2014101596
2014104003
2014102947
2014103674
2014105376
2014101326
2014103412
2014110108
2014100900
2014102678
2014100778
2014105150
2014100695
2014101590
2014102234
2014100350
2014101613
2014106172
2014101426
2014106542
2014105141
2014103536
2014103751
2014102313
2014103033
2014104728
2014100584
2014100821
2014103577
2014105126
2014101517
2014100621
2014100333
2014109160
2014106058
2014105540
2014101244
2014104231
2014104698
2014103355
2014105923
2014104830
2014103644
2014105792
2014100595
2014105118
2014105075
2014102193
2014109136
2014105586
2014101474
2014105694
2014104881
2014106355
2014110003
2014103199
2014100065
2014102497
2014105948
2014100605
2014101821
2014105673
2014105657
2014100733
2014100335
2014102904
2014100933
2014104427
2014102449
2014105003
2014101438
2014102019
2014101725
2014102060
2014101479
2014100105
2014101268
2014105339
2014110099
2014100051
2014109137
2014103950
2014101957
2014100827
2014104302
2014106081
2014102706
2014103198
2014105989
2014101618
2014104761
2014105166
2014102152
2014106162
2014103294
2014102483
2014101910
2014101829
2014106321
2014100668
2014100187
2014105835
2014101874
2014102366
2014103808
2014110074
2014103109
2014106351
2014101173
2014105149
2014103389
2014104134
2014101760
2014104214
2014105916
2014100230
2014102216
2014100443
2014101285
2014105185
2014104784
2014100111
2014106147
2014103769
2014102322
2014103911
2014104554
2014104454
2014105340
2014106264
2014104307
2014101979
2014103934
2014103248
2014103892
2014104319
2014105689
2014101637
2014105797
2014110004
2014105728
2014103357
2014100211
2014105234
2014101980
2014105595
2014103395
2014104522
2014104876
2014101974
2014105562
2014106425
2014105140
2014104671
2014109095
2014101535
2014103157
2014103325
2014104511
2014101295
2014103548
2014102972
2014105365
2014103205
2014103302
2014109059
2014103662
2014101552
2014102133
2014102170
2014101508
2014105042
2014102203
2014100798
2014100704
2014102790
2014103065
2014102519
2014100852
2014103704
2014103592
2014103274
2014102840
2014106361
2014103229
2014106527
2014109159
2014103559
2014106450
2014100515
2014103523
2014109014
2014103678
2014105458
2014105521
2014102825
2014101061
2014105584
2014101007
2014104803
2014105478
2014105197
2014101334
2014100707
2014101859
2014103527
2014103081
2014100206
2014102756
2014100131
2014106190
2014102415
2014102576
2014105055
2014101278
2014100035
2014104036
2014101623
2014103407
2014103391
2014101343
2014105144
2014101692
2014106184
2014100929
2014100126
2014103776
2014110021
2014104945
2014104152
2014101575
2014105787
2014105379
2014104805
2014105600
2014103738
2014101615
2014100612
2014102174
2014102253
2014100104
2014102259
2014106174
2014105701
2014100596
2014106387
2014102827
2014104332
2014103742
2014106010
2014100564
2014104435
2014103443
2014101327
2014104321
2014105027
2014100119
2014103296
2014103782
2014105892
2014100756
2014101763
2014100582
2014102543
2014105518
2014109176
2014102549
2014102455
2014102264
2014100464
2014104716
2014104912
2014100491
2014104880
2014105068
2014100741
2014105746
2014101429
2014101868
2014103601
2014103089
2014105641
2014104012
2014105598
2014102594
2014102671
2014102190
2014101766
2014100742
2014105582
2014100528
2014101633
2014101308
2014100074
2014105500
2014102230
2014103985
2014103986
2014105304
2014103709
2014103034
2014105152
2014103358
2014105020
2014100644
2014104251
2014101328
2014105257
2014106432
2014102989
2014106234
2014106424
2014102450
2014102888
2014102220
2014104357
2014109171
2014105066
2014106222
2014106277
2014105722
2014105726
2014105945
2014102609
2014110013
2014104314
2014103499
2014105353
2014106188
2014104310
2014102131
2014106029
2014106078
2014103436
2014101880
2014106326
2014103346
2014102487
2014106018
2014102434
2014105072
2014100299
2014104711
2014106448
2014101505
2014105309
2014103687
2014104224
2014102149
2014101542
2014105644
2014105300
2014109149
2014102477
2014104031
2014105978
2014102546
2014104620
2014105476
2014101605
2014103179
2014101843
2014103225
2014102800
2014102472
2014104766
2014106032
2014105128
2014101335
2014106367
2014105229
2014101636
2014100322
2014104404
2014106526
2014104300
2014101839
2014103230
2014105451
2014104262
2014102534
2014100548
2014100544
2014103469
2014103079
2014105547
2014106080
2014105976
2014103582
2014104864
2014105804
2014105328
2014100506
2014100781
2014105251
2014110116
2014104858
2014104072
2014105666
2014110029
2014105769
2014103719
2014103377
2014105121
2014103799
2014101220
2014103044
2014105893
2014104770
2014103979
2014101629
2014103201
2014104118
2014106113
2014103447
2014110083
2014103266
2014104431
2014104963
2014103438
2014104386
2014104068
2014104297
2014100620
2014100475
2014100511
2014105781
2014104500
2014104559
2014100676
2014105246
2014103584
2014106179
2014104032
2014102815
2014103365
2014104085
2014100125
2014101021
2014106199
2014103807
2014110016
2014105469
2014104767
2014100434
2014104073
2014106353
2014100604
2014105969
2014103870
2014105047
2014101415
2014103653
2014103893
2014103921
2014100809
2014103174
2014101023
2014100560
2014105621
2014104308
2014102176
2014103101
2014105371
2014103324
2014101146
2014100690
2014101286
2014105548
2014103798
2014104394
2014100124
2014104508
2014105063
2014105639
2014105473
2014100679
2014100831
2014105106
2014103899
2014104501
2014104973
2014105572
2014101376
2014102808
2014102582
2014102062
2014100151
2014105526
2014106125
2014104346
2014105040
2014100748
2014103264
2014105489
2014103834
2014103908
2014102775
2014104201
2014102728
2014102031
2014109011
2014100421
2014100875
2014103415
2014100146
2014102402
2014103560
2014106483
2014106235
2014102140
2014106144
2014100591
2014101788
2014101645
2014102684
2014106332
2014100844
2014102297
2014100328
2014100780
2014105563
2014103513
2014100902
2014103331
2014104921
2014105679
2014101699
2014104426
2014105973
2014101625
2014103204
2014103790
2014103647
2014110110
2014101592
2014104894
2014105450
2014102096
2014100876
2014106030
2014106039
2014103258
2014105327
2014101784
2014101906
2014105922
2014104410
2014100870
2014104794
2014103720
2014106205
2014105369
2014110090
2014102529
2014103096
2014104634
2014109110
2014105337
2014102555
2014101965
2014102027
2014105824
2014100907
2014106228
2014102156
2014102454
2014105783
2014103110
2014105646
2014101826
2014101129
2014105773
2014105156
2014106152
2014109138
2014102639
2014104299
2014105576
2014109130
2014102983
2014110075
2014105725
2014105431
2014105338
2014105002
2014104588
2014102257
2014102695
2014104293
2014106341
2014102703
2014101497
2014102520
2014104130
2014105558
2014100948
2014102325
2014105684
2014106545
2014100675
2014101836
2014102416
2014103243
2014100763
2014104372
2014103189
2014103848
2014109151
2014104804
2014105464
2014102391
2014104024
2014106299
2014105414
2014104069
2014105057
2014100671
2014100792
2014105760
2014102692
2014101213
2014103348
2014100751
2014103440
2014106075
2014100726
2014102247
2014101116
2014103458
2014110072
2014105579
2014105695
2014104247
2014104908
2014102370
2014104041
2014102233
2014109008
2014103098
2014105209
2014103134
2014105291
2014101101
2014100182
2014110124
2014102645
2014100566
2014105873
2014103489
2014106035
2014100845
2014102883
2014102848
2014102879
2014103441
2014103290
2014106027
2014102927
2014101372
2014105244
2014100242
2014105080
2014103997
2014103311
2014102721
2014104234
2014100708
2014100428
2014104744
2014104938
2014105603
2014103359
2014102828
2014100555
2014102680
2014101128
2014101822
2014106066
2014100216
2014103367
2014102749
2014104827
2014103455
2014104504
2014104191
2014103923
2014103084
2014100133
2014102502
2014105509
2014103791
2014102599
2014100201
2014105313
2014105035
2014103138
2014109003
2014104739
2014104030
2014100384
2014105136
2014101716
2014103978
2014106150
2014104240
2014106290
2014104110
2014103035
2014109045
2014101936
2014100140
2014106524
2014104090
2014105037
2014100826
2014102644
2014100825
2014106435
2014106415
2014101095
2014105010
2014100135
2014102944
2014102580
2014100380
2014103854
2014102232
2014105325
2014106437
2014104519
2014106166
2014102142
2014103390
2014103735
2014109118
2014104847
2014100896
2014105248
2014102685
2014104605
2014106260
2014109127
2014102821
2014101667
2014103299
2014102092
2014104706
2014105605
2014100999
2014100057
2014101691
2014105364
2014101133
2014109068
2014101968
2014102617
2014102771
2014103954
2014100974
2014101019
2014100956
2014110098
2014103025
2014101646
2014103409
2014104624
2014110080
2014104632
2014102556
2014102480
2014100149
2014106033
2014110054
2014104223
2014103958
2014101145
2014103042
2014102676
2014105843
2014105709
2014100729
2014106036
2014103616
2014106219
2014105366
2014103140
2014100762
2014103759
2014102318
2014104312
2014100449
2014103915
2014104652
2014103433
2014103700
2014101578
2014101394
2014104646
2014105613
2014100485
2014103906
2014100203
2014104694
2014106329
2014101066
2014106133
2014103980
2014104848
2014105385
2014101860
2014102280
2014100861
2014100556
2014105688
2014103800
2014105177
2014101600
2014103260
2014105650
2014102741
2014105720
2014106000
2014100795
2014102618
2014102154
2014104257
2014104335
2014100647
2014105249
2014102931
2014103036
2014103711
2014105170
2014101861
2014103675
2014105944
2014100832
2014103206
2014100735
2014104178
2014104758
2014104139
2014102388
2014101992
2014101315
2014103432
2014105910
2014102625
2014105800
2014102709
2014102320
2014103363
2014110121
2014100568
2014105707
2014105947
2014105516
2014105872
2014102029
2014103995
2014104375
2014110042
2014102616
2014102689
2014102397
2014103590
2014101243
2014101480
2014106230
2014105285
2014102087
2014101135
2014102287
2014106203
2014103867
2014103564
2014102506
2014102403
2014106354
2014102567
2014105501
2014106505
2014110041
2014100745
2014103425
2014106101
2014105247
2014105660
2014100542
2014103593
2014100484
2014101089
2014104264
2014102263
2014105242
2014105502
2014105809
2014102535
2014105525
2014104789
2014100137
2014103162
2014104877
2014101115
2014102795
2014101597
2014106337
2014101591
2014105543
2014104829
2014105898
2014104631
2014106364
2014100154
2014104382
2014106250
2014109023
2014104318
2014104597
2014100158
2014103525
2014103729
2014104596
2014109114
2014103663
2014104034
2014103688
2014105404
2014105752
2014102906
2014105483
2014102000
2014109152
2014104888
2014100905
2014102286
2014104135
2014103547
2014105165
2014103422
2014106501
2014101899
2014106005
2014103345
2014104147
2014104529
2014101554
2014105015
2014105878
2014101064
2014106546
2014105125
2014101663
2014105041
2014104096
2014105653
2014106330
2014102890
2014110022
2014110081
2014103121
2014103496
2014104396
2014109037
2014103151
2014103831
2014104389
2014106049
2014100811
2014103764
2014106164
2014105778
2014106482
2014102125
2014101353
2014101825
2014101487
2014105199
2014103047
2014102696
2014103778
2014110125
2014109153
2014101180
2014100677
2014102646
2014105995
2014104532
2014103571
2014106417
2014101468
2014101057
2014103872
2014100300
2014100796
2014109156
2014103457
2014100492
2014101985
2014106083
2014102986
2014102589
2014110119
2014100354
2014105277
2014102967
2014106428
2014104276
2014103511
2014103967
2014105292
2014100049
2014103942
2014105425
2014102431
2014101367
2014101819
2014100609
2014101804
2014102562
2014105997
2014100634
2014103018
2014102358
2014105654
2014103944
2014100891
2014101420
2014109030
2014101111
2014103262
2014102165
2014103257
2014101548
2014100136
2014100252
2014100730
2014103039
2014100608
2014110010
2014101470
2014109009
2014104070
2014104393
2014101707
2014105901
2014105294
2014100998
2014105685
2014102793
2014101632
2014106279
2014100577
2014100498
2014100887
2014101472
2014104779
2014103102
2014106422
2014104865
2014106436
2014105025
2014102899
2014102146
2014100219
2014105991
2014101132
2014103424
2014102305
2014106532
2014104812
2014100894
2014105145
2014100462
2014106478
2014100440
2014105129
2014102530
2014105134
2014101963
2014105936
2014100226
2014103889
2014106225
2014102360
2014104010
2014110023
2014100752
2014103217
2014103594
2014109031
2014101485
2014105462
2014100699
2014110046
2014101994
2014104210
2014105233
2014101392
2014101927
2014104515
2014106202
2014100285
2014100094
2014102150
2014106180
2014100190
2014103195
2014100934
2014106398
2014103477
2014102163
2014102352
2014109006
2014103221
2014106034
2014101455
2014102316
2014100128
2014103987
2014100269
2014105935
2014100656
2014104226
2014101801
2014100916
2014105713
2014103946
2014101722
2014105771
2014104325
2014100754
2014105119
2014102363
2014105919
2014102161
2014109075
2014104889
2014103452
2014102235
2014103400
2014104456
2014102670
2014103170
2014105975
2014104193
2014105467
2014104983
2014105857
2014103690
2014103192
2014102957
2014100782
2014104745
2014101893
2014102296
2014100908
2014105663
2014101012
2014102624
2014105265
2014103981
2014106305
2014100417
2014105001
2014100559
2014101417
2014104971
2014105382
2014100098
2014106210
2014101803
2014106107
2014105493
2014101106
2014100660
2014100130
2014109119
2014103413
2014106440
2014102964
2014100264
2014105445
2014100325
2014104170
2014105045
2014104502
2014103414
2014104074
2014100678
2014102787
2014105880
2014110113
2014106256
2014105732
2014103119
2014100818
2014109128
2014110100
2014101414
2014101321
2014100120
2014101416
2014100557
2014100761
2014105577
2014101986
2014105393
2014100451
2014102950
2014100298
2014102289
2014100337
2014104705
2014106372
2014104432
2014103426
2014104093
2014106177
2014104833
2014101027
2014104750
2014101258
2014106128
2014109100
2014101939
2014101955
2014105718
2014100110
2014190002
2014104131
2014100856
2014105813
2014102561
2014105768
2014103957
2014102638
2014100915
2014100142
2014103486
2014103939
2014104927
2014102182
2014102113
2014104458
2014110033
2014100918
2014102740
2014100413
2014104704
2014103708
2014103397
2014101584
2014103627
2014105734
2014100209
2014100441
2014101975
2014102198
2014104485
2014105112
2014105985
2014104330
2014102917
2014102910
2014106176
2014100994
2014100899
2014102226
2014105519
2014106345
2014103651
2014109047
2014100458
2014100196
2014102251
2014103622
2014104138
2014105882
2014101519
2014103232
2014104702
2014104150
2014103896
2014104503
2014103503
2014100509
2014105460
2014103563
2014105267
2014104195
2014103032
2014102130
2014100382
2014105461
2014103780
2014106044
2014100718
2014102059
2014105690
2014103259
2014106516
2014106283
2014103287
2014105443
2014100069
2014100490
2014104959
2014106200
2014105350
2014102261
2014100369
2014109043
2014100521
2014102797
2014104506
2014106111
2014102819
2014106130
2014102688
2014104292
2014100324
2014105949
2014105890
2014101938
2014106328
2014103546
2014105703
2014104616
2014101410
2014104952
2014103429
2014103636
2014104487
2014106064
2014104956
2014102658
2014100720
2014103385
2014100287
2014102919
2014103310
2014104078
2014105929
2014100222
2014100165
2014110015
2014100963
2014101091
2014105655
2014105367
2014101369
2014105360
2014104778
2014109166
2014100519
2014103927
2014104468
2014103603
2014106248
2014100159
2014105316
2014102908
2014105627
2014104084
2014101713
2014103150
2014104121
2014102559
2014103829
2014104301
2014101042
2014100148
2014104533
2014101932
2014102724
2014100721
2014104514
2014102788
2014100083
2014105157
2014101996
2014105221
2014102094
2014102075
2014104872
2014102106
2014105743
2014105749
2014103976
2014104495
2014101344
2014105827
2014105181
2014100534
2014102437
2014100157
2014100445
2014102197
2014100176
2014101017
2014103191
2014101356
2014100851
2014101167
2014105117
2014106089
2014101808
2014104774
2014103635
2014100895
2014104353
2014102934
2014102011
2014101738
2014102194
2014101833
2014105908
2014101960
2014103127
2014104258
2014110058
2014101706
2014104941
2014104342
2014104976
2014103289
2014105158
2014103529
2014100674
2014102852
2014104573
2014105812
2014106519
2014102884
2014100883
2014105851
2014101118
2014102424
2014101898
2014106204
2014106019
2014102344
2014105963
2014103124
2014105569
2014103937
2014105932
2014103721
2014106168
2014106238
2014106379
2014105738
2014104211
2014101928
2014104715
2014100629
2014106298
2014106220
2014104930
2014100229
2014104194
2014101465
2014102333
2014102071
2014110018
2014103695
2014101771
2014109170
2014100396
2014100277
2014104982
2014102356
2014100518
2014101205
2014102108
2014101773
2014105211
2014103833
2014104035
2014105441
2014101719
2014103694
2014106350
2014105767
2014103984
2014104448
2014100764
2014104059
2014102953
2014103956
2014103316
2014103882
2014102065
2014103321
2014101191
2014102649
2014102694
2014106114
2014101671
2014102896
2014102141
2014104313
2014101314
2014104140
2014102269
2014101226
2014105642
2014105643
2014104977
2014103352
2014101816
2014104552
2014101832
2014100654
2014106468
2014105224
2014101550
2014104149
2014103059
2014105681
2014109144
2014103504
2014106239
2014101764
2014102244
2014104666
2014104347
2014103143
2014103933
2014106105
2014104806
2014105284
2014102962
2014105481
2014105957
2014100815
2014105697
2014105269
2014100472
2014100029
2014100139
2014105282
2014101413
2014106142
2014104553
2014103176
2014103877
2014102860
2014103288
2014103588
2014100227
2014100619
2014105120
2014104954
2014103655
2014101742
2014105630
2014103137
2014102911
2014102929
2014103492
2014106529
2014101491
2014104944
2014103580
2014100901
2014105103
2014102145
2014102299
2014101608
2014104947
2014101313
2014103167
2014101551
2014105624
2014105599
2014102720
2014104512
2014106045
2014103237
2014101917
2014103319
2014105492
2014105807
2014102208
2014103082
2014100402
2014102046
2014102651
2014104841
2014104582
2014104693
2014102336
2014105084
2014100224
2014105633
2014105731
2014106076
2014100532
2014104272
2014104294
2014110026
2014103130
2014104322
2014106215
2014103887
2014102524
2014100171
2014106145
2014105565
2014103842
2014105795
2014104230
2014109065
2014103642
2014103926
2014103897
2014105397
2014105378
2014104754
2014103473
2014100425
2014106126
2014105791
2014102569
2014100610
2014100599
2014104315
2014101055
2014104381
2014100635
2014100747
2014101357
2014104793
2014104603
2014102493
2014104418
2014105511
2014106401
2014110059
2014100892
2014105479
2014103080
2014103399
2014102084
2014101002
2014102399
2014109066
2014100025
2014100330
2014100109
2014106046
2014102632
2014104377
2014101772
2014110114
2014101031
2014103239
2014101754
2014102420
2014103117
2014104058
2014100961
2014102405
2014105095
2014104968
2014102036
2014105836
2014102988
2014103245
2014100712
2014100479
2014103165
2014100936
2014100077
2014102622
2014102095
2014100218
2014104044
2014100210
2014106120
2014101515
2014102188
2014105280
2014106475
2014105510
2014106466
2014102886
2014101961
2014102666
2014101971
2014100576
2014100067
2014103280
2014100134
2014103216
2014105442
2014101913
2014102078
2014100465
2014101124
2014102438
2014100221
2014101983
2014104206
2014106530
2014105383
2014104943
2014101796
2014105307
2014105994
2014104611
2014105330
2014104499
2014102349
2014100820
2014102249
2014105531
2014103494
2014103058
2014102328
2014102873
2014104284
2014102148
2014105762
2014100980
2014106395
2014102900
2014105403
2014102997
2014109169
2014103863
2014100828
2014105723
2014104655
2014100293
2014104023
2014100881
2014105818
2014110027
2014105677
2014101067
2014100717
2014104701
2014100981
2014101619
2014106201
2014102426
2014105846
2014104403
2014106014
2014110056
2014101964
2014105406
2014109103
2014105058
2014101206
2014104570
2014101634
2014105359
2014105006
2014109025
2014100107
2014103587
2014102010
2014105602
2014101514
2014101674
2014103249
2014101504
2014101428
2014100446
2014102862
2014103333
2014105419
2014100940
2014101234
2014101651
2014102221
2014104690
2014103532
2014102579
2014100406
2014103263
2014105662
2014105866
2014104782
2014100659
2014105046
2014103094
2014101257
2014110109
2014105552
2014100598
2014103284
2014104126
2014100478
2014100147
2014101212
2014106108
2014102218
2014103533
2014100093
2014101977
2014100942
2014109094
2014100513
2014105423
2014104360
2014109012
2014106308
2014105840
2014102085
2014102949
2014103839
2014105203
2014105960
2014103733
2014103797
2014105449
2014102111
2014102951
2014101172
2014105708
2014102978
2014106021
2014100179
2014101920
2014102523
2014100480
2014102835
2014104608
2014102258
2014100592
2014100429
2014100740
2014105674
2014106038
2014106535
2014103900
2014101777
2014104337
2014109101
2014104273
2014105308
2014102389
2014101827
2014104259
2014100960
2014100888
2014102283
2014106198
2014100653
2014101844
2014106061
2014100200
2014105796
2014101630
2014103707
2014103203
2014103246
2014105432
2014100786
2014105542
2014104831
2014100268
2014100075
2014104415
2014103938
2014103154
2014101336
2014106002
2014105245
2014105290
2014104186
2014103298
2014100291
2014105279
2014109108
2014102268
2014102175
2014110053
2014100529
2014101959
2014103261
2014104521
2014104270
2014102217
2014102393
2014100688
2014105283
2014101603
2014100903
2014109111
2014106191
2014110051
2014105212
2014103745
2014105609
2014104324
2014101160
2014101709
2014105388
2014103002
2014100687
2014104984
2014100430
2014101168
2014100982
2014104286
2014103332
2014100808
2014100662
2014105583
2014106013
2014103730
2014103755
2014102246
2014102683
2014102195
2014103153
2014102861
2014102587
2014103435
2014105766
2014105372
2014100439
2014105426
2014101182
2014101281
2014104863
2014104261
2014106154
2014100027
2014102892
2014104934
2014103139
2014100569
2014110123
2014104727
2014102735
2014106006
2014110106
2014103464
2014104660
2014104657
2014101672
2014101842
2014103543
2014103803
2014105802
2014104729
2014102958
2014104256
2014105635
2014100658
2014101380
2014106512
2014105417
2014105259
2014100697
2014105054
2014103990
2014100527
2014105858
2014103178
2014106138
2014106086
2014106300
2014103454
2014105435
2014105675
2014104075
2014101676
2014103650
2014103868
2014102383
2014101872
2014104077
2014110050
2014103373
2014103402
2014100705
2014105024
2014103740
2014106363
2014105937
2014103945
2014101891
2014100393
2014106091
2014101813
2014105530
2014103772
2014102105
2014100698
2014110095
2014100143
2014100524
2014101289
2014103461
2014102859
2014101148
2014102640
2014103752
2014106192
2014106170
2014105194
2014105763
2014103366
2014103186
2014101322
2014105895
2014103475
2014110045
2014102813
2014100223
2014102605
2014106161
2014102961
2014103152
2014101530
2014102192
2014105647
2014106023
2014102342
2014102565
2014100156
2014103682
2014106278
2014103417
2014104326
2014102865
2014101797
2014101990
2014105885
2014103350
2014100456
2014101350
2014104144
2014102673
2014110001
2014101166
2014106175
2014102612
2014104978
2014103521
2014100503
2014104613
2014106117
2014102975
2014100689
2014100288
2014106493
2014100387
2014102151
2014105472
2014101879
2014100477
2014100984
2014100454
2014105232
2014105061
2014100587
2014102528
2014100501
2014102128
2014104948
2014101354
2014100580
2014101614
2014103208
2014101225
2014110062
2014105081
2014100329
2014100062
2014105848
2014110104
2014104731
2014101507
2014104424
2014106211
2014105405
2014104198
2014102314
2014102837
2014102202
2014102134
2014104900
2014100618
2014103493
2014103810
2014106073
2014103583
2014105716
2014103965
2014104450
2014102552
2014101684
2014100772
2014100970
2014106132
2014110019
2014105550
2014101509
2014106360
2014106352
2014106106
2014109084
2014109096
2014103786
2014100812
2014105195
2014103463
2014101276
2014101616
2014103183
2014104925
2014110038
2014105139
2014103160
2014105159
2014106453
2014101400
2014102035
2014104162
2014100215
2014105430
2014104218
2014110102
2014104091
2014101756
2014104695
2014105275
2014101169
2014105133
2014105188
2014100273
2014105648
2014104735
2014100523
2014106037
2014105043
2014106104
2014101399
2014105305
2014102833
2014105059
2014100054
2014102563
2014104060
2014100352
2014104507
2014110068
2014106416
2014103054
2014106194
2014103149
2014103268
2014106549
2014104158
2014105160
2014105921
2014100114
2014102647
2014103038
2014105428
2014101620
2014106261
2014106040
2014104374
2014103569
2014101655
2014103972
2014101700
2014104832
2014102608
2014100459
2014103404
2014105533
2014101658
2014104064
2014103643
2014105299
2014102068
2014103811
2014100394
2014101422
2014105853
2014105981
2014102223
2014105894
2014106139
2014102413
2014103037
2014103497
2014103747
2014101325
2014100376
2014100794
2014106098
2014105884
2014102016
2014101235
2014109089
2014110107
2014103891
2014103874
2014106430
2014102355
2014100364
2014105907
2014104287
2014105953
2014105252
2014100554
2014101991
2014110082
2014102147
2014101287
2014105032
2014105356
2014103090
2014104421
2014105996
2014105615
2014100879
2014101074
2014102806
2014100637
2014102433
2014102836
2014101498
2014100489
2014102630
2014104351
2014100164
2014103731
2014100078
2014103890
2014101988
2014105640
2014100161
2014101934
2014102925
2014110017
2014106212
2014105101
2014106137
2014105917
2014104076
2014100066
2014105959
2014102155
2014102719
2014100357
2014104723
2014104813
2014101882
2014101545
2014103914
2014103873
2014101365
2014101930
2014100084
2014100059
2014106012
2014100379
2014105686
2014105302
2014103953
2014101795
2014100248
2014103951
2014105733
2014102373
2014101941
2014102578
2014103000
2014102127
2014105939
2014105856
2014100723
2014105421
2014100347
2014109036
2014104787
2014102020
2014105110
2014102754
2014100306
2014103184
2014103341
2014104081
2014101332
2014103247
2014105102
2014104409
2014101319
2014109106
2014103265
2014101916
2014105698
2014102271
2014100483
2014104470
2014100939
2014102278
2014102730
2014101656
2014105925
2014104623
2014109024
2014101697
2014104397
2014102240
2014105896
2014105187
2014110012
2014100383
2014105038
2014104401
2014101211
2014105019
2014100779
2014104402
2014105719
2014106022
2014102796
2014106051
2014101072
2014104762
2014105702
2014106281
2014100625
2014105507
2014100311
2014102973
2014101998
2014105342
2014103074
2014103545
2014106506
2014104843
2014101454
2014106245
2014105354
2014103574
2014103166
2014110087
2014105741
2014103816
2014104636
2014103875
2014101558
2014105943
2014100904
2014101972
2014100362
2014110126
2014103598
2014105541
2014110060
2014101912
2014104746
2014106140
2014101751
2014102834
2014105355
2014102126
2014100198
2014102082
2014102933
2014102124
2014105551
2014101381
2014101889
2014105416
2014104869
2014101533
2014103706
2014103741
2014105436
2014105053
2014103421
2014104329
2014100052
2014106488
2014101881
2014109041
2014102628
2014104387
2014105784
2014101453
2014104328
2014105017
2014110036
2014101720
2014105073
2014101993
2014106148
2014100345
2014102262
2014103864
2014101712
2014104764
2014104647
2014101524
2014102385
2014110103
2014101528
2014109122
2014106082
2014103213
2014100912
2014104281
2014105482
2014103841
2014105538
2014103322
2014102064
2014105529
2014104846
2014104373
2014105798
2014105069
2014103885
2014100597
2014102909
2014104054
2014100581
2014105575
2014102132
2014100192
2014103306
2014100842
2014104760
2014104022
2014104082
2014105774
2014100517
2014100864
2014106112
2014102979
2014100670
2014106396
2014102090
2014103691
2014102381
2014104981
2014103197
2014105594
2014110092
2014102753
2014103606
2014100551
2014102935
2014102395
2014105052
2014103886
2014103917
2014101279
2014110120
2014100783
2014105424
2014105777
2014102745
2014101947
2014105471
2014100938
2014103994
2014100213
2014106479
2014105444
2014104229
2014106522
2014101734
2014104874
2014101029
2014102121
2014106472
2014103989
2014106348
2014102427
2014104697
2014102691
2014100563
2014103462
2014104906
2014105343
2014101001
2014105744
2014103254
2014101831
2014100926
2014105044
2014110115
2014102293
2014105351
2014105999
2014103340
2014101230
2014106094
2014103847
2014105427
2014101282
2014103283
2014105828
2014104056
2014101522
2014101727
2014100338
2014102301
2014110034
2014105881
2014102207
2014109013
2014106520
2014100493
2014101933
2014102610
2014102503
2014104866
2014100775
2014100546
2014103922
2014105903
2014102024
2014101158
2014106467
2014106157
2014104838
2014101824
2014106318
2014102187
2014103386
2014103394
2014103843
2014103403
2014104241
2014100607
2014101948
2014102545
2014103851
2014101360
2014106232
2014100632
2014104120
2014101631
2014106093
2014100100
2014100239
2014106257
2014101717
2014109080
2014106213
2014101386
2014104092
2014105422
2014104269
2014100976
2014105886
2014106196
2014101981
2014102371
2014105906
2014101147
2014105553
2014100404
2014101978
2014103646
2014105374
2014101204
2014104703
2014101782
2014100150
2014105986
2014104539
2014104384
2014105759
2014100212
2014101125
2014105739
2014103019
2014105395
2014101292
2014105506
2014104253
2014100453
2014103453
2014104327
2014102550
2014102619
2014100129
2014102938
2014100600
2014100323
2014102066
2014101259
2014102274
2014103353
2014103470
2014106528
2014105130
2014101812
2014106119
2014100116
2014106059
2014102180
2014103078
2014105468
2014106476
2014106272
2014103775
2014105864
2014104395
2014102088
2014104998
2014105480
2014104274
2014101538
2014103866
2014103175
2014103566
2014101664
2014104133
2014100833
2014105256
2014103141
2014102743
2014103507
2014106438
2014103538
2014103145
2014103279
2014104461
2014100749
2014101809
2014106421
2014103878
2014104298
2014100937
2014105122
2014105567
2014100265
2014103382
2014100567
2014103129
2014100420
2014105821
2014102522
2014110008
2014105363
2014101000
2014105876
2014103531
2014102659
2014105625
2014102602
2014100533
2014102467
2014100986
2014100941
2014104628
2014101909
2014105930
2014102101
2014103551
2014105528
2014101418
2014100194
2014101127
2014100405
2014105113
2014102042
2014104520
2014104788
2014102009
2014109117
2014105964
2014101668
2014102436
2014103865
2014106242
2014101086
2014104129
2014100685
2014103620
2014104890
2014103085
2014101838
2014101003
2014100728
2014106007
2014102982
2014103722
2014104320
2014104388
2014100840
2014103697
2014102300
2014100346
2014110011
2014105031
2014106009
2014100765
2014103815
2014103609
2014101114
2014104182
2014101627
2014105065
2014103618
2014101307
2014103114
2014104537
2014104491
2014104901
2014100572
2014105971
2014110073
2014101798
2014104665
2014105974
2014101068
2014100822
2014105803
2014103209
2014101481
2014105289
2014100898
2014100184
2014102560
2014101520
2014102326
2014100516
2014103491
2014104383
2014103656
2014102212
2014100214
2014101181
2014103088
2014100537
2014101009
2014105676
2014105897
2014103982
2014103614
2014102603
2014102191
2014104484
2014101056
2014104369
2014101753
2014100951
2014102153
2014106301
2014102398
2014104204
2014103749
2014103347
2014103031
2014101728
2014101765
2014102700
2014103539
2014103710
2014104911
2014103596
2014105754
2014101271
2014105216
2014105293
2014105693
2014101100
2014102224
2014104411
2014101082
2014101463
2014110086
2014102406
2014101648
2014104996
2014102144
2014103392
2014103591
2014109167
2014105941
2014104958
2014102901
2014103744
2014105168
2014102025
2014106136
2014104243
2014104926
2014100169
2014106486
2014103282
2014102429
2014103212
2014104046
2014103576
2014105539
2014105965
2014102076
2014103512
2014106218
2014105504
2014103773
2014103936
2014104969
2014105021
2014106071
2014105748
2014100339
2014103063
2014105825
2014100255
2014105004
2014100087
2014105394
2014104737
2014103488
2014105819
2014105822
2014105889
2014105036
2014103337
2014105549
2014100531
2014100452
2014103368
2014105772
2014102061
2014103270
2014100639
2014103281
2014103585
2014103320
2014101931
2014102409
2014101802
2014102384
2014105793
2014100070
2014105116
2014103537
2014104544
2014106231
2014105806
2014102291
2014106187
2014101969
2014100080
2014103135
2014105148
2014105087
2014104146
2014106309
2014104975
2014100270
2014105571
2014101999
2014103122
2014100724
2014103285
2014105261
2014106055
2014100289
2014104002
2014102295
2014101769
2014106389
2014104540
2014106186
2014100684
2014101937
2014100536
2014103611
2014103479
2014101652
2014100715
2014103194
2014106193
2014105433
2014103556
2014106233
2014103334
2014105270
2014105258
2014104067
2014100924
2014100235
2014104513
2014100910
2014102323
2014104352
2014103524
2014101626
2014100407
2014102229
2014106167
2014109132
2014105544
2014104607
2014100144
2014101477
2014106151
2014102486
2014105753
2014101284
2014104686
2014105154
2014102273
2014101841
2014100640
2014100367
2014101058
2014101130
2014100714
2014110101
2014101995
2014105182
2014100731
2014104776
2014110070
2014103309
2014103672
2014102533
2014101967
2014104260
2014100838
2014109121
2014100706
2014105474
2014109146
2014104738
2014100499
2014102110
2014105413
2014103010
2014104102
2014110078
2014104802
2014104333
2014104851
2014101434
2014101131
2014109051
2014102015
2014105104
2014105008
2014106054
2014110030
2014101117
2014101122
2014100343
2014100996
2014103379
2014105751
2014104576
2014106511
2014101419
2014103757
2014104860
2014104748
2014100813
2014100205
2014103234
2014103471
2014104957
2014103068
2014101088
2014103410
2014101280
2014105814
2014105440
2014102727
2014106026
2014106214
2014105495
2014106141
2014102777
2014103844
2014100561
2014100776
2014100530
2014101828
2014101642
2014105839
2014101730
2014105700
2014103615
2014104419
2014100186
2014106217
2014100614
2014109049
2014104248
2014101200
2014103439
2014102648
2014102897
2014105710
2014105407
2014103983
2014102940
2014103963
2014105534
2014100615
2014105737
2014100641
2014105823
2014100450
2014109086
2014101915
2014100510
2014101006
2014105950
2014101014
2014101478
2014101854
2014104669
2014102332
2014103883
2014100514
2014100448
2014101546
2014104202
2014104221
2014100238
2014105980
2014104589
2014102765
2014103825
2014103907
2014106523
2014100645
2014102866
2014105018
2014103928
2014104425
2014109042
2014105049
2014105535
2014104801
2014100363
2014105034
2014101070
2014105861
2014105437
2014103717
2014105841
2014100286
2014102290
2014102699
2014101141
2014105415
2014105108
2014101919
2014106097
2014104525
2014101516
2014101877
2014105260
2014103795
2014105039
2014106461
2014102189
2014100928
2014102357
2014103809
2014104350
2014103240
2014101785
2014100613
2014105570
2014103312
2014104174
2014104516
2014103465
2014103671
2014104914
2014106004
2014102350
2014105409
2014103383
2014102564
2014104050
2014106492
2014110085
2014103041
2014100152
2014106280
2014105667
2014104498
2014103144
2014105491
2014102103
2014105958
2014102164
2014104612
2014103378
2014100737
2014100919
2014104659
2014103699
2014101711
2014101337
2014100672
2014106185
2014101641
2014104344
2014104111
2014102032
2014102601
2014106102
2014104033
2014109052
2014104653
2014100488
2014104752
2014102432
2014103661
2014102022
2014101229
2014103419
2014105862
2014101640
2014101679
2014101421
2014103736
2014100236
2014100246
2014100746
2014103428
2014100344
2014104445
2014105588
2014100185
2014102143
2014100686
2014105649
2014101569
2014100691
2014105750
2014106457
2014102698
2014103474
2014109077
2014104962
2014104781
2014104246
2014105498
2014103761
2014104037
2014100575
2014105801
2014102410
2014101935
2014100628
2014102611
2014104175
2014102682
2014100841
2014101559
2014104550
2014100702
2014105672
2014104249
2014100583
2014103535
2014101853
2014100978
2014100843
2014101573
2014105512
2014105604
2014106366
2014101903
2014105931
2014106158
2014101469
2014102387
2014102571
2014106159
2014105620
2014100418
2014102167
2014103370
2014102177
2014104345
2014105210
2014105805
2014101107
2014103904
2014101079
2014109104
2014105727
2014103698
2014102653
2014102871
2014103478
2014101370
2014101710
2014101942
2014102804
2014101807
2014103156
2014101398
2014102120
2014102928
2014105310
2014106543
2014104913
2014102498
2014103553
2014105788
2014105183
2014100341
2014104932
2014106391
2014101018
2014104836
2014105278
2014100669
2014102179
2014106362
2014105399
2014102554
2014102864
2014102243
2014110037
2014104621
2014105628
2014102574
2014100106
2014100469
2014101140
2014109141
2014106072
2014104471
2014105321
2014104759
2014110052
2014100423
2014103005
2014103514
2014106313
2014101219
2014104331
2014100700
2014102072
2014102726
2014106286
2014103376
2014100381
2014105386
2014102895
2014105402
2014102981
2014102851
2014101109
2014101755
2014102119
2014102729
2014103267
2014102116
2014105465
2014106441
2014103689
2014105933
2014100871
2014102288
2014105153
2014106531
2014105078
2014105486
2014104675
2014100867
2014101084
2014101845
2014104726
2014102998
2014104165
2014106079
2014103991
2014106369
2014100374
2014102812
2014100088
2014105817
2014106056
2014109083
2014100965
2014103307
2014106123
2014105346
2014103416
2014105683
2014100839
2014100835
2014105349
2014105879
2014100063
2014109026
2014105837
2014105457
2014105523
2014104688
2014102469
2014104145
2014101810
2014104749
2014104807
2014102225
2014102814
2014100496
2014100240
2014100470
2014105924
2014105193
2014110084
2014110111
2014100964
2014102109
2014101871
2014101484
2014103726
2014105810
2014105745
2014101924
2014105852
2014103202
2014105832
2014109097
2014102878
2014101340
2014105255
2014100682
2014106050
2014100397
2014105056
2014101390
2014100855
2014105589
2014102411
2014106084
2014101310
2014102037
2014104680
2014105682
2014104692
2014100068
2014102970
2014105315
2014104756
2014100971
2014100377
2014101568
2014102137
2014104676
2014104641
2014104604
2014103974
2014104232
2014100701
2014105747
2014100304
2014104563
2014103732
2014106060
2014103009
2014110040
2014102553
2014103466
2014105891
2014105439
2014103619
2014105622
2014100968
2014103838
2014102838
2014103207
2014100438
2014104560
2014106347
2014100585
2014105834
2014104042
2014103785
2014101781
2014104790
2014100743
2014102690
2014105854
2014105348
2014100617
2014102400
2014104837
2014101799
2014110077
2014105902
2014103450
2014100225
2014101304
2014100332
2014102222
2014101291
2014104510
2014103364
2014101024
2014101747
2014101052
2014109102
2014104378
2014102893
2014101677
2014103781
2014102662
2014104965
2014103673
2014102086
2014106197
2014103328
2014105083
2014105345
2014106153
2014101194
2014101688
2014104817
2014101126
2014100977
2014101254
2014104001
2014105970
2014103570
2014101383
2014101099
2014105911
2014104008
2014105811
2014106378
2014101387
2014105785
2014106181
2014102956
2014105266
2014100250
2014103541
2014102826
2014100166
2014102206
2014106407
2014104899
2014106229
2014105887
2014103774
2014104916
2014106338
2014100631
2014100163
2014106517
2014104340
2014104282
2014105564
2014103856
2014105391
2014105448
2014105765
2014101222
2014106149
2014106062
2014101547
2014106307
2014100127
2014106216
2014106465
2014100435
2014104733
2014105927
2014105333
2014104635
2014101553
2014104526
2014104755
2014103223
2014102118
2014102829
2014105470
2014100636
2014100365
2014100673
2014101144
2014101962
2014100550
2014101110
2014102505
2014100256
2014105201
2014103837
2014103354
2014103941
2014105608
2014103607
2014100237
2014101746
2014102211
2014103567
2014105456
2014104477
2014103920
2014101628
2014105983
2014105590
2014101228
2014105071
2014102334
2014109085
2014105138
2014104079
2014102481
2014103120
2014109091
2014102542
2014106134
2014103970
2014106165
2014105658
2014101715
2014103869
2014103467
2014102396
2014100412
2014104217
2014104368
2014105361
2014106244
2014101011
2014101752
2014106371
2014100422
2014104280
2014106115
2014106052
2014104736
2014100189
2014105051
2014102478
2014102100
2014110063
2014104523
2014101776
2014103092
2014105262
2014100913
2014100292
2014104390
2014104052
2014105863
2014101748
2014109162
2014103916
2014101662
2014104348
2014101198
2014104173
2014109001
2014190001
2014105094
2014101044
2014109050
2014102656
2014101660
2014101467
2014104891
2014110076
2014104192
2014102392
2014104562
2014102668
2014102918
2014105671
2014106289
2014110118
2014102976
2014103196
2014103686
2014101302
2014101436
2014106008
2014101666
2014105592
2014100234
2014104556
2014104639
2014104824
2014103715
2014102538
2014106470
2014103971
2014102868
2014105998
2014103380
2014101368
2014106312
2014102675
2014102204
2014100497
2014105115
2014101318
2014106011
2014101460
2014101197
2014100303
2014106474
2014100463
2014101678
2014102960
2014104574
2014100355
2014102877
2014102073
2014101850
2014101461
2014104732
2014105082
2014101929
2014102613
2014100979
2014104039
2014101371
2014103639
2014101693
2014105513
2014101195
2014103902
2014101686
2014102093
2014102722
2014103631
2014100878
2014105508
2014102980
2014102138
2014103351
2014103173
2014103163
2014103549
2014104142
2014106359
2014106110
2014100709
2014103242
2014101071
2014105968
2014103017
2014102254
2014104730
2014101602
2014103968
2014105833
2014104303
2014106207
2014102584
2014103147
2014101541
2014100310
2014103087
2014102321
2014106485
2014105171
2014102914
2014110094
2014103398
2014105934
2014105401
2014104970
2014105871
2014101733
2014101495
2014101240
2014101156
2014101690
2014100967
2014104922
2014102492
2014106253
2014102558
2014105225
2014106464
2014103506
2014104288
2014101759
2014106426
2014105163
2014100611
2014110007
2014104741
2014106411
2014104845
2014104587
2014101306
2014102038
2014106047
2014104055
2014104979
2014106410
2014103578
2014105093
2014101904
2014101790
2014105191
2014103765
2014106365
2014105408
2014103278
2014106024
2014101770
2014100170
2014105520
2014101579
2014106503
2014105756
2014105724
2014103040
2014104006
2014104459
2014102239
2014100716
2014103075
2014105829
2014100535
2014104208
2014102583
2014105070
2014100278
2014104339
2014100995
2014102201
2014101253
2014106447
2014106357
2014102362
2014100817
2014103295
2014100089
2014105587
2014104606
2014106442
2014102236
2014106109
2014104674
2014103095
2014101361
2014105447
2014102820
2014101402
2014101502
2014100661
2014101704
2014102746
2014100113
2014100562
2014100356
2014104278
2014105499
2014102028
2014103929
2014100897
2014101062
2014105271
2014104910
2014102974
2014103943
2014100505
2014100495
2014102394
2014101556
2014105691
2014104265
2014101250
2014104578
2014104561
2014105172
2014103579
2014100558
2014100834
2014104011
2014110025
2014105952
2014104127
2014101269
2014101588
2014103303
2014105838
2014110048
2014101741
2014101330
2014105186
2014102710
2014101164
2014103215
2014103388
2014104763
2014106092
2014102361
2014102329
2014106246
2014105915
2014105341
2014103060
2014100616
2014102030
2014103818
2014102894
2014101159
2014104642
2014100474
2014102663
2014106155
2014102359
2014103602
2014102374
2014100789
2014105669
2014104181
2014101395
2014100911
2014100793
2014102739
2014103244
2014106343
2014109082
2014101856
2014102607
2014100958
2014106408
2014105142
2014105190
2014101987
2014103515
2014100694
2014105306
2014110024
2014110066
2014103001
2014101096
2014101424
2014105900
2014105390
2014100649
2014105320
2014102199
2014100327
2014104955
2014105637
2014104416
2014103335
2014106404
2014105597
2014102807
2014105254
2014103375
2014102902
2014102606
2014102157
2014100359
2014103657
2014100553
2014101958
2014103806
2014106487
2014106394
2014104238
2014102687
2014103522
2014102615
2014105554
2014101081
2014103016
2014104530
2014102172
2014101385
2014105714
2014101373
2014110035
2014101247
2014101511
2014104684
2014100683
2014100693
2014105979
2014103836
2014101267
2014102959
2014101862
2014101227
2014103758
2014104920
2014101617
2014105400
2014104595
2014100590
2014103361
2014102734
2014105517
2014102430
2014106525
2014106074
2014105317
2014101010
2014104408
2014103949
2014105867
2014101644
2014103276
2014105670
2014104045
2014104826
2014105865
2014104542
2014102302
2014101346
2014101179
2014103200
2014105362
2014105532
2014102005
2014102135
2014103581
2014105546
2014104309
2014102169
2014103918
2014101208
2014104786
2014103725
2014106368
2014105420
2014103142
2014103840
2014103693
2014100401
2014101820
2014105742
2014101032
2014100193
2014102292
2014103996
2014102660
2014103086
2014104772
2014101043
2014105033
2014103677
2014102898
2014100692
2014104000
2014102312
2014103177
2014102473
2014105167
2014101342
2014106043
2014106439
2014106160
2014100309
2014101187
2014103586
2014105484
2014106169
2014100722
2014103161
2014105780
2014100500
2014105601
2014101657
2014102171
2014100305
2014100593
2014101818
2014105389
2014103737
2014103852
2014105503
2014103168
2014102158
2014102557
2014105459
2014100228
2014102033
2014105951
2014104486
2014101701
2014102315
2014104323
2014105869
2014104859
2014100766
2014106460
2014105347
2014101976
2014110088
2014103924
2014105208
2014105692
2014105626
2014105412
2014102442
2014101956
2014100370
2014101013
2014103605
2014103091
2014105721
2014104800
2014101015
2014104051
2014102885
2014109087
2014104107
2014104798
2014101272
2014100409
2014109044
2014101589
2014103999
2014104437
2014105048
2014103158
2014105124
2014105961
2014103879
2014104304
2014105296
2014110064
2014104444
2014101601
2014104862
2014103103
2014101462
2014104886
2014102117
2014105988
2014101149
2014105914
2014102547
2014104873
2014102674
2014104417
2014105779
2014100353
2014105028
2014104903
2014105088
2014104449
2014104295
2014100753
2014104937
2014105375
2014102136
2014102319
2014103323
2014100739
2014106195
2014104991
2014102102
2014105147
2014102484
2014105982
2014102181
2014104334
2014102250
2014101483
2014106182
2014102581
2014104593
2014110006
2014101787
2014103304
2014105972
2014102200
2014101680
2014105619
2014106504
2014103610
2014103430
2014100549
2014105312
2014104518
2014103444
2014102304
2014104080
2014105226
2014101016
2014101921
2014105537
2014102657
2014106131
2014101638
2014103164
2014101721
2014104734
2014103406
2014110039
2014101800
2014104283
2014109076
2014102968
2014103684
2014110032
2014103520
2014105192
2014103487
2014104289
2014102081
2014104048
2014105799
2014109142
2014105336
2014101104
2014106025
2014104909
2014102686
2014104443
2014106288
2014105611
2014105992
2014104823
2014104222
2014105319
2014106339
2014100366
2014103187
2014100090
2014101202
2014104917
2014106320
2014105438
2014102327
2014109116
2014100055
2014102652
2014102215
2014101384
2014105090
2014101536
2014106243
2014103123
2014100385
2014105077
2014100681
2014100372
2014106041
2014100784
2014101020
2014105263
2014102889
2014104189
2014110009
2014102205
2014103218
2014102667
2014103003
2014101093
2014110043
2014105850
2014100734
2014102733
2014102677
2014104228
2014101705
2014104933
2014102991
2014102575
2014109158
2014101085
2014101984
2014105849
2014105466
2014103884
2014105485
2014103427
2014100424
2014102241
2014101094
2014102237
2014103702
2014104773
2014106473
2014105913
2014100985
2014100502
2014105990
2014101494
2014103182
2014103992
2014101121
2014105761
2014105514
2014100802
2014105987
2014109148
2014102623
2014102757
2014103015
2014100570
2014105455
2014103871
2014106070
2014103748
2014102160
2014105178
2014102643
2014103552
2014106017
2014103498
2014105089
2014105331
2014106048
2014103387
2014102627
2014103561
2014104685
2014103014
2014104658
2014105578
2014106020
2014100744
2014102725
2014105524
2014100801
2014101952
2014105574
2014104005
2014104699
2014105764
2014104964
2014100997
2014105091
2014101665
2014105715
2014103558
2014101150
2014106068
2014104343
2014100172
2014106206
2014101069
2014101333
2014102159
2014104336
2014105573
2014100504
2014102021
2014105789
2014104156
2014102738
2014101611
2014101585
2014104855
2014102881
2014100810
2014103805
2014102390
2014103460
2014100208
2014102948
2014105487
2014110105
2014105860
2014103468
2014100925
2014102548
2014102990
2014105301
2014104004
2014110079
2014100247
2014103734
2014104972
2014109161
2014104212
2014105151
2014104940
2014102330
2014104783
2014100578
2014103181
2014100814
2014105096
2014103291
2014105272
2014101563
2014100552
2014100736
2014101193
2014104753
2014102178
2014106096
2014104771
2014103106
2014102845
2014100805
2014105560
2014103013
2014103446
2014105993
2014105757
2014105928
2014101621
2014103901
2014101945
2014102499
2014104103
2014102570
2014105335
2014105490
2014109007
2014100973
2014102705
2014106124
2014102924
2014101245
2014105687
2014105612
2014105452
2014102453
2014103977
2014109029
2014110014
2014101139
2014106099
2014104460
2014106443
2014104267
2014100601
2014100466
2014101703
2014102784
2014103739
2014102713
2014104296
2014103508
2014100520
2014109157
2014102002
2014102604
2014103308
2014106065
2014106340
2014105453
2014101775
2014101649
2014104564
2014102824
2014102681
2014103792
2014110112
2014102018
2014101331
2014103676
2014106118
2014100719
2014105250
2014104266
2014100760
2014106103
2014102185
2014105398
2014104799
2014106489
2014102773
2014100199
2014100349
2014100013
2014104633
2014101539
2014103501
2014101560
2014100259
2014101737
2014104119
2014105905
2014104398
2014101431
2014105026
2014105143
2014104644
2014103224
2014109038
2014105711
2014100703
2014104137
2014100132
2014105396
2014106251
2014105736
2014106259
2014100326
2014100050
2014103600
2014105942
2014101687
2014102537
2014102080
2014104099
2014104316
2014102971
2014102844
2014100108
2014105380
2014102122
2014104682
2014100160
2014101954
2014104015
2014103820
2014105434
2014104379
2014102008
2014104038
2014104071
2014104291
2014100655
2014105050
2014105755
2014100545
2014104637
2014100400
2014105231
2014100056
2014105488
2014105323
2014103108
2014104021
2014103451
2014100095
2014106241
2014106095
2014102173
2014101108
2014101586
2014100220
2014102718
2014104953
2014102439
2014103905
2014101953
2014101689
2014100334
2014100799
2014103326
2014101544
2014106028
2014103330
2014103540
2014101389
2014109040
2014101312
2014105614
2014103621
2014110002
2014100959
2014103770
2014103913
2014103703
2014105678
2014102099
2014103077
2014103238
2014110031
2014105092
2014101708
2014105076
2014104808
2014103796
2014103849
2014104614
2014105274
2014109090
2014100586
2014103743
2014104751
2014103859
2014100935
2014102324
2014102717
2014109099
2014103269
2014103519
2014104950
2014105324
2014104942
2014103190
2014103880
2014102711
2014105830
2014100522
2014106462
2014105217
2014100865
2014105137
2014101857
2014103669
2014100253
2014104285
2014103861
2014105497
2014101004
2014105645
2014102298
2014102930
2014101557
2014101231
2014101673
2014103714
2014105545
2014104524
2014106067
2014102070
2014103850
2014105706
2014102501
2014103021
2014100173
2014101137
2014104656
2014110117
2014104743
2014109004
2014101161
2014102248
2014110069
2014100627
2014102921
2014103940
2014103476
2014103210
2014109054
2014103434
2014105638
2014104161
2014106173
2014103509
2014110097
2014109163
2014101349
2014100732
2014101401
2014106335
2014102063
2014104708
2014104609
2014102936
2014103286
2014104400
2014100508
2014101512
2014101537
2014103356
2014110093
2014102435
2014100829
2014103779
2014104720
2014103617
2014100482
2014104747
2014105815
2014105926
2014105062
2014103185
2014104225
2014106285
2014103789
2014104494
2014101895
2014102977
2014103459
2014104436
2014106183
2014106541
2014102255
2014105616
2014102012
2014102701
2014104268
2014102626
2014103819
2014102375
2014101475
2014105214
2014100426
2014105123
2014100092
2014100266
2014102855
2014110089
2014102479
2014101669
2014102256
2014101030
2014105352
2014101090
2014102003
2014101911
2014105847
2014104683
2014103115
2014105984
2014103589
2014100750
2014100390
2014106356
2014100085
2014101966
2014106495
2014106156
2014103231
2014103338
2014105794
2014102196
2014110055
2014100711
2014102922
2014109107
2014102716
2014105164