2016102503
2016100207
2016104470
2016104452
2016104660
2016100691
2016103714
2016106575
2016100100
2016101947
2016106418
2016101744
2016102123
2016105068
2016106373
2016101768
2016105687
2016100096
2016100769
2016102082
2016105076
2016101427
2016101416
2016105892
2016100456
2016103696
2016100361
2016102227
2016100884
2016104210
2016102523
2016101815
2016101098
2016102199
2016109026
2016104393
2016105713
2016104239
2016105271
2016101210
2016105866
2016101770
2016104298
2016100882
2016104096
2016106165
2016105290
2016100141
2016101823
2016106020
2016104590
2016106610
2016101597
2016109115
2016101132
2016100709
2016101186
2016102515
2016106604
2016102008
2016101923
2016102888
2016101379
2016105070
2016101160
2016103514
2016100915
2016103929
2016109136
2016109127
2016110021
2016106286
2016103629
2016100799
2016104153
2016102645
2016104430
2016104899
2016106188
2016105669
2016104439
2016104586
2016102597
2016105532
2016103007
2016103458
2016100336
2016105937
2016109074
2016103939
2016105180
2016100586
2016100388
2016101964
2016103446
2016105625
2016101180
2016101856
2016103107
2016103242
2016105047
2016103716
2016103038
2016100316
2016104386
2016102784
2016101690
2016100471
2016100653
2016102073
2016104603
2016100125
2016105917
2016104649
2016101374
2016100638
2016105582
2016101236
2016105277
2016102385
2016102670
2016105433
2016102242
2016101761
2016103765
2016104574
2016105614
2016105392
2016100909
2016105641
2016103356
2016103909
2016100617
2016101312
2016106268
2016100741
2016106034
2016103213
2016106183
2016103029
2016100603
2016106106
2016104582
2016106351
2016104568
2016102113
2016102526
2016103096
2016101461
2016103772
2016106362
2016100061
2016103037
2016104719
2016106147
2016105956
2016104987
2016105015
2016101956
2016105359
2016100010
2016106315
2016104796
2016104260
2016105338
2016100532
2016101042
2016104400
2016105361
2016101266
2016102007
2016100235
2016104990
2016100750
2016103560
2016102894
2016103243
2016104492
2016100275
2016101043
2016100248
2016101507
2016100767
2016106003
2016100433
2016102813
2016101632
2016101283
2016101054
2016104521
2016104985
2016102702
2016103821
2016102161
2016104308
2016106416
2016103919
2016102456
2016110033
2016101728
2016103100
2016101395
2016104767
2016105337
2016104653
2016101091
2016102482
2016102126
2016101535
2016105480
2016100313
2016105298
2016100890
2016104292
2016104038
2016106398
2016104468
2016104894
2016103375
2016103550
2016102975
2016110130
2016101915
2016105077
2016100435
2016104100
2016100166
2016101222
2016105351
2016100962
2016105856
2016106568
2016101479
2016106384
2016101870
2016104637
2016104128
2016105858
2016105510
2016100795
2016104566
2016100163
2016101708
2016110071
2016100763
2016100077
2016104501
2016100171
2016103804
2016105327
2016109047
2016100170
2016100242
2016103983
2016105949
2016102146
2016100322
2016104407
2016102721
2016101754
2016102791
2016105223
2016102177
2016100926
2016104853
2016102736
2016103439
2016106402
2016102285
2016106407
2016110009
2016105555
2016102610
2016104812
2016110020
2016104434
2016103474
2016102327
2016109076
2016104755
2016100208
2016101184
2016101900
2016103510
2016109024
2016100840
2016102239
2016101439
2016105809
2016106018
2016101155
2016104497
2016101335
2016109022
2016100196
2016105003
2016102233
2016100314
2016102138
2016100108
2016100422
2016110085
2016101131
2016104475
2016110101
2016101622
2016103258
2016101865
2016103312
2016102605
2016110060
2016110089
2016100165
2016104184
2016106071
2016105161
2016106062
2016105785
2016102775
2016102778
2016102713
2016103970
2016101884
2016101394
2016105492
2016101172
2016100690
2016106242
2016100598
2016106571
2016104352
2016104756
2016104750
2016103533
2016103019
2016102279
2016100954
2016104309
2016101711
2016103788
2016103529
2016106404
2016104957
2016105097
2016102789
2016102335
2016102895
2016104306
2016104593
2016102620
2016102918
2016102422
2016104801
2016106267
2016103041
2016102709
2016100636
2016102133
2016106057
2016100126
2016102628
2016101293
2016103006
2016105090
2016102296
2016102652
2016104276
2016102139
2016103941
2016105074
2016104916
2016106368
2016100580
2016102632
2016105622
2016100666
2016102409
2016103803
2016104505
2016103125
2016101917
2016100729
2016105072
2016102474
2016100063
2016106247
2016109122
2016100258
2016104252
2016103713
2016102968
2016106138
2016103388
2016103199
2016101391
2016103796
2016103282
2016104670
2016106527
2016110106
2016103585
2016103156
2016102013
2016104286
2016102345
2016102248
2016104083
2016105525
2016104729
2016101147
2016101779
2016101165
2016100510
2016101894
2016104611
2016102110
2016100178
2016103400
2016102830
2016101141
2016102890
2016102841
2016101707
2016104921
2016103761
2016103401
2016100806
2016103754
2016103409
2016105324
2016105275
2016102043
2016104547
2016103124
2016100324
2016101328
2016102636
2016103721
2016104890
2016100867
2016100298
2016106345
2016104635
2016105058
2016102382
2016106114
2016101323
2016101142
2016105349
2016102942
2016100260
2016105064
2016105179
2016101327
2016103330
2016105750
2016103535
2016100521
2016100719
2016102052
2016104114
2016104802
2016101481
2016105578
2016104377
2016104584
2016105032
2016103002
2016106403
2016100206
2016106375
2016103667
2016100679
2016100362
2016101866
2016102687
2016100311
2016100590
2016103302
2016104391
2016102574
2016101250
2016105798
2016101838
2016103105
2016105579
2016105116
2016102859
2016103957
2016105386
2016101598
2016103854
2016104455
2016103311
2016103331
2016101628
2016102815
2016106303
2016100536
2016103079
2016102143
2016103506
2016103062
2016102348
2016102848
2016106249
2016102691
2016102928
2016103297
2016100611
2016106016
2016103943
2016101780
2016100853
2016102379
2016110125
2016109028
2016106507
2016105624
2016104915
2016104482
2016102232
2016104959
2016103573
2016110118
2016104262
2016105479
2016105639
2016105017
2016102259
2016102562
2016103785
2016104708
2016104602
2016105909
2016100110
2016102459
2016110004
2016104052
2016106061
2016105299
2016104093
2016105512
2016104474
2016104026
2016109104
2016101302
2016102513
2016106547
2016102429
2016101721
2016105897
2016102312
2016101308
2016105083
2016103578
2016103975
2016105282
2016103448
2016102203
2016103810
2016105024
2016101858
2016100484
2016100797
2016105563
2016100221
2016104797
2016104699
2016100289
2016100493
2016100748
2016104423
2016101437
2016100118
2016102472
2016100937
2016100649
2016102934
2016103154
2016102470
2016100973
2016101629
2016104421
2016103531
2016101361
2016103275
2016101187
2016101233
2016102617
2016101637
2016104891
2016103143
2016105994
2016105850
2016104778
2016105873
2016103151
2016101270
2016106025
2016101692
2016103219
2016101048
2016102701
2016102847
2016102873
2016106161
2016104753
2016100237
2016105163
2016104082
2016110087
2016105048
2016100560
2016103001
2016102543
2016104939
2016100509
2016100280
2016104605
2016103229
2016102318
2016102217
2016100525
2016100782
2016105446
2016106171
2016101469
2016100502
2016101785
2016100647
2016101396
2016103203
2016104713
2016102674
2016102500
2016104338
2016109131
2016100195
2016103339
2016100985
2016100834
2016105431
2016110061
2016103534
2016104064
2016101853
2016110047
2016101424
2016106271
2016105305
2016106410
2016104535
2016101146
2016102294
2016101287
2016104722
2016104621
2016103555
2016100347
2016104904
2016104404
2016102695
2016104281
2016100634
2016101495
2016103285
2016101718
2016100963
2016102808
2016105323
2016110074
2016102790
2016103769
2016104849
2016101700
2016105818
2016103414
2016104211
2016104062
2016102853
2016101793
2016104110
2016104458
2016100155
2016106107
2016109125
2016105051
2016102953
2016101492
2016102020
2016102565
2016103398
2016104273
2016106415
2016102174
2016103504
2016102150
2016102810
2016103255
2016102399
2016105245
2016106007
2016101704
2016103438
2016106226
2016100168
2016104529
2016101254
2016105121
2016105526
2016100955
2016102471
2016102165
2016105718
2016104678
2016105210
2016102872
2016102388
2016102370
2016101988
2016103449
2016103233
2016104925
2016102771
2016105126
2016102706
2016105876
2016104151
2016105226
2016101467
2016100899
2016104877
2016105262
2016105214
2016105788
2016102091
2016100744
2016101592
2016101619
2016105569
2016102733
2016106304
2016103140
2016101548
2016100211
2016101971
2016104532
2016103981
2016101509
2016102442
2016106000
2016102625
2016103930
2016103953
2016104382
2016103683
2016100183
2016106434
2016106611
2016105516
2016104350
2016101714
2016105467
2016100920
2016106505
2016106397
2016102780
2016101053
2016103405
2016104016
2016103777
2016110036
2016106305
2016105133
2016105522
2016105084
2016104528
2016104736
2016100715
2016100968
2016105558
2016103415
2016100883
2016109037
2016100804
2016104397
2016101595
2016110055
2016105904
2016104076
2016103699
2016101885
2016110062
2016103461
2016106299
2016105149
2016101224
2016100474
2016105176
2016100064
2016104503
2016102320
2016105681
2016104527
2016105711
2016105440
2016100908
2016110139
2016104799
2016101570
2016101740
2016101976
2016102266
2016101767
2016100534
2016102583
2016105130
2016110131
2016100463
2016101984
2016103671
2016102621
2016104359
2016110044
2016101009
2016101257
2016106350
2016104174
2016104051
2016100930
2016100662
2016101633
2016104828
2016102936
2016100866
2016105761
2016104576
2016100577
2016102105
2016104272
2016102268
2016102434
2016100410
2016106203
2016101480
2016101252
2016102909
2016105114
2016104229
2016102550
2016100809
2016104247
2016103065
2016109148
2016104337
2016103942
2016103648
2016105605
2016103657
2016106073
2016101420
2016105304
2016101679
2016100800
2016103103
2016105007
2016100161
2016102681
2016106354
2016106311
2016104771
2016104044
2016106481
2016104484
2016105920
2016106578
2016101512
2016104013
2016101666
2016110114
2016103341
2016104819
2016100784
2016102884
2016103045
2016102031
2016102210
2016103328
2016100216
2016103202
2016104707
2016104913
2016106332
2016102293
2016105045
2016103758
2016100028
2016104518
2016103301
2016104444
2016100949
2016105901
2016105458
2016105215
2016105797
2016103314
2016101150
2016103748
2016105964
2016102181
2016103459
2016100875
2016100597
2016104909
2016101280
2016104311
2016104824
2016101057
2016105456
2016105790
2016104569
2016101705
2016106583
2016101301
2016102753
2016105345
2016105182
2016106259
2016105560
2016110121
2016105165
2016100731
2016106154
2016103162
2016101367
2016110103
2016102257
2016104023
2016105453
2016106262
2016103489
2016105664
2016102172
2016104971
2016104502
2016109006
2016103293
2016105997
2016104344
2016101058
2016100844
2016100059
2016102341
2016105409
2016105679
2016100669
2016105416
2016104668
2016101868
2016105740
2016103237
2016102710
2016100648
2016103348
2016101895
2016104702
2016105921
2016100467
2016101493
2016102129
2016103538
2016104425
2016101841
2016110096
2016101946
2016106423
2016106446
2016103564
2016100176
2016105013
2016100539
2016100618
2016106495
2016104742
2016101837
2016105372
2016102991
2016104463
2016105739
2016102127
2016100619
2016101206
2016105348
2016105477
2016103155
2016105328
2016105060
2016102188
2016100516
2016101176
2016102122
2016105227
2016104420
2016106320
2016100317
2016104739
2016104665
2016102201
2016103059
2016101064
2016104659
2016106500
2016100558
2016100699
2016101423
2016100686
2016109097
2016102989
2016104789
2016102427
2016104731
2016102624
2016104491
2016102919
2016103371
2016103584
2016100105
2016105291
2016104291
2016102154
2016100365
2016103512
2016101882
2016103132
2016100491
2016105066
2016104837
2016104490
2016103093
2016103611
2016104500
2016101547
2016104436
2016104973
2016104561
2016104511
2016101144
2016102806
2016102410
2016102344
2016110086
2016105588
2016106580
2016102299
2016102602
2016103476
2016101743
2016106456
2016104297
2016100065
2016100244
2016104238
2016105008
2016106541
2016100515
2016100994
2016103286
2016104539
2016101751
2016104747
2016103039
2016102137
2016105995
2016103227
2016103881
2016103278
2016101953
2016101162
2016100191
2016105975
2016101830
2016106269
2016100951
2016104629
2016109086
2016106366
2016101292
2016104293
2016105204
2016109025
2016102333
2016101347
2016101613
2016102338
2016100354
2016100406
2016100950
2016109040
2016102187
2016101128
2016104295
2016104666
2016105303
2016102173
2016104671
2016106599
2016106377
2016104895
2016110051
2016103937
2016106174
2016104378
2016105756
2016103436
2016103731
2016100097
2016104241
2016103206
2016102184
2016100621
2016103885
2016104856
2016101080
2016104033
2016105872
2016102093
2016110093
2016104860
2016103148
2016103907
2016105660
2016103526
2016103350
2016102238
2016104261
2016104723
2016104102
2016101757
2016103999
2016105684
2016102906
2016105963
2016104908
2016104920
2016103884
2016103878
2016103478
2016104103
2016103082
2016104225
2016103028
2016104823
2016110012
2016100382
2016104388
2016105517
2016102375
2016102607
2016102222
2016105867
2016106104
2016100327
2016102949
2016101376
2016105255
2016102849
2016109137
2016104253
2016106372
2016110031
2016103283
2016102837
2016103098
2016105011
2016100214
2016105211
2016101279
2016102552
2016104788
2016106458
2016106453
2016105986
2016102145
2016103739
2016103021
2016104263
2016100505
2016101003
2016105992
2016101906
2016102663
2016105205
2016104996
2016110163
2016103997
2016104954
2016106308
2016106076
2016102041
2016101428
2016102755
2016105199
2016100232
2016103556
2016104464
2016105233
2016103214
2016102421
2016100823
2016101769
2016104526
2016104780
2016104368
2016105242
2016109090
2016102924
2016103925
2016104646
2016105829
2016103353
2016103706
2016105218
2016102737
2016105244
2016105171
2016104715
2016110165
2016101251
2016100668
2016102970
2016104380
2016103321
2016102965
2016101377
2016106509
2016101921
2016102236
2016102995
2016104735
2016103674
2016109084
2016101542
2016101840
2016104462
2016103123
2016104809
2016105682
2016103791
2016104843
2016105439
2016106004
2016110052
2016106221
2016100187
2016104231
2016101074
2016100969
2016102377
2016110098
2016106442
2016106585
2016100386
2016105162
2016102000
2016100548
2016106396
2016103938
2016100566
2016101346
2016105232
2016106504
2016100184
2016110140
2016100575
2016102921
2016100080
2016103853
2016104804
2016105768
2016103561
2016105465
2016103621
2016102913
2016101290
2016103963
2016110041
2016104035
2016100764
2016100343
2016105674
2016104101
2016102637
2016103030
2016104858
2016102176
2016105022
2016102960
2016102372
2016106132
2016103193
2016103624
2016102269
2016102819
2016105996
2016104042
2016102128
2016102075
2016102727
2016100601
2016105777
2016105202
2016102189
2016105953
2016106378
2016104358
2016102569
2016104473
2016103811
2016109066
2016101913
2016102933
2016100860
2016103347
2016100722
2016105125
2016100181
2016104831
2016102886
2016103547
2016100941
2016101100
2016100029
2016105142
2016101159
2016105982
2016101384
2016103946
2016102343
2016105542
2016105146
2016103685
2016109059
2016104867
2016105716
2016104240
2016102340
2016106395
2016101143
2016104842
2016105054
2016105767
2016103102
2016100585
2016105729
2016103926
2016105500
2016105906
2016102945
2016103698
2016105786
2016101409
2016102940
2016110018
2016104781
2016103757
2016105191
2016102464
2016102927
2016102739
2016104175
2016105034
2016105141
2016102955
2016104829
2016104803
2016102204
2016110070
2016110092
2016103575
2016106026
2016103912
2016105855
2016104706
2016103309
2016105297
2016105787
2016105881
2016101694
2016102032
2016106603
2016100849
2016105122
2016102717
2016100787
2016103940
2016103453
2016110135
2016100092
2016101646
2016102009
2016102794
2016100990
2016104364
2016105820
2016103767
2016101402
2016102028
2016103904
2016104223
2016100730
2016104123
2016104214
2016104233
2016110068
2016103298
2016105309
2016110129
2016105069
2016103111
2016103378
2016105805
2016102524
2016103136
2016106494
2016100917
2016101799
2016104887
2016105393
2016104679
2016104795
2016106341
2016106360
2016102085
2016100450
2016102286
2016100519
2016102638
2016109126
2016100472
2016105369
2016102977
2016104696
2016110007
2016103080
2016101540
2016105913
2016106152
2016101154
2016101930
2016104440
2016103319
2016105938
2016106515
2016100979
2016110048
2016100218
2016102229
2016103597
2016105537
2016101760
2016102528
2016101927
2016103875
2016106213
2016101435
2016104634
2016104220
2016105174
2016103607
2016102185
2016102816
2016101231
2016104661
2016100689
2016101950
2016106223
2016101658
2016110011
2016102633
2016103985
2016103822
2016106029
2016104763
2016102417
2016101549
2016101275
2016105098
2016102116
2016100960
2016101455
2016100879
2016100616
2016103557
2016103865
2016106172
2016104265
2016105264
2016100420
2016104118
2016101372
2016100622
2016103880
2016102402
2016102563
2016105533
2016105263
2016109004
2016104786
2016102282
2016105004
2016102898
2016100652
2016103620
2016103487
2016106369
2016104414
2016104477
2016110155
2016102038
2016104776
2016101031
2016100049
2016102446
2016109048
2016100128
2016102767
2016103440
2016101487
2016106283
2016104150
2016104625
2016104553
2016101474
2016105153
2016104911
2016101109
2016104970
2016104618
2016105106
2016104874
2016109129
2016102301
2016106422
2016100224
2016101390
2016102457
2016104324
2016105865
2016106276
2016104040
2016105470
2016105366
2016100563
2016100676
2016100678
2016106277
2016101677
2016100457
2016106064
2016103960
2016100703
2016110158
2016100127
2016103471
2016103672
2016105100
2016102584
2016105189
2016105531
2016104596
2016106176
2016101191
2016104289
2016100923
2016102941
2016105692
2016100425
2016103071
2016102742
2016109020
2016103787
2016105629
2016101466
2016102193
2016110065
2016106230
2016101049
2016101534
2016110003
2016102168
2016105203
2016106255
2016104278
2016103020
2016109102
2016101555
2016101223
2016102321
2016100650
2016102147
2016104694
2016106028
2016101992
2016105490
2016101151
2016102896
2016106232
2016102307
2016103188
2016103142
2016102535
2016103078
2016105948
2016103973
2016103204
2016104433
2016100033
2016102325
2016103368
2016101893
2016105055
2016103296
2016104846
2016100817
2016104341
2016105651
2016102214
2016102298
2016101623
2016101860
2016105107
2016101457
2016103817
2016101709
2016101070
2016100916
2016102055
2016101067
2016102718
2016104551
2016102389
2016100627
2016102224
2016105593
2016105466
2016110069
2016102440
2016101936
2016100222
2016102049
2016105898
2016101919
2016104354
2016100093
2016104227
2016102207
2016101149
2016105421
2016105156
2016101477
2016102276
2016104844
2016100523
2016105019
2016100624
2016102419
2016100640
2016105253
2016104258
2016100602
2016101643
2016106447
2016100835
2016102030
2016101581
2016103031
2016105175
2016103338
2016104922
2016105177
2016105031
2016103694
2016101288
2016100910
2016101710
2016102829
2016100402
2016104557
2016100321
2016104445
2016103480
2016104669
2016103359
2016105239
2016104984
2016102408
2016105536
2016103345
2016100212
2016104494
2016103888
2016100870
2016103342
2016101452
2016105472
2016105081
2016104782
2016100674
2016105071
2016102724
2016101663
2016104149
2016100739
2016102867
2016110023
2016103129
2016110102
2016106443
2016100418
2016104886
2016100594
2016105459
2016103198
2016100476
2016104972
2016102365
2016101418
2016100848
2016105101
2016105497
2016105810
2016101153
2016102714
2016103910
2016105310
2016105281
2016105726
2016104381
2016106609
2016109083
2016106399
2016103351
2016100514
2016101291
2016103000
2016100304
2016104622
2016104594
2016105113
2016100953
2016103723
2016101489
2016102993
2016105378
2016106120
2016102696
2016100439
2016104159
2016105132
2016101152
2016100865
2016101610
2016110107
2016101887
2016103703
2016103250
2016105564
2016101388
2016100535
2016101450
2016103386
2016104164
2016102676
2016105642
2016100377
2016105452
2016106325
2016105511
2016100735
2016102095
2016106574
2016104180
2016106038
2016105665
2016104406
2016100961
2016101130
2016106342
2016104160
2016102548
2016100356
2016100550
2016101918
2016101209
2016104401
2016103160
2016105021
2016101430
2016103491
2016104299
2016104061
2016101983
2016100494
2016100682
2016101163
2016101022
2016103570
2016105550
2016102237
2016106005
2016100466
2016101333
2016103251
2016101380
2016102460
2016103216
2016104556
2016105817
2016104538
2016100670
2016105225
2016110146
2016101620
2016101177
2016102160
2016104578
2016103711
2016106263
2016105590
2016102390
2016105494
2016104615
2016104321
2016102929
2016102194
2016106608
2016102378
2016102489
2016109101
2016105933
2016104919
2016103827
2016106533
2016102843
2016102452
2016100490
2016101134
2016101719
2016102487
2016102416
2016105091
2016102317
2016103248
2016102572
2016104714
2016104367
2016103524
2016104541
2016101746
2016100897
2016103236
2016100009
2016101695
2016104002
2016102592
2016104727
2016102407
2016102353
2016105991
2016102824
2016105464
2016101398
2016102088
2016101413
2016104738
2016109108
2016103195
2016101777
2016100250
2016100718
2016104701
2016103710
2016103273
2016101208
2016106374
2016106334
2016105457
2016104478
2016100197
2016105104
2016100664
2016104639
2016104166
2016101805
2016103717
2016103705
2016101725
2016100132
2016103179
2016104897
2016102453
2016103842
2016101228
2016101192
2016103323
2016104226
2016103530
2016101787
2016110090
2016101126
2016102564
2016101987
2016103036
2016100612
2016103315
2016105708
2016102135
2016105296
2016100786
2016100701
2016105285
2016104222
2016104626
2016106130
2016101859
2016106047
2016106141
2016102151
2016106336
2016104633
2016102001
2016101084
2016106448
2016103481
2016101625
2016101095
2016105311
2016106376
2016106127
2016104818
2016102479
2016105413
2016104870
2016104864
2016102430
2016106506
2016102568
2016100257
2016101814
2016106156
2016103032
2016102871
2016101514
2016100716
2016101170
2016103908
2016102183
2016105869
2016104697
2016102529
2016104373
2016106612
2016109095
2016104256
2016104077
2016106166
2016102337
2016102281
2016110117
2016103626
2016102363
2016100694
2016101006
2016101825
2016102078
2016101260
2016105414
2016104372
2016101205
2016104092
2016105879
2016104981
2016103753
2016101766
2016105312
2016100859
2016101607
2016105010
2016105769
2016106101
2016100158
2016105028
2016103300
2016101807
2016105254
2016105137
2016105251
2016104807
2016105410
2016106220
2016104692
2016100997
2016105482
2016105178
2016105201
2016105340
2016104546
2016102405
2016104486
2016100588
2016104588
2016104325
2016106225
2016106550
2016100540
2016102170
2016101148
2016103762
2016110110
2016105646
2016102458
2016100725
2016100736
2016102119
2016101934
2016110035
2016106252
2016103872
2016104716
2016100188
2016104800
2016106157
2016102857
2016104066
2016102653
2016104941
2016103502
2016102381
2016105412
2016101544
2016105087
2016102209
2016100210
2016102658
2016100749
2016105815
2016101166
2016105082
2016102074
2016102448
2016101021
2016106501
2016100190
2016102395
2016110050
2016103583
2016104318
2016105606
2016101410
2016100201
2016106419
2016102397
2016103423
2016104307
2016101819
2016104563
2016104183
2016105990
2016100710
2016104805
2016101400
2016103073
2016102081
2016105350
2016104426
2016105951
2016105780
2016100745
2016104652
2016102211
2016100305
2016106122
2016103519
2016102729
2016102795
2016103403
2016104876
2016100644
2016103815
2016100693
2016100448
2016101421
2016104772
2016105318
2016104903
2016106406
2016104848
2016101164
2016104098
2016101105
2016104963
2016104988
2016101345
2016101051
2016104089
2016105944
2016110008
2016101589
2016103898
2016102952
2016106180
2016100470
2016105662
2016104268
2016100737
2016100989
2016101485
2016102899
2016101460
2016105647
2016104787
2016101069
2016101999
2016105062
2016104933
2016105088
2016105238
2016106344
2016102493
2016106100
2016104581
2016104027
2016106089
2016100645
2016105316
2016103387
2016103976
2016102071
2016106313
2016105014
2016103234
2016102039
2016100383
2016101972
2016104830
2016103056
2016101242
2016103749
2016100079
2016106272
2016105261
2016102868
2016103967
2016103447
2016104579
2016103903
2016106110
2016101114
2016104399
2016102056
2016106202
2016105730
2016105823
2016103364
2016102424
2016100446
2016102021
2016100759
2016103133
2016103131
2016102502
2016103334
2016100704
2016101784
2016106011
2016104305
2016100762
2016102004
2016101039
2016100287
2016100552
2016100291
2016106426
2016104901
2016100655
2016106235
2016103760
2016105154
2016100198
2016102900
2016104347
2016102450
2016106167
2016101726
2016103329
2016106095
2016102014
2016100501
2016106045
2016104960
2016106429
2016106214
2016106186
2016101325
2016100107
2016104955
2016101907
2016102512
2016103442
2016102694
2016102439
2016105793
2016102096
2016106312
2016100203
2016102801
2016105042
2016104244
2016101550
2016101285
2016105276
2016109068
2016104280
2016104078
2016104147
2016100626
2016100286
2016100182
2016105229
2016103122
2016103306
2016101790
2016109023
2016104978
2016102814
2016103087
2016106146
2016104237
2016105147
2016104351
2016100995
2016105908
2016102692
2016105399
2016100393
2016101068
2016105985
2016104542
2016102015
2016102051
2016101863
2016100530
2016101687
2016104339
2016104375
2016101473
2016105346
2016100140
2016102262
2016100312
2016102870
2016105144
2016106379
2016103695
2016104274
2016103460
2016101244
2016101864
2016103024
2016100495
2016103856
2016101339
2016100665
2016100609
2016100726
2016101587
2016102235
2016102619
2016103441
2016101066
2016101782
2016103935
2016101393
2016104269
2016103197
2016100349
2016101609
2016102828
2016101135
2016100452
2016105636
2016104681
2016104435
2016102858
2016102712
2016104405
2016100428
2016101313
2016103416
2016103068
2016100743
2016100610
2016100893
2016106340
2016105317
2016103622
2016110046
2016106052
2016103630
2016101035
2016104349
2016104998
2016103759
2016105170
2016101682
2016103418
2016103402
2016104215
2016109123
2016100274
2016106577
2016100173
2016104938
2016101406
2016104524
2016100018
2016100696
2016103921
2016104428
2016104585
2016104936
2016101816
2016105016
2016103612
2016100939
2016105926
2016101748
2016103267
2016104005
2016106015
2016103647
2016106217
2016106008
2016100562
2016105329
2016100605
2016100372
2016110078
2016104154
2016102118
2016106030
2016100545
2016104976
2016105796
2016104700
2016100070
2016100220
2016105234
2016104628
2016103023
2016105781
2016101040
2016100137
2016102751
2016103464
2016105308
2016100851
2016100677
2016105509
2016103205
2016102793
2016100574
2016100072
2016106459
2016100922
2016105553
2016105576
2016104680
2016104029
2016104429
2016101842
2016100027
2016104989
2016102466
2016105063
2016101303
2016104335
2016104689
2016105157
2016110045
2016101075
2016105111
2016101269
2016104617
2016102447
2016100697
2016106483
2016105212
2016100215
2016101359
2016104304
2016101278
2016102655
2016104248
2016105266
2016103897
2016100272
2016100121
2016102178
2016101529
2016103498
2016104816
2016104793
2016100904
2016105668
2016100357
2016101382
2016100758
2016105426
2016101527
2016100753
2016106261
2016102486
2016104245
2016101939
2016102938
2016103806
2016102108
2016103317
2016105496
2016100700
2016102675
2016100738
2016100533
2016105488
2016101562
2016105673
2016106470
2016103537
2016101791
2016105286
2016105026
2016100813
2016101580
2016104759
2016104416
2016101321
2016100180
2016101982
2016105854
2016104580
2016102510
2016101468
2016106074
2016104654
2016104006
2016101599
2016100073
2016100751
2016102642
2016100421
2016106002
2016105429
2016102083
2016102406
2016103421
2016100440
2016102414
2016100338
2016105371
2016102532
2016110159
2016103812
2016106473
2016103493
2016104107
2016105770
2016102297
2016100350
2016106072
2016102011
2016104003
2016103294
2016104173
2016102988
2016103952
2016103790
2016105566
2016103542
2016103631
2016101928
2016102280
2016105396
2016100947
2016106534
2016105776
2016102575
2016110073
2016104209
2016103920
2016102158
2016105258
2016104192
2016104080
2016100309
2016106358
2016102324
2016103823
2016103454
2016103260
2016105269
2016110138
2016100164
2016105530
2016103874
2016101989
2016103527
2016104517
2016101583
2016101797
2016102356
2016102716
2016106040
2016104947
2016101616
2016100671
2016103066
2016104927
2016100607
2016100058
2016104283
2016105894
2016104315
2016102319
2016100255
2016104508
2016106474
2016110006
2016101102
2016104674
2016102490
2016106444
2016100520
2016104775
2016104485
2016103200
2016104137
2016101835
2016106492
2016101267
2016100279
2016106414
2016105502
2016100993
2016106224
2016103049
2016106001
2016106211
2016105584
2016104733
2016103662
2016100727
2016100369
2016101938
2016101264
2016102431
2016103968
2016104950
2016100742
2016100564
2016105644
2016100518
2016103496
2016100629
2016101750
2016101366
2016105216
2016109057
2016104879
2016103652
2016100048
2016103786
2016104883
2016106441
2016110076
2016100936
2016106576
2016106233
2016101442
2016110079
2016100253
2016105373
2016103591
2016102907
2016102475
2016105228
2016105474
2016103451
2016104345
2016104418
2016106408
2016103732
2016103656
2016104946
2016104356
2016103686
2016102404
2016100047
2016103989
2016100582
2016100964
2016109146
2016104465
2016100513
2016103307
2016105260
2016100482
2016106239
2016100101
2016103230
2016101501
2016104242
2016104389
2016101443
2016106594
2016100845
2016106435
2016104726
2016104387
2016104872
2016102396
2016100130
2016105134
2016102491
2016100417
2016102499
2016102973
2016101214
2016105523
2016104667
2016102267
2016102786
2016100734
2016110162
2016103254
2016103289
2016103962
2016106017
2016104217
2016106463
2016101886
2016104838
2016105230
2016103720
2016104758
2016105543
2016104808
2016103745
2016101822
2016101331
2016103923
2016106068
2016102915
2016105652
2016106287
2016104740
2016104855
2016104725
2016101494
2016106253
2016101601
2016104451
2016100830
2016104737
2016100889
2016102376
2016100841
2016106275
2016101026
2016106478
2016102163
2016103725
2016101093
2016101271
2016100344
2016103974
2016106087
2016101041
2016110095
2016105461
2016103495
2016106327
2016106060
2016102704
2016102156
2016103445
2016105139
2016104645
2016101373
2016102326
2016105428
2016106019
2016102102
2016104623
2016103291
2016104773
2016102162
2016104907
2016105803
2016100971
2016109075
2016104627
2016103870
2016104966
2016101686
2016106153
2016104531
2016102533
2016103326
2016110143
2016103680
2016109103
2016101175
2016109016
2016104090
2016101733
2016100549
2016102048
2016100051
2016100554
2016104962
2016103357
2016100912
2016102336
2016100846
2016101575
2016102012
2016102705
2016101537
2016102854
2016104201
2016105580
2016102983
2016103190
2016106054
2016104693
2016102817
2016102904
2016100115
2016106250
2016102179
2016103408
2016102134
2016104709
2016102875
2016103509
2016106248
2016106314
2016105469
2016102463
2016104845
2016109093
2016102744
2016105027
2016104929
2016100901
2016104476
2016102332
2016100154
2016105875
2016102556
2016105468
2016103916
2016101960
2016104232
2016104031
2016102058
2016110153
2016100156
2016100340
2016102050
2016106150
2016101911
2016100723
2016106121
2016105159
2016101650
2016101648
2016104861
2016103569
2016106218
2016103518
2016102827
2016104543
2016102964
2016104032
2016104495
2016103443
2016103886
2016101758
2016104888
2016110039
2016102035
2016103091
2016103376
2016104246
2016106570
2016103141
2016102832
2016100136
2016105766
2016102104
2016102618
2016102026
2016103691
2016102274
2016106381
2016102029
2016105773
2016110151
2016102275
2016101352
2016104105
2016104751
2016103292
2016104514
2016100142
2016106240
2016102103
2016101029
2016100555
2016104509
2016101088
2016104945
2016102553
2016103545
2016105547
2016106291
2016101638
2016101212
2016101951
2016101296
2016106266
2016103261
2016103220
2016102534
2016105038
2016104285
2016110001
2016106486
2016104741
2016102586
2016101081
2016102191
2016101845
2016101871
2016101640
2016101157
2016106281
2016110142
2016105487
2016109151
2016104370
2016105096
2016105527
2016106181
2016105029
2016105039
2016100713
2016101827
2016100568
2016102006
2016106432
2016104777
2016105283
2016104885
2016103896
2016102444
2016104871
2016103235
2016100320
2016103523
2016106069
2016110145
2016103389
2016106421
2016100032
2016100646
2016103950
2016102311
2016106014
2016101349
2016105883
2016102809
2016102623
2016105998
2016103228
2016100098
2016100658
2016101322
2016100122
2016104053
2016101265
2016102380
2016100413
2016106339
2016101002
2016103084
2016100345
2016104357
2016102711
2016101289
2016102852
2016103244
2016100547
2016106417
2016104657
2016104413
2016105618
2016100556
2016102310
2016103465
2016105200
2016104994
2016101182
2016104219
2016106228
2016103736
2016100256
2016104267
2016104208
2016105448
2016104761
2016106273
2016105043
2016101082
2016104282
2016109107
2016109098
2016103399
2016102494
2016105514
2016110091
2016101720
2016110057
2016104422
2016103958
2016104926
2016102777
2016106117
2016101636
2016100102
2016101749
2016102215
2016104081
2016103768
2016104036
2016101044
2016100169
2016101789
2016102089
2016103249
2016106455
2016100031
2016100924
2016100276
2016102661
2016106321
2016102202
2016104146
2016100524
2016102400
2016105221
2016105481
2016100251
2016101229
2016110100
2016106234
2016102956
2016100976
2016104979
2016105367
2016110119
2016104862
2016110097
2016101429
2016100732
2016102077
2016101556
2016101219
2016104832
2016104327
2016104997
2016104454
2016105969
2016101168
2016100360
2016110056
2016101653
2016101855
2016102969
2016105653
2016104450
2016103587
2016104822
2016103138
2016100385
2016104536
2016103456
2016102426
2016110059
2016101259
2016101551
2016101207
2016104806
2016104905
2016100970
2016102436
2016110122
2016104193
2016104841
2016102731
2016106216
2016102600
2016105617
2016104471
2016103360
2016103829
2016106512
2016102469
2016101350
2016104087
2016105844
2016100068
2016103017
2016100567
2016101608
2016102760
2016105231
2016104958
2016100319
2016104968
2016102998
2016106548
2016103516
2016101505
2016105381
2016105478
2016105661
2016106257
2016101195
2016106258
2016102720
2016100401
2016103728
2016104075
2016105863
2016110043
2016103313
2016106565
2016105583
2016101341
2016104944
2016102273
2016104600
2016100500
2016102329
2016100249
2016106189
2016106134
2016110032
2016102497
2016105620
2016100174
2016106075
2016103354
2016100086
2016101185
2016104898
2016100358
2016103117
2016104379
2016102557
2016106510
2016110054
2016103343
2016104685
2016103201
2016105529
2016103383
2016104896
2016105513
2016105707
2016104854
2016102228
2016104711
2016105384
2016104442
2016101762
2016104718
2016105209
2016104412
2016109100
2016100698
2016105476
2016104069
2016110154
2016100407
2016101404
2016103046
2016105634
2016101232
2016104191
2016104565
2016105033
2016110077
2016100012
2016100339
2016103101
2016100288
2016101745
2016104583
2016101561
2016104863
2016101680
2016104519
2016105775
2016100986
2016102219
2016100120
2016102930
2016100824
2016102152
2016102069
2016101985
2016102735
2016101892
2016110160
2016101771
2016103290
2016104644
2016103279
2016100437
2016104642
2016103559
2016102107
2016100756
2016100511
2016106518
2016101800
2016104034
2016103257
2016102972
2016102455
2016102963
2016105247
2016105002
2016102097
2016103590
2016102412
2016101722
2016104376
2016101986
2016103730
2016100290
2016106306
2016101869
2016106032
2016105779
2016102155
2016104852
2016104682
2016109013
2016103106
2016100827
2016104656
2016101324
2016102811
2016101465
2016110115
2016104992
2016103385
2016105135
2016101559
2016101654
2016102303
2016101539
2016101675
2016100788
2016100761
2016102612
2016106457
2016104705
2016110116
2016103272
2016105462
2016103548
2016101169
2016104923
2016104977
2016104499
2016103324
2016104673
2016102855
2016104271
2016101211
2016102121
2016101674
2016104365
2016101220
2016106596
2016100537
2016104512
2016106241
2016105491
2016106367
2016103914
2016103702
2016101848
2016102715
2016101383
2016100854
2016105819
2016104943
2016105630
2016103264
2016104591
2016105196
2016100546
2016110128
2016106237
2016105272
2016101756
2016102797
2016104604
2016103724
2016100325
2016104221
2016101661
2016103274
2016105155
2016104355
2016101498
2016103594
2016100573
2016100815
2016103411
2016102076
2016104839
2016104037
2016103362
2016102555
2016101239
2016103900
2016105450
2016105404
2016105699
2016102812
2016104045
2016102120
2016106465
2016102781
2016100978
2016106535
2016109008
2016103947
2016104974
2016105086
2016104730
2016101090
2016105432
2016101846
2016100589
2016103689
2016104663
2016103553
2016101258
2016100269
2016103771
2016104507
2016101891
2016104169
2016105764
2016105206
2016103503
2016106035
2016100862
2016100185
2016101451
2016104348
2016104748
2016100705
2016100419
2016105521
2016105117
2016101978
2016104152
2016100733
2016100412
2016100571
2016110005
2016105184
2016101500
2016105248
2016106365
2016104189
2016109117
2016105983
2016106182
2016105946
2016100507
2016101765
2016103828
2016104207
2016105816
2016101532
2016102364
2016102504
2016102631
2016103211
2016104472
2016104975
2016106043
2016102111
2016100430
2016102764
2016102613
2016105118
2016102996
2016105804
2016101573
2016101381
2016103833
2016100481
2016105878
2016101844
2016105703
2016103505
2016103773
2016100981
2016102432
2016103982
2016101929
2016101696
2016104655
2016106546
2016100874
2016105689
2016104314
2016101778
2016105278
2016100348
2016106391
2016103192
2016104813
2016102530
2016100469
2016110141
2016104827
2016106424
2016102697
2016100608
2016105001
2016100416
2016105847
2016105632
2016103137
2016104506
2016101202
2016101273
2016104218
2016106177
2016102889
2016100754
2016101139
2016100692
2016104548
2016106352
2016105235
2016104317
2016105735
2016105053
2016102587
2016103115
2016106118
2016100112
2016101524
2016104851
2016101702
2016103127
2016105749
2016104762
2016103434
2016103379
2016102323
2016105259
2016104446
2016109096
2016100869
2016103598
2016105870
2016101639
2016100030
2016104157
2016106137
2016105895
2016100133
2016102917
2016104817
2016104612
2016105473
2016105741
2016102866
2016104884
2016104798
2016104515
2016102164
2016104769
2016106022
2016103485
2016109087
2016101309
2016100104
2016100972
2016102261
2016104091
2016105095
2016100106
2016101843
2016105545
2016104126
2016105224
2016102604
2016101577
2016105573
2016110161
2016101268
2016102508
2016105138
2016101792
2016105755
2016105241
2016110149
2016103196
2016101724
2016105885
2016106330
2016101496
2016101998
2016104409
2016102747
2016101979
2016102723
2016105943
2016102295
2016103580
2016100404
2016100177
2016106162
2016102252
2016105322
2016104983
2016100584
2016105974
2016102044
2016100856
2016106031
2016102383
2016105181
2016105801
2016105325
2016101990
2016110080
2016101941
2016103704
2016102719
2016105534
2016103410
2016104243
2016106431
2016103025
2016102769
2016101796
2016104790
2016100273
2016100581
2016104695
2016106295
2016102423
2016105758
2016102200
2016105520
2016104310
2016100614
2016100135
2016100246
2016100724
2016105424
2016103945
2016102272
2016102362
2016106317
2016103690
2016104734
2016101883
2016100277
2016104408
2016105129
2016103927
2016104480
2016102950
2016105436
2016110075
2016104057
2016106048
2016104415
2016106536
2016101194
2016102668
2016100538
2016101902
2016100423
2016102264
2016103280
2016101994
2016105501
2016102100
2016103883
2016102678
2016110150
2016102212
2016101218
2016103618
2016106428
2016103157
2016103682
2016103831
2016106324
2016106489
2016106411
2016102980
2016109072
2016102289
2016104704
2016103344
2016105978
2016104636
2016101603
2016103715
2016104385
2016105538
2016110038
2016104967
2016103733
2016101490
2016101943
2016101596
2016105503
2016105515
2016105219
2016101560
2016103752
2016102734
2016104721
2016104648
2016104079
2016106131
2016101821
2016104836
2016102614
2016100855
2016103146
2016100881
2016105880
2016105971
2016103327
2016105103
2016105556
2016102243
2016100543
2016104460
2016102449
2016110034
2016100119
2016104362
2016101432
2016103729
2016104746
2016103646
2016102865
2016100219
2016101775
2016104177
2016106595
2016103191
2016105637
2016100999
2016102698
2016102627
2016105666
2016101672
2016106012
2016105256
2016101342
2016102598
2016102413
2016101240
2016103641
2016102386
2016104530
2016105977
2016104360
2016105604
2016110094
2016106301
2016103775
2016105169
2016104672
2016106310
2016103961
2016106513
2016102182
2016100877
2016102234
2016103083
2016102112
2016102974
2016106394
2016100391
2016105315
2016101319
2016104513
2016110072
2016102467
2016104745
2016100680
2016103718
2016101626
2016105813
2016106051
2016105965
2016100117
2016102782
2016105207
2016102897
2016104784
2016102334
2016110157
2016105009
2016104752
2016103212
2016102738
2016105052
2016104995
2016102438
2016102905
2016103221
2016101096
2016104676
2016100945
2016100894
2016101440
2016110040
2016103109
2016102476
2016100802
2016102368
2016105631
2016101017
2016100794
2016110120
2016103944
2016100811
2016100684
2016102169
2016104620
2016105220
2016102615
2016101304
2016103382
2016101958
2016105535
2016103770
2016105567
2016104540
2016104791
2016100427
2016104760
2016102521
2016106278
2016104643
2016106041
2016106058
2016100579
2016105952
2016104564
2016101831
2016100151
2016110088
2016110064
2016106307
2016101286
2016102339
2016101472
2016102080
2016105364
2016104691
2016105434
2016100297
2016101156
2016103511
2016110058
2016106009
2016105765
2016103018
2016105772
2016101909
2016109010
2016102629
2016105085
2016100296
2016103424
2016104185
2016102042
2016100431
2016101241
2016105586
2016104664
2016101717
2016110049
2016104371
2016101023
2016104086
2016100600
2016102935
2016106169
2016102451
2016103836
2016100483
2016103277
2016104820
2016100757
2016105751
2016105864
2016101593
2016103349
2016103507
2016105213
2016101521
2016104631
2016106445
2016104965
2016101579
2016103755
2016106039
2016104516
2016106097
2016101014
2016104259
2016103238
2016100129
2016105596
2016104448
2016110026
2016104085
2016100006
2016102005
2016102216
2016102167
2016103501
2016103744
2016110124
2016103693
2016110083
2016106080
2016105733
2016104677
2016101889
2016104257
2016106133
2016106201
2016104770
2016104390
2016100415
2016104749
2016103599
2016101991
2016100966
2016106077
2016103215
2016104889
2016101183
2016101476
2016100007
2016106371
2016101973
2016104953
2016100199
2016101615
2016102347
2016105551
2016105056
2016103092
2016104264
2016102398
2016102040
2016109141
2016105280
2016102979
2016101795
2016103322
2016100888
2016103825
2016101046
2016105667
2016100366
2016102221
2016103252
2016102018
2016104610
2016106144
2016102157
2016106222
2016102287
2016102551
2016102291
2016100938
2016100637
2016104449
2016101015
2016105273
2016105198
2016100359
2016100040
2016105585
2016100857
2016105723
2016101783
2016106485
2016100026
2016100390
2016103820
2016103166
2016103094
2016100927
2016100790
2016104792
2016105887
2016104336
2016103072
2016102749
2016100825
2016101038
2016102999
2016110016
2016106450
2016100592
2016102785
2016103222
2016104447
2016105972
2016105915
2016105365
2016105388
2016104112
2016100245
2016104768
2016102198
2016105686
2016104136
2016110104
2016100803
2016104537
2016105284
2016102142
2016103042
2016101197
2016103346
2016101857
2016104765
2016102741
2016103281
2016104334
2016106477
2016101781
2016105970
2016101444
2016103370
2016101801
2016105598
2016101716
2016100752
2016106430
2016103226
2016100587
2016104592
2016110126
2016105784
2016110084
2016101706
2016104608
2016101897
2016106363
2016101759
2016103064
2016110017
2016101305
2016100147
2016100071
2016100517
2016105486
2016103444
2016104487
2016110134
2016102054
2016101611
2016102258
2016104167
2016101145
2016102787
2016106452
2016104195
2016101584
2016100455
2016104525
2016101752
2016100553
2016102807
2016110152
2016101491
2016104650
2016102483
2016109005
2016102544
2016104224
2016101470
2016103984
2016105704
2016105922
2016101385
2016102225
2016105966
2016110112
2016100429
2016102641
2016104001
2016102401
2016103099
2016103684
2016100819
2016100485
2016109007
2016104326
2016103522
2016102331
2016100942
2016109133
2016105868
2016104597
2016101199
2016110024
2016110015
2016100596
2016104640
2016106027
2016105628
2016106274
2016103719
2016104815
2016101407
2016101847
2016101691
2016102520
2016100146
2016104481
2016101089
2016105884
2016101122
2016105035
2016105693
2016101371
2016103861
2016104720
2016103990
2016101334
2016103969
2016100394
2016100506
2016103918
2016104533
2016104675
2016102304
2016109118
2016103150
2016103668
2016103849
2016103543
2016101908
2016104235
2016100078
2016104865
2016104969
2016104658
2016101441
2016104000
2016101839
2016103492
2016105289
2016101585
2016100746
2016105279
2016100544
2016103809
2016102346
2016110010
2016110111
2016106219
2016100774
2016105861
2016110164
2016103374
2016103075
2016104826
2016104902
2016101055
2016105702
2016100189
2016100346
2016104785
2016106037
2016104724
2016101221
2016110029
2016103086
2016105236
2016100368
2016101794
2016102066
2016105265
2016100353
2016101832
2016106488
2016103551
2016100384
2016101497
2016103766
2016101699
2016102506
2016100630
2016103210
2016103163
2016104598
2016102561
2016106116
2016103673
2016105821
2016102240
2016103574
2016104520
2016105049
2016105824
2016105905
2016102230
2016105762
2016104523
2016105293
2016106349
2016104155
2016104398
2016103303
2016104319
2016102024
2016103063
2016100948
2016101453
2016103074
2016105037
2016100861
2016106292
2016106078
2016106046
2016100667
2016106405
2016103363
2016106168
2016100578
2016102033
2016102190
2016103295
2016102805
2016104018
2016104743
2016103913
2016105874
2016100436
2016100083
2016105131
2016104869
2016104063
2016102342
2016100062
2016102571
2016101284
2016105967
2016104606
2016100996
2016101337
2016100805
2016102284
2016105812
2016105645
2016103184
2016101713
2016104567
2016102730
2016103050
2016103316
2016105715
2016106021
2016102643
2016100583
2016101920
2016104928
2016102420
2016103539
2016104330
2016104121
2016104275
2016103663
2016101948
2016100952
2016110127
2016104456
2016105676
2016102763
2016101977
2016103906
2016103054
2016102094
2016105615
2016103355
2016102926
2016103467
2016104361
2016105300
2016103310
2016104840
2016101329
2016104328
2016104234
2016105005
2016106119
2016102931
2016106338
2016105172
2016105164
2016103595
2016105475
2016105890
2016102651
2016110136
2016105222
2016104821
2016103256
2016102665
2016101553
2016105006
2016103813
2016103933
2016101545
2016105025
2016101234
2016104868
2016104534
2016103566
2016105989
2016110027
2016106531
2016102316
2016106579
2016106126
2016104614
2016104779
2016104961
2016101073
2016105313
2016103119
2016104424
2016100569
2016101117
2016104552
2016106335
2016101204
2016106302
2016106606
2016100808
2016106364
2016104630
2016103085
2016103067
2016102554
2016105507
2016100688
2016104403
2016105987
2016100687
2016102480
2016104459
2016103579
2016100798
2016102703
2016100447
2016103022
2016105871
2016104353
2016105700
2016102708
2016101348
2016105301
2016104554
2016102053
2016101226
2016100234
2016102700
2016103263
2016101399
2016104717
2016101776
2016102087
2016105168
2016104595
2016104638
2016100066
2016103971
2016102745
2016100943
2016100818
2016100683
2016103892
2016102776
2016100204
2016102092
2016101604
2016102646
2016106159
2016104814
2016103911
2016104609
2016100424
2016104469
2016102673
2016100959
2016100233
2016103807
2016105166
2016103088
2016102027
2016104392
2016105802
2016105136
2016105621
2016100675
2016102003
2016104728
2016102492
2016106063
2016102197
2016103270
2016104498
2016106055
2016103043
2016101436
2016103954
2016101079
2016101171
2016105841
2016105554
2016100628
2016100606
2016100056
2016105791
2016100342
2016102045
2016106607
2016105194
2016100872
2016105093
2016101753
2016101158
2016106099
2016102525
2016105929
2016105195
2016104834
2016105493
2016103774
2016104613
2016101448
2016110030
2016100695
2016100529
2016100576
2016104783
2016104343
2016104573
2016102270
2016106437
2016104878
2016100613
2016105778
2016105250
2016101684
2016106260
2016104467
2016102799
2016102369
2016101245
2016103756
2016101968
2016102153
2016100615
2016103097
2016105353
2016105849
2016102726
2016100887
2016102722
2016103208
2016110132
2016103271
2016106139
2016103801
2016105183
2016102140
2016101786
2016102783
2016102305
2016103358
2016103895
2016109019
2016106245
2016105828
2016104410
2016104236
2016101605
2016101879
2016101516
2016103858
2016102863
2016104483
2016104489
2016106298
2016103978
2016104698
2016101315
2016105167
2016104461
2016101030
2016102773
2016106464
2016104496
2016102626
2016100162
2016100625
2016105747
2016102659
2016104122
2016105065
2016105671
2016103879
2016105320
2016101676
2016101543
2016100303
2016106115
2016103994
2016102664
2016100254
2016104058
2016103669
2016104188
2016100318
2016104866
2016102144
2016103128
2016105675
2016105292
2016102477
2016102951
2016103380
2016110109
2016101513
2016101566
2016100559
2016102328
2016110113
2016110063
2016105268
2016104686
2016104982
2016103308
2016101340
2016110022
2016101276
2016101417
2016106044
2016105728
2016100444
2016105377
2016106173
2016102796
2016101645
2016102978
2016101901
2016104710
2016100642
2016102418
2016106316
2016106348
2016105143
2016101161
2016105188
2016103977
2016102576
2016104171
2016104320
2016106469
2016100842
2016102901
2016109110
2016106420
2016106049
2016102650
2016103563
2016100302
2016100039
2016102241
2016101926
2016101975
2016101961
2016105108
2016100720
2016106246
2016105902
2016102361
2016100134
2016101355
2016100780
2016102754
2016102180
2016102017
2016100765
2016100907
2016104198
2016100984
2016105059
2016104544
2016100152
2016105782
2016105734
2016103158
2016105973
2016100411
2016105483
2016104662
2016106109
2016102947
2016102034
2016101810
2016102313
2016103488
2016109099
2016106357
2016104942
2016102707
2016102818
2016102939
2016105030
2016101773
2016102925
2016103679
2016105270
2016100376
2016100714
2016105670
2016102944
2016103922
2016103463
2016106129
2016104453
2016103653
2016105528
2016104794
2016104599
2016105267
2016100913
2016104624
2016101591
2016102070
2016102677
2016104251
2016101647
2016103544
2016105731
2016102772
2016102213
2016104937
2016103217
2016105186
2016101642
2016102835
2016105150
2016100285
2016109014
2016106164
2016101263
2016101755
2016104205
2016101952
2016102768
2016105979
2016103126
2016103167
2016103134
2016103462
2016101225
2016101826
2016110066
2016105294
2016103262
2016103681
2016100599
2016101484
2016103964
2016102820
2016105886
2016101459
2016104559
2016104835
2016104875
2016104991
2016102443
2016106532
2016100172
2016103915
2016100820
2016100527
2016100659
2016105040
2016105928
2016103108
2016106582
2016104570
2016104587
2016101438
2016100239
2016106390
2016106438
2016106425
2016106024
2016103936
2016100512
2016102943
2016106556
2016106589
2016101368
2016110067
2016103628
2016102611
2016100747
2016106288
2016100306
2016104383
2016100084
2016106471
2016106013
2016103650
2016104880
2016103499
2016105057
2016100717
2016105187
2016106400
2016101924
2016106564
2016105783
2016104632
2016110002
2016105600
2016101167
2016105587
2016105999
2016105360
2016106229
2016109128
2016104340
2016103864
2016103615
2016103515
2016104549
2016103649
2016102507
2016101764
2016101965
2016109109
2016106514
2016100213
2016104910
2016102109
2016110013
2016102425
2016100231
2016105067
2016100706
2016104641
2016110025
2016102516
2016102588
2016103305
2016100225
2016104744
2016100810
2016104322
2016110156
2016102171
2016102570
2016101370
2016104312
2016104431
2016101681
2016104374
2016106592
2016105374
2016106389
2016100157
2016104892
2016110148
2016104438
2016105319
2016110133
2016101024
2016100021
2016105601
2016102954
2016103764
2016101062
2016103069
2016106370
2016105984
2016101630
2016103224
2016103419
2016105020
2016101085
2016104687
2016102175
2016104141
2016105759
2016101880
2016106065
2016104342
2016103779
2016101698
2016104952
2016103741
2016100230
2016101804
2016101888
2016106319
2016103839
2016105638
2016104363
2016102967
2016102433
2016100885
2016104589
2016110037
2016103095
2016105158
2016104881
2016105685
2016101922
2016102351
2016106200
2016101362
2016106496
2016106227
2016105089
2016102192
2016106059
2016101344
2016104135
2016101641