2017100005
2017100006
2017100007
2017100008
2017100009
2017100010
2017100011
2017100013
2017100014
2017100015
2017100016
2017100017
2017100018
2017100019
2017100020
2017100021
2017100022
2017100023
2017100024
2017100025
2017100026
2017100027
2017100029
2017100032
2017100033
2017100034
2017100035
2017100036
2017100037
2017100038
2017100039
2017100040
2017100041
2017100042
2017100043
2017100044
2017100045
2017100046
2017100047
2017100048
2017100049
2017100050
2017100051
2017100052
2017100053
2017100054
2017100055
2017100056
2017100057
2017100058
2017100059
2017100060
2017100061
2017100062
2017100064
2017100065
2017100066
2017100067
2017100069
2017100071
2017100072
2017100073
2017100075
2017100076
2017100077
2017100078
2017100079
2017100081
2017100082
2017100083
2017100084
2017100085
2017100086
2017100087
2017100088
2017100090
2017100091
2017100092
2017100093
2017100094
2017100095
2017100096
2017100097
2017100098
2017100099
2017100100
2017100101
2017100103
2017100104
2017100105
2017100106
2017100108
2017100109
2017100110
2017100112
2017100113
2017100115
2017100116
2017100117
2017100118
2017100119
2017100120
2017100122
2017100123
2017100124
2017100126
2017100127
2017100128
2017100129
2017100130
2017100131
2017100132
2017100133
2017100134
2017100135
2017100136
2017100137
2017100138
2017100139
2017100140
2017100141
2017100142
2017100143
2017100144
2017100145
2017100146
2017100147
2017100148
2017100149
2017100150
2017100151
2017100152
2017100153
2017100154
2017100155
2017100156
2017100157
2017100158
2017100159
2017100160
2017100161
2017100162
2017100163
2017100164
2017100165
2017100166
2017100167
2017100168
2017100169
2017100170
2017100171
2017100172
2017100173
2017100174
2017100175
2017100176
2017100177
2017100178
2017100179
2017100180
2017100182
2017100184
2017100185
2017100186
2017100187
2017100189
2017100190
2017100191
2017100194
2017100195
2017100197
2017100198
2017100199
2017100200
2017100201
2017100203
2017100204
2017100205
2017100206
2017100207
2017100208
2017100209
2017100210
2017100211
2017100212
2017100213
2017100214
2017100215
2017100216
2017100217
2017100218
2017100219
2017100220
2017100221
2017100222
2017100223
2017100224
2017100225
2017100226
2017100227
2017100228
2017100229
2017100230
2017100231
2017100232
2017100234
2017100235
2017100236
2017100237
2017100239
2017100240
2017100241
2017100242
2017100243
2017100244
2017100245
2017100246
2017100247
2017100248
2017100250
2017100251
2017100252
2017100253
2017100254
2017100255
2017100256
2017100257
2017100258
2017100260
2017100261
2017100262
2017100263
2017100264
2017100265
2017100266
2017100267
2017100268
2017100269
2017100272
2017100273
2017100274
2017100275
2017100276
2017100277
2017100278
2017100279
2017100280
2017100281
2017100282
2017100283
2017100284
2017100285
2017100286
2017100287
2017100288
2017100289
2017100290
2017100291
2017100292
2017100293
2017100294
2017100295
2017100296
2017100297
2017100298
2017100299
2017100300
2017100301
2017100302
2017100303
2017100304
2017100305
2017100306
2017100307
2017100308
2017100309
2017100310
2017100311
2017100312
2017100313
2017100314
2017100315
2017100316
2017100317
2017100318
2017100319
2017100320
2017100321
2017100322
2017100323
2017100324
2017100325
2017100326
2017100327
2017100328
2017100329
2017100330
2017100331
2017100332
2017100333
2017100334
2017100335
2017100336
2017100337
2017100338
2017100339
2017100340
2017100341
2017100342
2017100343
2017100344
2017100345
2017100346
2017100347
2017100348
2017100349
2017100350
2017100351
2017100352
2017100353
2017100354
2017100355
2017100356
2017100357
2017100358
2017100359
2017100360
2017100361
2017100362
2017100363
2017100364
2017100365
2017100366
2017100367
2017100368
2017100369
2017100370
2017100371
2017100372
2017100373
2017100374
2017100375
2017100376
2017100377
2017100378
2017100379
2017100380
2017100381
2017100382
2017100383
2017100385
2017100386
2017100387
2017100389
2017100390
2017100391
2017100392
2017100393
2017100394
2017100395
2017100396
2017100397
2017100399
2017100400
2017100402
2017100403
2017100404
2017100405
2017100406
2017100407
2017100408
2017100409
2017100410
2017100411
2017100413
2017100414
2017100415
2017100416
2017100417
2017100418
2017100419
2017100420
2017100421
2017100422
2017100423
2017100424
2017100425
2017100426
2017100428
2017100429
2017100430
2017100431
2017100432
2017100433
2017100434
2017100435
2017100436
2017100437
2017100438
2017100439
2017100440
2017100441
2017100444
2017100445
2017100447
2017100448
2017100449
2017100450
2017100451
2017100452
2017100453
2017100454
2017100455
2017100456
2017100457
2017100458
2017100459
2017100460
2017100461
2017100462
2017100463
2017100464
2017100465
2017100466
2017100467
2017100468
2017100469
2017100470
2017100472
2017100473
2017100474
2017100475
2017100476
2017100477
2017100478
2017100479
2017100480
2017100481
2017100482
2017100483
2017100484
2017100485
2017100486
2017100487
2017100488
2017100489
2017100490
2017100491
2017100492
2017100493
2017100495
2017100496
2017100497
2017100498
2017100499
2017100500
2017100501
2017100503
2017100504
2017100505
2017100506
2017100507
2017100508
2017100509
2017100510
2017100511
2017100514
2017100515
2017100516
2017100517
2017100518
2017100519
2017100521
2017100522
2017100523
2017100524
2017100525
2017100526
2017100527
2017100528
2017100529
2017100530
2017100531
2017100532
2017100533
2017100535
2017100536
2017100537
2017100538
2017100539
2017100540
2017100541
2017100542
2017100543
2017100544
2017100545
2017100546
2017100547
2017100548
2017100549
2017100550
2017100551
2017100552
2017100553
2017100554
2017100555
2017100556
2017100557
2017100558
2017100559
2017100560
2017100561
2017100563
2017100564
2017100565
2017100567
2017100568
2017100569
2017100570
2017100571
2017100573
2017100575
2017100576
2017100577
2017100578
2017100579
2017100580
2017100581
2017100582
2017100583
2017100584
2017100585
2017100586
2017100587
2017100588
2017100590
2017100592
2017100593
2017100594
2017100595
2017100596
2017100597
2017100598
2017100599
2017100600
2017100601
2017100602
2017100603
2017100604
2017100605
2017100606
2017100607
2017100608
2017100609
2017100610
2017100611
2017100612
2017100613
2017100614
2017100616
2017100617
2017100618
2017100619
2017100620
2017100621
2017100622
2017100623
2017100624
2017100625
2017100626
2017100627
2017100628
2017100630
2017100631
2017100632
2017100633
2017100634
2017100636
2017100638
2017100640
2017100641
2017100642
2017100643
2017100644
2017100645
2017100646
2017100648
2017100650
2017100651
2017100652
2017100653
2017100654
2017100655
2017100656
2017100657
2017100658
2017100659
2017100660
2017100661
2017100662
2017100663
2017100664
2017100665
2017100666
2017100667
2017100668
2017100669
2017100670
2017100672
2017100673
2017100674
2017100675
2017100676
2017100677
2017100679
2017100680
2017100681
2017100682
2017100683
2017100684
2017100687
2017100688
2017100689
2017100690
2017100692
2017100693
2017100694
2017100695
2017100696
2017100697
2017100698
2017100699
2017100700
2017100702
2017100704
2017100705
2017100707
2017100708
2017100709
2017100710
2017100711
2017100712
2017100714
2017100715
2017100716
2017100717
2017100718
2017100719
2017100720
2017100721
2017100722
2017100723
2017100725
2017100726
2017100727
2017100728
2017100729
2017100730
2017100732
2017100733
2017100735
2017100736
2017100737
2017100738
2017100739
2017100740
2017100741
2017100742
2017100743
2017100745
2017100746
2017100747
2017100748
2017100749
2017100751
2017100752
2017100754
2017100755
2017100756
2017100757
2017100759
2017100760
2017100761
2017100762
2017100763
2017100764
2017100765
2017100766
2017100768
2017100770
2017100772
2017100774
2017100776
2017100777
2017100779
2017100782
2017100784
2017100787
2017100791
2017100794
2017100795
2017100796
2017100797
2017100798
2017100799
2017100800
2017100801
2017100802
2017100804
2017100805
2017100806
2017100807
2017100808
2017100809
2017100811
2017100812
2017100813
2017100814
2017100815
2017100817
2017100818
2017100819
2017100821
2017100822
2017100823
2017100824
2017100825
2017100826
2017100827
2017100828
2017100829
2017100830
2017100831
2017100832
2017100833
2017100834
2017100835
2017100836
2017100837
2017100838
2017100839
2017100840
2017100841
2017100842
2017100843
2017100844
2017100845
2017100846
2017100847
2017100848
2017100849
2017100850
2017100851
2017100854
2017100855
2017100856
2017100857
2017100858
2017100859
2017100860
2017100861
2017100862
2017100864
2017100865
2017100866
2017100867
2017100869
2017100870
2017100871
2017100873
2017100874
2017100875
2017100876
2017100877
2017100878
2017100879
2017100881
2017100882
2017100883
2017100884
2017100885
2017100887
2017100888
2017100889
2017100890
2017100891
2017100892
2017100894
2017100895
2017100896
2017100897
2017100898
2017100899
2017100900
2017100901
2017100902
2017100903
2017100904
2017100905
2017100906
2017100907
2017100908
2017100909
2017100910
2017100911
2017100912
2017100913
2017100914
2017100915
2017100916
2017100917
2017100918
2017100919
2017100920
2017100921
2017100922
2017100923
2017100924
2017100925
2017100926
2017100927
2017100928
2017100930
2017100931
2017100932
2017100933
2017100934
2017100935
2017100936
2017100938
2017100939
2017100940
2017100941
2017100942
2017100943
2017100944
2017100945
2017100946
2017100947
2017100948
2017100949
2017100950
2017100951
2017100952
2017100953
2017100954
2017100955
2017100956
2017100957
2017100958
2017100959
2017100960
2017100961
2017100962
2017100963
2017100964
2017100965
2017100966
2017100967
2017100968
2017100969
2017100970
2017100971
2017100972
2017100973
2017100975
2017100976
2017100977
2017100978
2017100979
2017100980
2017100981
2017100982
2017100985
2017100986
2017100987
2017100988
2017100989
2017100990
2017100991
2017100992
2017100993
2017100994
2017100995
2017100996
2017100997
2017100998
2017100999
2017101000
2017101001
2017101002
2017101003
2017101004
2017101005
2017101006
2017101007
2017101008
2017101009
2017101010
2017101011
2017101012
2017101013
2017101014
2017101015
2017101016
2017101017
2017101018
2017101019
2017101020
2017101021
2017101022
2017101023
2017101024
2017101025
2017101026
2017101028
2017101030
2017101031
2017101032
2017101033
2017101034
2017101035
2017101036
2017101037
2017101039
2017101040
2017101041
2017101042
2017101044
2017101045
2017101046
2017101047
2017101049
2017101050
2017101051
2017101052
2017101053
2017101054
2017101055
2017101056
2017101057
2017101058
2017101059
2017101060
2017101062
2017101063
2017101064
2017101065
2017101066
2017101067
2017101068
2017101070
2017101071
2017101072
2017101073
2017101074
2017101075
2017101076
2017101077
2017101078
2017101079
2017101080
2017101081
2017101082
2017101083
2017101084
2017101085
2017101086
2017101087
2017101088
2017101089
2017101090
2017101091
2017101092
2017101093
2017101094
2017101095
2017101096
2017101097
2017101098
2017101099
2017101100
2017101101
2017101102
2017101103
2017101104
2017101105
2017101106
2017101107
2017101108
2017101109
2017101110
2017101111
2017101112
2017101113
2017101114
2017101115
2017101116
2017101117
2017101118
2017101119
2017101120
2017101121
2017101122
2017101123
2017101124
2017101125
2017101126
2017101127
2017101128
2017101129
2017101130
2017101131
2017101132
2017101133
2017101134
2017101135
2017101136
2017101138
2017101139
2017101140
2017101141
2017101142
2017101143
2017101144
2017101145
2017101146
2017101147
2017101148
2017101149
2017101150
2017101151
2017101152
2017101153
2017101155
2017101156
2017101157
2017101158
2017101159
2017101160
2017101161
2017101162
2017101163
2017101164
2017101165
2017101166
2017101167
2017101168
2017101169
2017101170
2017101171
2017101172
2017101173
2017101174
2017101175
2017101176
2017101177
2017101178
2017101179
2017101180
2017101181
2017101182
2017101183
2017101184
2017101185
2017101186
2017101187
2017101189
2017101190
2017101191
2017101192
2017101193
2017101194
2017101195
2017101196
2017101197
2017101199
2017101200
2017101201
2017101202
2017101204
2017101205
2017101206
2017101207
2017101210
2017101211
2017101212
2017101213
2017101214
2017101215
2017101216
2017101217
2017101218
2017101220
2017101221
2017101222
2017101223
2017101224
2017101225
2017101226
2017101227
2017101229
2017101230
2017101231
2017101232
2017101233
2017101234
2017101235
2017101236
2017101237
2017101238
2017101239
2017101240
2017101241
2017101242
2017101243
2017101244
2017101245
2017101246
2017101247
2017101248
2017101249
2017101250
2017101251
2017101252
2017101253
2017101254
2017101255
2017101256
2017101257
2017101258
2017101259
2017101260
2017101261
2017101262
2017101263
2017101264
2017101265
2017101267
2017101268
2017101269
2017101270
2017101272
2017101273
2017101274
2017101275
2017101276
2017101277
2017101278
2017101279
2017101280
2017101281
2017101282
2017101284
2017101285
2017101286
2017101287
2017101288
2017101289
2017101291
2017101292
2017101293
2017101294
2017101295
2017101296
2017101297
2017101298
2017101299
2017101301
2017101302
2017101303
2017101304
2017101305
2017101306
2017101307
2017101308
2017101310
2017101311
2017101312
2017101314
2017101315
2017101316
2017101317
2017101318
2017101319
2017101320
2017101321
2017101322
2017101323
2017101325
2017101327
2017101329
2017101331
2017101332
2017101333
2017101334
2017101335
2017101336
2017101338
2017101340
2017101341
2017101342
2017101345
2017101346
2017101347
2017101348
2017101349
2017101350
2017101351
2017101352
2017101353
2017101354
2017101355
2017101356
2017101357
2017101358
2017101362
2017101363
2017101364
2017101365
2017101366
2017101367
2017101368
2017101369
2017101370
2017101371
2017101372
2017101373
2017101374
2017101375
2017101376
2017101377
2017101378
2017101379
2017101380
2017101381
2017101382
2017101383
2017101385
2017101386
2017101387
2017101389
2017101390
2017101391
2017101392
2017101393
2017101394
2017101395
2017101396
2017101397
2017101398
2017101399
2017101400
2017101401
2017101402
2017101403
2017101404
2017101406
2017101407
2017101408
2017101409
2017101410
2017101411
2017101412
2017101413
2017101415
2017101416
2017101417
2017101418
2017101419
2017101420
2017101421
2017101422
2017101423
2017101424
2017101426
2017101427
2017101428
2017101429
2017101430
2017101431
2017101432
2017101433
2017101435
2017101436
2017101437
2017101438
2017101439
2017101440
2017101441
2017101442
2017101443
2017101444
2017101445
2017101446
2017101447
2017101448
2017101449
2017101451
2017101452
2017101453
2017101454
2017101455
2017101456
2017101457
2017101459
2017101460
2017101461
2017101462
2017101463
2017101464
2017101465
2017101466
2017101467
2017101469
2017101471
2017101472
2017101473
2017101474
2017101475
2017101476
2017101478
2017101479
2017101480
2017101481
2017101482
2017101483
2017101484
2017101485
2017101486
2017101487
2017101489
2017101490
2017101491
2017101492
2017101493
2017101495
2017101496
2017101498
2017101499
2017101501
2017101503
2017101504
2017101505
2017101506
2017101507
2017101508
2017101509
2017101510
2017101511
2017101512
2017101513
2017101514
2017101515
2017101516
2017101517
2017101518
2017101519
2017101520
2017101521
2017101523
2017101524
2017101525
2017101526
2017101528
2017101529
2017101530
2017101531
2017101532
2017101533
2017101534
2017101535
2017101536
2017101537
2017101538
2017101539
2017101540
2017101542
2017101544
2017101545
2017101546
2017101547
2017101548
2017101549
2017101552
2017101553
2017101554
2017101555
2017101556
2017101557
2017101558
2017101559
2017101560
2017101561
2017101562
2017101563
2017101564
2017101565
2017101566
2017101568
2017101569
2017101570
2017101571
2017101572
2017101573
2017101574
2017101576
2017101578
2017101579
2017101580
2017101581
2017101582
2017101583
2017101584
2017101585
2017101586
2017101587
2017101588
2017101589
2017101590
2017101591
2017101592
2017101593
2017101594
2017101595
2017101596
2017101597
2017101598
2017101599
2017101600
2017101601
2017101602
2017101603
2017101605
2017101607
2017101608
2017101609
2017101610
2017101611
2017101612
2017101613
2017101614
2017101615
2017101616
2017101617
2017101618
2017101619
2017101620
2017101621
2017101622
2017101623
2017101624
2017101625
2017101626
2017101627
2017101629
2017101630
2017101631
2017101632
2017101633
2017101634
2017101635
2017101636
2017101637
2017101638
2017101639
2017101640
2017101641
2017101642
2017101643
2017101645
2017101646
2017101647
2017101648
2017101649
2017101650
2017101651
2017101652
2017101653
2017101654
2017101655
2017101656
2017101657
2017101658
2017101659
2017101660
2017101661
2017101662
2017101663
2017101665
2017101666
2017101667
2017101668
2017101669
2017101670
2017101671
2017101672
2017101673
2017101674
2017101675
2017101676
2017101677
2017101679
2017101680
2017101681
2017101682
2017101684
2017101685
2017101686
2017101687
2017101688
2017101689
2017101690
2017101691
2017101692
2017101693
2017101694
2017101695
2017101696
2017101697
2017101698
2017101700
2017101701
2017101702
2017101703
2017101704
2017101706
2017101707
2017101708
2017101709
2017101711
2017101712
2017101713
2017101714
2017101715
2017101716
2017101717
2017101718
2017101719
2017101720
2017101721
2017101722
2017101723
2017101724
2017101725
2017101726
2017101727
2017101728
2017101729
2017101730
2017101731
2017101732
2017101733
2017101734
2017101735
2017101736
2017101737
2017101738
2017101739
2017101741
2017101742
2017101743
2017101746
2017101747
2017101748
2017101749
2017101750
2017101751
2017101752
2017101753
2017101754
2017101755
2017101756
2017101757
2017101758
2017101759
2017101760
2017101761
2017101762
2017101763
2017101764
2017101765
2017101766
2017101767
2017101768
2017101769
2017101771
2017101772
2017101773
2017101774
2017101775
2017101777
2017101778
2017101779
2017101781
2017101782
2017101783
2017101784
2017101785
2017101786
2017101787
2017101788
2017101789
2017101790
2017101791
2017101792
2017101793
2017101794
2017101795
2017101796
2017101797
2017101798
2017101799
2017101800
2017101802
2017101804
2017101805
2017101806
2017101807
2017101808
2017101809
2017101810
2017101811
2017101813
2017101815
2017101816
2017101818
2017101819
2017101820
2017101821
2017101822
2017101823
2017101824
2017101825
2017101826
2017101827
2017101828
2017101829
2017101830
2017101831
2017101832
2017101833
2017101835
2017101836
2017101837
2017101838
2017101839
2017101840
2017101841
2017101842
2017101843
2017101844
2017101845
2017101846
2017101847
2017101848
2017101849
2017101850
2017101851
2017101852
2017101853
2017101854
2017101856
2017101857
2017101858
2017101859
2017101860
2017101861
2017101862
2017101863
2017101864
2017101865
2017101866
2017101867
2017101868
2017101869
2017101870
2017101871
2017101872
2017101873
2017101874
2017101875
2017101876
2017101877
2017101878
2017101879
2017101880
2017101881
2017101882
2017101883
2017101884
2017101885
2017101886
2017101887
2017101888
2017101889
2017101890
2017101891
2017101893
2017101894
2017101895
2017101896
2017101897
2017101898
2017101899
2017101900
2017101901
2017101902
2017101903
2017101904
2017101905
2017101906
2017101907
2017101908
2017101909
2017101910
2017101911
2017101912
2017101913
2017101914
2017101915
2017101916
2017101918
2017101919
2017101920
2017101921
2017101922
2017101923
2017101924
2017101925
2017101926
2017101927
2017101928
2017101929
2017101930
2017101931
2017101932
2017101933
2017101935
2017101936
2017101937
2017101938
2017101939
2017101940
2017101941
2017101942
2017101943
2017101945
2017101946
2017101947
2017101948
2017101949
2017101951
2017101952
2017101953
2017101954
2017101955
2017101956
2017101957
2017101959
2017101960
2017101962
2017101963
2017101964
2017101965
2017101966
2017101967
2017101968
2017101969
2017101972
2017101973
2017101974
2017101975
2017101976
2017101977
2017101978
2017101979
2017101980
2017101981
2017101982
2017101983
2017101984
2017101985
2017101987
2017101988
2017101990
2017101991
2017101992
2017101993
2017101994
2017101995
2017101996
2017101997
2017101998
2017101999
2017102000
2017102002
2017102003
2017102004
2017102005
2017102006
2017102007
2017102008
2017102009
2017102010
2017102011
2017102012
2017102013
2017102014
2017102015
2017102016
2017102017
2017102018
2017102019
2017102021
2017102022
2017102024
2017102025
2017102027
2017102028
2017102030
2017102031
2017102033
2017102034
2017102035
2017102036
2017102037
2017102038
2017102039
2017102040
2017102041
2017102042
2017102043
2017102044
2017102045
2017102046
2017102047
2017102049
2017102050
2017102051
2017102052
2017102053
2017102054
2017102055
2017102056
2017102057
2017102058
2017102059
2017102060
2017102061
2017102063
2017102064
2017102065
2017102066
2017102067
2017102068
2017102069
2017102070
2017102071
2017102072
2017102073
2017102074
2017102075
2017102076
2017102077
2017102078
2017102079
2017102080
2017102081
2017102082
2017102083
2017102084
2017102085
2017102086
2017102087
2017102088
2017102089
2017102090
2017102091
2017102092
2017102093
2017102094
2017102095
2017102096
2017102097
2017102098
2017102099
2017102100
2017102101
2017102102
2017102103
2017102104
2017102105
2017102106
2017102107
2017102108
2017102109
2017102110
2017102111
2017102112
2017102113
2017102114
2017102115
2017102116
2017102117
2017102118
2017102119
2017102120
2017102121
2017102122
2017102123
2017102124
2017102125
2017102126
2017102128
2017102129
2017102130
2017102131
2017102132
2017102133
2017102134
2017102135
2017102137
2017102138
2017102139
2017102140
2017102141
2017102142
2017102143
2017102144
2017102145
2017102146
2017102147
2017102148
2017102149
2017102150
2017102151
2017102152
2017102153
2017102154
2017102155
2017102156
2017102157
2017102158
2017102159
2017102160
2017102161
2017102162
2017102163
2017102164
2017102165
2017102167
2017102168
2017102170
2017102171
2017102172
2017102173
2017102175
2017102176
2017102177
2017102178
2017102179
2017102181
2017102182
2017102183
2017102184
2017102185
2017102186
2017102187
2017102188
2017102189
2017102190
2017102191
2017102192
2017102194
2017102195
2017102196
2017102197
2017102198
2017102199
2017102200
2017102201
2017102202
2017102203
2017102204
2017102205
2017102206
2017102207
2017102208
2017102209
2017102210
2017102211
2017102212
2017102213
2017102215
2017102216
2017102217
2017102218
2017102219
2017102220
2017102221
2017102222
2017102223
2017102224
2017102225
2017102226
2017102227
2017102228
2017102229
2017102230
2017102231
2017102232
2017102233
2017102234
2017102235
2017102236
2017102237
2017102238
2017102239
2017102240
2017102241
2017102242
2017102243
2017102244
2017102246
2017102247
2017102250
2017102251
2017102252
2017102253
2017102254
2017102255
2017102256
2017102257
2017102259
2017102260
2017102261
2017102262
2017102263
2017102264
2017102265
2017102267
2017102268
2017102269
2017102270
2017102271
2017102272
2017102273
2017102274
2017102275
2017102276
2017102277
2017102278
2017102279
2017102280
2017102281
2017102282
2017102283
2017102284
2017102286
2017102287
2017102288
2017102289
2017102290
2017102292
2017102293
2017102294
2017102295
2017102296
2017102297
2017102299
2017102300
2017102301
2017102302
2017102303
2017102304
2017102305
2017102306
2017102307
2017102308
2017102309
2017102310
2017102312
2017102313
2017102314
2017102315
2017102316
2017102317
2017102318
2017102319
2017102320
2017102322
2017102323
2017102324
2017102325
2017102327
2017102328
2017102329
2017102330
2017102331
2017102332
2017102333
2017102334
2017102335
2017102336
2017102338
2017102339
2017102340
2017102341
2017102342
2017102343
2017102344
2017102345
2017102346
2017102347
2017102348
2017102349
2017102350
2017102351
2017102352
2017102353
2017102354
2017102355
2017102356
2017102357
2017102358
2017102359
2017102360
2017102361
2017102362
2017102363
2017102364
2017102365
2017102366
2017102368
2017102369
2017102370
2017102371
2017102372
2017102374
2017102375
2017102376
2017102377
2017102378
2017102379
2017102380
2017102381
2017102382
2017102383
2017102385
2017102386
2017102387
2017102388
2017102389
2017102390
2017102391
2017102392
2017102393
2017102394
2017102395
2017102396
2017102397
2017102398
2017102399
2017102400
2017102401
2017102402
2017102403
2017102405
2017102406
2017102407
2017102408
2017102409
2017102411
2017102412
2017102413
2017102414
2017102415
2017102416
2017102417
2017102418
2017102419
2017102420
2017102421
2017102422
2017102423
2017102424
2017102425
2017102426
2017102427
2017102428
2017102429
2017102430
2017102431
2017102432
2017102433
2017102434
2017102435
2017102436
2017102437
2017102438
2017102439
2017102440
2017102441
2017102442
2017102443
2017102444
2017102445
2017102447
2017102448
2017102449
2017102450
2017102451
2017102452
2017102453
2017102454
2017102455
2017102457
2017102458
2017102459
2017102460
2017102461
2017102462
2017102463
2017102464
2017102465
2017102466
2017102467
2017102469
2017102470
2017102471
2017102472
2017102473
2017102474
2017102475
2017102476
2017102477
2017102478
2017102479
2017102480
2017102481
2017102482
2017102483
2017102484
2017102485
2017102486
2017102487
2017102488
2017102489
2017102490
2017102491
2017102492
2017102493
2017102494
2017102495
2017102496
2017102497
2017102498
2017102499
2017102500
2017102501
2017102502
2017102503
2017102505
2017102506
2017102508
2017102509
2017102510
2017102511
2017102512
2017102513
2017102514
2017102515
2017102516
2017102517
2017102518
2017102519
2017102520
2017102521
2017102522
2017102523
2017102525
2017102526
2017102527
2017102528
2017102529
2017102530
2017102531
2017102532
2017102533
2017102534
2017102535
2017102536
2017102537
2017102538
2017102539
2017102541
2017102542
2017102543
2017102544
2017102545
2017102546
2017102547
2017102548
2017102549
2017102550
2017102551
2017102552
2017102554
2017102555
2017102556
2017102557
2017102558
2017102559
2017102560
2017102561
2017102562
2017102563
2017102565
2017102566
2017102567
2017102568
2017102569
2017102570
2017102571
2017102572
2017102573
2017102575
2017102576
2017102577
2017102578
2017102579
2017102580
2017102581
2017102583
2017102585
2017102586
2017102587
2017102588
2017102589
2017102590
2017102591
2017102592
2017102593
2017102594
2017102595
2017102596
2017102597
2017102598
2017102599
2017102600
2017102601
2017102602
2017102603
2017102604
2017102605
2017102606
2017102607
2017102608
2017102609
2017102610
2017102611
2017102612
2017102613
2017102614
2017102615
2017102616
2017102618
2017102619
2017102620
2017102621
2017102622
2017102624
2017102625
2017102626
2017102627
2017102628
2017102629
2017102630
2017102631
2017102632
2017102633
2017102634
2017102635
2017102636
2017102637
2017102638
2017102639
2017102640
2017102641
2017102642
2017102644
2017102645
2017102646
2017102647
2017102648
2017102649
2017102651
2017102652
2017102653
2017102654
2017102655
2017102657
2017102658
2017102659
2017102661
2017102662
2017102663
2017102664
2017102665
2017102666
2017102667
2017102669
2017102670
2017102671
2017102672
2017102673
2017102675
2017102676
2017102678
2017102680
2017102681
2017102682
2017102683
2017102684
2017102685
2017102686
2017102687
2017102688
2017102689
2017102690
2017102691
2017102692
2017102693
2017102694
2017102695
2017102696
2017102697
2017102699
2017102700
2017102701
2017102702
2017102703
2017102704
2017102705
2017102706
2017102707
2017102708
2017102709
2017102711
2017102712
2017102713
2017102714
2017102715
2017102716
2017102717
2017102718
2017102719
2017102721
2017102722
2017102723
2017102724
2017102726
2017102727
2017102728
2017102729
2017102730
2017102731
2017102732
2017102733
2017102735
2017102736
2017102737
2017102738
2017102739
2017102740
2017102741
2017102743
2017102744
2017102745
2017102748
2017102749
2017102750
2017102751
2017102752
2017102753
2017102754
2017102755
2017102756
2017102757
2017102758
2017102759
2017102760
2017102761
2017102762
2017102763
2017102764
2017102765
2017102766
2017102767
2017102768
2017102769
2017102770
2017102771
2017102772
2017102774
2017102775
2017102776
2017102778
2017102779
2017102780
2017102783
2017102784
2017102785
2017102786
2017102787
2017102788
2017102789
2017102790
2017102791
2017102792
2017102793
2017102794
2017102795
2017102796
2017102797
2017102799
2017102800
2017102801
2017102802
2017102803
2017102804
2017102805
2017102806
2017102807
2017102808
2017102809
2017102810
2017102811
2017102812
2017102813
2017102814
2017102815
2017102816
2017102817
2017102818
2017102819
2017102820
2017102821
2017102822
2017102823
2017102824
2017102825
2017102826
2017102827
2017102828
2017102829
2017102831
2017102832
2017102833
2017102834
2017102835
2017102836
2017102837
2017102838
2017102839
2017102840
2017102841
2017102842
2017102843
2017102844
2017102845
2017102846
2017102847
2017102848
2017102849
2017102850
2017102851
2017102852
2017102853
2017102854
2017102855
2017102856
2017102857
2017102858
2017102859
2017102860
2017102862
2017102863
2017102864
2017102865
2017102866
2017102867
2017102868
2017102869
2017102870
2017102871
2017102872
2017102873
2017102874
2017102875
2017102876
2017102877
2017102878
2017102879
2017102880
2017102881
2017102882
2017102883
2017102884
2017102885
2017102886
2017102887
2017102888
2017102889
2017102890
2017102891
2017102892
2017102893
2017102894
2017102895
2017102897
2017102899
2017102900
2017102901
2017102902
2017102903
2017102904
2017102906
2017102907
2017102908
2017102909
2017102910
2017102911
2017102912
2017102913
2017102914
2017102915
2017102916
2017102917
2017102918
2017102919
2017102920
2017102921
2017102922
2017102923
2017102924
2017102925
2017102926
2017102927
2017102928
2017102929
2017102930
2017102931
2017102932
2017102933
2017102934
2017102935
2017102936
2017102937
2017102938
2017102939
2017102940
2017102941
2017102942
2017102943
2017102944
2017102945
2017102946
2017102947
2017102948
2017102949
2017102950
2017102951
2017102952
2017102953
2017102954
2017102955
2017102958
2017102959
2017102960
2017102961
2017102962
2017102963
2017102965
2017102966
2017102967
2017102968
2017102969
2017102971
2017102972
2017102973
2017102974
2017102975
2017102976
2017102977
2017102978
2017102979
2017102980
2017102981
2017102983
2017102984
2017102985
2017102986
2017102987
2017102988
2017102989
2017102990
2017102992
2017102993
2017102994
2017102995
2017102997
2017102999
2017103000
2017103001
2017103002
2017103003
2017103004
2017103005
2017103006
2017103007
2017103008
2017103009
2017103010
2017103011
2017103012
2017103014
2017103015
2017103017
2017103018
2017103019
2017103020
2017103021
2017103022
2017103023
2017103024
2017103025
2017103026
2017103027
2017103028
2017103029
2017103030
2017103031
2017103032
2017103033
2017103034
2017103035
2017103036
2017103037
2017103038
2017103039
2017103040
2017103041
2017103042
2017103043
2017103044
2017103045
2017103046
2017103047
2017103048
2017103049
2017103050
2017103051
2017103052
2017103053
2017103054
2017103055
2017103056
2017103058
2017103059
2017103060
2017103061
2017103062
2017103063
2017103064
2017103065
2017103066
2017103067
2017103068
2017103069
2017103070
2017103071
2017103072
2017103073
2017103074
2017103076
2017103077
2017103078
2017103079
2017103080
2017103081
2017103082
2017103083
2017103084
2017103085
2017103086
2017103087
2017103088
2017103090
2017103091
2017103092
2017103093
2017103094
2017103096
2017103097
2017103098
2017103099
2017103100
2017103101
2017103102
2017103103
2017103104
2017103105
2017103106
2017103107
2017103108
2017103109
2017103110
2017103111
2017103112
2017103113
2017103114
2017103115
2017103116
2017103117
2017103118
2017103119
2017103120
2017103121
2017103122
2017103123
2017103124
2017103125
2017103126
2017103127
2017103128
2017103129
2017103130
2017103132
2017103133
2017103134
2017103135
2017103136
2017103137
2017103138
2017103139
2017103140
2017103141
2017103142
2017103143
2017103144
2017103145
2017103146
2017103147
2017103149
2017103150
2017103151
2017103152
2017103153
2017103154
2017103155
2017103156
2017103157
2017103158
2017103159
2017103160
2017103161
2017103162
2017103163
2017103164
2017103165
2017103166
2017103167
2017103168
2017103169
2017103170
2017103171
2017103172
2017103174
2017103175
2017103176
2017103177
2017103178
2017103180
2017103181
2017103182
2017103183
2017103184
2017103185
2017103186
2017103187
2017103189
2017103190
2017103191
2017103192
2017103193
2017103194
2017103195
2017103196
2017103197
2017103198
2017103199
2017103200
2017103201
2017103202
2017103204
2017103205
2017103206
2017103207
2017103209
2017103210
2017103211
2017103212
2017103213
2017103214
2017103215
2017103216
2017103217
2017103218
2017103219
2017103220
2017103221
2017103223
2017103224
2017103225
2017103227
2017103228
2017103229
2017103231
2017103233
2017103234
2017103235
2017103236
2017103237
2017103238
2017103239
2017103240
2017103241
2017103242
2017103243
2017103244
2017103245
2017103246
2017103247
2017103248
2017103249
2017103250
2017103251
2017103252
2017103253
2017103255
2017103257
2017103258
2017103259
2017103260
2017103261
2017103263
2017103264
2017103266
2017103267
2017103270
2017103271
2017103272
2017103273
2017103274
2017103276
2017103277
2017103278
2017103279
2017103280
2017103281
2017103283
2017103284
2017103285
2017103286
2017103287
2017103288
2017103289
2017103290
2017103291
2017103292
2017103293
2017103294
2017103295
2017103298
2017103299
2017103300
2017103301
2017103302
2017103303
2017103304
2017103305
2017103306
2017103307
2017103308
2017103309
2017103310
2017103311
2017103312
2017103313
2017103314
2017103315
2017103316
2017103317
2017103319
2017103320
2017103321
2017103322
2017103323
2017103324
2017103325
2017103326
2017103327
2017103328
2017103329
2017103330
2017103331
2017103332
2017103333
2017103334
2017103335
2017103336
2017103337
2017103338
2017103339
2017103340
2017103341
2017103342
2017103343
2017103344
2017103345
2017103347
2017103349
2017103350
2017103351
2017103353
2017103354
2017103355
2017103356
2017103357
2017103358
2017103359
2017103361
2017103362
2017103363
2017103364
2017103366
2017103367
2017103368
2017103369
2017103370
2017103371
2017103372
2017103373
2017103375
2017103376
2017103377
2017103378
2017103379
2017103381
2017103382
2017103383
2017103384
2017103385
2017103386
2017103387
2017103388
2017103389
2017103390
2017103391
2017103392
2017103393
2017103394
2017103395
2017103396
2017103397
2017103398
2017103401
2017103402
2017103403
2017103404
2017103405
2017103406
2017103407
2017103408
2017103409
2017103410
2017103411
2017103412
2017103413
2017103414
2017103415
2017103416
2017103417
2017103418
2017103419
2017103420
2017103421
2017103422
2017103423
2017103424
2017103425
2017103426
2017103427
2017103428
2017103429
2017103430
2017103431
2017103432
2017103433
2017103434
2017103435
2017103436
2017103437
2017103438
2017103439
2017103440
2017103441
2017103442
2017103443
2017103444
2017103445
2017103447
2017103448
2017103449
2017103450
2017103451
2017103452
2017103453
2017103454
2017103455
2017103456
2017103457
2017103458
2017103459
2017103460
2017103461
2017103462
2017103463
2017103464
2017103465
2017103466
2017103467
2017103468
2017103469
2017103470
2017103471
2017103472
2017103473
2017103474
2017103475
2017103476
2017103477
2017103478
2017103479
2017103480
2017103481
2017103482
2017103483
2017103484
2017103485
2017103486
2017103487
2017103488
2017103489
2017103491
2017103492
2017103493
2017103494
2017103495
2017103496
2017103497
2017103498
2017103499
2017103500
2017103501
2017103502
2017103503
2017103504
2017103505
2017103507
2017103508
2017103509
2017103510
2017103511
2017103512
2017103513
2017103514
2017103515
2017103516
2017103517
2017103518
2017103520
2017103521
2017103522
2017103524
2017103525
2017103526
2017103527
2017103528
2017103529
2017103530
2017103531
2017103532
2017103534
2017103535
2017103536
2017103537
2017103538
2017103539
2017103543
2017103544
2017103545
2017103547
2017103548
2017103549
2017103550
2017103551
2017103553
2017103554
2017103556
2017103557
2017103558
2017103559
2017103560
2017103561
2017103563
2017103564
2017103565
2017103566
2017103567
2017103568
2017103569
2017103570
2017103571
2017103572
2017103573
2017103575
2017103576
2017103577
2017103579
2017103580
2017103581
2017103582
2017103583
2017103584
2017103585
2017103587
2017103588
2017103589
2017103590
2017103591
2017103592
2017103593
2017103595
2017103596
2017103597
2017103598
2017103599
2017103600
2017103602
2017103603
2017103604
2017103605
2017103606
2017103607
2017103608
2017103609
2017103612
2017103613
2017103614
2017103615
2017103616
2017103617
2017103618
2017103619
2017103620
2017103621
2017103622
2017103623
2017103624
2017103627
2017103628
2017103629
2017103631
2017103632
2017103633
2017103634
2017103635
2017103636
2017103637
2017103639
2017103640
2017103641
2017103642
2017103643
2017103644
2017103645
2017103646
2017103647
2017103648
2017103649
2017103650
2017103651
2017103652
2017103653
2017103655
2017103656
2017103657
2017103658
2017103659
2017103660
2017103661
2017103662
2017103663
2017103664
2017103665
2017103666
2017103667
2017103668
2017103669
2017103670
2017103671
2017103672
2017103673
2017103674
2017103675
2017103677
2017103679
2017103680
2017103681
2017103682
2017103683
2017103685
2017103686
2017103688
2017103690
2017103691
2017103692
2017103693
2017103694
2017103695
2017103696
2017103697
2017103698
2017103699
2017103700
2017103701
2017103702
2017103703
2017103704
2017103706
2017103707
2017103708
2017103709
2017103710
2017103711
2017103712
2017103713
2017103714
2017103715
2017103717
2017103718
2017103719
2017103720
2017103721
2017103722
2017103723
2017103724
2017103725
2017103727
2017103728
2017103729
2017103730
2017103731
2017103732
2017103733
2017103734
2017103736
2017103737
2017103738
2017103740
2017103741
2017103742
2017103743
2017103744
2017103746
2017103747
2017103748
2017103749
2017103750
2017103751
2017103752
2017103754
2017103755
2017103756
2017103757
2017103758
2017103759
2017103760
2017103761
2017103762
2017103763
2017103764
2017103765
2017103766
2017103767
2017103768
2017103769
2017103770
2017103771
2017103772
2017103773
2017103774
2017103775
2017103776
2017103777
2017103778
2017103779
2017103780
2017103781
2017103782
2017103783
2017103784
2017103785
2017103787
2017103788
2017103789
2017103790
2017103791
2017103792
2017103793
2017103794
2017103795
2017103796
2017103798
2017103799
2017103800
2017103801
2017103802
2017103803
2017103804
2017103805
2017103806
2017103807
2017103808
2017103809
2017103810
2017103812
2017103813
2017103814
2017103815
2017103816
2017103817
2017103818
2017103819
2017103820
2017103821
2017103822
2017103823
2017103824
2017103825
2017103826
2017103827
2017103828
2017103829
2017103830
2017103831
2017103832
2017103833
2017103835
2017103836
2017103837
2017103838
2017103839
2017103840
2017103841
2017103842
2017103843
2017103844
2017103845
2017103846
2017103848
2017103850
2017103851
2017103852
2017103854
2017103855
2017103856
2017103857
2017103858
2017103859
2017103860
2017103862
2017103863
2017103864
2017103865
2017103866
2017103867
2017103868
2017103869
2017103870
2017103871
2017103872
2017103874
2017103875
2017103876
2017103877
2017103878
2017103879
2017103880
2017103881
2017103882
2017103883
2017103884
2017103885
2017103886
2017103887
2017103888
2017103889
2017103890
2017103891
2017103893
2017103894
2017103895
2017103896
2017103898
2017103899
2017103900
2017103901
2017103902
2017103903
2017103904
2017103905
2017103906
2017103908
2017103909
2017103910
2017103911
2017103912
2017103913
2017103915
2017103917
2017103918
2017103919
2017103920
2017103921
2017103922
2017103923
2017103924
2017103926
2017103927
2017103928
2017103929
2017103930
2017103931
2017103932
2017103933
2017103934
2017103935
2017103936
2017103937
2017103938
2017103939
2017103940
2017103941
2017103942
2017103943
2017103945
2017103946
2017103947
2017103949
2017103950
2017103951
2017103952
2017103953
2017103954
2017103955
2017103956
2017103957
2017103958
2017103959
2017103960
2017103961
2017103962
2017103963
2017103964
2017103966
2017103967
2017103968
2017103969
2017103970
2017103971
2017103972
2017103973
2017103974
2017103975
2017103976
2017103977
2017103978
2017103979
2017103980
2017103981
2017103982
2017103984
2017103986
2017103987
2017103988
2017103989
2017103990
2017103991
2017103992
2017103993
2017103995
2017103996
2017103997
2017103998
2017103999
2017104000
2017104001
2017104002
2017104004
2017104005
2017104006
2017104007
2017104008
2017104009
2017104010
2017104011
2017104012
2017104013
2017104014
2017104015
2017104016
2017104017
2017104018
2017104019
2017104020
2017104021
2017104022
2017104023
2017104024
2017104025
2017104026
2017104027
2017104028
2017104029
2017104030
2017104031
2017104032
2017104033
2017104034
2017104037
2017104038
2017104039
2017104041
2017104042
2017104043
2017104044
2017104045
2017104047
2017104048
2017104049
2017104050
2017104051
2017104052
2017104053
2017104054
2017104055
2017104056
2017104057
2017104058
2017104059
2017104060
2017104061
2017104062
2017104063
2017104064
2017104065
2017104066
2017104067
2017104068
2017104069
2017104070
2017104071
2017104072
2017104073
2017104074
2017104075
2017104076
2017104077
2017104078
2017104079
2017104080
2017104081
2017104082
2017104083
2017104084
2017104085
2017104086
2017104087
2017104088
2017104089
2017104090
2017104091
2017104092
2017104093
2017104094
2017104095
2017104096
2017104097
2017104098
2017104099
2017104100
2017104101
2017104102
2017104103
2017104104
2017104105
2017104106
2017104107
2017104108
2017104109
2017104110
2017104111
2017104112
2017104113
2017104115
2017104116
2017104117
2017104118
2017104119
2017104120
2017104121
2017104122
2017104123
2017104125
2017104126
2017104127
2017104128
2017104129
2017104130
2017104131
2017104132
2017104133
2017104134
2017104135
2017104136
2017104137
2017104138
2017104139
2017104140
2017104141
2017104142
2017104143
2017104144
2017104145
2017104146
2017104147
2017104148
2017104150
2017104151
2017104152
2017104153
2017104154
2017104155
2017104156
2017104157
2017104158
2017104159
2017104160
2017104161
2017104162
2017104163
2017104164
2017104165
2017104166
2017104167
2017104168
2017104169
2017104170
2017104171
2017104172
2017104173
2017104174
2017104175
2017104176
2017104177
2017104178
2017104179
2017104180
2017104181
2017104182
2017104183
2017104184
2017104185
2017104186
2017104187
2017104188
2017104189
2017104190
2017104191
2017104192
2017104193
2017104194
2017104195
2017104196
2017104197
2017104198
2017104199
2017104200
2017104201
2017104202
2017104203
2017104204
2017104205
2017104206
2017104207
2017104208
2017104209
2017104211
2017104212
2017104214
2017104215
2017104217
2017104218
2017104219
2017104220
2017104221
2017104223
2017104224
2017104225
2017104226
2017104227
2017104229
2017104230
2017104231
2017104232
2017104233
2017104234
2017104235
2017104236
2017104237
2017104238
2017104239
2017104240
2017104241
2017104242
2017104243
2017104244
2017104245
2017104246
2017104247
2017104248
2017104250
2017104251
2017104252
2017104253
2017104254
2017104255
2017104256
2017104257
2017104258
2017104259
2017104260
2017104261
2017104262
2017104263
2017104264
2017104265
2017104266
2017104267
2017104268
2017104269
2017104270
2017104272
2017104273
2017104274
2017104276
2017104278
2017104279
2017104280
2017104281
2017104282
2017104283
2017104284
2017104285
2017104287
2017104288
2017104289
2017104290
2017104291
2017104292
2017104293
2017104294
2017104296
2017104297
2017104298
2017104299
2017104300
2017104301
2017104302
2017104303
2017104304
2017104305
2017104306
2017104307
2017104308
2017104309
2017104310
2017104311
2017104312
2017104313
2017104314
2017104315
2017104316
2017104317
2017104318
2017104319
2017104320
2017104321
2017104322
2017104323
2017104325
2017104326
2017104327
2017104328
2017104329
2017104330
2017104331
2017104332
2017104333
2017104334
2017104335
2017104336
2017104337
2017104338
2017104339
2017104341
2017104342
2017104343
2017104344
2017104345
2017104346
2017104347
2017104348
2017104349
2017104350
2017104351
2017104354
2017104355
2017104356
2017104357
2017104358
2017104359
2017104360
2017104361
2017104362
2017104363
2017104364
2017104366
2017104367
2017104368
2017104369
2017104370
2017104371
2017104372
2017104373
2017104375
2017104376
2017104377
2017104378
2017104379
2017104380
2017104381
2017104382
2017104383
2017104384
2017104385
2017104386
2017104387
2017104388
2017104389
2017104390
2017104392
2017104393
2017104394
2017104395
2017104396
2017104397
2017104398
2017104399
2017104400
2017104401
2017104402
2017104404
2017104405
2017104406
2017104407
2017104408
2017104410
2017104411
2017104413
2017104414
2017104415
2017104416
2017104417
2017104419
2017104420
2017104421
2017104422
2017104423
2017104424
2017104425
2017104426
2017104427
2017104428
2017104429
2017104430
2017104431
2017104433
2017104434
2017104435
2017104436
2017104437
2017104438
2017104440
2017104441
2017104442
2017104443
2017104444
2017104445
2017104446
2017104447
2017104448
2017104449
2017104450
2017104452
2017104453
2017104454
2017104455
2017104456
2017104457
2017104458
2017104459
2017104460
2017104461
2017104462
2017104463
2017104464
2017104466
2017104467
2017104468
2017104469
2017104470
2017104471
2017104472
2017104473
2017104474
2017104475
2017104476
2017104477
2017104478
2017104479
2017104480
2017104481
2017104482
2017104483
2017104484
2017104485
2017104486
2017104487
2017104488
2017104490
2017104491
2017104492
2017104494
2017104495
2017104496
2017104497
2017104498
2017104499
2017104500
2017104501
2017104502
2017104504
2017104505
2017104506
2017104507
2017104508
2017104509
2017104510
2017104511
2017104512
2017104513
2017104514
2017104515
2017104517
2017104519
2017104520
2017104521
2017104522
2017104523
2017104525
2017104526
2017104527
2017104528
2017104529
2017104530
2017104531
2017104532
2017104533
2017104534
2017104535
2017104536
2017104539
2017104540
2017104541
2017104542
2017104543
2017104544
2017104545
2017104546
2017104547
2017104548
2017104549
2017104550
2017104551
2017104552
2017104553
2017104554
2017104555
2017104556
2017104557
2017104558
2017104559
2017104560
2017104561
2017104563
2017104564
2017104565
2017104567
2017104568
2017104569
2017104570
2017104571
2017104572
2017104573
2017104574
2017104575
2017104576
2017104577
2017104578
2017104579
2017104580
2017104581
2017104582
2017104583
2017104584
2017104585
2017104586
2017104587
2017104588
2017104589
2017104590
2017104591
2017104592
2017104593
2017104594
2017104595
2017104596
2017104597
2017104598
2017104599
2017104600
2017104601
2017104602
2017104603
2017104604
2017104605
2017104606
2017104608
2017104609
2017104610
2017104611
2017104612
2017104614
2017104615
2017104616
2017104618
2017104619
2017104620
2017104621
2017104622
2017104623
2017104624
2017104625
2017104626
2017104627
2017104629
2017104630
2017104631
2017104632
2017104633
2017104634
2017104635
2017104636
2017104637
2017104638
2017104639
2017104640
2017104641
2017104642
2017104643
2017104644
2017104645
2017104646
2017104647
2017104648
2017104649
2017104650
2017104651
2017104652
2017104653
2017104654
2017104655
2017104656
2017104657
2017104659
2017104660
2017104661
2017104662
2017104663
2017104665
2017104666
2017104667
2017104668
2017104669
2017104670
2017104671
2017104672
2017104673
2017104674
2017104675
2017104676
2017104677
2017104678
2017104679
2017104680
2017104681
2017104682
2017104683
2017104684
2017104685
2017104686
2017104687
2017104688
2017104689
2017104690
2017104691
2017104692
2017104693
2017104694
2017104695
2017104696
2017104697
2017104698
2017104699
2017104700
2017104702
2017104703
2017104704
2017104705
2017104706
2017104707
2017104709
2017104710
2017104711
2017104712
2017104713
2017104714
2017104715
2017104716
2017104717
2017104718
2017104719
2017104720
2017104721
2017104722
2017104723
2017104724
2017104725
2017104726
2017104727
2017104729
2017104730
2017104731
2017104732
2017104733
2017104734
2017104735
2017104736
2017104737
2017104739
2017104740
2017104741
2017104743
2017104744
2017104745
2017104746
2017104747
2017104748
2017104750
2017104751
2017104752
2017104753
2017104755
2017104756
2017104757
2017104758
2017104759
2017104760
2017104761
2017104762
2017104764
2017104765
2017104766
2017104767
2017104768
2017104769
2017104770
2017104771
2017104772
2017104773
2017104774
2017104775
2017104776
2017104777
2017104778
2017104779
2017104780
2017104781
2017104782
2017104783
2017104784
2017104785
2017104786
2017104787
2017104788
2017104789
2017104791
2017104792
2017104793
2017104794
2017104795
2017104796
2017104797
2017104798
2017104799
2017104800
2017104801
2017104802
2017104803
2017104804
2017104805
2017104806
2017104807
2017104808
2017104809
2017104810
2017104811
2017104812
2017104813
2017104814
2017104815
2017104818
2017104819
2017104820
2017104821
2017104822
2017104823
2017104824
2017104825
2017104826
2017104827
2017104829
2017104830
2017104831
2017104832
2017104833
2017104835
2017104836
2017104838
2017104839
2017104841
2017104844
2017104845
2017104846
2017104847
2017104848
2017104849
2017104850
2017104851
2017104852
2017104853
2017104854
2017104855
2017104856
2017104857
2017104859
2017104861
2017104862
2017104863
2017104864
2017104865
2017104866
2017104867
2017104868
2017104869
2017104870
2017104872
2017104873
2017104874
2017104875
2017104877
2017104879
2017104880
2017104881
2017104882
2017104883
2017104884
2017104885
2017104886
2017104887
2017104888
2017104889
2017104890
2017104891
2017104893
2017104894
2017104895
2017104896
2017104897
2017104898
2017104899
2017104900
2017104901
2017104902
2017104903
2017104904
2017104905
2017104906
2017104907
2017104908
2017104909
2017104911
2017104912
2017104913
2017104914
2017104915
2017104916
2017104917
2017104918
2017104920
2017104921
2017104924
2017104925
2017104926
2017104927
2017104929
2017104930
2017104932
2017104933
2017104934
2017104935
2017104936
2017104937
2017104938
2017104939
2017104940
2017104941
2017104942
2017104944
2017104945
2017104946
2017104947
2017104948
2017104949
2017104950
2017104952
2017104953
2017104954
2017104955
2017104956
2017104958
2017104959
2017104961
2017104962
2017104963
2017104964
2017104966
2017104967
2017104968
2017104970
2017104971
2017104972
2017104973
2017104974
2017104975
2017104976
2017104977
2017104979
2017104980
2017104981
2017104982
2017104983
2017104984
2017104985
2017104986
2017104987
2017104988
2017104989
2017104991
2017104992
2017104993
2017104994
2017104995
2017104996
2017104997
2017104998
2017104999
2017105000
2017105001
2017105003
2017105004
2017105005
2017105006
2017105009
2017105010
2017105011
2017105012
2017105013
2017105014
2017105015
2017105017
2017105018
2017105019
2017105020
2017105021
2017105022
2017105023
2017105024
2017105025
2017105026
2017105027
2017105028
2017105029
2017105030
2017105031
2017105032
2017105033
2017105034
2017105035
2017105036
2017105037
2017105038
2017105039
2017105040
2017105041
2017105043
2017105044
2017105045
2017105046
2017105047
2017105048
2017105049
2017105050
2017105051
2017105052
2017105053
2017105054
2017105055
2017105057
2017105058
2017105059
2017105060
2017105061
2017105062
2017105063
2017105064
2017105065
2017105066
2017105067
2017105068
2017105069
2017105070
2017105072
2017105073
2017105074
2017105075
2017105076
2017105077
2017105078
2017105079
2017105080
2017105081
2017105082
2017105083
2017105084
2017105085
2017105086
2017105087
2017105088
2017105089
2017105090
2017105091
2017105092
2017105093
2017105094
2017105095
2017105096
2017105097
2017105099
2017105100
2017105101
2017105102
2017105103
2017105105
2017105106
2017105107
2017105108
2017105109
2017105110
2017105111
2017105112
2017105113
2017105114
2017105115
2017105116
2017105117
2017105118
2017105119
2017105120
2017105121
2017105122
2017105123
2017105124
2017105125
2017105126
2017105127
2017105128
2017105129
2017105130
2017105132
2017105133
2017105134
2017105135
2017105136
2017105137
2017105138
2017105139
2017105140
2017105141
2017105142
2017105143
2017105144
2017105145
2017105146
2017105147
2017105148
2017105149
2017105150
2017105151
2017105152
2017105153
2017105154
2017105155
2017105157
2017105158
2017105159
2017105160
2017105161
2017105162
2017105163
2017105164
2017105165
2017105166
2017105168
2017105170
2017105172
2017105173
2017105174
2017105176
2017105177
2017105178
2017105179
2017105180
2017105181
2017105182
2017105183
2017105185
2017105186
2017105187
2017105188
2017105190
2017105191
2017105192
2017105193
2017105194
2017105195
2017105196
2017105198
2017105199
2017105200
2017105201
2017105202
2017105203
2017105204
2017105206
2017105207
2017105208
2017105209
2017105210
2017105211
2017105212
2017105213
2017105214
2017105215
2017105216
2017105217
2017105218
2017105219
2017105220
2017105222
2017105224
2017105225
2017105226
2017105227
2017105228
2017105229
2017105230
2017105231
2017105232
2017105233
2017105234
2017105235
2017105236
2017105238
2017105239
2017105240
2017105241
2017105242
2017105246
2017105248
2017105249
2017105250
2017105252
2017105253
2017105254
2017105255
2017105256
2017105257
2017105259
2017105260
2017105261
2017105262
2017105263
2017105265
2017105266
2017105267
2017105268
2017105269
2017105270
2017105271
2017105272
2017105273
2017105274
2017105275
2017105276
2017105277
2017105278
2017105279
2017105280
2017105281
2017105282
2017105283
2017105285
2017105286
2017105287
2017105288
2017105289
2017105290
2017105291
2017105292
2017105293
2017105295
2017105296
2017105297
2017105298
2017105300
2017105301
2017105302
2017105303
2017105304
2017105305
2017105306
2017105307
2017105308
2017105309
2017105312
2017105313
2017105314
2017105315
2017105316
2017105317
2017105318
2017105319
2017105320
2017105321
2017105322
2017105323
2017105324
2017105326
2017105327
2017105328
2017105329
2017105330
2017105331
2017105332
2017105333
2017105334
2017105335
2017105336
2017105337
2017105338
2017105339
2017105340
2017105341
2017105342
2017105343
2017105344
2017105345
2017105346
2017105347
2017105348
2017105349
2017105350
2017105351
2017105352
2017105353
2017105354
2017105355
2017105356
2017105357
2017105358
2017105359
2017105360
2017105362
2017105363
2017105364
2017105365
2017105366
2017105367
2017105368
2017105370
2017105371
2017105372
2017105373
2017105374
2017105375
2017105376
2017105377
2017105378
2017105379
2017105380
2017105381
2017105383
2017105384
2017105385
2017105386
2017105387
2017105388
2017105389
2017105390
2017105391
2017105392
2017105393
2017105394
2017105395
2017105396
2017105397
2017105398
2017105400
2017105401
2017105402
2017105403
2017105404
2017105405
2017105406
2017105407
2017105408
2017105409
2017105410
2017105411
2017105412
2017105413
2017105414
2017105415
2017105416
2017105417
2017105418
2017105419
2017105420
2017105421
2017105422
2017105423
2017105424
2017105425
2017105426
2017105427
2017105428
2017105429
2017105430
2017105431
2017105433
2017105434
2017105435
2017105436
2017105437
2017105438
2017105439
2017105441
2017105443
2017105444
2017105445
2017105446
2017105447
2017105448
2017105449
2017105450
2017105451
2017105452
2017105453
2017105454
2017105455
2017105456
2017105457
2017105458
2017105459
2017105460
2017105461
2017105462
2017105463
2017105464
2017105465
2017105466
2017105467
2017105468
2017105469
2017105470
2017105471
2017105472
2017105473
2017105474
2017105475
2017105476
2017105477
2017105478
2017105479
2017105480
2017105481
2017105482
2017105483
2017105484
2017105485
2017105486
2017105488
2017105490
2017105491
2017105493
2017105494
2017105495
2017105496
2017105497
2017105498
2017105499
2017105500
2017105501
2017105502
2017105503
2017105504
2017105506
2017105508
2017105509
2017105511
2017105513
2017105514
2017105515
2017105516
2017105517
2017105518
2017105519
2017105522
2017105523
2017105524
2017105525
2017105526
2017105527
2017105528
2017105530
2017105531
2017105532
2017105533
2017105535
2017105536
2017105537
2017105538
2017105539
2017105541
2017105542
2017105543
2017105544
2017105545
2017105546
2017105548
2017105550
2017105552
2017105553
2017105554
2017105555
2017105556
2017105557
2017105558
2017105559
2017105560
2017105561
2017105562
2017105563
2017105564
2017105565
2017105566
2017105567
2017105568
2017105569
2017105570
2017105571
2017105572
2017105573
2017105574
2017105576
2017105577
2017105578
2017105579
2017105581
2017105582
2017105583
2017105584
2017105585
2017105587
2017105588
2017105589
2017105590
2017105591
2017105593
2017105594
2017105596
2017105597
2017105598
2017105599
2017105600
2017105601
2017105602
2017105603
2017105604
2017105605
2017105606
2017105607
2017105608
2017105610
2017105611
2017105612
2017105613
2017105614
2017105615
2017105616
2017105617
2017105618
2017105619
2017105620
2017105621
2017105622
2017105623
2017105624
2017105625
2017105626
2017105627
2017105628
2017105629
2017105630
2017105631
2017105632
2017105634
2017105636
2017105637
2017105638
2017105640
2017105641
2017105642
2017105643
2017105644
2017105645
2017105647
2017105648
2017105649
2017105650
2017105651
2017105652
2017105654
2017105655
2017105657
2017105658
2017105659
2017105660
2017105661
2017105662
2017105663
2017105664
2017105665
2017105666
2017105667
2017105669
2017105671
2017105672
2017105673
2017105674
2017105675
2017105677
2017105678
2017105680
2017105681
2017105682
2017105683
2017105684
2017105685
2017105686
2017105687
2017105688
2017105689
2017105690
2017105691
2017105692
2017105694
2017105695
2017105696
2017105697
2017105698
2017105699
2017105700
2017105701
2017105702
2017105703
2017105704
2017105705
2017105706
2017105707
2017105708
2017105709
2017105711
2017105712
2017105713
2017105714
2017105715
2017105716
2017105718
2017105719
2017105720
2017105721
2017105722
2017105723
2017105724
2017105725
2017105726
2017105727
2017105728
2017105729
2017105730
2017105731
2017105732
2017105733
2017105734
2017105735
2017105736
2017105738
2017105739
2017105740
2017105741
2017105742
2017105743
2017105744
2017105745
2017105748
2017105749
2017105750
2017105751
2017105752
2017105753
2017105754
2017105755
2017105757
2017105758
2017105759
2017105760
2017105761
2017105762
2017105763
2017105764
2017105766
2017105767
2017105768
2017105771
2017105773
2017105774
2017105775
2017105776
2017105777
2017105778
2017105780
2017105781
2017105782
2017105783
2017105784
2017105785
2017105786
2017105787
2017105788
2017105789
2017105790
2017105792
2017105793
2017105794
2017105795
2017105796
2017105797
2017105798
2017105799
2017105800
2017105801
2017105802
2017105803
2017105805
2017105806
2017105807
2017105808
2017105810
2017105811
2017105812
2017105813
2017105814
2017105815
2017105816
2017105817
2017105818
2017105819
2017105820
2017105821
2017105822
2017105823
2017105824
2017105825
2017105826
2017105827
2017105828
2017105829
2017105830
2017105831
2017105832
2017105833
2017105834
2017105835
2017105837
2017105838
2017105839
2017105840
2017105841
2017105842
2017105843
2017105844
2017105845
2017105846
2017105847
2017105849
2017105850
2017105851
2017105852
2017105853
2017105854
2017105855
2017105856
2017105857
2017105859
2017105860
2017105862
2017105863
2017105864
2017105866
2017105867
2017105868
2017105869
2017105870
2017105872
2017105874
2017105875
2017105876
2017105877
2017105878
2017105879
2017105880
2017105881
2017105882
2017105883
2017105884
2017105885
2017105886
2017105887
2017105888
2017105889
2017105890
2017105891
2017105892
2017105893
2017105894
2017105895
2017105896
2017105897
2017105898
2017105899
2017105900
2017105901
2017105902
2017105903
2017105905
2017105907
2017105909
2017105910
2017105911
2017105912
2017105913
2017105914
2017105915
2017105916
2017105917
2017105918
2017105919
2017105921
2017105922
2017105923
2017105924
2017105925
2017105926
2017105927
2017105928
2017105929
2017105930
2017105931
2017105932
2017105933
2017105934
2017105935
2017105936
2017105937
2017105938
2017105939
2017105940
2017105941
2017105942
2017105943
2017105944
2017105945
2017105946
2017105947
2017105948
2017105949
2017105950
2017105951
2017105952
2017105953
2017105954
2017105955
2017105956
2017105958
2017105959
2017105960
2017105961
2017105962
2017105963
2017105964
2017105965
2017105966
2017105967
2017105968
2017105969
2017105970
2017105971
2017105972
2017105973
2017105974
2017105975
2017105976
2017105977
2017105978
2017105979
2017105980
2017105981
2017105982
2017105984
2017105985
2017105986
2017105987
2017105988
2017105989
2017105990
2017105991
2017105992
2017105993
2017105994
2017105995
2017105996
2017105997
2017105998
2017105999
2017106000
2017106001
2017106002
2017106005
2017106006
2017106007
2017106009
2017106010
2017106011
2017106012
2017106014
2017106015
2017106016
2017106017
2017106018
2017106019
2017106020
2017106021
2017106022
2017106023
2017106024
2017106025
2017106026
2017106027
2017106028
2017106029
2017106030
2017106031
2017106032
2017106033
2017106034
2017106035
2017106036
2017106037
2017106038
2017106039
2017106040
2017106042
2017106043
2017106044
2017106045
2017106046
2017106047
2017106048
2017106049
2017106050
2017106051
2017106052
2017106053
2017106054
2017106055
2017106056
2017106057
2017106058
2017106059
2017106060
2017106061
2017106062
2017106063
2017106064
2017106065
2017106066
2017106067
2017106068
2017106069
2017106070
2017106071
2017106073
2017106074
2017106075
2017106078
2017106079
2017106080
2017106081
2017106082
2017106084
2017106085
2017106086
2017106087
2017106088
2017106089
2017106091
2017106092
2017106093
2017106094
2017106095
2017106096
2017106097
2017106098
2017106099
2017106100
2017106102
2017106103
2017106104
2017106105
2017106106
2017106107
2017106108
2017106109
2017106110
2017106111
2017106112
2017106113
2017106114
2017106115
2017106116
2017106117
2017106118
2017106120
2017106121
2017106122
2017106123
2017106124
2017106125
2017106126
2017106127
2017106128
2017106129
2017106130
2017106131
2017106132
2017106133
2017106134
2017106135
2017106136
2017106137
2017106138
2017106139
2017106140
2017106141
2017106142
2017106144
2017106145
2017106146
2017106147
2017106148
2017106149
2017106150
2017106151
2017106152
2017106153
2017106154
2017106156
2017106157
2017106158
2017106159
2017106160
2017106161
2017106162
2017106163
2017106164
2017106165
2017106166
2017106167
2017106168
2017106169
2017106170
2017106172
2017106173
2017106174
2017106175
2017106176
2017106177
2017106178
2017106179
2017106180
2017106181
2017106182
2017106183
2017106185
2017106186
2017106187
2017106188
2017106189
2017106190
2017106191
2017106192
2017106193
2017106194
2017106195
2017106196
2017106197
2017106198
2017106199
2017106200
2017106201
2017106202
2017106203
2017106205
2017106206
2017106207
2017106208
2017106209
2017106212
2017106213
2017106214
2017106215
2017106216
2017106217
2017106218
2017106219
2017106220
2017106221
2017106222
2017106223
2017106224
2017106225
2017106226
2017106227
2017106228
2017106229
2017106230
2017106231
2017106232
2017106233
2017106234
2017106235
2017106236
2017106237
2017106239
2017106240
2017106241
2017106242
2017106243
2017106244
2017106246
2017106247
2017106248
2017106249
2017106252
2017106253
2017106254
2017106255
2017106256
2017106257
2017106258
2017106259
2017106260
2017106261
2017106263
2017106264
2017106265
2017106266
2017106268
2017106269
2017106270
2017106271
2017106272
2017106273
2017106274
2017106275
2017106276
2017106277
2017106278
2017106279
2017106280
2017106281
2017106282
2017106283
2017106284
2017106285
2017106286
2017106287
2017106289
2017106290
2017106291
2017106292
2017106293
2017106294
2017106295
2017106296
2017106297
2017106298
2017106299
2017106300
2017106301
2017106302
2017106303
2017106304
2017106305
2017106309
2017106310
2017106311
2017106312
2017106313
2017106314
2017106315
2017106316
2017106317
2017106318
2017106319
2017106320
2017106321
2017106322
2017106323
2017106324
2017106325
2017106326
2017106327
2017106328
2017106329
2017106330
2017106331
2017106332
2017106333
2017106334
2017106335
2017106336
2017106337
2017106338
2017106339
2017106340
2017106341
2017106342
2017106343
2017106344
2017106345
2017106346
2017106347
2017106348
2017106349
2017106350
2017106351
2017106352
2017106353
2017106355
2017106356
2017106357
2017106358
2017106359
2017106360
2017106361
2017106362
2017106364
2017106365
2017106366
2017106367
2017106368
2017106369
2017106370
2017106371
2017106372
2017106373
2017106374
2017106376
2017106377
2017106378
2017106379
2017106380
2017106383
2017106384
2017106385
2017106387
2017106389
2017106390
2017106392
2017106393
2017106394
2017106395
2017106396
2017106397
2017106398
2017106399
2017106400
2017106401
2017106402
2017106403
2017106404
2017106405
2017106406
2017106407
2017106408
2017106409
2017106410
2017106412
2017106413
2017106414
2017106417
2017106418
2017106419
2017106420
2017106421
2017106422
2017106423
2017106424
2017106425
2017106426
2017106427
2017106428
2017106429
2017106430
2017106431
2017106432
2017106433
2017106434
2017106435
2017106436
2017106437
2017106438
2017106439
2017106440
2017106441
2017106442
2017106443
2017106444
2017106447
2017106449
2017106450
2017106451
2017106452
2017106453
2017106454
2017106455
2017106456
2017106457
2017106458
2017106459
2017106460
2017106461
2017106462
2017106463
2017106464
2017106465
2017106467
2017106468
2017106469
2017106470
2017106471
2017106472
2017106473
2017106474
2017106475
2017106476
2017106478
2017106479
2017106480
2017106481
2017106482
2017106483
2017106484
2017106485
2017106486
2017106487
2017106488
2017106489
2017106490
2017106491
2017106492
2017106493
2017106494
2017106495
2017106496
2017106497
2017106498
2017106499
2017106500
2017106501
2017106502
2017106503
2017106504
2017106505
2017106506
2017106507
2017106509
2017106511
2017106512
2017106513
2017106514
2017106516
2017106518
2017106519
2017106520
2017106521
2017106522
2017106523
2017106524
2017106525
2017106526
2017106527
2017106528
2017106530
2017106531
2017106532
2017106533
2017106534
2017106535
2017106536
2017106537
2017106538
2017106539
2017106540
2017106541
2017106542
2017106543
2017106544
2017106545
2017106546
2017106547
2017106548
2017106550
2017106551
2017106552
2017106553
2017106554
2017106555
2017106557
2017106558
2017106559
2017106560
2017106561
2017106562
2017106563
2017106564
2017106565
2017106566
2017106567
2017106568
2017106570
2017106571
2017106572
2017106573
2017106574
2017106575
2017106576
2017106578
2017106580
2017106581
2017106582
2017106583
2017106584
2017106585
2017106586
2017106587
2017106588
2017106589
2017106590
2017106591
2017106592
2017106593
2017106595
2017106596
2017106597
2017106598
2017106599
2017106600
2017106601
2017106602
2017106603
2017106604
2017106605
2017106606
2017106607
2017106608
2017106609
2017106610
2017106611
2017106612
2017106613
2017106614
2017106615
2017106617
2017106618
2017106619
2017106620
2017106621
2017106623
2017106624
2017106625
2017106626
2017106627
2017106628
2017106629
2017106630
2017106631
2017106632
2017106634
2017106635
2017106636
2017106637
2017106638
2017106639
2017106640
2017106641
2017106642
2017106643
2017106644
2017106645
2017106646
2017106647
2017106648
2017106649
2017106650
2017106651
2017106652
2017106653
2017106654
2017106656
2017106657
2017106659
2017106660
2017106661
2017106662
2017106663
2017106664
2017106665
2017106666
2017106667
2017106669
2017106670
2017106671
2017106672
2017106673
2017106674
2017106675
2017106676
2017106677
2017106678
2017106679
2017106680
2017106681
2017106682
2017106683
2017106684
2017106685
2017106686
2017106687
2017106688
2017106689
2017106690
2017106691
2017106692
2017106693
2017106694
2017106695
2017106697
2017106698
2017106699
2017106700
2017106702
2017106703
2017106704
2017106705
2017106706
2017106707
2017106708
2017106709
2017106710
2017106711
2017106712
2017106713
2017106714
2017106715
2017106716
2017106717
2017106718
2017106719
2017106720
2017106721
2017106722
2017106723
2017106724
2017106725
2017106726
2017106727
2017106728
2017106729
2017106730
2017106731
2017106732
2017106733
2017106734
2017106735
2017106736
2017106738
2017106739
2017106740
2017106741
2017106742
2017106744
2017106745
2017106746
2017106747
2017106748
2017106749
2017106750
2017106752
2017106753
2017106754
2017106755
2017106756
2017106757
2017106758
2017106759
2017106760
2017106761
2017106762
2017106763
2017106764
2017106765
2017106766
2017106767
2017106768
2017106769
2017106770
2017106771
2017106772
2017106773
2017106776
2017106777
2017106778
2017106779
2017106780
2017106781
2017106782
2017106783
2017106784
2017106785
2017106786
2017106787
2017106788
2017109001
2017109002
2017109005
2017109006
2017109007
2017109008
2017109009
2017109010
2017109011
2017109012
2017109013
2017109014
2017109015
2017109016
2017109017
2017109018
2017109019
2017109020
2017109021
2017109024
2017109025
2017109026
2017109027
2017109028
2017109029
2017109030
2017109031
2017109032
2017109033
2017109034
2017109036
2017109037
2017109038
2017109039
2017109041
2017109042
2017109043
2017109044
2017109045
2017109046
2017109047
2017109048
2017109050
2017109051
2017109052
2017109053
2017109054
2017109055
2017109056
2017109057
2017109058
2017109059
2017109060
2017109061
2017109062
2017109064
2017109065
2017109066
2017109067
2017109068
2017109069
2017109070
2017109071
2017109072
2017109073
2017109074
2017109075
2017109076
2017109077
2017109078
2017109079
2017109080
2017109081
2017109083
2017109084
2017109085
2017109086
2017109088
2017109089
2017109090
2017109091
2017109092
2017109093
2017109094
2017109095
2017109096
2017109097
2017109098
2017109099
2017109100
2017109101
2017109105
2017109107
2017109108
2017109109
2017109110
2017109111
2017109112
2017109113
2017109114
2017109115
2017109116
2017109117
2017109118
2017109119
2017109120
2017109121
2017109122
2017109123
2017109124
2017109125
2017109126
2017109127
2017109128
2017109129
2017109130
2017109131
2017109132
2017109133
2017109134
2017109135
2017109136
2017109137
2017109138
2017109139
2017109140
2017109141
2017109142
2017109143
2017109144
2017109145
2017109146
2017109147
2017109148
2017109149
2017109150
2017109151
2017109152
2017109154
2017109155
2017109156
2017109157
2017109158
2017109159
2017109160
2017109161
2017109162
2017110002
2017110004
2017110005
2017110006
2017110007
2017110008
2017110009
2017110010
2017110012
2017110013
2017110014
2017110015
2017110016
2017110017
2017110018
2017110019
2017110020
2017110021
2017110022
2017110023
2017110024
2017110025
2017110026
2017110027
2017110028
2017110029
2017110030
2017110031
2017110032
2017110033
2017110034
2017110035
2017110036
2017110037
2017110038
2017110039
2017110040
2017110041
2017110042
2017110043
2017110044
2017110045
2017110046
2017110047
2017110048
2017110049
2017110050
2017110051
2017110052
2017110054
2017110055
2017110056
2017110057
2017110058
2017110059
2017110060
2017110061
2017110062
2017110063
2017110064
2017110065
2017110066
2017110067
2017110068
2017110069
2017110070
2017110071
2017110072
2017110073
2017110074
2017110075
2017110076
2017110077
2017110079
2017110081
2017110082
2017110083
2017110084
2017110085
2017110086
2017110087
2017110088
2017110089
2017110090
2017110091
2017110092
2017110093
2017110094
2017110095
2017110096
2017110097
2017110098
2017110099
2017110100
2017110101
2017110102
2017110103
2017110104
2017110105
2017110106
2017110107
2017110108
2017110110
2017110111
2017110112
2017110115
2017110116
2017110117
2017110118
2017110119
2017110120
2017110121
2017110122
2017110123
2017110124
2017110125
2017110126
2017110127
2017110128
2017110129
2017110130
2017110131
2017110132
2017110133
2017110134
2017110135
2017110136
2017110137
2017110138
2017110139
2017110140
2017110141
2017110142
2017110143
2017110144
2017110145
2017110146
2017110147
2017110148
2017110149
2017110150
2017110151
2017110152
2017110153
2017110154
2017110155
2017110156
2017110157
2017110158
2017110159
2017110160
2017110161
2017110162
2017110163
2017110164
2017110165
2017110166
2017110167
2017110168
2017110169
2017110170
2017110171
2017110172
2017110173
2017110174
2017110175
2017110176
2017110177
2017110178
2017110179
2017200001
