2019100015
2019100018
2019100021
2019100026
2019100032
2019100033
2019100036
2019100037
2019100044
2019100045
2019100048
2019100051
2019100052
2019100054
2019100062
2019100063
2019100065
2019100068
2019100080
2019100082
2019100091
2019100092
2019100101
2019100108
2019100116
2019100120
2019100122
2019100123
2019100126
2019100140
2019100145
2019100149
2019100150
2019100153
2019100158
2019100166
2019100172
2019100180
2019100182
2019100183
2019100193
2019100205
2019100213
2019100214
2019100229
2019100230
2019100237
2019100238
2019100241
2019100252
2019100254
2019100256
2019100261
2019100263
2019100264
2019100267
2019100268
2019100270
2019100271
2019100274
2019100280
2019100283
2019100295
2019100297
2019100312
2019100313
2019100314
2019100319
2019100329
2019100330
2019100334
2019100338
2019100351
2019100361
2019100363
2019100366
2019100369
2019100371
2019100381
2019100382
2019100383
2019100395
2019100405
2019100415
2019100416
2019100418
2019100424
2019100426
2019100431
2019100438
2019100446
2019100448
2019100452
2019100454
2019100455
2019100457
2019100458
2019100460
2019100466
2019100467
2019100468
2019100469
2019100474
2019100475
2019100477
2019100488
2019100494
2019100495
2019100498
2019100500
2019100504
2019100511
2019100515
2019100518
2019100529
2019100532
2019100547
2019100555
2019100563
2019100571
2019100581
2019100584
2019100585
2019100587
2019100593
2019100613
2019100617
2019100620
2019100641
2019100643
2019100652
2019100667
2019100670
2019100671
2019100672
2019100673
2019100674
2019100675
2019100681
2019100682
2019100687
2019100691
2019100705
2019100707
2019100709
2019100710
2019100711
2019100713
2019100716
2019100720
2019100721
2019100730
2019100733
2019100735
2019100737
2019100742
2019100750
2019100751
2019100755
2019100761
2019100765
2019100772
2019100774
2019100786
2019100791
2019100800
2019100803
2019100804
2019100806
2019100809
2019100811
2019100815
2019100816
2019100821
2019100830
2019100838
2019100842
2019100846
2019100851
2019100859
2019100860
2019100861
2019100875
2019100877
2019100880
2019100886
2019100890
2019100892
2019100895
2019100896
2019100900
2019100901
2019100905
2019100914
2019100921
2019100923
2019100924
2019100930
2019100931
2019100935
2019100936
2019100938
2019100942
2019100949
2019100951
2019100956
2019100958
2019100963
2019100967
2019100968
2019100973
2019100978
2019100980
2019100985
2019100986
2019100991
2019100998
2019101000
2019101026
2019101028
2019101030
2019101036
2019101037
2019101041
2019101042
2019101043
2019101045
2019101050
2019101052
2019101070
2019101071
2019101072
2019101080
2019101089
2019101093
2019101100
2019101102
2019101103
2019101109
2019101112
2019101113
2019101115
2019101125
2019101126
2019101130
2019101132
2019101136
2019101137
2019101138
2019101139
2019101148
2019101149
2019101158
2019101160
2019101162
2019101164
2019101169
2019101170
2019101177
2019101178
2019101179
2019101188
2019101191
2019101192
2019101196
2019101208
2019101209
2019101211
2019101214
2019101216
2019101224
2019101227
2019101229
2019101247
2019101253
2019101260
2019101263
2019101267
2019101281
2019101291
2019101304
2019101305
2019101311
2019101313
2019101321
2019101322
2019101326
2019101328
2019101329
2019101331
2019101332
2019101336
2019101340
2019101362
2019101365
2019101366
2019101376
2019101381
2019101386
2019101389
2019101394
2019101399
2019101407
2019101408
2019101412
2019101417
2019101418
2019101425
2019101426
2019101429
2019101430
2019101432
2019101442
2019101444
2019101448
2019101452
2019101458
2019101466
2019101469
2019101478
2019101479
2019101480
2019101483
2019101485
2019101488
2019101491
2019101494
2019101510
2019101511
2019101512
2019101517
2019101518
2019101520
2019101521
2019101527
2019101529
2019101534
2019101538
2019101539
2019101542
2019101544
2019101556
2019101560
2019101561
2019101562
2019101566
2019101568
2019101569
2019101570
2019101571
2019101572
2019101576
2019101586
2019101592
2019101594
2019101596
2019101597
2019101598
2019101599
2019101608
2019101615
2019101616
2019101627
2019101630
2019101642
2019101645
2019101648
2019101653
2019101656
2019101657
2019101659
2019101674
2019101675
2019101680
2019101694
2019101722
2019101724
2019101726
2019101727
2019101729
2019101730
2019101731
2019101733
2019101734
2019101735
2019101736
2019101737
2019101739
2019101741
2019101746
2019101747
2019101749
2019101754
2019101758
2019101761
2019101762
2019101774
2019101775
2019101779
2019101782
2019101786
2019101798
2019101805
2019101806
2019101808
2019101831
2019101834
2019101842
2019101844
2019101846
2019101852
2019101853
2019101854
2019101858
2019101863
2019101878
2019101881
2019101889
2019101894
2019101899
2019101901
2019101903
2019101907
2019101910
2019101915
2019101926
2019101927
2019101937
2019101943
2019101946
2019101948
2019101949
2019101955
2019101957
2019101958
2019101961
2019101962
2019101963
2019101965
2019101966
2019101982
2019101983
2019101986
2019101988
2019101989
2019101990
2019101994
2019101996
2019102000
2019102008
2019102017
2019102021
2019102025
2019102027
2019102033
2019102036
2019102045
2019102048
2019102049
2019102051
2019102060
2019102074
2019102075
2019102089
2019102098
2019102100
2019102106
2019102116
2019102118
2019102145
2019102151
2019102152
2019102158
2019102160
2019102164
2019102166
2019102168
2019102170
2019102174
2019102175
2019102179
2019102188
2019102189
2019102190
2019102199
2019102207
2019102214
2019102217
2019102224
2019102226
2019102231
2019102232
2019102233
2019102234
2019102236
2019102241
2019102245
2019102247
2019102248
2019102249
2019102250
2019102254
2019102257
2019102271
2019102272
2019102273
2019102276
2019102277
2019102279
2019102280
2019102281
2019102282
2019102288
2019102290
2019102292
2019102293
2019102297
2019102299
2019102302
2019102306
2019102307
2019102311
2019102322
2019102334
2019102353
2019102356
2019102357
2019102358
2019102362
2019102363
2019102377
2019102378
2019102398
2019102399
2019102401
2019102403
2019102405
2019102408
2019102421
2019102426
2019102428
2019102429
2019102430
2019102431
2019102433
2019102440
2019102444
2019102449
2019102456
2019102459
2019102467
2019102469
2019102472
2019102476
2019102481
2019102483
2019102490
2019102506
2019102508
2019102509
2019102512
2019102514
2019102518
2019102534
2019102548
2019102577
2019102587
2019102608
2019102615
2019102617
2019102620
2019102621
2019102628
2019102630
2019102633
2019102640
2019102647
2019102648
2019102652
2019102654
2019102664
2019102673
2019102681
2019102684
2019102686
2019102691
2019102695
2019102705
2019102707
2019102708
2019102712
2019102718
2019102722
2019102727
2019102735
2019102743
2019102744
2019102745
2019102746
2019102748
2019102750
2019102754
2019102760
2019102762
2019102780
2019102781
2019102795
2019102798
2019102830
2019102831
2019102834
2019102835
2019102838
2019102842
2019102856
2019102870
2019102880
2019102887
2019102890
2019102893
2019102907
2019102908
2019102912
2019102917
2019102924
2019102928
2019102937
2019102938
2019102945
2019102947
2019102954
2019102955
2019102956
2019102960
2019102961
2019102962
2019102963
2019102964
2019102965
2019102969
2019102970
2019102976
2019102985
2019102988
2019102995
2019102998
2019102999
2019103008
2019103017
2019103027
2019103034
2019103045
2019103049
2019103051
2019103063
2019103066
2019103067
2019103075
2019103076
2019103083
2019103084
2019103095
2019103102
2019103104
2019103111
2019103114
2019103115
2019103117
2019103118
2019103119
2019103120
2019103121
2019103124
2019103127
2019103128
2019103130
2019103131
2019103136
2019103141
2019103142
2019103144
2019103152
2019103157
2019103160
2019103161
2019103165
2019103166
2019103168
2019103170
2019103172
2019103176
2019103178
2019103179
2019103181
2019103182
2019103190
2019103192
2019103196
2019103204
2019103213
2019103214
2019103220
2019103225
2019103227
2019103228
2019103230
2019103233
2019103235
2019103251
2019103255
2019103261
2019103262
2019103268
2019103271
2019103273
2019103274
2019103275
2019103276
2019103279
2019103282
2019103283
2019103291
2019103300
2019103313
2019103314
2019103315
2019103322
2019103327
2019103331
2019103342
2019103344
2019103347
2019103349
2019103360
2019103367
2019103369
2019103370
2019103372
2019103373
2019103375
2019103378
2019103387
2019103390
2019103393
2019103394
2019103403
2019103404
2019103410
2019103411
2019103412
2019103422
2019103423
2019103424
2019103435
2019103439
2019103440
2019103441
2019103444
2019103451
2019103460
2019103462
2019103463
2019103464
2019103465
2019103469
2019103476
2019103479
2019103493
2019103497
2019103500
2019103503
2019103507
2019103508
2019103509
2019103511
2019103513
2019103517
2019103524
2019103533
2019103534
2019103536
2019103541
2019103545
2019103552
2019103555
2019103557
2019103559
2019103565
2019103572
2019103573
2019103578
2019103579
2019103585
2019103599
2019103602
2019103610
2019103618
2019103624
2019103631
2019103634
2019103640
2019103642
2019103643
2019103676
2019103682
2019103689
2019103690
2019103698
2019103699
2019103700
2019103723
2019103732
2019103735
2019103750
2019103751
2019103759
2019103760
2019103761
2019103765
2019103777
2019103784
2019103785
2019103787
2019103796
2019103802
2019103806
2019103807
2019103808
2019103809
2019103815
2019103817
2019103830
2019103831
2019103832
2019103855
2019103858
2019103861
2019103862
2019103867
2019103872
2019103875
2019103879
2019103883
2019103887
2019103892
2019103894
2019103916
2019103923
2019103926
2019103934
2019103936
2019103937
2019103938
2019103939
2019103940
2019103951
2019103954
2019103962
2019103966
2019103967
2019103971
2019103989
2019103994
2019104005
2019104007
2019104009
2019104010
2019104015
2019104017
2019104023
2019104034
2019104038
2019104050
2019104057
2019104062
2019104075
2019104086
2019104100
2019104112
2019104116
2019104117
2019104123
2019104135
2019104138
2019104140
2019104143
2019104146
2019104147
2019104149
2019104154
2019104161
2019104168
2019104175
2019104177
2019104181
2019104182
2019104185
2019104196
2019104197
2019104200
2019104217
2019104232
2019104233
2019104239
2019104248
2019104251
2019104252
2019104263
2019104265
2019104266
2019104269
2019104271
2019104273
2019104276
2019104278
2019104285
2019104287
2019104289
2019104290
2019104291
2019104294
2019104295
2019104302
2019104304
2019104305
2019104307
2019104318
2019104331
2019104333
2019104335
2019104336
2019104346
2019104349
2019104350
2019104351
2019104352
2019104356
2019104357
2019104359
2019104362
2019104369
2019104373
2019104374
2019104377
2019104379
2019104380
2019104381
2019104383
2019104386
2019104389
2019104390
2019104391
2019104398
2019104399
2019104402
2019104404
2019104406
2019104407
2019104409
2019104410
2019104411
2019104414
2019104417
2019104418
2019104419
2019104420
2019104423
2019104425
2019104426
2019104437
2019104439
2019104446
2019104449
2019104451
2019104457
2019104458
2019104459
2019104460
2019104462
2019104465
2019104468
2019104470
2019104474
2019104486
2019104490
2019104491
2019104492
2019104493
2019104496
2019104497
2019104498
2019104507
2019104509
2019104511
2019104513
2019104516
2019104526
2019104532
2019104535
2019104536
2019104537
2019104551
2019104555
2019104559
2019104566
2019104576
2019104577
2019104582
2019104595
2019104598
2019104603
2019104604
2019104615
2019104627
2019104631
2019104639
2019104643
2019104658
2019104670
2019104684
2019104685
2019104693
2019104697
2019104698
2019104703
2019104706
2019104723
2019104730
2019104739
2019104764
2019104769
2019104770
2019104772
2019104778
2019104786
2019104790
2019104792
2019104793
2019104803
2019104806
2019104825
2019104832
2019104835
2019104837
2019104841
2019104842
2019104868
2019104870
2019104871
2019104874
2019104877
2019104885
2019104887
2019104889
2019104893
2019104903
2019104905
2019104911
2019104918
2019104923
2019104930
2019104937
2019104949
2019104952
2019104953
2019104958
2019104962
2019104963
2019104964
2019104985
2019104988
2019104997
2019105000
2019105001
2019105002
2019105005
2019105007
2019105010
2019105019
2019105036
2019105046
2019105056
2019105057
2019105058
2019105069
2019105075
2019105079
2019105084
2019105096
2019105105
2019105107
2019105110
2019105112
2019105125
2019105126
2019105128
2019105130
2019105134
2019105136
2019105148
2019105155
2019105163
2019105164
2019105167
2019105169
2019105174
2019105179
2019105182
2019105191
2019105194
2019105196
2019105204
2019105208
2019105218
2019105234
2019105237
2019105238
2019105240
2019105241
2019105250
2019105252
2019105253
2019105256
2019105261
2019105262
2019105276
2019105279
2019105296
2019105298
2019105302
2019105312
2019105315
2019105317
2019105318
2019105321
2019105329
2019105332
2019105335
2019105339
2019105344
2019105347
2019105377
2019105380
2019105394
2019105406
2019105415
2019105416
2019105419
2019105421
2019105429
2019105430
2019105432
2019105437
2019105441
2019105446
2019105452
2019105463
2019105471
2019105473
2019105476
2019105478
2019105482
2019105483
2019105484
2019105488
2019105498
2019105511
2019105514
2019105516
2019105518
2019105524
2019105529
2019105537
2019105538
2019105539
2019105543
2019105544
2019105545
2019105548
2019105551
2019105555
2019105560
2019105565
2019105572
2019105573
2019105577
2019105579
2019105581
2019105582
2019105587
2019105589
2019105591
2019105593
2019105594
2019105595
2019105597
2019105602
2019105603
2019105605
2019105616
2019105617
2019105620
2019105626
2019105634
2019105640
2019105649
2019105651
2019105652
2019105655
2019105657
2019105658
2019105661
2019105663
2019105667
2019105668
2019105672
2019105673
2019105675
2019105680
2019105683
2019105684
2019105689
2019105695
2019105705
2019105710
2019105715
2019105724
2019105729
2019105733
2019105736
2019105742
2019105743
2019105744
2019105751
2019105758
2019105765
2019105770
2019105771
2019105778
2019105782
2019105787
2019105789
2019105790
2019105800
2019105809
2019105814
2019105818
2019105823
2019105832
2019105833
2019105834
2019105836
2019105841
2019105852
2019105859
2019105862
2019105863
2019105867
2019105868
2019105880
2019105882
2019105886
2019105887
2019105888
2019105892
2019105895
2019105896
2019105898
2019105905
2019105912
2019105913
2019105914
2019105915
2019105919
2019105922
2019105924
2019105926
2019105927
2019105928
2019105929
2019105932
2019105938
2019105940
2019105946
2019105948
2019105950
2019105954
2019105957
2019105965
2019105972
2019105973
2019105974
2019105978
2019105982
2019105983
2019105984
2019105988
2019105990
2019105991
2019105994
2019106005
2019106008
2019106017
2019106031
2019106038
2019106041
2019106042
2019106044
2019106046
2019106047
2019106051
2019106058
2019106062
2019106064
2019106066
2019106070
2019106072
2019106077
2019106078
2019106079
2019106080
2019106086
2019106089
2019106091
2019106093
2019106097
2019106098
2019106102
2019106106
2019106107
2019106108
2019106110
2019106111
2019106113
2019106114
2019106117
2019106118
2019106122
2019106131
2019106132
2019106137
2019106174
2019106175
2019106177
2019106179
2019106181
2019106182
2019106185
2019106188
2019106204
2019106206
2019106210
2019106212
2019106214
2019106221
2019106222
2019106223
2019106228
2019106229
2019106230
2019106231
2019106233
2019106244
2019106245
2019106250
2019106254
2019106257
2019106258
2019106259
2019106266
2019106267
2019106269
2019106271
2019106276
2019106277
2019106281
2019106287
2019106288
2019106293
2019106295
2019106297
2019106298
2019106300
2019106307
2019106309
2019106312
2019106313
2019106315
2019106316
2019106318
2019106320
2019106322
2019106325
2019106334
2019106340
2019106347
2019106351
2019106354
2019106355
2019106356
2019106361
2019106364
2019106369
2019106372
2019106395
2019106397
2019106405
2019106406
2019106407
2019106416
2019106421
2019106429
2019106431
2019106432
2019106433
2019106436
2019106440
2019106443
2019106449
2019106450
2019106454
2019106455
2019106456
2019106457
2019106461
2019106464
2019106465
2019106466
2019106473
2019106478
2019106479
2019106490
2019106494
2019106497
2019106498
2019106506
2019106511
2019106523
2019106524
2019106527
2019106528
2019106529
2019106531
2019106534
2019106536
2019106537
2019106539
2019106540
2019106541
2019106542
2019106545
2019106547
2019106548
2019106552
2019106553
2019106555
2019106559
2019106561
2019106562
2019106567
2019106571
2019106589
2019106590
2019106594
2019106597
2019106600
2019106610
2019106611
2019106621
2019106634
2019106635
2019106636
2019106639
2019106641
2019106643
2019106657
2019106662
2019106664
2019106665
2019106668
2019106684
2019106686
2019106691
2019106700
2019106706
2019106710
2019106723
2019106730
2019106732
2019106745
2019106747
2019106748
2019106752
2019106753
2019106754
2019106757
2019106758
2019106759
2019106762
2019106763
2019106777
2019106778
2019106779
2019106783
2019106784
2019106790
2019106791
2019106792
2019106798
2019106801
2019106803
2019106807
2019106812
2019106822
2019106831
2019106832
2019106838
2019106839
2019106840
2019106842
2019106849
2019106853
2019106855
2019106858
2019106860
2019106861
2019106862
2019106863
2019106866
2019106880
2019106893
2019106894
2019106895
2019106901
2019106905
2019106909
2019106918
2019106920
2019106923
2019106924
2019106925
2019106946
2019106951
2019106957
2019106961
2019106967
2019106970
2019106973
2019106980
2019106981
2019106983
2019106993
2019106998
2019107003
2019107006
2019107010
2019107012
2019107014
2019107018
2019107027
2019107037
2019107038
2019107044
2019107056
2019107059
2019107066
2019107070
2019107073
2019107076
2019107077
2019107078
2019109010
2019109013
2019109018
2019109022
2019109025
2019109027
2019109029
2019109030
2019109035
2019109038
2019109046
2019109047
2019109051
2019109059
2019109066
2019109075
2019109080
2019109083
2019109094
2019109098
2019109113
2019109114
2019109115
2019109116
2019109117
2019109118
2019109119
2019109120
2019109121
2019109123
2019109126
2019109127
2019109128
2019109129
2019109131
2019109132
2019109133
2019109134
2019109135
2019109139
2019109140
2019109141
2019109142
2019109145
2019109146
2019109148
2019109149
2019109151
2019109153
2019109154
2019109157
2019109159
2019109161
2019109162
2019109163
2019109164
2019109165
2019109168
2019109169
2019109170
2019109171
2019110001
2019110027
2019110031
2019110039
2019110040
2019110049
2019110064
2019110065
2019110071
2019110073
2019110074
2019110075
2019110079
2019110083
2019110085
2019110094
2019200001
