199902010101
199902010102
199902010103
199902010104
199902010105
199902010106
199902010107
199902010108
199902010109
199902010110
199902010111
199902010112
199902010201
199902010202
199902010203
199902010204
199902010205
199902010206
199902010207
199902010208
199902010209
199902010210
199902010211
199902010212
199902010301
199902010302
199902010303
199902010304
199902010305
199902010306
199902010307
199902010308
199902010309
199902010310
199902010311
199902010312
199902010401
199902010402
199902010403
199902010404
199902010405
199902010406
199902010407
199902010408
199902010409
199902010410
199902010411
199902010412
199902010501
199902010502
199902010503
199902010504
199902010505
199902010506
199902010507
199902010508
199902010509
199902010510
199902010511
199902010512
199902010601
199902010602
199902010603
199902010604
199902010605
199902010606
199902010607
199902010608
199902010609
199902010610
199902010611
199902010612
199902010701
199902010702
199902010703
199902010704
199902010705
199902010706
199902010707
199902010708
199902010709
199902010710
199902010711
199902010712
199902010801
199902010802
199902010803
199902010804
199902010805
199902010806
199902010807
199902010808
199902010809
199902010810
199902010811
199902010812
199902020101
199902020102
199902020103
199902020104
199902020105
199902020106
199902020107
199902020108
199902020109
199902020110
199902020201
199902020202
199902020203
199902020204
199902020205
199902020206
199902020207
199902020208
199902020209
199902020210
199902020211
199902020301
199902020302
199902020303
199902020304
199902020305
199902020306
199902020307
199902020308
199902020309
199902020310
199902020311
199902020401
199902020402
199902020403
199902020404
199902020405
199902020406
199902020407
199902020408
199902020409
199902020410
199902020411
199902020501
199902020502
199902020503
199902020504
199902020505
199902020506
199902020507
199902020508
199902020509
199902020510
199902020511
199902020512
199902020601
199902020602
199902020603
199902020604
199902020605
199902020606
199902020607
199902020608
199902020609
199902020701
199902020702
199902020703
199902020704
199902020705
199902020706
199902020707
199902020708
199902020709
199902020710
199902020801
199902020802
199902020803
199902020804
199902020805
199902020806
199902020807
199902020808
199902020809
199902020810
199902020811