199903010101
199903010102
199903010103
199903010104
199903010105
199903010106
199903010107
199903010108
199903010109
199903010110
199903010111
199903010112
199903010201
199903010202
199903010203
199903010204
199903010205
199903010206
199903010207
199903010208
199903010209
199903010210
199903010301
199903010302
199903010303
199903010304
199903010305
199903010306
199903010307
199903010308
199903010309
199903010310
199903010311
199903010312
199903010401
199903010402
199903010403
199903010404
199903010405
199903010406
199903010407
199903010408
199903010409
199903010410
199903010411
199903010412
199903010501
199903010502
199903010503
199903010504
199903010505
199903010506
199903010507
199903010508
199903010509
199903010510
199903010511
199903010512
199903010601
199903010602
199903010603
199903010604
199903010605
199903010606
199903010607
199903010608
199903010609
199903010610
199903010611
199903010612
199903010701
199903010702
199903010703
199903010704
199903010705
199903010706
199903010707
199903010708
199903010709
199903010710
199903010711
199903010712
199903010801
199903010802
199903010803
199903010804
199903010805
199903010806
199903010807
199903010808
199903010809
199903010810
199903010811
199903010812
199903020101
199903020102
199903020103
199903020104
199903020105
199903020106
199903020107
199903020108
199903020109
199903020110
199903020111
199903020112
199903020201
199903020202
199903020203
199903020204
199903020205
199903020206
199903020207
199903020208
199903020209
199903020210
199903020211
199903020212
199903020301
199903020302
199903020303
199903020304
199903020305
199903020306
199903020307
199903020308
199903020309
199903020310
199903020311
199903020401
199903020402
199903020403
199903020404
199903020405
199903020406
199903020407
199903020408
199903020409
199903020410
199903020411
199903020501
199903020502
199903020503
199903020504
199903020505
199903020506
199903020507
199903020508
199903020509
199903020510
199903020511
199903020512
199903020601
199903020602
199903020603
199903020604
199903020605
199903020606
199903020607
199903020608
199903020609
199903020610
199903020611
199903020701
199903020702
199903020703
199903020704
199903020705
199903020706
199903020707
199903020708
199903020709
199903020710
199903020711
199903020712
199903020801
199903020802
199903020803
199903020804
199903020805
199903020806
199903020807
199903020808
199903020809
199903020810
199903020811
199903030101
199903030102
199903030103
199903030104
199903030105
199903030106
199903030107
199903030108
199903030109
199903030110
199903030111
199903030112
199903030201
199903030202
199903030203
199903030204
199903030205
199903030206
199903030207
199903030208
199903030209
199903030210
199903030211
199903030212
199903030301
199903030302
199903030303
199903030304
199903030305
199903030306
199903030307
199903030308
199903030309
199903030310
199903030311
199903030312
199903030401
199903030402
199903030403
199903030404
199903030405
199903030406
199903030407
199903030408
199903030409
199903030410
199903030411
199903030412
199903030501
199903030502
199903030503
199903030504
199903030505
199903030506
199903030507
199903030508
199903030509
199903030510
199903030511
199903030512
199903030601
199903030602
199903030603
199903030604
199903030605
199903030606
199903030607
199903030608
199903030609
199903030610
199903030611
199903030612
199903030701
199903030702
199903030703
199903030704
199903030705
199903030706
199903030707
199903030708
199903030709
199903030710
199903030711
199903030712
199903030801
199903030802
199903030803
199903030804
199903030805
199903030806
199903030807
199903030808
199903030809
199903030810
199903030811
199903030812