199904010101
199904010102
199904010103
199904010104
199904010105
199904010106
199904010107
199904010108
199904010109
199904010110
199904010111
199904010112
199904010201
199904010202
199904010203
199904010204
199904010205
199904010206
199904010207
199904010208
199904010209
199904010210
199904010211
199904010212
199904010301
199904010302
199904010303
199904010304
199904010305
199904010306
199904010307
199904010308
199904010309
199904010310
199904010311
199904010312
199904010401
199904010402
199904010403
199904010404
199904010405
199904010406
199904010407
199904010408
199904010409
199904010410
199904010411
199904010501
199904010502
199904010503
199904010504
199904010505
199904010506
199904010507
199904010508
199904010509
199904010510
199904010511
199904010601
199904010602
199904010603
199904010604
199904010605
199904010606
199904010607
199904010608
199904010609
199904010610
199904010611
199904010612
199904010701
199904010702
199904010703
199904010704
199904010705
199904010706
199904010707
199904010708
199904010709
199904010710
199904010711
199904010801
199904010802
199904010803
199904010804
199904010805
199904010806
199904010807
199904010808
199904010809
199904010810
199904010811
199904010812
199904020101
199904020102
199904020103
199904020104
199904020105
199904020106
199904020107
199904020108
199904020109
199904020110
199904020111
199904020201
199904020202
199904020203
199904020204
199904020205
199904020206
199904020207
199904020208
199904020209
199904020210
199904020211
199904020212
199904020301
199904020302
199904020303
199904020304
199904020305
199904020306
199904020307
199904020308
199904020309
199904020310
199904020311
199904020312
199904020401
199904020402
199904020403
199904020404
199904020405
199904020406
199904020407
199904020408
199904020409
199904020410
199904020411
199904020501
199904020502
199904020503
199904020504
199904020505
199904020506
199904020507
199904020508
199904020509
199904020510
199904020601
199904020602
199904020603
199904020604
199904020605
199904020606
199904020607
199904020608
199904020609
199904020610
199904020611
199904020612
199904020701
199904020702
199904020703
199904020704
199904020705
199904020706
199904020707
199904020708
199904020709
199904020710
199904020711
199904020712
199904020801
199904020802
199904020803
199904020804
199904020805
199904020806
199904020807
199904020808
199904020809
199904020810
199904020811
199904020812
199904030101
199904030102
199904030103
199904030104
199904030105
199904030106
199904030107
199904030108
199904030109
199904030110
199904030111
199904030112
199904030201
199904030202
199904030203
199904030204
199904030205
199904030206
199904030207
199904030208
199904030209
199904030210
199904030211
199904030301
199904030302
199904030303
199904030304
199904030305
199904030306
199904030307
199904030308
199904030309
199904030310
199904030311
199904030312
199904030401
199904030402
199904030403
199904030404
199904030405
199904030406
199904030407
199904030408
199904030409
199904030410
199904030411
199904030412
199904030501
199904030502
199904030503
199904030504
199904030505
199904030506
199904030507
199904030508
199904030509
199904030510
199904030511
199904030512
199904030601
199904030602
199904030603
199904030604
199904030605
199904030606
199904030607
199904030608
199904030609
199904030610
199904030611
199904030612
199904030701
199904030702
199904030703
199904030704
199904030705
199904030706
199904030707
199904030708
199904030709
199904030710
199904030711
199904030712
199904030801
199904030802
199904030803
199904030804
199904030805
199904030806
199904030807
199904030808
199904030809
199904030810
199904030811
199904030812