199906010101
199906010102
199906010103
199906010104
199906010105
199906010106
199906010107
199906010108
199906010109
199906010110
199906010111
199906010201
199906010202
199906010203
199906010204
199906010205
199906010206
199906010207
199906010208
199906010209
199906010210
199906010211
199906010212
199906010301
199906010302
199906010303
199906010304
199906010305
199906010306
199906010307
199906010308
199906010309
199906010310
199906010311
199906010312
199906010401
199906010402
199906010403
199906010404
199906010405
199906010406
199906010407
199906010408
199906010409
199906010410
199906010411
199906010412
199906010501
199906010502
199906010503
199906010504
199906010505
199906010506
199906010507
199906010508
199906010509
199906010510
199906010511
199906010601
199906010602
199906010603
199906010604
199906010605
199906010606
199906010607
199906010608
199906010609
199906010610
199906010611
199906010612
199906010701
199906010702
199906010703
199906010704
199906010705
199906010706
199906010707
199906010708
199906010709
199906010710
199906010711
199906010712
199906010801
199906010802
199906010803
199906010804
199906010805
199906010806
199906010807
199906010808
199906010809
199906010810
199906010811
199906020101
199906020102
199906020103
199906020104
199906020105
199906020106
199906020107
199906020108
199906020109
199906020110
199906020111
199906020201
199906020202
199906020203
199906020204
199906020205
199906020206
199906020207
199906020208
199906020209
199906020210
199906020211
199906020212
199906020301
199906020302
199906020303
199906020304
199906020305
199906020306
199906020307
199906020308
199906020309
199906020310
199906020311
199906020312
199906020401
199906020402
199906020403
199906020404
199906020405
199906020406
199906020407
199906020408
199906020409
199906020410
199906020411
199906020412
199906020501
199906020502
199906020503
199906020504
199906020505
199906020506
199906020507
199906020508
199906020509
199906020510
199906020511
199906020512
199906020601
199906020602
199906020603
199906020604
199906020605
199906020606
199906020607
199906020608
199906020609
199906020610
199906020611
199906020701
199906020702
199906020703
199906020704
199906020705
199906020706
199906020707
199906020708
199906020709
199906020710
199906020711
199906020712
199906020801
199906020802
199906020803
199906020804
199906020805
199906020806
199906020807
199906020808
199906020809
199906020810
199906020811
199906030101
199906030102
199906030103
199906030104
199906030105
199906030106
199906030107
199906030108
199906030109
199906030110
199906030111
199906030112
199906030201
199906030202
199906030203
199906030204
199906030205
199906030206
199906030207
199906030208
199906030209
199906030210
199906030211
199906030401
199906030402
199906030403
199906030404
199906030405
199906030406
199906030407
199906030408
199906030409
199906030410
199906030411
199906030501
199906030502
199906030503
199906030504
199906030505
199906030506
199906030507
199906030508
199906030509
199906030510
199906030511
199906030601
199906030602
199906030603
199906030604
199906030605
199906030606
199906030607
199906030608
199906030609
199906030610
199906030611
199906030612
199906030701
199906030702
199906030703
199906030704
199906030705
199906030706
199906030707
199906030708
199906030709
199906030710
199906030711
199906030712
199906030801
199906030802
199906030803
199906030804
199906030805
199906030806
199906030807
199906030808
199906030809
199906030810
199906030811
199906040101
199906040102
199906040103
199906040104
199906040105
199906040106
199906040107
199906040108
199906040109
199906040110
199906040111
199906040112
199906040201
199906040202
199906040203
199906040204
199906040205
199906040206
199906040207
199906040208
199906040209
199906040210
199906040211
199906040212
199906040301
199906040302
199906040303
199906040304
199906040305
199906040306
199906040307
199906040308
199906040309
199906040310
199906040311
199906040312
199906040401
199906040402
199906040403
199906040404
199906040405
199906040406
199906040407
199906040408
199906040409
199906040410
199906040411
199906040412
199906040501
199906040502
199906040503
199906040504
199906040505
199906040506
199906040507
199906040508
199906040509
199906040510
199906040511
199906040512
199906040601
199906040602
199906040603
199906040604
199906040605
199906040606
199906040607
199906040608
199906040609
199906040610
199906040611
199906040612
199906040701
199906040702
199906040703
199906040704
199906040705
199906040706
199906040707
199906040708
199906040709
199906040710
199906040711
199906040712
199906040801
199906040802
199906040803
199906040804
199906040805
199906040806
199906040807
199906040808
199906040809
199906040810
199906040811
199906040812
199906050101
199906050102
199906050103
199906050104
199906050105
199906050106
199906050107
199906050108
199906050109
199906050110
199906050111
199906050112
199906050201
199906050202
199906050203
199906050204
199906050205
199906050206
199906050207
199906050208
199906050209
199906050210
199906050211
199906050212
199906050301
199906050302
199906050303
199906050304
199906050305
199906050306
199906050307
199906050308
199906050309
199906050310
199906050311
199906050401
199906050402
199906050403
199906050404
199906050405
199906050406
199906050407
199906050408
199906050409
199906050410
199906050411
199906050412
199906050501
199906050502
199906050503
199906050504
199906050505
199906050506
199906050507
199906050508
199906050509
199906050510
199906050511
199906050512
199906050601
199906050602
199906050603
199906050604
199906050605
199906050606
199906050607
199906050608
199906050609
199906050610
199906050611
199906050701
199906050702
199906050703
199906050704
199906050705
199906050706
199906050707
199906050708
199906050709
199906050710
199906050711
199906050712
199906050801
199906050802
199906050803
199906050804
199906050805
199906050806
199906050807
199906050808
199906050809
199906050810