199907010101
199907010102
199907010103
199907010104
199907010105
199907010106
199907010107
199907010108
199907010109
199907010110
199907010111
199907010112
199907010201
199907010202
199907010203
199907010204
199907010205
199907010206
199907010207
199907010208
199907010209
199907010210
199907010211
199907010301
199907010302
199907010303
199907010304
199907010305
199907010306
199907010307
199907010308
199907010309
199907010310
199907010311
199907010401
199907010402
199907010403
199907010404
199907010405
199907010406
199907010407
199907010408
199907010409
199907010410
199907010411
199907010412
199907010501
199907010502
199907010503
199907010504
199907010505
199907010506
199907010507
199907010508
199907010509
199907010510
199907010511
199907010601
199907010602
199907010603
199907010604
199907010605
199907010606
199907010607
199907010608
199907010609
199907010610
199907010611
199907010701
199907010702
199907010703
199907010704
199907010705
199907010706
199907010707
199907010708
199907010709
199907010710
199907010711
199907010801
199907010802
199907010803
199907010804
199907010805
199907010806
199907010807
199907010808
199907010809
199907010810
199907010811
199907010812
199907020101
199907020102
199907020103
199907020104
199907020105
199907020106
199907020107
199907020108
199907020109
199907020110
199907020111
199907020112
199907020201
199907020202
199907020203
199907020204
199907020205
199907020206
199907020207
199907020208
199907020209
199907020210
199907020211
199907020401
199907020402
199907020403
199907020404
199907020405
199907020406
199907020407
199907020408
199907020409
199907020410
199907020411
199907020412
199907020501
199907020502
199907020503
199907020504
199907020505
199907020506
199907020507
199907020508
199907020509
199907020510
199907020511
199907020601
199907020602
199907020603
199907020604
199907020605
199907020606
199907020607
199907020608
199907020609
199907020610
199907020611
199907020701
199907020702
199907020703
199907020704
199907020705
199907020706
199907020707
199907020708
199907020709
199907020710
199907020711
199907020712
199907020801
199907020802
199907020803
199907020804
199907020805
199907020806
199907020807
199907020808
199907020809
199907020810
199907020811
199907020812
199907030101
199907030102
199907030103
199907030104
199907030105
199907030106
199907030107
199907030108
199907030109
199907030110
199907030111
199907030112
199907030201
199907030202
199907030203
199907030204
199907030205
199907030206
199907030207
199907030208
199907030209
199907030210
199907030211
199907030212
199907030301
199907030302
199907030303
199907030304
199907030305
199907030306
199907030307
199907030308
199907030309
199907030310
199907030311
199907030312
199907030401
199907030402
199907030403
199907030404
199907030405
199907030406
199907030407
199907030408
199907030409
199907030410
199907030411
199907030412
199907030501
199907030502
199907030503
199907030504
199907030505
199907030506
199907030507
199907030508
199907030509
199907030510
199907030511
199907030512
199907030601
199907030602
199907030603
199907030604
199907030605
199907030606
199907030607
199907030608
199907030609
199907030610
199907030611
199907030612
199907030701
199907030702
199907030703
199907030704
199907030705
199907030706
199907030707
199907030708
199907030709
199907030710
199907030711
199907030712
199907030801
199907030802
199907030803
199907030804
199907030805
199907030806
199907030807
199907030808
199907030809
199907030810