199910010101
199910010102
199910010103
199910010104
199910010105
199910010106
199910010107
199910010108
199910010109
199910010110
199910010111
199910010201
199910010202
199910010203
199910010204
199910010205
199910010206
199910010207
199910010208
199910010209
199910010210
199910010211
199910010212
199910010301
199910010302
199910010303
199910010304
199910010305
199910010306
199910010307
199910010308
199910010309
199910010310
199910010311
199910010312
199910010401
199910010402
199910010403
199910010404
199910010405
199910010406
199910010407
199910010408
199910010409
199910010410
199910010411
199910010412
199910010501
199910010502
199910010503
199910010504
199910010505
199910010506
199910010507
199910010508
199910010509
199910010510
199910010601
199910010602
199910010603
199910010604
199910010605
199910010606
199910010607
199910010608
199910010609
199910010610
199910010611
199910010612
199910010701
199910010702
199910010703
199910010704
199910010705
199910010706
199910010707
199910010708
199910010709
199910010710
199910010711
199910010712
199910010801
199910010802
199910010803
199910010804
199910010805
199910010806
199910010807
199910010808
199910010809
199910010810
199910010811
199910010812
199910020101
199910020102
199910020103
199910020104
199910020105
199910020106
199910020107
199910020108
199910020109
199910020201
199910020202
199910020203
199910020204
199910020205
199910020206
199910020207
199910020208
199910020209
199910020210
199910020211
199910020212
199910020301
199910020302
199910020303
199910020304
199910020305
199910020306
199910020307
199910020308
199910020309
199910020310
199910020311
199910020401
199910020402
199910020403
199910020404
199910020405
199910020406
199910020407
199910020408
199910020409
199910020410
199910020411
199910020412
199910020501
199910020502
199910020503
199910020504
199910020505
199910020506
199910020507
199910020508
199910020509
199910020510
199910020511
199910020512
199910020601
199910020602
199910020603
199910020604
199910020605
199910020606
199910020607
199910020608
199910020609
199910020610
199910020611
199910020612
199910020701
199910020702
199910020703
199910020704
199910020705
199910020706
199910020707
199910020708
199910020709
199910020710
199910020711
199910020712
199910020801
199910020802
199910020803
199910020804
199910020805
199910020806
199910020807
199910020808
199910020809
199910020810
199910020811
199910020812
199910030101
199910030102
199910030103
199910030104
199910030105
199910030106
199910030107
199910030108
199910030109
199910030110
199910030111
199910030112
199910030201
199910030202
199910030203
199910030204
199910030205
199910030206
199910030207
199910030208
199910030209
199910030210
199910030211
199910030301
199910030302
199910030303
199910030304
199910030305
199910030306
199910030307
199910030308
199910030309
199910030310
199910030311
199910030312
199910030401
199910030402
199910030403
199910030404
199910030405
199910030406
199910030407
199910030408
199910030409
199910030410
199910030411
199910030412
199910030501
199910030502
199910030503
199910030504
199910030505
199910030506
199910030507
199910030508
199910030509
199910030510
199910030511
199910030512
199910030601
199910030602
199910030603
199910030604
199910030605
199910030606
199910030607
199910030608
199910030609
199910030610
199910030611
199910030612
199910030701
199910030702
199910030703
199910030704
199910030705
199910030706
199910030707
199910030708
199910030709
199910030710
199910030711
199910030712
199910030801
199910030802
199910030803
199910030804
199910030805
199910030806
199910030807
199910030808
199910030809
199910030810
199910030811
199910030812