200301010101
200301010102
200301010103
200301010110
200301010111
200301010112
200301010202
200301010203
200301010205
200301010206
200301010207
200301010209
200301010210
200301010211
200301010302
200301010303
200301010304
200301010307
200301010309
200301010310
200301010311
200301010312
200301010404
200301010407
200301010408
200301010409
200301010411
200301010412
200301010501
200301010502
200301010504
200301010506
200301010509
200301010510
200301010511
200301010512
200301010601
200301010602
200301010603
200301010604
200301010605
200301010607
200301010608
200301010609
200301010610
200301010611
200301010612
200301010702
200301010705
200301010706
200301010707
200301010708
200301010710
200301010711
200301010712
200301010802
200301010803
200301010804
200301010807
200301010808
200301010809
200301010810
200301010811
200301010812
200301020101
200301020102
200301020105
200301020106
200301020107
200301020109
200301020110
200301020111
200301020112
200301020201
200301020202
200301020204
200301020206
200301020207
200301020208
200301020209
200301020210
200301020211
200301020301
200301020302
200301020304
200301020306
200301020308
200301020309
200301020311
200301020312
200301020402
200301020404
200301020405
200301020406
200301020407
200301020408
200301020409
200301020411
200301020412
200301020502
200301020503
200301020505
200301020506
200301020507
200301020510
200301020511
200301020512
200301020601
200301020602
200301020605
200301020606
200301020609
200301020610
200301020611
200301020612
200301020701
200301020702
200301020703
200301020704
200301020707
200301020709
200301020710
200301020711
200301020712
200301020801
200301020803
200301020805
200301020807
200301020810
200301020811
200301020812