200304010102
200304010103
200304010104
200304010109
200304010112
200304010204
200304010206
200304010210
200304010211
200304010212
200304010301
200304010302
200304010305
200304010306
200304010307
200304010309
200304010310
200304010312
200304010403
200304010404
200304010405
200304010406
200304010407
200304010408
200304010409
200304010501
200304010507
200304010508
200304010509
200304010510
200304010511
200304010512
200304010602
200304010603
200304010605
200304010606
200304010607
200304010609
200304010610
200304010611
200304010612
200304010701
200304010704
200304010709
200304010710
200304010711
200304010712
200304010801
200304010802
200304010803
200304010807
200304010808
200304010809
200304010810
200304010812
200304020101
200304020102
200304020103
200304020104
200304020107
200304020109
200304020110
200304020111
200304020112
200304020203
200304020204
200304020205
200304020206
200304020209
200304020210
200304020211
200304020212
200304020301
200304020303
200304020306
200304020307
200304020308
200304020309
200304020310
200304020311
200304020312
200304020401
200304020402
200304020406
200304020409
200304020410
200304020411
200304020501
200304020502
200304020505
200304020506
200304020507
200304020508
200304020509
200304020510
200304020511
200304020512
200304020602
200304020604
200304020605
200304020606
200304020607
200304020608
200304020609
200304020611
200304020703
200304020704
200304020709
200304020710
200304020711
200304020803
200304020805
200304020807
200304020808
200304020809
200304020810
200304020811
200304030102
200304030105
200304030106
200304030107
200304030108
200304030109
200304030110
200304030201
200304030202
200304030203
200304030206
200304030208
200304030209
200304030210
200304030211
200304030212
200304030303
200304030305
200304030306
200304030307
200304030311
200304030402
200304030403
200304030404
200304030405
200304030406
200304030409
200304030410
200304030411
200304030412
200304030503
200304030504
200304030505
200304030506
200304030508
200304030509
200304030510
200304030511
200304030512
200304030603
200304030608
200304030609
200304030610
200304030612
200304030701
200304030702
200304030706
200304030708
200304030709
200304030710
200304030711
200304030802
200304030803
200304030804
200304030806
200304030807
200304030808
200304030810
200304030811