200344011506
200344011509
200344011510
200344011608
200344011610
200344011611
200344011706
200344011708
200344011710
200344020205
200344020207
200344020209
200344020210
200344020308
200344020310
200344020311
200344020509
200344020510
200344021806
200344021904
200344021905
200344021909
200344022010
200344022108
200344022110
200344022210
200344030305
200344030307
200344030308
200344030309
200344030410
200344030507
200344030509
200344030511
200344030610
200344030710
200344031605
200344031609
200344031706
200344031709
200344031810
200344031908
200344031909
200344031911
200344032002
200344032009
200344042106
200344042108
200344042310
200344042403
200344042410
200344051207
200344051301
200344051410
200344051509
200344051605
200344051609
200344051807
200344051909
200344052702
200344052709
200344052809
200344052910
200344060801
200344060908
200344060910
200344061008
200344061106
200344062206
200344062307
200344062403
200344062408
200344062409
200344062506
200344062509
200344062604
200344062609
200344062706
200344070410
200344070502
200344070509
200344070609
200344070707
200344070808
200344072409
200344072504
200344072805
200344072809
200344072905
200344072906
200344072910
200344073009
200344073010
200344081108
200344081109
200344081203
200344081301
200344081310
200344081407
200344081410
200344081411
200344081506
200344081508
200344081509
200344081602
200344081605
200344082404
200344082409
200344082609
200344082707
200344082710
200344082711
200344082805
200344082809
200344082810
200344090601
200344090606
200344090609
200344090708
200344090709
200344090806
200344090808
200344090902
200344090909
200344092806
200344092808
200344092809
200344093006
200344093008
200344093010
200344093011
200344100705
200344100909
200344100910
200344101009
200344101010
200344101207
200344102109
200344102210
200344102402
200344110210
200344110301
200344110303
200344110308
200344110309
200344110310
200344110312
200344110501
200344110509
200344112410
200344112508
200344112511
200344112611
200344112709
200344112710
200344112711
200344112801
200344122804
200344122908
200344122909
200344123009
200344123109
200344123112