200347010206
200347010905
200347010906
200347011205
200347012104
200347012203
200347012301
200347020204
200347020604
200347020605
200347021604
200347021608
200347021910
200347022003
200347022006
200347022008
200347030305
200347030306
200347030705
200347031003
200347040701
200347040807
200347042307
200347042408
200347042510
200347051904
200347052003
200347052103
200347052209
200347060309
200347060406
200347060511
200347062303
200347062306
200347062309
200347071409
200347071502
200347072903
200347072905
200347073008
200347081204
200347081306
200347081603
200347090107
200347090305
200347090404
200347091505
200347091506
200347091710
200347092905
200347100109
200347100310
200347101205
200347101307
200347101309
200347101310
200347110507
200347110605
200347111105
200347111909
200347112108
200347112109
200347112410
200347112507
200347121505
200347121507
200347121510
200347121907
200347123007
200347123104