200350010204
200350010303
200350010403
200350010808
200350011301
200350011309
200350011310
200350011411
200350011511
200350012104
200350012111
200350012202
200350012305
200350012308
200350012806
200350012911
200350013104
200350013108
200350020411
200350020501
200350020508
200350021309
200350021801
200350021906
200350021910
200350022005
200350022009
200350040306
200350040906
200350040908
200350041607
200350041701
200350041708
200350042405
200350042408
200350042905
200350050101
200350050211
200350050508
200350050509
200350050605
200350050709
200350051304
200350051410
200350051508
200350051511
200350051512
200350052005
200350052211
200350052907
200350052909
200350060306
200350060410
200350060411
200350061209
200350061707
200350061902
200350061911
200350062511
200350062610
200350070211
200350070309
200350071005
200350071601
200350071703
200350072310
200350073011
200350080710
200350081205
200350092307
200350092510
200350093005
200350101309
200350102105
200350102305
200350110609
200350111109
200350111305
200350111311
200350111803
200350111807
200350111811
200350111905
200350111906
200350112509
200350112610
200350112611
200350112710
200350120203
200350120210
200350120305
200350120405
200350120406
200350120905
200350121010
200350121011
200350121106
200350121602
200350121604
200350121605
200350121708
200350122306
200350122308
200350122310
200350122410
200350122505
200350123011
200350123104