200358042201
200358042205
200358042405
200358042905
200358050501
200358050605
200358050705
200358050709
200358051404
200358051405
200358051407
200358051508
200358052006
200358052102
200358052208
200358052803
200358052809
200358052811
200358052812
200358060306
200358060404
200358060501
200358060506
200358060509
200358061003
200358061005
200358061007
200358061108
200358061205
200358061210
200358061211
200358061707
200358061806
200358061809
200358061811
200358062404
200358062405
200358062408
200358062410
200358062606
200358062609