201601010101
201601010102
201601010103
201601010104
201601010105
201601010106
201601010107
201601010108
201601010201
201601010202
201601010203
201601010204
201601010205
201601010206
201601010207
201601010208
201601010209
201601010210
201601010211
201601010301
201601010302
201601010303
201601010304
201601010305
201601010306
201601010307
201601010308
201601010309
201601010310
201601010311
201601010312
201601010401
201601010402
201601010403
201601010404
201601010405
201601010406
201601010407
201601010408
201601010409
201601010410
201601010601
201601010602
201601010603
201601020101
201601020102
201601020103
201601020104
201601020105
201601020106
201601020107
201601020108
201601020109
201601020110
201601020111
201601020112
201601020201
201601020202
201601020203
201601020204
201601020205
201601020206
201601020207
201601020208
201601020209
201601020210
201601020211
201601020212
201601020301
201601020302
201601020303
201601020304
201601020305
201601020306
201601020307
201601020308
201601020309
201601020401
201601020402
201601020403
201601020404
201601020405
201601020406
201601020407
201601020501
201601020502
201601020503
201601020504
201601020505
201601020506
201601020507
201601020508
201601020509
201601020510
201601020601
201601020602
201601020603
201601020604
201601020605
201601020606
201601020607
201601020608
201601020609