201602010101
201602010102
201602010103
201602010104
201602010105
201602010106
201602010107
201602010108
201602010109
201602010110
201602010111
201602010112
201602010201
201602010202
201602010203
201602010204
201602010205
201602010206
201602010207
201602010208
201602010209
201602010210
201602010211
201602010212
201602010301
201602010302
201602010303
201602010304
201602010305
201602010306
201602010307
201602010308
201602010309
201602010310
201602010311
201602010312
201602010401
201602010402
201602010403
201602010404
201602010405
201602010406
201602010407
201602010408
201602010409
201602010410
201602010411
201602010412
201602010501
201602010502
201602010503
201602010504
201602010505
201602010506
201602010507
201602010508
201602010509
201602010510
201602010511
201602010512
201602010601
201602010602
201602010603
201602010604
201602010605
201602010606
201602010607
201602010608
201602010609
201602010610
201602010611
201602010612
201602020101
201602020102
201602020103
201602020104
201602020105
201602020106
201602020107
201602020108
201602020109
201602020110
201602020111
201602020112
201602020201
201602020202
201602020203
201602020204
201602020205
201602020206
201602020207
201602020208
201602020209
201602020210
201602020211
201602020212
201602020301
201602020302
201602020303
201602020304
201602020305
201602020306
201602020307
201602020308
201602020309
201602020310
201602020311
201602020312
201602020401
201602020402
201602020403
201602020404
201602020405
201602020406
201602020407
201602020408
201602020409
201602020410
201602020411
201602020412
201602020501
201602020502
201602020503
201602020504
201602020505
201602020506
201602020507
201602020508
201602020509
201602020510
201602020511
201602020512
201602020601
201602020602
201602020603
201602020604
201602020605
201602020606
201602020607
201602020608
201602020609
201602020610
201602020611
201602020612