201603010104
201603010105
201603010109
201603010111
201603010202
201603010203
201603010204
201603010205
201603010206
201603010207
201603010210
201603010212
201603010302
201603010304
201603010306
201603010309
201603010311
201603010312
201603010401
201603010403
201603010405
201603010407
201603010409
201603010501
201603010505
201603010508
201603010510
201603010511
201603010606
201603010610
201603010611
201603020108
201603020111
201603020201
201603020202
201603020207
201603020208
201603020301
201603020304
201603020307
201603020310
201603020403
201603020409
201603020411
201603020503
201603020506
201603020511
201603020602
201603020604
201603020605
201603020608
201603020609
201603020610
201603020611
201603020701
201603020702
201603020704
201603020711
201603020808
201603020810
201603020811
201603020812
201603030105
201603030108
201603030109
201603030112
201603030203
201603030206
201603030211
201603030305
201603030309
201603030312
201603030402
201603030406
201603030407
201603030408
201603030409
201603030411
201603030506
201603030507
201603030509
201603030605
201603030607
201603030610
201603030611