201605010101
201605010102
201605010103
201605010104
201605010105
201605010106
201605010107
201605010108
201605010109
201605010110
201605010111
201605010112
201605010201
201605010202
201605010203
201605010204
201605010205
201605010206
201605010207
201605010208
201605010209
201605010210
201605010211
201605010301
201605010302
201605010303
201605010304
201605010305
201605010306
201605010307
201605010308
201605010309
201605010310
201605010311
201605010312
201605010401
201605010402
201605010403
201605010404
201605010405
201605010406
201605010407
201605010408
201605010409
201605010410
201605010411
201605010412
201605010501
201605010502
201605010503
201605010504
201605010505
201605010506
201605010507
201605010508
201605010509
201605010510
201605010511
201605010512
201605010601
201605010602
201605010603
201605010604
201605010605
201605010606
201605010607
201605010608
201605010609
201605010610
201605010701
201605010702
201605010703
201605010704
201605010705
201605010706
201605010707
201605010708
201605010709
201605010710
201605010711
201605010801
201605010802
201605010803
201605010804
201605010805
201605010806
201605010807
201605010808
201605010809
201605010810
201605010811
201605010812
201605020101
201605020102
201605020103
201605020104
201605020105
201605020106
201605020107
201605020108
201605020109
201605020110
201605020111
201605020201
201605020202
201605020203
201605020204
201605020205
201605020206
201605020207
201605020208
201605020209
201605020210
201605020211
201605020212
201605020301
201605020302
201605020303
201605020304
201605020305
201605020306
201605020307
201605020308
201605020309
201605020310
201605020311
201605020312
201605020401
201605020402
201605020403
201605020404
201605020405
201605020406
201605020407
201605020408
201605020409
201605020410
201605020411
201605020501
201605020502
201605020503
201605020504
201605020505
201605020506
201605020507
201605020508
201605020509
201605020601
201605020602
201605020603
201605020604
201605020605
201605020606
201605020607
201605020608
201605020609
201605020610
201605020611
201605020612
201605020701
201605020702
201605020703
201605020704
201605020705
201605020706
201605020707
201605020708
201605020709
201605020710
201605020711
201605020801
201605020802
201605020803
201605020804
201605020805
201605020806
201605020807
201605020808
201605020809
201605020810
201605020811
201605020901
201605020902
201605020903
201605020904
201605020905
201605020906
201605020907
201605020908
201605020909
201605020910
201605020911
201605020912
201605021001
201605021002
201605021003
201605021004
201605021005
201605021006
201605021007
201605021008
201605021009
201605021010
201605021011
201605021101
201605021102
201605021103
201605021104
201605021105
201605021106
201605021107
201605021108
201605021109
201605021110
201605021111
201605021201
201605021202
201605021203
201605021204
201605021205
201605021206
201605021207
201605021208
201605021209
201605021210
201605021211
201605021212
201605030101
201605030102
201605030103
201605030104
201605030105
201605030106
201605030107
201605030108
201605030109
201605030110
201605030111
201605030112
201605030201
201605030202
201605030203
201605030204
201605030205
201605030206
201605030207
201605030208
201605030209
201605030210
201605030211
201605030212
201605030301
201605030302
201605030303
201605030304
201605030305
201605030306
201605030307
201605030308
201605030309
201605030401
201605030402
201605030403
201605030404
201605030405
201605030406
201605030407
201605030408
201605030409
201605030410
201605030411
201605030501
201605030502
201605030503
201605030504
201605030505
201605030506
201605030507
201605030508
201605030509
201605030510
201605030511
201605030512
201605030601
201605030602
201605030603
201605030604
201605030605
201605030606
201605030607
201605030608
201605030609
201605030610
201605030701
201605030702
201605030703
201605030704
201605030705
201605030706
201605030707
201605030708
201605030709
201605030710
201605030711
201605030712
201605030801
201605030802
201605030803
201605030804
201605030805
201605030806
201605030807
201605030808
201605030809
201605030810
201605030811
201605040101
201605040102
201605040103
201605040104
201605040105
201605040106
201605040107
201605040108
201605040109
201605040110
201605040111
201605040112
201605040201
201605040202
201605040203
201605040204
201605040205
201605040206
201605040207
201605040208
201605040209
201605040210
201605040211
201605040301
201605040302
201605040303
201605040304
201605040305
201605040306
201605040307
201605040308
201605040309
201605040310
201605040311
201605040401
201605040402
201605040403
201605040404
201605040405
201605040406
201605040407
201605040408
201605040409
201605040410
201605040411
201605040412
201605040501
201605040502
201605040503
201605040504
201605040505
201605040506
201605040507
201605040508
201605040509
201605040510
201605040511
201605040601
201605040602
201605040603
201605040604
201605040605
201605040606
201605040607
201605040608
201605040609
201605040610
201605040701
201605040702
201605040703
201605040704
201605040705
201605040706
201605040707
201605040708
201605040709
201605040710
201605040711
201605040712
201605040801
201605040802
201605040803
201605040804
201605040805
201605040806
201605040807
201605040808
201605040809
201605040810
201605040901
201605040902
201605040903
201605040904
201605040905
201605040906
201605040907
201605040908
201605040909
201605040910
201605040911
201605050101
201605050102
201605050103
201605050104
201605050105
201605050106
201605050107
201605050108
201605050201
201605050202
201605050203
201605050204
201605050205
201605050206
201605050207
201605050208
201605050209
201605050210
201605050301
201605050302
201605050303
201605050304
201605050305
201605050306
201605050307
201605050308
201605050309
201605050310
201605050311
201605050312
201605050401
201605050402
201605050403
201605050404
201605050405
201605050406
201605050407
201605050408
201605050409
201605050410
201605050411
201605050412
201605050501
201605050502
201605050503
201605050504
201605050505
201605050506
201605050507
201605050508
201605050509
201605050510
201605050601
201605050602
201605050603
201605050604
201605050605
201605050606
201605050607
201605050608
201605050609
201605050610
201605050611
201605050701
201605050702
201605050703
201605050704
201605050705
201605050706
201605050707
201605050708
201605050709
201605050710
201605050711
201605050712