201606010101
201606010102
201606010103
201606010104
201606010105
201606010106
201606010107
201606010108
201606010109
201606010110
201606010111
201606010112
201606010201
201606010202
201606010203
201606010204
201606010205
201606010206
201606010207
201606010208
201606010209
201606010210
201606010211
201606010212
201606010301
201606010302
201606010303
201606010304
201606010305
201606010306
201606010307
201606010308
201606010309
201606010310
201606010311
201606010312
201606010401
201606010402
201606010403
201606010404
201606010405
201606010406
201606010407
201606010408
201606010409
201606010410
201606010411
201606010412
201606010501
201606010502
201606010503
201606010504
201606010505
201606010506
201606010507
201606010508
201606010509
201606010510
201606010511
201606010512
201606010601
201606010602
201606010603
201606010604
201606010605
201606010606
201606010607
201606010608
201606010609
201606010610
201606010611
201606010612
201606010701
201606010702
201606010703
201606010704
201606010705
201606010706
201606010707
201606010708
201606010709
201606010710
201606010711
201606010712
201606010801
201606010802
201606010803
201606010804
201606010805
201606010806
201606010807
201606010808
201606010809
201606010810
201606010811
201606010812
201606020101
201606020102
201606020103
201606020104
201606020105
201606020106
201606020107
201606020108
201606020109
201606020110
201606020111
201606020112
201606020201
201606020202
201606020203
201606020204
201606020205
201606020206
201606020207
201606020208
201606020209
201606020210
201606020211
201606020212
201606020301
201606020302
201606020303
201606020304
201606020305
201606020306
201606020307
201606020308
201606020309
201606020310
201606020311
201606020312
201606020401
201606020402
201606020403
201606020404
201606020405
201606020406
201606020407
201606020408
201606020409
201606020410
201606020411
201606020412
201606020501
201606020502
201606020503
201606020504
201606020505
201606020506
201606020507
201606020508
201606020509
201606020510
201606020511
201606020512
201606020601
201606020602
201606020603
201606020604
201606020605
201606020606
201606020607
201606020608
201606020609
201606020610
201606020611
201606020612
201606020701
201606020702
201606020703
201606020704
201606020705
201606020706
201606020707
201606020708
201606020709
201606020710
201606020711
201606020712
201606020801
201606020802
201606020803
201606020804
201606020805
201606020806
201606020807
201606020808
201606020809
201606020810
201606020811
201606020812
201606030101
201606030102
201606030103
201606030104
201606030105
201606030106
201606030107
201606030108
201606030109
201606030110
201606030111
201606030112
201606030201
201606030202
201606030203
201606030204
201606030205
201606030206
201606030207
201606030208
201606030209
201606030210
201606030211
201606030212
201606030301
201606030302
201606030303
201606030304
201606030305
201606030306
201606030307
201606030308
201606030309
201606030310
201606030311
201606030312
201606030401
201606030402
201606030403
201606030404
201606030405
201606030406
201606030407
201606030408
201606030409
201606030410
201606030411
201606030412
201606030501
201606030502
201606030503
201606030504
201606030505
201606030506
201606030507
201606030508
201606030509
201606030510
201606030511
201606030512
201606030601
201606030602
201606030603
201606030604
201606030605
201606030606
201606030607
201606030608
201606030609
201606030610
201606030611
201606030612
201606030701
201606030702
201606030703
201606030704
201606030705
201606030706
201606030707
201606030708
201606030709
201606030710
201606030711
201606030712
201606030801
201606030802
201606030803
201606030804
201606030805
201606030806
201606030807
201606030808
201606030809
201606030810
201606030811
201606030812
201606040101
201606040102
201606040103
201606040104
201606040105
201606040106
201606040107
201606040108
201606040109
201606040110
201606040111
201606040112
201606040201
201606040202
201606040203
201606040204
201606040205
201606040206
201606040207
201606040208
201606040209
201606040210
201606040211
201606040212
201606040301
201606040302
201606040303
201606040304
201606040305
201606040306
201606040307
201606040308
201606040309
201606040310
201606040311
201606040312
201606040401
201606040402
201606040403
201606040404
201606040405
201606040406
201606040407
201606040408
201606040409
201606040410
201606040411
201606040412
201606040501
201606040502
201606040503
201606040504
201606040505
201606040506
201606040507
201606040508
201606040509
201606040510
201606040511
201606040512
201606040601
201606040602
201606040603
201606040604
201606040605
201606040606
201606040607
201606040608
201606040609
201606040610
201606040611
201606040612
201606040701
201606040702
201606040703
201606040704
201606040705
201606040706
201606040707
201606040708
201606040709
201606040710
201606040711
201606040712
201606040801
201606040802
201606040803
201606040804
201606040805
201606040806
201606040807
201606040808
201606040809
201606040810
201606040811
201606040812
201606050101
201606050102
201606050103
201606050104
201606050105
201606050106
201606050107
201606050108
201606050109
201606050110
201606050111
201606050112
201606050201
201606050202
201606050203
201606050204
201606050205
201606050206
201606050207
201606050208
201606050209
201606050210
201606050211
201606050212
201606050301
201606050302
201606050303
201606050304
201606050305
201606050306
201606050307
201606050308
201606050309
201606050310
201606050311
201606050312
201606050401
201606050402
201606050403
201606050404
201606050405
201606050406
201606050407
201606050408
201606050409
201606050410
201606050411
201606050412
201606050501
201606050502
201606050503
201606050504
201606050505
201606050506
201606050507
201606050508
201606050509
201606050510
201606050511
201606050512
201606050601
201606050602
201606050603
201606050604
201606050605
201606050606
201606050607
201606050608
201606050609
201606050610
201606050611
201606050612
201606050701
201606050702
201606050703
201606050704
201606050705
201606050706
201606050707
201606050708
201606050709
201606050710
201606050711
201606050712
201606050801
201606050802
201606050803
201606050804
201606050805
201606050806
201606050807
201606050808
201606050809
201606050810
201606050811
201606050812
201606050901
201606050902
201606050903
201606050904
201606050905
201606050906
201606050907
201606050908
201606050909
201606050910
201606050911