201608010101
201608010102
201608010103
201608010104
201608010105
201608010106
201608010107
201608010108
201608010109
201608010110
201608010111
201608010112
201608010201
201608010202
201608010203
201608010204
201608010205
201608010206
201608010207
201608010208
201608010209
201608010210
201608010211
201608010212
201608010301
201608010302
201608010303
201608010304
201608010305
201608010306
201608010307
201608010308
201608010309
201608010310
201608010311
201608010312
201608010401
201608010402
201608010403
201608010404
201608010405
201608010406
201608010407
201608010408
201608010409
201608010410
201608010501
201608010502
201608010503
201608010504
201608010505
201608010506
201608010507
201608010508
201608010509
201608010510
201608010601
201608010602
201608010603
201608010604
201608010605
201608010606
201608010607
201608010608
201608010609
201608010610
201608010701
201608010702
201608010703
201608010704
201608010705
201608010706
201608010707
201608010708
201608010709
201608010710
201608010711
201608010801
201608010802
201608010803
201608010804
201608010805
201608010806
201608010807
201608010808
201608010809
201608010810
201608010811
201608010812
201608020101
201608020102
201608020103
201608020104
201608020105
201608020106
201608020107
201608020108
201608020109
201608020110
201608020111
201608020112
201608020201
201608020202
201608020203
201608020204
201608020205
201608020206
201608020207
201608020208
201608020209
201608020210
201608020211
201608020212
201608020301
201608020302
201608020303
201608020304
201608020305
201608020306
201608020307
201608020308
201608020309
201608020310
201608020311
201608020312
201608020401
201608020402
201608020403
201608020404
201608020405
201608020406
201608020407
201608020408
201608020409
201608020410
201608020411
201608020412
201608020501
201608020502
201608020503
201608020504
201608020505
201608020506
201608020507
201608020508
201608020509
201608020510
201608020601
201608020602
201608020603
201608020604
201608020605
201608020606
201608020607
201608020608
201608020609
201608020610
201608020611
201608020612
201608020701
201608020702
201608020703
201608020704
201608020705
201608020706
201608020707
201608020708
201608020709
201608020710
201608020711
201608020801
201608020802
201608020803
201608020804
201608020805
201608020806
201608020807
201608020808
201608020809
201608020810
201608020811
201608030101
201608030102
201608030103
201608030104
201608030105
201608030106
201608030107
201608030108
201608030109
201608030110
201608030111
201608030112
201608030201
201608030202
201608030203
201608030204
201608030205
201608030206
201608030207
201608030208
201608030209
201608030210
201608030211
201608030301
201608030302
201608030303
201608030304
201608030305
201608030306
201608030307
201608030308
201608030309
201608030310
201608030401
201608030402
201608030403
201608030404
201608030405
201608030406
201608030407
201608030408
201608030409
201608030410
201608030411
201608030412
201608030501
201608030502
201608030503
201608030504
201608030505
201608030506
201608030507
201608030508
201608030509
201608030510
201608030601
201608030602
201608030603
201608030604
201608030605
201608030606
201608030607
201608030608
201608030609
201608030610
201608030611
201608030701
201608030702
201608030703
201608030704
201608030705
201608030801
201608030802
201608030803
201608030804
201608030805
201608030806
201608030807
201608030808
201608030809
201608030810
201608030811
201608030812
201608030901
201608030902
201608030903
201608030904
201608030905
201608030906
201608030907
201608030908
201608030909
201608030910
201608031001
201608031002
201608031003
201608031004
201608031005
201608031006
201608031007
201608031008
201608031009
201608031010
201608031011
201608031012
201608031101
201608031102
201608031103
201608031104
201608031105
201608031106
201608031107
201608031108
201608031109
201608031110
201608031111
201608031112
201608031201
201608031202
201608031203
201608031204
201608031205
201608031206
201608031207
201608031208
201608031209
201608031210
201608031211
201608031212
201608040101
201608040102
201608040103
201608040104
201608040105
201608040106
201608040107
201608040108
201608040109
201608040110
201608040201
201608040202
201608040203
201608040204
201608040205
201608040206
201608040207
201608040208
201608040209
201608040210
201608040211
201608040212
201608040301
201608040302
201608040303
201608040304
201608040305
201608040306
201608040307
201608040308
201608040309
201608040310
201608040311
201608040401
201608040402
201608040403
201608040404
201608040405
201608040406
201608040407
201608040408
201608040409
201608040410
201608040411
201608040501
201608040502
201608040503
201608040504
201608040505
201608040506
201608040507
201608040508
201608040509
201608040510
201608040511
201608040512
201608040601
201608040602
201608040603
201608040604
201608040605
201608040606
201608040607
201608040608
201608040609
201608040610
201608040611
201608040701
201608040702
201608040703
201608040704
201608040705
201608040706
201608040707
201608040708
201608040709
201608040801
201608040802
201608040803
201608040804
201608040805
201608040806
201608040807
201608040808
201608040809
201608040810
201608040811
201608040812
201608040901
201608040902
201608040903
201608040904
201608040905
201608040906
201608040907
201608040908
201608040909
201608040910
201608040911
201608040912
201608050101
201608050102
201608050103
201608050104
201608050105
201608050106
201608050107
201608050108
201608050109
201608050110
201608050111
201608050112
201608050201
201608050202
201608050203
201608050204
201608050205
201608050206
201608050207
201608050301
201608050302
201608050303
201608050304
201608050305
201608050306
201608050307
201608050308
201608050309
201608050310
201608050401
201608050402
201608050403
201608050404
201608050405
201608050406
201608050407
201608050408
201608050409
201608050410
201608050411
201608050412
201608050501
201608050502
201608050503
201608050504
201608050505
201608050506
201608050507
201608050508
201608050509
201608050510
201608050511
201608050601
201608050602
201608050603
201608050604
201608050605
201608050606
201608050607
201608050608
201608050609
201608050610
201608050611
201608050701
201608050702
201608050703
201608050704
201608050705
201608050706
201608050707
201608050708
201608050709
201608050710
201608050711
201608050712
201608050801
201608050802
201608050803
201608050804
201608050805
201608050806
201608050807
201608050808
201608050809
201608050810