201609010101
201609010102
201609010103
201609010104
201609010105
201609010106
201609010107
201609010108
201609010109
201609010110
201609010111
201609010112
201609010201
201609010202
201609010203
201609010204
201609010205
201609010206
201609010207
201609010208
201609010209
201609010210
201609010211
201609010212
201609010301
201609010302
201609010303
201609010304
201609010305
201609010306
201609010307
201609010308
201609010309
201609010310
201609010311
201609010312
201609010401
201609010402
201609010403
201609010404
201609010405
201609010406
201609010407
201609010408
201609010409
201609010410
201609010411
201609010412
201609010501
201609010502
201609010503
201609010504
201609010505
201609010506
201609010507
201609010508
201609010509
201609010510
201609010511
201609010512
201609010601
201609010602
201609010603
201609010604
201609010605
201609010606
201609010607
201609010608
201609010609
201609010610
201609010611
201609010612
201609010701
201609010702
201609010703
201609010704
201609010705
201609010706
201609010707
201609010708
201609010709
201609010710
201609010711
201609010712
201609010801
201609010802
201609010803
201609010804
201609010805
201609010806
201609010807
201609010808
201609010809
201609010810
201609010811
201609010812
201609020101
201609020102
201609020103
201609020104
201609020105
201609020106
201609020107
201609020108
201609020109
201609020110
201609020111
201609020112
201609020201
201609020202
201609020203
201609020204
201609020205
201609020206
201609020207
201609020208
201609020209
201609020210
201609020211
201609020212
201609020301
201609020302
201609020303
201609020304
201609020305
201609020306
201609020307
201609020308
201609020309
201609020310
201609020311
201609020312
201609020401
201609020402
201609020403
201609020404
201609020405
201609020406
201609020407
201609020408
201609020409
201609020410
201609020411
201609020412
201609020501
201609020502
201609020503
201609020504
201609020505
201609020506
201609020507
201609020508
201609020509
201609020510
201609020511
201609020512
201609020601
201609020602
201609020603
201609020604
201609020605
201609020606
201609020607
201609020608
201609020609
201609020610
201609020611
201609020612
201609020701
201609020702
201609020703
201609020704
201609020705
201609020706
201609020707
201609020708
201609020709
201609020710
201609020711
201609020712
201609020801
201609020802
201609020803
201609020804
201609020805
201609020806
201609020807
201609020808
201609020809
201609020810
201609020811
201609020812
201609030101
201609030102
201609030103
201609030104
201609030105
201609030106
201609030107
201609030108
201609030109
201609030110
201609030111
201609030112
201609030201
201609030202
201609030203
201609030204
201609030205
201609030206
201609030207
201609030208
201609030209
201609030210
201609030211
201609030212
201609030301
201609030302
201609030303
201609030304
201609030305
201609030306
201609030307
201609030308
201609030309
201609030310
201609030311
201609030312
201609030401
201609030402
201609030403
201609030404
201609030405
201609030406
201609030407
201609030408
201609030409
201609030410
201609030411
201609030412
201609030501
201609030502
201609030503
201609030504
201609030505
201609030506
201609030507
201609030508
201609030509
201609030510
201609030511
201609030512
201609030601
201609030602
201609030603
201609030604
201609030605
201609030606
201609030607
201609030608
201609030609
201609030610
201609030611
201609030612
201609030701
201609030702
201609030703
201609030704
201609030705
201609030706
201609030707
201609030708
201609030709
201609030710
201609030711
201609030712
201609030801
201609030802
201609030803
201609030804
201609030805
201609030806
201609030807
201609030808
201609030809
201609030810
201609030811
201609030812
201609040101
201609040102
201609040103
201609040104
201609040105
201609040106
201609040107
201609040108
201609040109
201609040110
201609040111
201609040112
201609040201
201609040202
201609040203
201609040204
201609040205
201609040206
201609040207
201609040208
201609040209
201609040210
201609040211
201609040212
201609040301
201609040302
201609040303
201609040304
201609040305
201609040306
201609040307
201609040308
201609040309
201609040310
201609040311
201609040312
201609040401
201609040402
201609040403
201609040404
201609040405
201609040406
201609040407
201609040408
201609040409
201609040410
201609040411
201609040412
201609040501
201609040502
201609040503
201609040504
201609040505
201609040506
201609040507
201609040508
201609040509
201609040510
201609040511
201609040512
201609040601
201609040602
201609040603
201609040604
201609040605
201609040606
201609040607
201609040608
201609040609
201609040610
201609040611
201609040612
201609040701
201609040702
201609040703
201609040704
201609040705
201609040706
201609040707
201609040708
201609040709
201609040710
201609040711
201609040712
201609040801
201609040802
201609040803
201609040804
201609040805
201609040806
201609040807
201609040808
201609040809
201609040810
201609040811
201609040812
201609050101
201609050102
201609050103
201609050104
201609050105
201609050106
201609050107
201609050108
201609050109
201609050110
201609050111
201609050112
201609050201
201609050202
201609050203
201609050204
201609050205
201609050206
201609050207
201609050208
201609050209
201609050210
201609050211
201609050212
201609050301
201609050302
201609050303
201609050304
201609050305
201609050306
201609050307
201609050308
201609050309
201609050310
201609050311
201609050312
201609050401
201609050402
201609050403
201609050404
201609050405
201609050406
201609050407
201609050408
201609050409
201609050410
201609050411
201609050412
201609050501
201609050502
201609050503
201609050504
201609050505
201609050506
201609050507
201609050508
201609050509
201609050510
201609050511
201609050512
201609050601
201609050602
201609050603
201609050604
201609050605
201609050606
201609050607
201609050608
201609050609
201609050610
201609050611
201609050612
201609050701
201609050702
201609050703
201609050704
201609050705
201609050706
201609050707
201609050708
201609050709
201609050710
201609050711
201609050712
201609050801
201609050802
201609050803
201609050804
201609050805
201609050806
201609050807
201609050808
201609050809
201609050810
201609050811
201609050812
201609050901
201609050902
201609050903
201609050904
201609050905
201609050906
201609050907
201609050908
201609050909
201609050910
201609050911
201609050912