201610010101
201610010102
201610010103
201610010104
201610010105
201610010106
201610010107
201610010108
201610010109
201610010110
201610010111
201610010112
201610010201
201610010202
201610010203
201610010204
201610010205
201610010206
201610010207
201610010208
201610010209
201610010210
201610010211
201610010212
201610010301
201610010302
201610010303
201610010304
201610010305
201610010306
201610010307
201610010308
201610010309
201610010310
201610010311
201610010312
201610010401
201610010402
201610010403
201610010404
201610010405
201610010406
201610010407
201610010408
201610010409
201610010410
201610010411
201610010412
201610010501
201610010502
201610010503
201610010504
201610010505
201610010506
201610010507
201610010508
201610010509
201610010510
201610010511
201610010512
201610010601
201610010602
201610010603
201610010604
201610010605
201610010606
201610010607
201610010608
201610010609
201610010610
201610010611
201610010701
201610010702
201610010703
201610010704
201610010705
201610010706
201610010707
201610010708
201610010709
201610010710
201610010711
201610010712
201610010801
201610010802
201610010803
201610010804
201610010805
201610010806
201610010807
201610010808
201610020101
201610020102
201610020103
201610020104
201610020105
201610020106
201610020107
201610020108
201610020109
201610020110
201610020201
201610020202
201610020203
201610020204
201610020205
201610020206
201610020207
201610020208
201610020209
201610020210
201610020211
201610020212
201610020301
201610020302
201610020303
201610020304
201610020305
201610020306
201610020307
201610020308
201610020309
201610020310
201610020311
201610020401
201610020402
201610020403
201610020404
201610020405
201610020406
201610020407
201610020408
201610020409
201610020410
201610020411
201610020501
201610020502
201610020503
201610020504
201610020505
201610020506
201610020507
201610020508
201610020509
201610020510
201610020511
201610020601
201610020602
201610020603
201610020604
201610020605
201610020606
201610020607
201610020608
201610020609
201610020610
201610020701
201610020702
201610020703
201610020704
201610020705
201610020706
201610020707
201610020708
201610020709
201610020710
201610020711
201610020801
201610020802
201610020803
201610020804
201610020805
201610020806
201610020807
201610020808
201610020809
201610020810
201610020811
201610020901
201610020902
201610020903
201610020904
201610020905
201610020906
201610020907
201610020908
201610020909
201610020910
201610020911
201610020912
201610021001
201610021002
201610021003
201610021004
201610021005
201610021006
201610021007
201610021008
201610021009
201610021010
201610021011
201610021101
201610021102
201610021103
201610021104
201610021105
201610021106
201610021107
201610021108
201610021109
201610021110
201610021201
201610021202
201610021203
201610021204
201610021205
201610021206
201610021207
201610021208
201610021209
201610021210