198201010401
198201010402
198201010403
198201010404
198201010405
198201010406
198201010501
198201010502
198201010503
198201010504
198201010505
198201010506
198201010507
198201010508
198201010509
198201020201
198201020202
198201020203
198201020204
198201020205
198201020206
198201020207
198201020208
198201020209
198201020401
198201020402
198201020403
198201020404
198201020405
198201020406
198201020407
198201020601
198201020602
198201020603
198201020604
198201020605
198201020606
198201020607
198201020608
198201020801
198201020802
198201020803