198202010201
198202010202
198202010203
198202010301
198202010302
198202010303
198202010304
198202010305
198202010306
198202010307
198202010308
198202010309
198202010501
198202010502
198202010503
198202010504
198202010505
198202010506
198202010507
198202010508
198202010801
198202010802
198202010803
198202010804
198202010805
198202010806
198202010807
198202010808
198202020101
198202020102
198202020103
198202020104
198202020105
198202020106
198202020107
198202020201
198202020202
198202020203
198202020204
198202020205
198202020206
198202020207
198202020301
198202020302
198202020303
198202020304
198202020305
198202020306
198202020307
198202020308
198202020309
198202020401
198202020402
198202020403
198202020404
198202020405
198202020406
198202020407
198202020408
198202020701
198202020702
198202020703
198202020704
198202020705
198202020706
198202020707
198202020708
198202020801
198202020802
198202020803
198202020804
198202020805
198202020806