198203010101
198203010102
198203010103
198203010104
198203010105
198203010106
198203010107
198203010108
198203010109
198203010601
198203010602
198203010603
198203010604
198203010605
198203010606
198203010607
198203010608
198203020401
198203020402
198203020403
198203020404
198203020405
198203020406
198203020407
198203020408
198203020409
198203020701
198203020702
198203020703
198203020704
198203020705
198203020706
198203020707
198203020801
198203020802
198203020803
198203020804
198203020805
198203020806
198203020807
198203020808
198203020809
198203020810
198203030401
198203030402
198203030403
198203030404
198203030405
198203030406
198203030407
198203030601
198203030602
198203030603
198203030604
198203030605
198203030606
198203030607
198203030701
198203030702