198205010201
198205010202
198205010203
198205010204
198205010205
198205010206
198205010207
198205010208
198205010209
198205010210
198205010211
198205010212
198205010301
198205010302
198205010303
198205010304
198205010305
198205010306
198205010307
198205010308
198205010309
198205010310
198205010311
198205010312
198205010501
198205010502
198205010503
198205010504
198205010505
198205010506
198205010507
198205010508
198205010509
198205010510
198205010511
198205010601
198205010602
198205010603
198205010604
198205010605
198205010606
198205010607
198205010608
198205010609
198205010610
198205010611
198205010701
198205010702
198205010703
198205010704
198205010705
198205010706
198205010707
198205010708
198205010709
198205010710
198205010801
198205010802
198205010803
198205010804
198205010805
198205010806
198205010807
198205010808
198205020201
198205020202
198205020203
198205020204
198205020205
198205020206
198205020207
198205020208
198205020209
198205020210
198205020211
198205020212
198205020301
198205020302
198205020303
198205020401
198205020402
198205020403
198205020404
198205020405
198205020406
198205020407
198205020408
198205020409
198205020410
198205020411
198205020412
198205020601
198205020602
198205020603
198205020604
198205020605
198205020606
198205020607
198205020608
198205020609
198205020801
198205020802
198205020803
198205020804
198205020805
198205020806
198205020807
198205020808
198205020809
198205020810
198205030101
198205030102
198205030103
198205030104
198205030105
198205030106
198205030107
198205030108
198205030109
198205030110
198205030111
198205030201
198205030202
198205030203
198205030204
198205030205
198205030206
198205030207
198205030208
198205030209
198205030210
198205030301
198205030302
198205030303
198205030304
198205030305
198205030306
198205030307
198205030308
198205030309
198205030310
198205030311
198205030401
198205030402
198205030403
198205030404
198205030405
198205030406
198205030407
198205030408
198205030409
198205030701
198205030801
198205030802
198205030803
198205030804
198205030805
198205030806
198205040201
198205040202
198205040203
198205040204
198205040205
198205040206
198205040207
198205040208
198205040209
198205040210
198205040301
198205040302
198205040303
198205040304
198205040305
198205040306
198205040307
198205040308
198205040309
198205040310
198205040401
198205040402
198205040403
198205040404
198205040405
198205040406
198205040407
198205040501
198205040502
198205040503
198205040504
198205040505
198205040506
198205040507
198205040508
198205040601
198205040602
198205040603
198205040604
198205040605
198205040606
198205040607
198205040608
198205040609
198205040701
198205040702
198205040703
198205040704
198205040705
198205040706
198205040707
198205040708
198205040709
198205040710
198205040711
198205040801
198205040802
198205040803
198205040804
198205040805
198205040806
198205050301
198205050302
198205050303
198205050304
198205050305
198205050306
198205050307
198205050308
198205050309
198205050401
198205050402
198205050403
198205050404
198205050405
198205050406
198205050501
198205050502
198205050503
198205050504
198205050505
198205050506
198205050507
198205050508
198205050509
198205050510
198205050601
198205050602
198205050603
198205050604
198205050605
198205050606
198205050607
198205050608
198205050609
198205050610
198205050801
198205050802
198205050803
198205050804
198205050805
198205050806
198205050807
198205050808
198205050809