198206010101
198206010102
198206010103
198206010104
198206010105
198206010106
198206010107
198206010108
198206010109
198206010110
198206010111
198206010201
198206010202
198206010203
198206010204
198206010205
198206010206
198206010207
198206010208
198206010209
198206010210
198206010211
198206010401
198206010402
198206010403
198206010404
198206010405
198206010406
198206010407
198206010408
198206010409
198206010410
198206010501
198206010502
198206010503
198206010504
198206010505
198206010506
198206010507
198206010508
198206010509
198206010510
198206010701
198206010702
198206010703
198206010704
198206010705
198206010706
198206010707
198206010708
198206010709
198206010710
198206010711
198206010712
198206020101
198206020102
198206020103
198206020104
198206020105
198206020106
198206020107
198206020108
198206020109
198206020110
198206020111
198206020201
198206020202
198206020203
198206020204
198206020205
198206020206
198206020207
198206020208
198206020209
198206020210
198206020211
198206020301
198206020302
198206020303
198206020304
198206020305
198206020306
198206020307
198206020308
198206020401
198206020402
198206020403
198206020404
198206020405
198206020406
198206020407
198206020408
198206020409
198206020410
198206020411
198206020501
198206020502
198206020503
198206020504
198206020505
198206020506
198206020507
198206020508
198206020601
198206020602
198206020603
198206020604
198206020605
198206020606
198206020607
198206020608
198206020609
198206020610
198206020611
198206020612
198206020801
198206020802
198206020803
198206020804
198206020805
198206020806
198206020807
198206030201
198206030202
198206030203
198206030204
198206030205
198206030206
198206030207
198206030208
198206030209
198206030210
198206030211
198206030212
198206030301
198206030302
198206030303
198206030501
198206030502
198206030503
198206030504
198206030601
198206030602
198206030603
198206030604
198206030605
198206030606
198206030607
198206030608
198206030609
198206030610
198206030611
198206030612
198206030801
198206030802
198206030803
198206030804
198206030805
198206030806
198206030807
198206030808
198206030809
198206030810
198206040201
198206040202
198206040203
198206040204
198206040205
198206040206
198206040207
198206040208
198206040209
198206040210
198206040301
198206040302
198206040303
198206040304
198206040305
198206040401
198206040402
198206040403
198206040404
198206040405
198206040406
198206040407
198206040601
198206040602
198206040603
198206040604
198206040605
198206040606
198206040607
198206040608
198206040701
198206040702
198206040801
198206040802
198206040803
198206040804
198206040805
198206040806
198206040807
198206040808
198206040809
198206040810
198206040811
198206050301
198206050302
198206050303
198206050501
198206050502
198206050503
198206050504
198206050505
198206050506
198206050507
198206050508
198206050509
198206050510
198206050701
198206050702
198206050703
198206050704
198206050705
198206050706
198206050707
198206050708
198206050709
198206050710
198206050711
198206050712
198206050801
198206050802
198206050803
198206050804
198206050805
198206050806
198206050807
198206050808
198206050809
198206050810