198207010101
198207010102
198207010103
198207010601
198207010602
198207010603
198207010604
198207020101
198207020102
198207020103
198207020104
198207020105
198207020401
198207020402
198207020403
198207020404
198207020405
198207020501
198207020502
198207020503
198207020504
198207020505
198207020506
198207020507
198207030201
198207030202
198207030203
198207030204
198207030205
198207030206
198207030701
198207030702
198207030703
198207030704
198207040101
198207040102
198207040103
198207040104
198207040105
198207040106
198207040107
198207040301
198207040302
198207040303
198207040304
198207040305
198207040401
198207040402
198207040403
198207040404
198207040405
198207040406
198207040801
198207040802
198207040803