198209010201
198209010202
198209010203
198209010204
198209010205
198209010206
198209010207
198209010208
198209010209
198209010210
198209010301
198209010302
198209010303
198209010304
198209010305
198209010306
198209010307
198209010308
198209010401
198209010402
198209010403
198209010404
198209010405
198209010406
198209010407
198209010408
198209010501
198209010601
198209010602
198209010603
198209010604
198209010605
198209010606
198209010607
198209010608
198209010609
198209010610
198209010701
198209010702
198209010703
198209010704
198209010705
198209010706
198209010707
198209010708
198209010709
198209010710
198209010711
198209010801
198209010802
198209010803
198209010804
198209010805
198209020201
198209020202
198209020203
198209020204
198209020205
198209020206
198209020207
198209020208
198209020209
198209020210
198209020301
198209020302
198209020303
198209020304
198209020305
198209020306
198209020307
198209020308
198209020401
198209020402
198209020403
198209020404
198209020405
198209020406
198209020407
198209020408
198209020409
198209020410
198209020411
198209020601
198209020602
198209020603
198209020604
198209020605
198209020606
198209020607
198209020608
198209020609
198209020701
198209020702
198209020703
198209020704
198209020705
198209020706
198209020707
198209020708
198209020801
198209020802
198209020803
198209020804
198209020805
198209020806
198209020807
198209020808
198209020809
198209020810
198209020811
198209030101
198209030102
198209030103
198209030104
198209030105
198209030106
198209030107
198209030108
198209030109
198209030110
198209030111
198209030301
198209030302
198209030303
198209030304
198209030305
198209030306
198209030307
198209030308
198209030309
198209030601
198209030602
198209030603
198209030604
198209030605
198209030606
198209030607
198209030608
198209030609
198209030610
198209030801
198209030802
198209030803
198209030804
198209030805
198209030806
198209030807
198209030808
198209030809
198209030810
198209030811
198209040301
198209040302
198209040303
198209040304
198209040305
198209040306
198209040307
198209040308
198209040309
198209040310
198209040701
198209040702
198209040703
198209040704
198209040705
198209040706
198209040707
198209040708
198209040801
198209040802
198209040803
198209040804
198209040805
198209040806
198209040807
198209040808
198209040809
198209040810
198209050101
198209050102
198209050103
198209050104
198209050105
198209050106
198209050107
198209050108
198209050109
198209050110
198209050111
198209050201
198209050202
198209050203
198209050204
198209050205
198209050206
198209050207
198209050208
198209050209
198209050210
198209050211
198209050212
198209050501
198209050502
198209050503
198209050504
198209050505
198209050506
198209050507
198209050508
198209050509
198209050601
198209050602
198209050603
198209050604
198209050605
198209050606
198209050607
198209050608
198209050609
198209050610
198209050701
198209050702
198209050703
198209050704
198209050705
198209050706
198209050707
198209050708
198209050709
198209050710
198209050711
198209050801
198209050802
198209050803
198209050804
198209050805
198209050806
198209050807
198209050808
198209050809
198209050810
198209050811
198209060201
198209060801
198209060802
198209060803
198209060804
198209060805
198209060806
198209060807
198209060808