196006020701
196006020702
196006020703
196006020704
196006020705
196006020706
196006030101
196006030102
196006030103
196006030104
196006030401
196006030402
196006030403
196006030404
196006030405
196006030406
196006030407
196006030408
196006030409
196006030410
196006030411
196006030412
196006030501
196006030502
196006030503
196006030504
196006030505
196006030506
196006030507
196006030508
196006030509
196006030510
196006030511
196006040301
196006040302
196006040303
196006040304
196006040305
196006070301
196006070302
196006070303
196006070304
196006070305
196006070306
196006070307
196006070801
196006070802
196006070803
196006070804
196006070805
196006070806
196006070807
196006070808
196006070809
196006070810