195806010601
195806010602
195806010603
195806010604
195806010605
195806020201
195806020202
195806020203
195806020204
195806020205
195806020206
195806020207
195806020208
195806060301
195806060302
195806060303
195806060304
195806060305
195806060306
195806060307
195806060308
195806060801
195806060802
195806060803
195806060804
195806060805
195806060806
195806060807
195806060808
195806060809
195806060810
195806070201
195806070202
195806070203
195806070204
195806070205
195806070206
195806070301
195806070302
195806070303
195806070304
195806070305
195806070306
195806070307
195806070401
195806070402
195806070403
195806070404
195806070405
195806070406
195806070407
195806070408
195806070409
195806070410
195806070411
195806070601
195806070602
195806070603
195806070604
195806070605
195806070606
195806070607
195806070608
195806070609
195806070610
195806070611
195806070701
195806070702
195806070703
195806070704
195806070705
195806070706
195806070707
195806070708
195806070709
195806070710