200104010102
200104010103
200104010106
200104010107
200104010108
200104010109
200104010110
200104010111
200104010202
200104010206
200104010209
200104010210
200104010211
200104010303
200104010304
200104010306
200104010308
200104010311
200104010312
200104010401
200104010402
200104010403
200104010404
200104010406
200104010408
200104010409
200104010410
200104010412
200104010501
200104010502
200104010507
200104010508
200104010509
200104010510
200104010511
200104010512
200104010601
200104010602
200104010605
200104010607
200104010608
200104010609
200104010610
200104010611
200104010612
200104010702
200104010707
200104010709
200104010710
200104010711
200104010803
200104010804
200104010805
200104010806
200104010807
200104010808
200104010809
200104010811
200104020104
200104020106
200104020107
200104020110
200104020111
200104020112
200104020202
200104020203
200104020207
200104020209
200104020210
200104020302
200104020303
200104020304
200104020305
200104020306
200104020308
200104020311
200104020401
200104020403
200104020405
200104020408
200104020409
200104020410
200104020411
200104020412
200104020501
200104020504
200104020506
200104020508
200104020509
200104020510
200104020601
200104020602
200104020608
200104020609
200104020610
200104020612
200104020706
200104020707
200104020708
200104020709
200104020710
200104020711
200104020801
200104020802
200104020806
200104020808
200104020809
200104020810
200104020811
200104020812
200104030101
200104030102
200104030104
200104030106
200104030108
200104030109
200104030110
200104030111
200104030112
200104030201
200104030206
200104030207
200104030208
200104030209
200104030210
200104030211
200104030212
200104030302
200104030304
200104030306
200104030308
200104030309
200104030311
200104030403
200104030404
200104030408
200104030411
200104030412
200104030501
200104030503
200104030507
200104030509
200104030510
200104030512
200104030602
200104030604
200104030610
200104030611
200104030612
200104030701
200104030702
200104030704
200104030706
200104030710
200104030711
200104030712
200104030802
200104030804
200104030806
200104030808
200104030810
200104030811