200110010102
200110010105
200110010106
200110010108
200110010109
200110010111
200110010112
200110010202
200110010205
200110010206
200110010209
200110010211
200110010212
200110010301
200110010302
200110010304
200110010305
200110010308
200110010310
200110010311
200110010312
200110010401
200110010403
200110010404
200110010405
200110010407
200110010411
200110010503
200110010504
200110010508
200110010510
200110010511
200110010602
200110010603
200110010605
200110010606
200110010607
200110010610
200110010611
200110010701
200110010703
200110010706
200110010708
200110010709
200110010710
200110010712
200110010801
200110010802
200110010804
200110010805
200110010806
200110010807
200110010808
200110010809
200110010810
200110010811
200110010812
200110020102
200110020104
200110020107
200110020109
200110020110
200110020111
200110020112
200110020201
200110020204
200110020205
200110020207
200110020208
200110020209
200110020210
200110020211
200110020212
200110020301
200110020302
200110020303
200110020304
200110020307
200110020309
200110020311
200110020312
200110020401
200110020405
200110020406
200110020408
200110020409
200110020411
200110020501
200110020503
200110020506
200110020508
200110020510
200110020511
200110020512
200110020602
200110020603
200110020607
200110020608
200110020610
200110020611
200110020702
200110020703
200110020707
200110020708
200110020710
200110020711
200110020712
200110020803
200110020804
200110020806
200110020807
200110020808
200110020809
200110020810
200110020811
200110030103
200110030106
200110030107
200110030109
200110030110
200110030111
200110030112
200110030201
200110030202
200110030203
200110030204
200110030210
200110030211
200110030304
200110030306
200110030307
200110030308
200110030309
200110030310
200110030311
200110030401
200110030404
200110030407
200110030408
200110030409
200110030411
200110030412
200110030501
200110030503
200110030506
200110030509
200110030511
200110030512
200110030601
200110030604
200110030605
200110030606
200110030607
200110030609
200110030610
200110030611
200110030701
200110030704
200110030706
200110030707
200110030708
200110030710
200110030711
200110030712
200110030801
200110030803
200110030804
200110030809
200110030811
200110030812