200144011404
200144011507
200144011509
200144011511
200144011606
200144011610
200144011710
200144013110
200144021307
200144021509
200144021603
200144021606
200144022610
200144022710
200144022810
200144030103
200144030105
200144030107
200144030208
200144032601
200144032709
200144033008
200144033009
200144041409
200144041504
200144041609
200144050904
200144050908
200144050909
200144051010
200144051108
200144051908
200144052104
200144052209
200144060609
200144060803
200144062603
200144062609
200144071304
200144071310
200144072009
200144072109
200144072410
200144080807
200144080808
200144080809
200144080909
200144081008
200144082508
200144082804
200144082809
200144091102
200144091104
200144091106
200144091107
200144091209
200144092401
200144092407
200144092408
200144092509
200144092709
200144092804
200144100608
200144100703
200144100908
200144102903
200144102908
200144103105
200144103108
200144103109
200144110101
200144110209
200144110311
200144121001
200144121005
200144121104
200144121111
200144121210
200144121406
200144121503
200144121510
200144122702
200144122801
200144122809
200144122909
200144122910
200144123004
200144123106