200148011411
200148011501
200148011610
200148012901
200148012910
200148013009
200148013105
200148020406
200148020510
200148021802
200148021901
200148021910
200148022109
200148022204
200148030610
200148030702
200148032009
200148032603
200148032708
200148041003
200148041010
200148041101
200148041611
200148041704
200148041906
200148050111
200148050202
200148050310
200148050710
200148050803
200148050810
200148050910
200148052108
200148052209
200148052401
200148060709
200148061202
200148061209
200148061210
200148062508
200148062701
200148071803
200148080104
200148082204
200148082302
200148090604
200148091803
200148092001
200148100104
200148102305
200148120303
200148121110