201235051909
201235052010
201235052106
201235052111
201235052701
201235052707
201235052803
201235052807
201235060210
201235060310
201235060407
201235060409
201235060410
201235061001
201235061010
201235061102
201235061106
201235071408
201235071410
201235071411
201235071502
201235071610
201235072110
201235072205
201235072309
201235072310
201235072810
201235072811
201235072903
201235072910
201235073001
201235073007
201235073009
201235073010
201235080411
201235080509
201235080605
201235080610
201235081409
201235081506
201235081510
201235081603
201235081608
201235081609
201235081610
201235081611
201235081907
201235081908
201235081910
201235092210
201235092211
201235092310
201235092408
201235092409
201235092909
201235092910
201235093009
201235093010
201235093011
201235100107
201235100108
201235100601
201235100607
201235100610
201235100707
201235100711
201235100807
201235100810
201235100811
201235101310
201235101408
201235101410
201235101509
201235102002
201235102101
201235102102
201235102205
201235102206
201235102207
201235102208
201235102209
201235102210
201235102710
201235102711
201235102805
201235102907
201235102909
201235102910
201235102911
201235110306
201235110307
201235110402
201235110410
201235110411
201235110501
201235110508
201235111010
201235111109
201235111110