201236010201
201236010202
201236010203
201236010204
201236010205
201236010206
201236010207
201236010208
201236010209
201236010210
201236010211
201236010301
201236010302
201236010303
201236010304
201236010305
201236010306
201236010307
201236010308
201236010309
201236010310
201236010311
201236010801
201236010802
201236010803
201236010804
201236010805
201236010806
201236010807
201236010808
201236010809
201236010810
201236010811
201236010901
201236010902
201236010903
201236010904
201236010905
201236010906
201236010907
201236010908
201236010909
201236010910
201236040701
201236040702
201236040703
201236040704
201236040705
201236040706
201236040707
201236040708
201236040709
201236040710
201236040711
201236040801
201236040802
201236040803
201236040804
201236040805
201236040806
201236040807
201236040808
201236040809
201236040810
201236040811
201236040901
201236040902
201236040903
201236040904
201236040905
201236040906
201236040907
201236040908
201236040909
201236040910
201236040911
201236041401
201236041402
201236041403
201236041404
201236041405
201236041406
201236041407
201236041408
201236041409
201236041410
201236041411
201236041501
201236041502
201236041503
201236041504
201236041505
201236041506
201236041507
201236041508
201236041509
201236041510
201236041511
201236041601
201236041602
201236041603
201236041604
201236041605
201236041606
201236041607
201236041608
201236041609
201236041610
201236041611
201236042101
201236042102
201236042103
201236042104
201236042105
201236042106
201236042107
201236042108
201236042109
201236042110
201236042111
201236042201
201236042202
201236042203
201236042204
201236042205
201236042206
201236042207
201236042208
201236042209
201236042210
201236042211
201236042301
201236042302
201236042303
201236042304
201236042305
201236042306
201236042307
201236042308
201236042309
201236042310
201236042311
201236042801
201236042802
201236042803
201236042804
201236042805
201236042806
201236042807
201236042808
201236042809
201236042810
201236042811
201236042901
201236042902
201236042903
201236042904
201236042905
201236042906
201236042907
201236042908
201236042909
201236042910
201236042911
201236043001
201236043002
201236043003
201236043004
201236043005
201236043006
201236043007
201236043008
201236043009
201236043010
201236043011
201236050401
201236050402
201236050403
201236050404
201236050405
201236050406
201236050407
201236050408
201236050409
201236050410
201236050411
201236050501
201236050502
201236050503
201236050504
201236050505
201236050506
201236050507
201236050508
201236050509
201236050510
201236050511
201236050601
201236050602
201236050603
201236050604
201236050605
201236050606
201236050607
201236050608
201236050609
201236050610
201236050611
201236051201
201236051202
201236051203
201236051204
201236051205
201236051206
201236051207
201236051208
201236051209
201236051210
201236051211
201236051301
201236051302
201236051303
201236051304
201236051305
201236051306
201236051307
201236051308
201236051309
201236051310
201236051311
201236051401
201236051402
201236051403
201236051404
201236051405
201236051406
201236051407
201236051408
201236051409
201236051410
201236051411
201236061601
201236061602
201236061603
201236061604
201236061605
201236061606
201236061607
201236061608
201236061609
201236061610
201236061611
201236061701
201236061702
201236061703
201236061704
201236061705
201236061706
201236061707
201236061708
201236061709
201236061710
201236061711
201236061801
201236061802
201236061803
201236061804
201236061805
201236061806
201236061807
201236061808
201236061809
201236061810
201236061811
201236062301
201236062302
201236062303
201236062304
201236062305
201236062306
201236062307
201236062308
201236062309
201236062310
201236062311
201236062401
201236062402
201236062403
201236062404
201236062405
201236062406
201236062407
201236062408
201236062409
201236062410
201236062501
201236062502
201236062503
201236062504
201236062505
201236062506
201236062507
201236062508
201236062509
201236062510
201236062511
201236063001
201236063002
201236063003
201236063004
201236063005
201236063006
201236063007
201236063008
201236063009
201236063010
201236063011
201236070101
201236070102
201236070103
201236070104
201236070105
201236070106
201236070107
201236070108
201236070109
201236070110
201236070111
201236070201
201236070202
201236070203
201236070204
201236070205
201236070206
201236070207
201236070208
201236070209
201236070210
201236070211
201236070701
201236070702
201236070703
201236070704
201236070705
201236070706
201236070707
201236070708
201236070709
201236070710
201236070711
201236070801
201236070802
201236070803
201236070804
201236070805
201236070806
201236070807
201236070808
201236070809
201236070810
201236070811
201236070901
201236070902
201236070903
201236070904
201236070905
201236070906
201236070907
201236070908
201236070909
201236070910
201236070911
201236082501
201236082502
201236082503
201236082504
201236082505
201236082506
201236082507
201236082508
201236082509
201236082510
201236082511
201236082601
201236082602
201236082603
201236082604
201236082605
201236082606
201236082607
201236082608
201236082609
201236082610
201236082611
201236082701
201236082702
201236082703
201236082704
201236082705
201236082706
201236082707
201236082708
201236082709
201236082710
201236082711
201236090101
201236090102
201236090103
201236090104
201236090105
201236090106
201236090107
201236090108
201236090109
201236090110
201236090111
201236090201
201236090202
201236090203
201236090204
201236090205
201236090206
201236090207
201236090208
201236090209
201236090210
201236090211
201236090301
201236090302
201236090303
201236090304
201236090305
201236090306
201236090307
201236090308
201236090309
201236090310
201236090311
201236090801
201236090802
201236090803
201236090804
201236090805
201236090806
201236090807
201236090808
201236090809
201236090810
201236090811
201236090901
201236090902
201236090903
201236090904
201236090905
201236090906
201236090907
201236090908
201236090909
201236090910
201236090911
201236091001
201236091002
201236091003
201236091004
201236091005
201236091006
201236091007
201236091008
201236091009
201236091010
201236091011
201236091501
201236091502
201236091503
201236091504
201236091505
201236091506
201236091507
201236091508
201236091509
201236091510
201236091511
201236091601
201236091602
201236091603
201236091604
201236091605
201236091606
201236091607
201236091608
201236091609
201236091610
201236091611
201236091701
201236091702
201236091703
201236091704
201236091705
201236091706
201236091707
201236091708
201236091709
201236091710
201236091711
201236111701
201236111702
201236111703
201236111704
201236111705
201236111706
201236111707
201236111708
201236111709
201236111710
201236111711
201236111801
201236111802
201236111803
201236111804
201236111805
201236111806
201236111807
201236111808
201236111809
201236111810
201236111811
201236111901
201236111902
201236111903
201236111904
201236111905
201236111906
201236111907
201236111908
201236111909
201236111910
201236111911
201236112401
201236112402
201236112403
201236112404
201236112405
201236112406
201236112407
201236112408
201236112409
201236112410
201236112411
201236112501
201236112502
201236112503
201236112504
201236112505
201236112506
201236112507
201236112508
201236112509
201236112510
201236112511
201236112601
201236112602
201236112603
201236112604
201236112605
201236112606
201236112607
201236112608
201236112609
201236112610
201236112611
201236120101
201236120102
201236120103
201236120104
201236120105
201236120106
201236120107
201236120108
201236120109
201236120110
201236120111
201236120201
201236120202
201236120203
201236120204
201236120205
201236120206
201236120207
201236120208
201236120209
201236120210
201236120211
201236120301
201236120302
201236120303
201236120304
201236120305
201236120306
201236120307
201236120308
201236120309
201236120310
201236120311
201236120801
201236120802
201236120803
201236120804
201236120805
201236120806
201236120807
201236120808
201236120809
201236120810
201236120811
201236120901
201236120902
201236120903
201236120904
201236120905
201236120906
201236120907
201236120908
201236120909
201236120910
201236120911
201236121001
201236121002
201236121003
201236121004
201236121005
201236121006
201236121007
201236121008
201236121009
201236121010
201236121011
201236121501
201236121502
201236121503
201236121504
201236121505
201236121506
201236121507
201236121508
201236121509
201236121510
201236121511
201236121601
201236121602
201236121603
201236121604
201236121605
201236121606
201236121607
201236121608
201236121609
201236121610
201236121611
201236121701
201236121702
201236121703
201236121704
201236121705
201236121706
201236121707
201236121708
201236121709
201236121710
201236121711
201236122201
201236122202
201236122203
201236122204
201236122205
201236122206
201236122207
201236122208
201236122209
201236122210
201236122211
201236122301
201236122302
201236122303
201236122304
201236122305
201236122306
201236122307
201236122308
201236122309
201236122310
201236122311
201236122401
201236122402
201236122403
201236122404
201236122405
201236122406
201236122407
201236122408
201236122409
201236122410
201236122411
201236122901
201236122902
201236122903
201236122904
201236122905
201236122906
201236122907
201236122908
201236122909
201236122910
201236123001
201236123002
201236123003
201236123004
201236123005
201236123006
201236123007
201236123008
201236123009
201236123010
201236123101
201236123102
201236123103
201236123104
201236123105
201236123106
201236123107
201236123108
201236123109
201236123110
201236123111