201243011005
201243011009
201243011012
201243011105
201243011106
201243011108
201243011110
201243011111
201243011112
201243011201
201243011202
201243011203
201243011205
201243011206
201243011209
201243011210
201243011304
201243011307
201243011309
201243011311
201243011312
201243020607
201243020609
201243020610
201243020611
201243020701
201243020702
201243020706
201243020708
201243020801
201243020806
201243020808
201243020809
201243020811
201243020812
201243020901
201243020906
201243020908
201243020909
201243020910
201243020911
201243021005
201243021007
201243021009
201243021010
201243021011
201243021012
201243031203
201243031205
201243031208
201243031209
201243031210
201243031211
201243031306
201243031307
201243031308
201243031309
201243031311
201243031404
201243031406
201243031410
201243031411
201243031412
201243031501
201243031502
201243031508
201243031604
201243031609
201243031610
201243031611
201243031612
201243040204
201243040211
201243040301
201243040302
201243040306
201243040307
201243040309
201243040311
201243040407
201243040408
201243040409
201243040410
201243040411
201243040503
201243040508
201243040509
201243040602
201243040604
201243043008
201243043009
201243043010
201243043011
201243043012
201243050106
201243050107
201243050207
201243050208
201243050209
201243050210
201243050308
201243050312
201243050403
201243050406
201243061802
201243061807
201243061809
201243061811
201243061904
201243061905
201243061908
201243061909
201243061910
201243062005
201243062008
201243062011
201243062107
201243062109
201243062110
201243062111
201243062209
201243062210
201243071905
201243071907
201243071908
201243071912
201243072006
201243072008
201243072011
201243072304
201243072307
201243072308
201243072309
201243072310
201243072311
201243080809
201243080810
201243080811
201243080812
201243080903
201243080908
201243080909
201243080910
201243080911
201243081001
201243081003
201243081004
201243081009
201243081010
201243081011
201243090304
201243090309
201243090310
201243090311
201243090407
201243090408
201243090409
201243090410
201243090411
201243090505
201243090509
201243090511
201243092408
201243092410
201243092411
201243092503
201243092508
201243092509
201243092510
201243092605
201243092607
201243092608
201243092610
201243092611
201243092701
201243092702
201243092704
201243092708
201243092709
201243092710
201243092711
201243092803
201243092809
201243102909
201243102910
201243102911
201243103007
201243103011
201243103102
201243103103
201243103104
201243103106
201243103107
201243103108
201243103109
201243103110
201243103111
201243110103
201243110104
201243110109
201243110110
201243110111
201243110201
201243120301
201243120304
201243120305
201243120308
201243120310
201243120403
201243120406
201243120409
201243120410
201243120411
201243120501
201243120505
201243120508
201243120510
201243120511
201243120604
201243120607
201243120608
201243120609
201243120703
201243120707
201243120709
201243120710