201245010102
201245010108
201245010109
201245010110
201245010209
201245010211
201245010301
201245010304
201245010305
201245010306
201245010310
201245010311
201245010312
201245010406
201245010407
201245010410
201245010604
201245010606
201245010612
201245010707
201245010708
201245010709
201245010711
201245012301
201245012306
201245012308
201245012309
201245012311
201245012312
201245012403
201245012405
201245012409
201245012502
201245012503
201245012506
201245012507
201245012510
201245012511
201245012601
201245012605
201245012606
201245012703
201245012705
201245012706
201245012708
201245012709
201245012711
201245022701
201245022704
201245022709
201245022712
201245022803
201245022804
201245022808
201245022811
201245022905
201245022909
201245022911
201245030103
201245030107
201245030109
201245030112
201245030206
201245030207
201245030208
201245030210
201245040905
201245040909
201245040910
201245041006
201245041007
201245041009
201245041109
201245041207
201245041208
201245041303
201245041305
201245051501
201245051505
201245051507
201245051508
201245051509
201245051510
201245051604
201245051607
201245051609
201245051611
201245051704
201245051709
201245051710
201245051806
201245051808
201245051811
201245061105
201245061109
201245061202
201245061207
201245061209
201245061210
201245061306
201245061307
201245061310
201245061405
201245061410
201245061411
201245061501
201245061510
201245070209
201245070211
201245070307
201245070308
201245070311
201245070404
201245070405
201245070407
201245070409
201245070410
201245070510
201245070601
201245070602
201245070606
201245070609
201245070610
201245072402
201245072404
201245072408
201245072508
201245072509
201245072510
201245072511
201245072601
201245072611
201245072703
201245072711
201245082001
201245082005
201245082007
201245082008
201245082009
201245082101
201245082107
201245082108
201245082207
201245082208
201245082210
201245082211
201245082302
201245082307
201245082309
201245082310
201245082401
201245082403
201245082404
201245082409
201245082411
201245090601
201245090605
201245090608
201245090609
201245090610
201245090705
201245090711
201245091001
201245091002
201245091003
201245091007
201245091101
201245091103
201245091106
201245091107
201245091108
201245101502
201245101509
201245101602
201245101605
201245101610
201245101708
201245101802
201245101803
201245101805
201245101806
201245101807
201245101808
201245101901
201245101906
201245101907
201245101908
201245101909
201245110404
201245110505
201245110509
201245110510
201245110511
201245110512
201245110601
201245110606
201245110609
201245110610
201245110701
201245110704
201245110705
201245110711
201245110712
201245110806
201245110810
201245110811
201245110901
201245110902
201245110903
201245110906
201245110907
201245110910
201245121705
201245121706
201245121707
201245121708
201245121709
201245121710
201245121711
201245121712
201245121803
201245121804
201245121807
201245121808
201245121810
201245121907
201245121910
201245121911
201245122001
201245122002
201245122007
201245122102
201245122103
201245122106
201245122107
201245122110
201245122111
201245122112