201247010901
201247010902
201247010903
201247010904
201247011001
201247011002
201247011003
201247011004
201247011005
201247011006
201247011007
201247011008
201247011009
201247011010
201247011101
201247011102
201247011103
201247011104
201247011105
201247011201
201247011202
201247011203
201247011204
201247011205
201247011206
201247011207
201247011208
201247011301
201247011302
201247011303
201247011304
201247011305
201247011306
201247011307
201247011308
201247011309
201247011310
201247011311
201247012301
201247012302
201247012303
201247012401
201247012402
201247012403
201247012404
201247012405
201247012406
201247012501
201247012502
201247012503
201247012504
201247012505
201247012506
201247012507
201247012601
201247012602
201247012603
201247012604
201247012605
201247012606
201247012607
201247012701
201247012702
201247012703
201247012704
201247012705
201247012706
201247012707
201247012708
201247012709
201247021301
201247021302
201247021303
201247021304
201247021305
201247021401
201247021402
201247021403
201247021404
201247021405
201247021406
201247021407
201247021408
201247021409
201247021501
201247021502
201247021503
201247021504
201247021505
201247021506
201247021507
201247021508
201247021509
201247021601
201247021602
201247021603
201247021604
201247021605
201247021606
201247021607
201247021701
201247021702
201247021703
201247021704
201247022701
201247022702
201247022703
201247022704
201247022705
201247022706
201247022707
201247022801
201247022802
201247022803
201247022804
201247022805
201247022806
201247022807
201247022808
201247022809
201247022901
201247022902
201247022903
201247022904
201247022905
201247022906
201247022907
201247022908
201247022909
201247030101
201247030102
201247030103
201247030104
201247030105
201247030106
201247030107
201247030108
201247030109
201247030201
201247030202
201247030203
201247030204
201247030205
201247031301
201247031302
201247031303
201247031304
201247031401
201247031402
201247031403
201247031404
201247031405
201247031406
201247031407
201247031408
201247031409
201247031501
201247031502
201247031503
201247031601
201247031602
201247031603
201247031604
201247031605
201247031606
201247031607
201247031608
201247031609
201247031610
201247032601
201247032602
201247032603
201247032604
201247032605
201247032606
201247032607
201247032608
201247032609
201247032701
201247032702
201247032703
201247032704
201247032705
201247032706
201247032707
201247032708
201247032709
201247040201
201247040202
201247040203
201247040401
201247040402
201247040403
201247040404
201247040405
201247040406
201247040407
201247040408
201247040409
201247040601
201247040602
201247040603
201247040604
201247040605
201247040606
201247040607
201247040608
201247040609
201247040610
201247040611
201247042301
201247042302
201247042303
201247042304
201247042305
201247042701
201247042702
201247042703
201247042704
201247050701
201247050702
201247050703
201247050704
201247050901
201247050902
201247050903
201247050904
201247050905
201247050906
201247050907
201247050908
201247050909
201247051101
201247051102
201247051103
201247051104
201247051105
201247051106
201247051107
201247051108
201247051109
201247051110
201247052501
201247052502
201247052503
201247052504
201247052505
201247052506
201247052507
201247052508
201247052509
201247052510
201247061501
201247061502
201247061503
201247061504
201247061505
201247061506
201247061507
201247061508
201247061509
201247061510
201247061511
201247062901
201247062902
201247062903
201247062904
201247062905
201247062906
201247062907
201247062908
201247062909
201247062910
201247071201
201247071202
201247071203
201247071204
201247071205
201247071206
201247071207
201247071208
201247071301
201247071302
201247071303
201247071304
201247071601
201247071602
201247071603
201247071604
201247071605
201247071606
201247071607
201247071608
201247071609
201247072501
201247072502
201247072503
201247072504
201247072505
201247072506
201247072507
201247072508
201247072601
201247072602
201247072603
201247072604
201247072605
201247072606
201247072607
201247072608
201247072609
201247072701
201247072702
201247072703
201247072704
201247072705
201247072706
201247072707
201247072708
201247072709
201247072710
201247081601
201247081602
201247081603
201247081604
201247081605
201247081606
201247081607
201247081608
201247081609
201247081610
201247081701
201247081702
201247081703
201247081704
201247081705
201247081706
201247081707
201247081708
201247081709
201247081710
201247081711
201247081712
201247082901
201247082902
201247082903
201247082904
201247082905
201247082906
201247082907
201247082908
201247083001
201247083002
201247083003
201247083004
201247083005
201247083006
201247083007
201247083008
201247083009
201247083101
201247083102
201247083103
201247083104
201247083105
201247083106
201247083107
201247083108
201247091201
201247091202
201247091203
201247091204
201247091205
201247091206
201247091207
201247091208
201247091209
201247091401
201247091402
201247091403
201247091404
201247091405
201247091406
201247091407
201247091408
201247091409
201247091410
201247092401
201247092402
201247100901
201247100902
201247100903
201247100904
201247101001
201247101002
201247101003
201247101004
201247101005
201247101006
201247101007
201247101008
201247101009
201247101010
201247101101
201247101102
201247101103
201247101104
201247101105
201247101106
201247101107
201247101108
201247101109
201247101110
201247101201
201247101202
201247101203
201247101204
201247101205
201247101206
201247101207
201247101208
201247101209
201247101210
201247102201
201247102202
201247102203
201247102204
201247102205
201247102206
201247102401
201247102402
201247102501
201247102502
201247102503
201247102504
201247102505
201247102506
201247102507
201247102508
201247102509
201247102601
201247102602
201247102603
201247102604
201247102605
201247102606
201247102607
201247102608
201247102609
201247102610
201247102611
201247110701
201247110702
201247110703
201247110704
201247110705
201247110706
201247110707
201247110708
201247110709
201247110801
201247110802
201247110803
201247110804
201247110805
201247110806
201247110807
201247110808
201247110809
201247110810
201247110811
201247110901
201247110902
201247110903
201247110904
201247110905
201247110906
201247110907
201247110908
201247110909
201247110910
201247110911
201247111901
201247111902
201247111903
201247111904
201247111905
201247112001
201247112002
201247112003
201247112004
201247112005
201247112006
201247112101
201247112102
201247112103
201247112104
201247112105
201247112106
201247112107
201247112108
201247112109
201247112201
201247112202
201247112203
201247112204
201247112205
201247112206
201247112207
201247112208
201247112209
201247112210
201247121001
201247121002
201247121003
201247121004
201247121005
201247121006
201247121007
201247121008
201247121201
201247121202
201247121203
201247121204
201247121205
201247121206
201247121207
201247121208
201247121209
201247121210
201247121401
201247121402
201247122701
201247122702
201247122703
201247122801
201247122802
201247122803
201247122804
201247122901
201247122902
201247122903
201247122904
201247122905
201247122906
201247122907
201247122908
201247123001
201247123002
201247123003
201247123004
201247123005
201247123006
201247123007
201247123008
201247123009
201247123101
201247123102
201247123103
201247123104
201247123105
201247123106
201247123107
201247123108