201248010107
201248010201
201248010205
201248010206
201248010208
201248010210
201248010302
201248010307
201248010401
201248010402
201248010410
201248010601
201248010605
201248010607
201248010610
201248010707
201248010709
201248010710
201248011604
201248011606
201248011607
201248011609
201248011702
201248011706
201248011802
201248011808
201248011810
201248011905
201248011906
201248011910
201248012005
201248013005
201248013008
201248013103
201248013106
201248013107
201248013108
201248013110
201248020102
201248020106
201248020107
201248020110
201248020203
201248020205
201248020206
201248020207
201248020306
201248020605
201248020701
201248020702
201248020704
201248020706
201248020803
201248020806
201248020808
201248020810
201248020905
201248020906
201248020907
201248021007
201248022008
201248022102
201248022104
201248022202
201248022204
201248022206
201248022207
201248022209
201248022210
201248022305
201248022310
201248022409
201248030509
201248030601
201248030602
201248030603
201248030604
201248030606
201248030610
201248030707
201248030802
201248030803
201248030805
201248030911
201248031905
201248032001
201248032005
201248032006
201248032008
201248032010
201248032108
201248032110
201248032203
201248032204
201248032205
201248032206
201248032207
201248032208
201248032211
201248040904
201248040911
201248041103
201248041105
201248041109
201248041111
201248041207
201248041210
201248041211
201248041304
201248041308
201248041310
201248041604
201248041801
201248041802
201248041803
201248041906
201248041907
201248041911
201248042005
201248042006
201248042008
201248042011
201248050104
201248050107
201248050203
201248050210
201248050211
201248050301
201248050309
201248050405
201248050408
201248050409
201248050411
201248051408
201248051602
201248051605
201248051607
201248051611
201248051706
201248051805
201248051806
201248051810
201248051811
201248052805
201248052808
201248053001
201248053006
201248053010
201248053011
201248053102
201248053109
201248053110
201248060107
201248060108
201248060109
201248060111
201248060409
201248060601
201248060608
201248060609
201248060709
201248060710
201248060805
201248060807
201248060810
201248060811
201248061809
201248062009
201248062010
201248062011
201248062102
201248062107
201248062205
201248062206
201248062209
201248062212
201248070211
201248070401
201248070410
201248070411
201248070502
201248070504
201248070507
201248070608
201248070609
201248070611
201248071709
201248071711
201248071810
201248071907
201248071908
201248071909
201248071911
201248072008
201248072009
201248080605
201248080611
201248080807
201248080811
201248080905
201248081010
201248081011
201248082011
201248082211
201248082308
201248082310
201248082311
201248082408
201248082410
201248082411
201248090307
201248090311
201248090511
201248090611
201248090707
201248090708
201248090710
201248091907
201248091908
201248091910
201248092003
201248092007
201248092011
201248092101
201248092108
201248092109
201248092111
201248100111
201248100302
201248100306
201248100308
201248100311
201248100504
201248100509
201248100510
201248100511
201248101507
201248101508
201248101509
201248101605
201248101705
201248101706
201248101709
201248101710
201248101803
201248101805
201248101904
201248101906
201248101907
201248102906
201248102910
201248103001
201248103003
201248103008
201248103105
201248103108
201248110103
201248110203
201248110207
201248110208
201248110209
201248111204
201248111205
201248111209
201248111210
201248111304
201248111305
201248111307
201248111403
201248111405
201248111407
201248111409
201248111410
201248111510
201248111606
201248111607
201248111609
201248112604
201248112606
201248112610
201248112702
201248112703
201248112707
201248112708
201248112709
201248112810
201248112903
201248112910
201248113003
201248113004
201248113009
201248113010
201248120304
201248120306
201248120310
201248120401
201248120402
201248120408
201248120409
201248120504
201248120506
201248120610
201248120709
201248120710
201248121703
201248121905
201248122008
201248122009
201248122010
201248122104
201248122106
201248122405
201248122406
201248122408
201248122410