201250010201
201250010202
201250010203
201250010204
201250010205
201250010206
201250010207
201250010208
201250010209
201250010210
201250010211
201250010301
201250010302
201250010303
201250010304
201250010305
201250010306
201250010307
201250010308
201250010309
201250010310
201250010311
201250010401
201250010402
201250010403
201250010404
201250010405
201250010406
201250010407
201250011001
201250011002
201250011003
201250011004
201250011005
201250011006
201250011007
201250011008
201250011009
201250011010
201250011011
201250011101
201250011102
201250011103
201250011104
201250011105
201250011106
201250011107
201250011108
201250011109
201250011110
201250011111
201250011112
201250011201
201250011202
201250011203
201250011204
201250011205
201250011206
201250011207
201250011208
201250011209
201250011210
201250011701
201250011702
201250011703
201250011704
201250011705
201250011706
201250011707
201250011708
201250011709
201250011710
201250011711
201250011801
201250011802
201250011803
201250011804
201250011805
201250011806
201250011807
201250011808
201250011809
201250011810
201250011811
201250011901
201250011902
201250011903
201250011904
201250011905
201250011906
201250011907
201250011908
201250011909
201250011910
201250011911
201250012401
201250012402
201250012403
201250012404
201250012405
201250012406
201250012407
201250012408
201250012409
201250012501
201250012502
201250012503
201250012504
201250012505
201250012506
201250012507
201250012508
201250012509
201250012510
201250012511
201250012601
201250012602
201250012603
201250012604
201250012605
201250012606
201250012607
201250012608
201250013101
201250013102
201250013103
201250013104
201250013105
201250013106
201250013107
201250013108
201250013109
201250013110
201250013111
201250013112
201250020101
201250020102
201250020103
201250020104
201250020105
201250020106
201250020107
201250020108
201250020109
201250020110
201250020111
201250020112
201250020201
201250020202
201250020203
201250020204
201250020205
201250020206
201250020207
201250020208
201250020209
201250020210
201250020701
201250020702
201250020703
201250020704
201250020705
201250020706
201250020707
201250020708
201250020709
201250020801
201250020802
201250020803
201250020804
201250020805
201250020806
201250020807
201250020808
201250020901
201250020902
201250020903
201250020904
201250020905
201250020906
201250020907
201250020908
201250020909
201250020910
201250020911
201250021401
201250021402
201250021403
201250021404
201250021405
201250021406
201250021407
201250021408
201250021409
201250021410
201250021411
201250021501
201250021502
201250021503
201250021504
201250021505
201250021506
201250021507
201250021508
201250021509
201250021510
201250021511
201250021512
201250021601
201250021602
201250021603
201250021604
201250021605
201250021606
201250021607
201250021608
201250021609
201250021610
201250021611
201250021612
201250022101
201250022102
201250022103
201250022104
201250022105
201250022106
201250022107
201250022108
201250022109
201250022110
201250022111
201250022112
201250022201
201250022202
201250022203
201250022204
201250022205
201250022206
201250022207
201250022208
201250022209
201250022210
201250022301
201250022302
201250022303
201250022304
201250022305
201250022306
201250022307
201250022308
201250022309
201250022310
201250022311
201250022801
201250022802
201250022803
201250022804
201250022805
201250022806
201250022807
201250022808
201250022809
201250022810
201250022811
201250022901
201250022902
201250022903
201250022904
201250022905
201250022906
201250022907
201250030101
201250030102
201250030103
201250030104
201250030105
201250030106
201250030107
201250030108
201250030109
201250030110
201250030111
201250030112
201250030601
201250030602
201250030603
201250030604
201250030605
201250030606
201250030607
201250030608
201250030609
201250030610
201250030611
201250030701
201250030702
201250030703
201250030704
201250030705
201250030706
201250030707
201250030708
201250030709
201250030801
201250030802
201250030803
201250030804
201250030805
201250030806
201250030807
201250030808
201250030809
201250031301
201250031302
201250031303
201250031304
201250031305
201250031306
201250031307
201250031308
201250031401
201250031402
201250031403
201250031404
201250031405
201250031406
201250031407
201250031408
201250031409
201250031501
201250031502
201250031503
201250031504
201250031505
201250031506
201250031507
201250031508
201250031509
201250031510
201250031511
201250032001
201250032002
201250032003
201250032004
201250032005
201250032006
201250032007
201250032008
201250032009
201250032010
201250032011
201250032101
201250032102
201250032103
201250032104
201250032105
201250032106
201250032107
201250032108
201250032109
201250032110
201250032201
201250032202
201250032203
201250032204
201250032205
201250032206
201250032207
201250032208
201250032209
201250032210
201250032211
201250032701
201250032702
201250032703
201250032704
201250032705
201250032706
201250032707
201250032708
201250032801
201250032802
201250032803
201250032804
201250032805
201250032806
201250032807
201250032808
201250032809
201250032810
201250032811
201250032901
201250032902
201250032903
201250032904
201250032905
201250032906
201250032907
201250040301
201250040302
201250040303
201250040304
201250040305
201250040306
201250040307
201250040308
201250040309
201250040401
201250040402
201250040403
201250040404
201250040405
201250040406
201250040407
201250040408
201250040409
201250040410
201250040411
201250040412
201250040501
201250040502
201250040503
201250040504
201250040505
201250040506
201250040507
201250040508
201250040509
201250041001
201250041002
201250041003
201250041004
201250041005
201250041006
201250041007
201250041008
201250041009
201250041010
201250041011
201250041101
201250041102
201250041103
201250041104
201250041105
201250041106
201250041107
201250041108
201250041109
201250041110
201250041111
201250041112
201250041201
201250041202
201250041203
201250041204
201250041701
201250041702
201250041703
201250041704
201250041705
201250041706
201250041707
201250041708
201250041709
201250041801
201250041802
201250041803
201250041804
201250041805
201250041806
201250041807
201250041808
201250041809
201250041810
201250041811
201250041901
201250041902
201250041903
201250041904
201250041905
201250041906
201250041907
201250041908
201250041909
201250042401
201250042402
201250042403
201250042404
201250042405
201250042501
201250042502
201250042503
201250042504
201250042505
201250042506
201250042507
201250042508
201250042509
201250042601
201250042602
201250042603
201250042604
201250042605
201250042606
201250042607
201250042608
201250042609
201250042610
201250043001
201250043002
201250043003
201250043004
201250043005
201250043006
201250050201
201250050202
201250050203
201250050204
201250050205
201250050206
201250050207
201250050208
201250050209
201250050210
201250050301
201250050302
201250050303
201250050304
201250050305
201250050306
201250050307
201250050308
201250050309
201250050310
201250050401
201250050402
201250050403
201250050404
201250050405
201250050406
201250050407
201250050801
201250050802
201250050803
201250050804
201250050805
201250050806
201250050807
201250050808
201250050809
201250050901
201250050902
201250050903
201250050904
201250050905
201250050906
201250050907
201250050908
201250050909
201250051001
201250051002
201250051003
201250051004
201250051005
201250051501
201250051502
201250051503
201250051504
201250051505
201250051506
201250051507
201250051508
201250051509
201250051510
201250051511
201250051601
201250051602
201250051603
201250051604
201250051605
201250051606
201250051607
201250051608
201250051609
201250051610
201250051611
201250051701
201250051702
201250051703
201250051704
201250051705
201250051706
201250051707
201250051708
201250051709
201250051710
201250051711
201250052201
201250052202
201250052203
201250052204
201250052205
201250052206
201250052207
201250052208
201250052209
201250052210
201250052301
201250052302
201250052303
201250052304
201250052305
201250052306
201250052401
201250052402
201250052403
201250052404
201250052405
201250052406
201250052407
201250052408
201250052409
201250052410
201250052901
201250052902
201250052903
201250052904
201250052905
201250052906
201250052907
201250052908
201250052909
201250052910
201250052911
201250053001
201250053002
201250053003
201250053004
201250053005
201250053006
201250053007
201250053008
201250053009
201250053010
201250053011
201250053101
201250053102
201250053103
201250053104
201250053105
201250053106
201250053107
201250053108
201250053109
201250053110
201250053111
201250060501
201250060502
201250060503
201250060504
201250060505
201250060506
201250060507
201250060508
201250060509
201250060510
201250060511
201250060601
201250060602
201250060603
201250060604
201250060605
201250060606
201250060607
201250060608
201250060609
201250060701
201250060702
201250060703
201250060704
201250060705
201250060706
201250060707
201250060708
201250060709
201250060710
201250061201
201250061202
201250061203
201250061204
201250061205
201250061206
201250061207
201250061208
201250061209
201250061210
201250061211
201250061301
201250061302
201250061303
201250061304
201250061305
201250061306
201250061307
201250061308
201250061309
201250061310
201250061401
201250061402
201250061403
201250061404
201250061405
201250061406
201250061407
201250061408
201250061409
201250061410
201250062001
201250062002
201250062003
201250062004
201250062005
201250062006
201250062007
201250062008
201250062009
201250062010
201250062011
201250062101
201250062102
201250062103
201250062104
201250062105
201250062106
201250062107
201250062108
201250062201
201250062202
201250062203
201250062204
201250062205
201250062206
201250062207
201250062601
201250062602
201250062603
201250062604
201250062605
201250062606
201250062607
201250062608
201250062609
201250062610
201250062611
201250062701
201250062702
201250062703
201250062704
201250062705
201250062706
201250062707
201250062801
201250062802
201250062803
201250062804
201250062805
201250062806
201250062807
201250062808
201250090501
201250090502
201250090503
201250090504
201250090505
201250090506
201250090507
201250090508
201250090601
201250090602
201250090603
201250090604
201250090605
201250090606
201250090607
201250090608
201250090609
201250090610
201250090611
201250090701
201250090702
201250090703
201250090704
201250090705
201250090706
201250090707
201250090708
201250090709
201250090710
201250091301
201250091302
201250091303
201250091304
201250091305
201250091306
201250091307
201250091308
201250091309
201250091401
201250091402
201250091403
201250091404
201250091405
201250091406
201250091407
201250091408
201250091409
201250091901
201250091902
201250091903
201250091904
201250091905
201250091906
201250091907
201250091908
201250091909
201250092001
201250092002
201250092003
201250092004
201250092005
201250092006
201250092007
201250092008
201250092009
201250092010
201250092011
201250092101
201250092102
201250092103
201250092104
201250092105
201250092106
201250092107
201250092108
201250092109
201250092110
201250092111
201250092601
201250092602
201250092603
201250092604
201250092605
201250092606
201250092607
201250092608
201250092609
201250092610
201250092611
201250092701
201250092702
201250092703
201250092704
201250092705
201250092706
201250092707
201250092708
201250092709
201250092710
201250092711
201250092801
201250092802
201250092803
201250092804
201250092805
201250092806
201250092807
201250092808
201250092809
201250092810
201250092811
201250092812
201250100301
201250100302
201250100303
201250100304
201250100305
201250100306
201250100307
201250100308
201250100309
201250100310
201250100311
201250100401
201250100402
201250100403
201250100404
201250100405
201250100406
201250100407
201250100408
201250100409
201250100410
201250100411
201250100412
201250100501
201250100502
201250100503
201250100504
201250100505
201250100506
201250100507
201250100508
201250100509
201250100510
201250100511
201250100512
201250101001
201250101002
201250101003
201250101004
201250101005
201250101006
201250101007
201250101008
201250101009
201250101010
201250101011
201250101012
201250101101
201250101102
201250101103
201250101104
201250101105
201250101106
201250101107
201250101108
201250101109
201250101110
201250101111
201250101201
201250101202
201250101203
201250101204
201250101205
201250101206
201250101701
201250101702
201250101703
201250101704
201250101705
201250101706
201250101707
201250101801
201250101802
201250101803
201250101804
201250101805
201250101806
201250101807
201250101808
201250101809
201250101810
201250101811
201250101812
201250101901
201250101902
201250101903
201250101904
201250101905
201250101906
201250101907
201250101908
201250101909
201250101910
201250101911
201250101912
201250102401
201250102402
201250102403
201250102404
201250102405
201250102406
201250102407
201250102501
201250102502
201250102503
201250102504
201250102505
201250102506
201250102507
201250102508
201250102601
201250102602
201250102603
201250102604
201250102605
201250102606
201250102607
201250102608
201250102609
201250103101
201250103102
201250103103
201250103104
201250103105
201250103106
201250103107
201250103108
201250103109
201250103110
201250103111
201250103112
201250110101
201250110102
201250110103
201250110104
201250110105
201250110106
201250110107
201250110108
201250110109
201250110110
201250110111
201250110201
201250110202
201250110203
201250110204
201250110205
201250110206
201250110207
201250110208
201250110209
201250110701
201250110702
201250110703
201250110704
201250110705
201250110706
201250110707
201250110708
201250110709
201250110710
201250110711
201250110801
201250110802
201250110803
201250110804
201250110805
201250110806
201250110807
201250110808
201250110809
201250110901
201250110902
201250110903
201250110904
201250110905
201250110906
201250110907
201250110908
201250110909
201250110910
201250110911
201250111301
201250111302
201250111303
201250111304
201250111305
201250111306
201250111307
201250111308
201250111309
201250111310
201250111311
201250111401
201250111402
201250111403
201250111404
201250111405
201250111406
201250111407
201250111408
201250111409
201250111501
201250111502
201250111503
201250111504
201250111505
201250111506
201250111507
201250111508
201250111509
201250111510
201250111511
201250111512
201250112101
201250112102
201250112103
201250112104
201250112105
201250112106
201250112107
201250112108
201250112109
201250112201
201250112202
201250112203
201250112204
201250112205
201250112206
201250112207
201250112208
201250112209
201250112210
201250112211
201250112301
201250112302
201250112303
201250112304
201250112305
201250112306
201250112307
201250112308
201250112309
201250112701
201250112702
201250112703
201250112704
201250112705
201250112706
201250112707
201250112708
201250112709
201250112710
201250112711
201250112801
201250112802
201250112803
201250112804
201250112805
201250112806
201250112807
201250112808
201250112809
201250112810
201250112811
201250112812
201250112901
201250112902
201250112903
201250112904
201250112905
201250112906
201250112907
201250112908
201250112909
201250112910
201250120401
201250120402
201250120403
201250120404
201250120405
201250120406
201250120407
201250120408
201250120409
201250120410
201250120411
201250120501
201250120502
201250120503
201250120504
201250120505
201250120506
201250120507
201250120508
201250120509
201250120510
201250120601
201250120602
201250120603
201250120604
201250120605
201250120606
201250120607
201250120608
201250120609
201250120610
201250120611
201250121101
201250121102
201250121103
201250121104
201250121105
201250121106
201250121107
201250121108
201250121201
201250121202
201250121203
201250121204
201250121205
201250121206
201250121207
201250121208
201250121209
201250121210
201250121211
201250121301
201250121302
201250121303
201250121304
201250121305
201250121306
201250121307
201250121308
201250121309
201250121310
201250121311
201250121801
201250121802
201250121803
201250121804
201250121805
201250121806
201250121807
201250121808
201250121809
201250121810
201250121901
201250121902
201250121903
201250121904
201250121905
201250121906
201250121907
201250121908
201250121909
201250121910
201250121911
201250121912
201250122001
201250122002
201250122003
201250122004
201250122005
201250122601
201250122602
201250122603
201250122604
201250122605
201250122606
201250122607
201250122608
201250122609
201250122610
201250122611
201250122701
201250122702
201250122703
201250122704
201250122705
201250122706
201250122707
201250122708
201250122709
201250122710
201250122901
201250122902
201250122903
201250122904
201250122905
201250122906
201250122907
201250122908
201250122909
201250122910
201250123001
201250123002
201250123003
201250123004
201250123005
201250123006
201250123007
201250123008
201250123009
201250123010
201250123101
201250123102
201250123103
201250123104
201250123105
201250123106
201250123107
201250123108