201251070301
201251070302
201251070303
201251070304
201251070305
201251070306
201251070307
201251070308
201251070309
201251070401
201251070402
201251070403
201251070404
201251070405
201251070406
201251070407
201251070408
201251070409
201251070410
201251070411
201251070501
201251070502
201251070503
201251070504
201251070505
201251070506
201251070507
201251070508
201251070509
201251071001
201251071002
201251071003
201251071004
201251071005
201251071006
201251071007
201251071008
201251071009
201251071010
201251071101
201251071102
201251071103
201251071104
201251071105
201251071106
201251071107
201251071108
201251071109
201251071110
201251071201
201251071202
201251071203
201251071204
201251071205
201251071206
201251071207
201251071208
201251071209
201251071210
201251071601
201251071602
201251071603
201251071604
201251071605
201251071606
201251071607
201251071608
201251071609
201251071610
201251071701
201251071702
201251071703
201251071704
201251071705
201251071706
201251071707
201251071708
201251071709
201251071710
201251071801
201251071802
201251071803
201251071804
201251071805
201251071806
201251071901
201251071902
201251071903
201251071904
201251071905
201251071906
201251071907
201251071908
201251071909
201251071910
201251072401
201251072402
201251072403
201251072404
201251072405
201251072406
201251072407
201251072408
201251072409
201251072410
201251072501
201251072502
201251072503
201251072504
201251072505
201251072506
201251072507
201251072508
201251072509
201251072510
201251072601
201251072602
201251072603
201251072604
201251072605
201251072606
201251072607
201251072608
201251072609
201251073101
201251073102
201251073103
201251073104
201251073105
201251073106
201251073107
201251073108
201251073109
201251073110
201251080101
201251080102
201251080103
201251080104
201251080105
201251080201
201251080202
201251080203
201251080204
201251080205
201251080206
201251080207
201251080208
201251080209
201251080701
201251080702
201251080703
201251080704
201251080705
201251080706
201251080707
201251080708
201251080801
201251080802
201251080803
201251080804
201251080805
201251080806
201251080807
201251080808
201251080809
201251080810
201251080901
201251080902
201251080903
201251080904
201251080905
201251080906
201251080907
201251080908
201251080909
201251080910
201251081401
201251081501
201251081502
201251081503
201251081504
201251081505
201251081506
201251081507
201251081508
201251081509
201251081510
201251081601
201251081602
201251081603
201251081604
201251081605
201251081606
201251081607
201251081608
201251081609
201251082101
201251082102
201251082103
201251082104
201251082105
201251082106
201251082107
201251082108
201251082109
201251082110
201251082201
201251082202
201251082203
201251082204
201251082205
201251082206
201251082207
201251082208
201251082209
201251082210
201251082301
201251082302
201251082303
201251082304
201251082305
201251082306
201251082307
201251082308
201251082309
201251082801
201251082802
201251082803
201251082804
201251082805
201251082806
201251082807
201251082808
201251082901
201251082902
201251082903
201251082904
201251082905
201251082906
201251082907
201251082908
201251082909
201251082910
201251083001
201251083002
201251083003
201251083004
201251083005
201251083006
201251083007
201251083008