201253010201
201253010202
201253010203
201253010204
201253010205
201253010206
201253010207
201253010208
201253010209
201253010210
201253010301
201253010302
201253010303
201253010801
201253010802
201253010901
201253010902
201253010903
201253010904
201253010905
201253010906
201253010907
201253010908
201253010909
201253011401
201253011402
201253011501
201253011502
201253011503
201253011504
201253011505
201253011506
201253011507
201253011508
201253011509
201253011510
201253011511
201253012901
201253012902
201253013001
201253013002
201253013003
201253013004
201253013005
201253013006
201253013007
201253013008
201253013009
201253013010
201253013011
201253013012
201253020501
201253020502
201253020503
201253020601
201253020602
201253020603
201253020604
201253020605
201253020606
201253020607
201253020608
201253020609
201253020610
201253020611
201253021201
201253021202
201253021301
201253021302
201253021303
201253021304
201253021305
201253021306
201253021307
201253021308
201253021309
201253021310
201253021311
201253022001
201253022002
201253022003
201253022004
201253022005
201253022006
201253022007
201253022008
201253022501
201253022502
201253022503
201253022504
201253022505
201253022506
201253022507
201253022508
201253022509
201253022510
201253022601
201253022602
201253022603
201253022604
201253022605
201253022606
201253022607
201253022608
201253022609
201253030401
201253030402
201253030403
201253030404
201253030405
201253030406
201253030407
201253030408
201253030409
201253030410
201253030411
201253030501
201253030502
201253030503
201253030504
201253030505
201253030506
201253030507
201253030508
201253030509
201253031101
201253031102
201253031103
201253031104
201253031105
201253031106
201253031107
201253031108
201253031109
201253031110
201253031201
201253031202
201253031203
201253031204
201253031205
201253031206
201253031207
201253031801
201253031802
201253031803
201253031804
201253031805
201253031806
201253031807
201253031808
201253031809
201253031901
201253031902
201253031903
201253031904
201253031905
201253031906
201253031907
201253031908
201253031909
201253031910
201253031911
201253032401
201253032402
201253032403
201253032404
201253032405
201253032406
201253032407
201253032408
201253032409
201253032410
201253032411
201253032412
201253032501
201253032502
201253032503
201253032504
201253032505
201253032506
201253032507
201253032508
201253032509
201253041401
201253041402
201253041403
201253041404
201253041405
201253041406
201253041407
201253041408
201253041409
201253041410
201253041411
201253041412
201253041501
201253041502
201253041503
201253041504
201253041505
201253042101
201253042102
201253042103
201253042104
201253042105
201253042106
201253042107
201253042108
201253042109
201253042201
201253042202
201253042203
201253042204
201253042205
201253042206
201253042207
201253042208
201253042209
201253042801
201253042802
201253042803
201253042804
201253042805
201253042806
201253042807
201253042808
201253042809
201253042810
201253042901
201253042902
201253042903
201253042904
201253042905
201253042906
201253042907
201253042908
201253042909
201253042910
201253050501
201253050502
201253050503
201253050504
201253050505
201253050506
201253050507
201253050508
201253050601
201253050602
201253050603
201253050604
201253050605
201253050606
201253050607
201253050608
201253050609
201253051201
201253051202
201253051203
201253051204
201253051205
201253051206
201253051207
201253051208
201253051209
201253051210
201253051211
201253051301
201253051302
201253051303
201253051304
201253051305
201253051306
201253051307
201253051308
201253051901
201253051902
201253051903
201253051904
201253051905
201253051906
201253051907
201253051908
201253051909
201253051910
201253052001
201253052002
201253052003
201253052004
201253052005
201253052006
201253052007
201253052008
201253052009
201253052010
201253052601
201253052602
201253052603
201253052604
201253052605
201253052606
201253052607
201253052608
201253052609
201253052610
201253052611
201253052701
201253052702
201253052703
201253052704
201253052705
201253052706
201253052707
201253052708
201253052709
201253052710
201253060201
201253060202
201253060203
201253060204
201253060205
201253060206
201253060207
201253060208
201253060301
201253060302
201253060303
201253060304
201253060305
201253060306
201253060307
201253060901
201253060902
201253060903
201253060904
201253060905
201253060906
201253060907
201253060908
201253060909
201253060910
201253060911
201253061001
201253061002
201253061003
201253061004
201253061005
201253061006
201253061007
201253061008
201253061009
201253061601
201253061602
201253061603
201253061604
201253061605
201253061606
201253061607
201253061608
201253061701
201253061702
201253061703
201253061704
201253061705
201253061706
201253061707
201253061708
201253061709
201253061710
201253062301
201253062302
201253062303
201253062304
201253062305
201253062306
201253062307
201253062308
201253062401
201253062402
201253062403
201253062404
201253062405
201253062406
201253062407
201253062408
201253062409
201253062410
201253062411
201253063001
201253063002
201253063003
201253063004
201253063005
201253063006
201253063007
201253063008
201253063009
201253063010
201253070101
201253070102
201253070103
201253070104
201253070105
201253070106
201253070107
201253070701
201253070702
201253070703
201253070704
201253070705
201253070706
201253070707
201253070708
201253070709
201253070710
201253070711
201253070801
201253070802
201253070803
201253070804
201253070805
201253070806
201253070807
201253070808
201253070809
201253070810
201253070811
201253071401
201253071402
201253071403
201253071404
201253071405
201253071406
201253071407
201253071408
201253071409
201253071410
201253071501
201253071502
201253071503
201253071504
201253071505
201253071506
201253071507
201253071508
201253071509
201253071510
201253072101
201253072102
201253072103
201253072104
201253072105
201253072106
201253072107
201253072108
201253072109
201253072110
201253072201
201253072202
201253072203
201253072204
201253072205
201253072206
201253072207
201253072208
201253072209
201253072210
201253072801
201253072802
201253072803
201253072804
201253072901
201253072902
201253072903
201253072904
201253072905
201253072906
201253072907
201253072908
201253072909
201253072910
201253080401
201253080402
201253080403
201253080404
201253080405
201253080406
201253080407
201253080408
201253080409
201253080410
201253080501
201253080502
201253080503
201253080504
201253080505
201253080506
201253080507
201253080508
201253080509
201253080510
201253081101
201253081102
201253081103
201253081104
201253081105
201253081106
201253081107
201253081108
201253081109
201253081201
201253081202
201253081203
201253081204
201253081205
201253081206
201253081207
201253081208
201253081801
201253081802
201253081803
201253081804
201253081805
201253081806
201253081807
201253081808
201253081809
201253081810
201253081811
201253081901
201253081902
201253081903
201253081904
201253081905
201253081906
201253081907
201253081908
201253081909
201253081910
201253081911
201253081912
201253090101
201253090102
201253090103
201253090104
201253090105
201253090106
201253090107
201253090108
201253090109
201253090110
201253090111
201253090201
201253090202
201253090203
201253090204
201253090205
201253090206
201253090207
201253090208
201253090209
201253090210
201253090211
201253090801
201253090802
201253090803
201253090804
201253090805
201253090806
201253090807
201253090808
201253090809
201253090810
201253090811
201253090901
201253090902
201253090903
201253090904
201253090905
201253090906
201253090907
201253090908
201253090909
201253090910
201253091501
201253091502
201253091503
201253091504
201253091505
201253091506
201253091507
201253091508
201253091601
201253091602
201253091603
201253091604
201253091605
201253091606
201253091607
201253091608
201253091609
201253091610
201253092201
201253092202
201253092203
201253092204
201253092205
201253092206
201253092207
201253092208
201253092209
201253092210
201253092301
201253092302
201253092303
201253092304
201253092305
201253092306
201253092307
201253092308
201253092309
201253092310
201253092901
201253092902
201253092903
201253092904
201253092905
201253092906
201253092907
201253092908
201253092909
201253092910
201253093001
201253093002
201253093003
201253093004
201253093005
201253100601
201253100602
201253100603
201253100604
201253100605
201253100701
201253100702
201253100703
201253100704
201253100705
201253100706
201253100707
201253100708
201253100709
201253100710
201253101301
201253101302
201253101303
201253101304
201253101305
201253101306
201253101307
201253101308
201253101309
201253101401
201253101402
201253101403
201253101404
201253101405
201253101406
201253101407
201253101408
201253101409
201253101410
201253102001
201253102002
201253102003
201253102004
201253102005
201253102006
201253102007
201253102101
201253102102
201253102103
201253102104
201253102105
201253102106
201253102107
201253102108
201253102109
201253102110
201253102801
201253102802
201253102803
201253102804
201253102805
201253102806
201253102901
201253102902
201253102903
201253102904
201253102905
201253102906
201253102907
201253102908
201253102909
201253102910
201253110301
201253110302
201253110303
201253110304
201253110305
201253110306
201253110307
201253110308
201253110309
201253110401
201253110402
201253110403
201253110404
201253110405
201253110406
201253110407
201253110408
201253110409
201253110410
201253111001
201253111002
201253111003
201253111004
201253111005
201253111006
201253111007
201253111008
201253111009
201253111010
201253111101
201253111102
201253111103
201253111104
201253111105
201253111106
201253111107
201253111108
201253111109
201253111701
201253111702
201253111703
201253111704
201253111705
201253111706
201253111707
201253111708
201253111709
201253111801
201253111802
201253111803
201253111804
201253111805
201253111806
201253111807
201253111808
201253111809
201253111810
201253112401
201253112402
201253112403
201253112404
201253112405
201253112406
201253112407
201253112408
201253112409
201253112410
201253112501
201253112502
201253112503
201253112504
201253112505
201253112506
201253112507
201253112508
201253112509
201253120101
201253120102
201253120103
201253120104
201253120105
201253120106
201253120107
201253120108
201253120109
201253120110
201253120201
201253120202
201253120203
201253120204
201253120205
201253120206
201253120207
201253120208
201253120209
201253120210
201253120801
201253120802
201253120803
201253120804
201253120805
201253120806
201253120807
201253120808
201253120809
201253120810
201253120811
201253120901
201253120902
201253120903
201253120904
201253120905
201253120906
201253120907
201253121501
201253121502
201253121503
201253121504
201253121505
201253121506
201253121507
201253121508
201253121509
201253121510
201253121601
201253121602
201253121603
201253121604
201253121605
201253121606
201253121607
201253121608
201253121609
201253121610
201253122201
201253122202
201253122203
201253122204
201253122205
201253122206
201253122207
201253122301
201253122302
201253122303
201253122304
201253122305
201253122306
201253122307
201253122308
201253122309
201253122310