201254010101
201254010102
201254010103
201254010104
201254010105
201254010106
201254010107
201254010108
201254010109
201254010110
201254010111
201254010701
201254010702
201254010703
201254010704
201254010705
201254010706
201254010707
201254010708
201254010709
201254010801
201254010802
201254010803
201254010804
201254010805
201254010806
201254010807
201254010808
201254010809
201254010810
201254011501
201254011502
201254011503
201254011504
201254011505
201254011506
201254011507
201254011508
201254011509
201254011510
201254011601
201254011602
201254011603
201254011604
201254011605
201254011606
201254011607
201254011608
201254011609
201254011610
201254012201
201254012202
201254012203
201254012204
201254012205
201254012206
201254012207
201254012208
201254012801
201254012901
201254012902
201254012903
201254012904
201254012905
201254012906
201254012907
201254012908
201254020301
201254020302
201254020303
201254021001
201254021002
201254021003
201254021004
201254021005
201254021006
201254021007
201254021008
201254021101
201254021102
201254021103
201254021104
201254021105
201254021106
201254021107
201254021108
201254021109
201254021110
201254021701
201254021702
201254021703
201254021704
201254021705
201254022601
201254022602
201254022603
201254022604
201254022605
201254022606
201254022607
201254022608
201254022609
201254022610
201254022701
201254022702
201254022703
201254022704
201254022705
201254022706
201254022707
201254022708
201254022709
201254022710
201254022711
201254030301
201254030302
201254030303
201254030304
201254030305
201254030306
201254030307
201254030308
201254030309
201254030901
201254030902
201254030903
201254030904
201254030905
201254030906
201254030907
201254030908
201254030909
201254031001
201254031002
201254031003
201254031004
201254031005
201254031006
201254031007
201254031008
201254031009
201254031010
201254032001
201254032002
201254032003
201254032004
201254032005
201254032006
201254032007
201254032008
201254032501
201254032502
201254032503
201254032504
201254032505
201254032506
201254032507
201254032508
201254032509
201254032510
201254032601
201254032602
201254032603
201254032604
201254032605
201254032606
201254032607
201254032608
201254032609
201254040201
201254040701
201254040702
201254040703
201254040704
201254040705
201254040706
201254040707
201254040708
201254040709
201254040710
201254040801
201254040802
201254040803
201254042001
201254042002
201254042003
201254042004
201254042005
201254042006
201254042007
201254042008
201254042009
201254042010
201254042101
201254042102
201254042103
201254042104
201254042801
201254042802
201254042803
201254042804
201254042805
201254042806
201254042807
201254042808
201254042809
201254050601
201254050602
201254050603
201254050604
201254050605
201254050701
201254050702
201254050703
201254050704
201254050705
201254050706
201254050707
201254050708
201254050709
201254050710
201254051201
201254051801
201254051802
201254051803
201254051804
201254051805
201254051806
201254051807
201254051808
201254051809
201254051810
201254051901
201254051902
201254051903
201254051904
201254051905
201254051906
201254051907
201254051908
201254051909
201254051910
201254060201
201254060202
201254060203
201254060204
201254060205
201254060901
201254060902
201254060903
201254060904
201254060905
201254060906
201254060907
201254060908
201254060909
201254060910
201254060911
201254061001
201254061002
201254061003
201254061004
201254061005
201254061006
201254061007
201254061008
201254061009
201254061010
201254062201
201254062202
201254062203
201254062204
201254062205
201254062206
201254062207
201254062301
201254062302
201254062303
201254062304
201254062305
201254062306
201254062307
201254063001
201254063002
201254063003
201254063004
201254063005
201254063006
201254063007
201254063008
201254070101
201254070102
201254070103
201254070104
201254070105
201254070106
201254070107
201254070108
201254070601
201254070602
201254070603
201254070604
201254070605
201254070606
201254070607
201254070608
201254070609
201254070610
201254071301
201254071302
201254071303
201254071304
201254072201
201254072202
201254072203
201254072204
201254072205
201254072206
201254072207
201254072208
201254072209
201254080501
201254080502
201254080503
201254080504
201254080505
201254081101
201254081102
201254081103
201254081104
201254081105
201254081106
201254081107
201254081108
201254081109
201254081110
201254081201
201254081202
201254081203
201254081801
201254081802
201254081803
201254081804
201254081805
201254081806
201254081807
201254081808
201254081809
201254081810
201254082401
201254082402
201254082403
201254082404
201254082405
201254082406
201254082407
201254082408
201254082409
201254082410
201254090101
201254090102
201254090103
201254090104
201254090105
201254090106
201254090107
201254090108
201254090109
201254091401
201254091402
201254091403
201254091404
201254091405
201254091406
201254092201
201254092202
201254092203
201254092204
201254092205
201254092206
201254092207
201254092208
201254092209
201254092210
201254092801
201254092901
201254100701
201254100702
201254100703
201254100704
201254100705
201254100706
201254100707
201254100708
201254100709
201254100710
201254100711
201254100801
201254100802
201254100803
201254100804
201254100805
201254100806
201254100807
201254100808
201254101301
201254101302
201254101401
201254101402
201254101403
201254101404
201254101405
201254101406
201254101407
201254102001
201254102002
201254102003
201254102004
201254102005
201254102006
201254102007
201254102008
201254102009
201254102010
201254102011
201254102101
201254102102
201254102103
201254102104
201254102105
201254102106
201254102107
201254102108
201254102109
201254102110
201254102701
201254102702
201254102703
201254102704
201254102705
201254102706
201254102707
201254102708
201254102801
201254110301
201254110302
201254110303
201254110304
201254110305
201254110306
201254110307
201254110308
201254110309
201254110310
201254110401
201254110402
201254110403
201254110404
201254110405
201254110406
201254110407
201254110408
201254110409
201254110410
201254111001
201254111002
201254111003
201254111101
201254111102
201254111103
201254111104
201254111105
201254111106
201254111701
201254111702
201254111703
201254111704
201254111705
201254111706
201254111707
201254111708
201254111709
201254111710
201254111711
201254111801
201254111802
201254111803
201254111804
201254111805
201254111806
201254111807
201254111808
201254111809
201254111810
201254111811
201254112401
201254112402
201254112403
201254112404
201254112405
201254112406
201254112501
201254112502
201254112503
201254112504
201254112505
201254112506
201254112507
201254112508
201254112509
201254112510
201254120501
201254120502
201254120503
201254120504
201254120505
201254120506
201254120507
201254120508
201254120509
201254120510
201254120511
201254120901
201254120902
201254120903
201254120904
201254120905
201254120906
201254120907
201254120908
201254120909
201254120910
201254121201
201254121202
201254121203
201254121204
201254121205
201254121206
201254121207
201254121208
201254121209
201254121601
201254121602
201254121603
201254121604
201254121605
201254121606
201254121607
201254121608
201254121609
201254122301
201254122302
201254122303
201254122304
201254122305
201254122306
201254122307
201254122308
201254122309
201254122310
201254122311
201254122401
201254122402
201254122403
201254122404
201254122405
201254122406
201254122407
201254122408
201254122409
201254122410
201254122411
201254123101
201254123102
201254123103
201254123104
201254123105
201254123106
201254123107
201254123108
201254123109
201254123110