198702010105
198702010106
198702010109
198702010203
198702010204
198702010208
198702010209
198702010210
198702010211
198702010303
198702010304
198702010307
198702010308
198702010401
198702010407
198702010505
198702010509
198702010601
198702010604
198702010605
198702010607
198702010609
198702010610
198702010611
198702010703
198702010709
198702010710
198702010802
198702010807
198702010808
198702020102
198702020103
198702020106
198702020108
198702020109
198702020208
198702020209
198702020302
198702020303
198702020308
198702020407
198702020410
198702020501
198702020508
198702020606
198702020608
198702020702
198702020809
198702020810