198703010101
198703010102
198703010103
198703010104
198703010105
198703010106
198703010107
198703010108
198703010109
198703010110
198703010111
198703010201
198703010202
198703010203
198703010204
198703010205
198703010206
198703010207
198703010208
198703010209
198703010210
198703010211
198703010301
198703010302
198703010303
198703010304
198703010305
198703010306
198703010307
198703010401
198703010402
198703010403
198703010404
198703010405
198703010406
198703010407
198703010408
198703010409
198703010410
198703010411
198703010412
198703010501
198703010502
198703010503
198703010504
198703010505
198703010506
198703010507
198703010508
198703010509
198703010510
198703010601
198703010602
198703010603
198703010604
198703010605
198703010606
198703010607
198703010608
198703010609
198703010610
198703010611
198703010701
198703010702
198703010703
198703010704
198703010705
198703010706
198703010707
198703010708
198703010709
198703010710
198703010801
198703010802
198703010803
198703010804
198703010805
198703010806
198703010807
198703010808
198703010809
198703010810
198703010811
198703010812
198703020101
198703020102
198703020103
198703020104
198703020105
198703020106
198703020107
198703020201
198703020202
198703020203
198703020204
198703020205
198703020206
198703020207
198703020208
198703020209
198703020301
198703020302
198703020401
198703020402
198703020403
198703020404
198703020405
198703020406
198703020407
198703020408
198703020409
198703020410
198703020411
198703020501
198703020502
198703020503
198703020504
198703020505
198703020506
198703020507
198703020508
198703020509
198703020601
198703020602
198703020603
198703020604
198703020605
198703020606
198703020607
198703020608
198703020609
198703020610
198703020801
198703020802
198703020803
198703020804
198703020805
198703020806
198703020807
198703020808
198703020809
198703030101
198703030102
198703030103
198703030104
198703030105
198703030106
198703030107
198703030201
198703030202
198703030203
198703030204
198703030205
198703030206
198703030207
198703030208
198703030209
198703030210
198703030211
198703030301
198703030302
198703030303
198703030304
198703030305
198703030306
198703030307
198703030308
198703030309
198703030310
198703030311
198703030401
198703030402
198703030403
198703030404
198703030405
198703030406
198703030407
198703030408
198703030409
198703030410
198703030411
198703030501
198703030502
198703030503
198703030504
198703030505
198703030506
198703030507
198703030508
198703030509
198703030510
198703030601
198703030602
198703030603
198703030604
198703030605
198703030606
198703030607
198703030608
198703030609
198703030610
198703030611
198703030701
198703030702
198703030703
198703030704
198703030705
198703030706
198703030707
198703030708
198703030709
198703030710
198703030711
198703030712
198703030801
198703030802
198703030803
198703030804
198703030805
198703030806
198703030807
198703030808
198703030809
198703030810
198703030811
198703030812