198704010104
198704010204
198704010207
198704010310
198704010503
198704010509
198704010611
198704010705
198704010802
198704010807
198704010811
198704020106
198704020202
198704020205
198704020206
198704020211
198704020403
198704020408
198704020410
198704020412
198704020505
198704020507
198704020606
198704020707
198704020709
198704020809
198704020811
198704020812
198704030102
198704030107
198704030201
198704030208
198704030209
198704030211
198704030305
198704030309
198704030507
198704030508
198704030608
198704030609
198704030610
198704030706
198704030708
198704030810