198707010204
198707010211
198707010307
198707010311
198707010409
198707010508
198707010609
198707010610
198707010704
198707010708
198707020104
198707020109
198707020208
198707020209
198707020307
198707020406
198707020409
198707020502
198707020508
198707020509
198707020512
198707020607
198707020609
198707020701
198707020702
198707020707
198707020809
198707020810
198707030104
198707030105
198707030108
198707030111
198707030208
198707030209
198707030312
198707030404
198707030407
198707030409
198707030603
198707030608
198707030609
198707030611
198707030711
198707030803
198707030806
198707030807
198707030809
198707030811