198709010101
198709010102
198709010103
198709010104
198709010105
198709010106
198709010107
198709010201
198709010202
198709010203
198709010204
198709010205
198709010206
198709010207
198709010208
198709010401
198709010402
198709010403
198709010404
198709010405
198709010406
198709010407
198709010408
198709010409
198709010410
198709010411
198709010412
198709010501
198709010502
198709010503
198709010504
198709010505
198709010506
198709010507
198709010508
198709010509
198709010510
198709010511
198709010512
198709010601
198709010602
198709010603
198709010604
198709010605
198709010606
198709010607
198709010608
198709010609
198709010610
198709010701
198709010702
198709010703
198709010704
198709010705
198709010706
198709010707
198709010708
198709010709
198709010710
198709010801
198709010802
198709010803
198709010804
198709010805
198709010806
198709010807
198709010808
198709010809
198709010810
198709010811
198709020101
198709020102
198709020103
198709020104
198709020105
198709020106
198709020107
198709020108
198709020109
198709020110
198709020111
198709020112
198709020201
198709020202
198709020203
198709020204
198709020205
198709020206
198709020207
198709020301
198709020302
198709020303
198709020304
198709020305
198709020306
198709020307
198709020308
198709020309
198709020310
198709020311
198709020401
198709020402
198709020403
198709020404
198709020405
198709020406
198709020407
198709020408
198709020409
198709020410
198709020411
198709020501
198709020502
198709020503
198709020504
198709020505
198709020506
198709020507
198709020508
198709020509
198709020510
198709020601
198709020602
198709020603
198709020604
198709020605
198709020606
198709020607
198709020608
198709020609
198709020610
198709020701
198709020702
198709020703
198709020704
198709020705
198709020706
198709020707
198709020708
198709020709
198709020801
198709020802
198709020803
198709020804
198709020805
198709020806
198709020807
198709020808
198709020809
198709020810
198709020811
198709030101
198709030102
198709030103
198709030104
198709030105
198709030106
198709030107
198709030108
198709030109
198709030110
198709030111
198709030201
198709030202
198709030203
198709030204
198709030205
198709030206
198709030207
198709030208
198709030209
198709030210
198709030211
198709030301
198709030302
198709030303
198709030304
198709030305
198709030306
198709030307
198709030308
198709030309
198709030310
198709030311
198709030401
198709030402
198709030403
198709030404
198709030405
198709030406
198709030407
198709030501
198709030502
198709030503
198709030504
198709030505
198709030506
198709030507
198709030508
198709030509
198709030510
198709030601
198709030602
198709030603
198709030604
198709030605
198709030606
198709030607
198709030608
198709030609
198709030701
198709030702
198709030703
198709030704
198709030705
198709030706
198709030707
198709030708
198709030709
198709030710
198709030711
198709030712
198709030801
198709030802
198709030803
198709030804
198709030805
198709030806
198709030807
198709030808
198709030809
198709030810
198709040101
198709040102
198709040103
198709040104
198709040105
198709040106
198709040107
198709040108
198709040109
198709040110
198709040111
198709040112
198709040201
198709040202
198709040203
198709040204
198709040205
198709040206
198709040207
198709040208
198709040209
198709040210
198709040211
198709040301
198709040302
198709040303
198709040304
198709040305
198709040306
198709040307
198709040308
198709040309
198709040310
198709040401
198709040402
198709040403
198709040404
198709040405
198709040406
198709040407
198709040408
198709040409
198709040410
198709040411
198709040412
198709040501
198709040502
198709040503
198709040504
198709040505
198709040506
198709040507
198709040508
198709040509
198709040601
198709040602
198709040603
198709040604
198709040605
198709040606
198709040607
198709040608
198709040609
198709040610
198709040611
198709040701
198709040702
198709040703
198709040704
198709040705
198709040706
198709040707
198709040708
198709040709
198709040710
198709040801
198709040802
198709040803
198709040804
198709040805
198709040806
198709040807
198709040808
198709040809
198709040810
198709040811
198709050101
198709050102
198709050103
198709050104
198709050105
198709050106
198709050107
198709050108
198709050109
198709050110
198709050201
198709050202
198709050203
198709050204
198709050205
198709050206
198709050207
198709050208
198709050209
198709050210
198709050211
198709050212
198709050301
198709050302
198709050303
198709050304
198709050305
198709050306
198709050307
198709050308
198709050309
198709050310
198709050311
198709050312
198709050401
198709050402
198709050403
198709050404
198709050405
198709050406
198709050407
198709050408
198709050409
198709050410
198709050411
198709050412
198709050501
198709050502
198709050503
198709050504
198709050505
198709050506
198709050507
198709050508
198709050509
198709050510
198709050511
198709050601
198709050602
198709050603
198709050604
198709050605
198709050606
198709050607
198709050608
198709050609
198709050610
198709050611
198709050612
198709050701
198709050702
198709050703
198709050704
198709050705
198709050706
198709050707
198709050708
198709050709
198709050710
198709050711
198709050712
198709050801
198709050802
198709050803
198709050804
198709050805
198709050806
198709050807
198709050808
198709050809
198709050810
198709050811