198710010103
198710010112
198710010205
198710010305
198710010312
198710010605
198710010706
198710010712
198710010806
198710020109
198710020110
198710020111
198710020305
198710020310
198710020409
198710020411
198710020509
198710020606
198710020708
198710020807
198710020808
198710020809
198710020811
198710020812
198710030108
198710030110
198710030209
198710030212
198710030305
198710030307
198710030311
198710030403
198710030507
198710030510
198710030609
198710030610
198710030708
198710030803
198710030807
198710030808