202206020301
202206020302
202206020303
202206020304
202206020305
202206020306
202206020307
202206020308
202206020309
202206020310
202206020311
202206020312
202206020401
202206020402
202206020403
202206020404
202206020405
202206020406
202206020407
202206020408
202206020409
202206020410
202206020411
202206020412
202206020501
202206020502
202206020503
202206020504
202206020505
202206020506
202206020507
202206020508
202206020509
202206020510
202206020511
202206020512
202206020601
202206020602
202206020603
202206020604
202206020605
202206020606
202206020607
202206020608
202206020609
202206020610
202206020611
202206020612
202206020709
202206020710
202206020711
202206020809
202206020810
202206020811
202207020101
202207020102
202207020103
202207020104
202207020105
202207020106
202207020107
202207020108
202207020109
202207020110
202207020111
202207020112
202207020201
202207020202
202207020203
202207020204
202207020205
202207020206
202207020207
202207020208
202207020209
202207020210
202207020211
202207020212
202207020309
202207020310
202207020311
202207020409
202207020410
202207020411
202207020611
202209010701
202209010702
202209010703
202209010704
202209010705
202209010706
202209010707
202209010708
202209010709
202209010710
202209010711
202209010712
202209010801
202209010802
202209010803
202209010804
202209010805
202209010806
202209010807
202209010808
202209010809
202209010810
202209010811
202209010812
202209010901
202209010902
202209010903
202209010904
202209010905
202209010906
202209010907
202209010908
202209010909
202209010910
202209010911
202209010912
202209011001
202209011002
202209011003
202209011004
202209011005
202209011006
202209011007
202209011008
202209011009
202209011010
202209011011
202209011012
202209011109
202209011110
202209011111
202209011209
202209011210
202209011211
202236031101
202236031102
202236031103
202236031104
202236031105
202236031106
202236031107
202236031108
202236031109
202236031110
202236031201
202236031202
202236031203
202236031204
202236031205
202236031206
202236031207
202236031208
202236031209
202236031210
202236031301
202236031302
202236031303
202236031304
202236031305
202236031306
202236031307
202236031308
202236031309
202236031310
202236031401
202236031402
202236031403
202236031404
202236031405
202236031406
202236031407
202236031408
202236031409
202236031410
202236031501
202236031502
202236031503
202236031504
202236031505
202236031506
202236031507
202236031508
202236031509
202236031510
202242031401
202242031402
202242031403
202242031404
202242031405
202242031406
202242031407
202242031408
202242031409
202242031410
202242031411
202242031412
202242031501
202242031502
202242031503
202242031504
202242031505
202242031506
202242031507
202242031508
202242031509
202242031510
202242031511
202242031512
202242031601
202242031602
202242031603
202242031604
202242031605
202242031606
202242031607
202242031608
202242031609
202242031610
202242031611
202242031612
202242031701
202242031702
202242031703
202242031704
202242031705
202242031706
202242031707
202242031708
202242031709
202242031710
202242031711
202242031712
202244030701
202244030702
202244030703
202244030704
202244030705
202244030706
202244030707
202244030708
202244030709
202244030710
202244030711
202244030712
202244030801
202244030802
202244030803
202244030804
202244030805
202244030806
202244030807
202244030808
202244030809
202244030810
202244030811
202244030812
202244030901
202244030902
202244030903
202244030904
202244030905
202244030906
202244030907
202244030908
202244030909
202244030910
202244030911
202244030912
202244031001
202244031002
202244031003
202244031004
202244031005
202244031006
202244031007
202244031008
202244031009
202244031010
202244031011
202244031012
202244031101
202244031102
202244031103
202244031104
202244031105
202244031106
202244031107
202244031108
202244031109
202244031110
202244031111
202244031112
202245030101
202245030102
202245030103
202245030104
202245030105
202245030106
202245030107
202245030108
202245030109
202245030110
202245030111
202245030112
202245030201
202245030202
202245030203
202245030204
202245030205
202245030206
202245030207
202245030208
202245030209
202245030210
202245030211
202245030212
202245030301
202245030302
202245030303
202245030304
202245030305
202245030306
202245030307
202245030308
202245030309
202245030310
202245030311
202245030312
202245030401
202245030402
202245030403
202245030404
202245030405
202245030406
202245030407
202245030408
202245030409
202245030410
202245030411
202245030412
202246031301
202246031302
202246031303
202246031304
202246031305
202246031306
202246031307
202246031308
202246031309
202246031310
202246031311
202246031401
202246031402
202246031403
202246031404
202246031405
202246031406
202246031407
202246031408
202246031409
202246031410
202246031411
202246031412
202246031501
202246031502
202246031503
202246031504
202246031505
202246031506
202246031507
202246031508
202246031509
202246031510
202246031511
202246031512
202247031401
202247031402
202247031403
202247031404
202247031405
202247031406
202247031407
202247031408
202247031409
202247031410
202247031411
202247031601
202247031602
202247031603
202247031604
202247031605
202247031606
202247031607
202247031608
202247031609
202247031610
202247031611
202247031701
202247031702
202247031703
202247031704
202247031705
202247031706
202247031707
202247031708
202247031709
202247031710
202247031711
202247031712
202247031801
202247031802
202247031803
202247031804
202247031805
202247031806
202247031807
202247031808
202247031809
202247031810
202247031811
202247031812
202248030101
202248030102
202248030103
202248030104
202248030105
202248030106
202248030107
202248030108
202248030109
202248030110
202248030111
202248030112
202248030201
202248030202
202248030203
202248030204
202248030205
202248030206
202248030207
202248030208
202248030209
202248030210
202248030211
202248030212
202248030301
202248030302
202248030303
202248030304
202248030305
202248030306
202248030307
202248030308
202248030309
202248030310
202248030311
202248030312
202248030801
202248030802
202248030803
202248030804
202248030805
202248030806
202248030807
202248030808
202248030809
202248030810
202248030811
202248030812
202248030901
202248030902
202248030903
202248030904
202248030905
202248030906
202248030907
202248030908
202248030909
202248030910
202248030911
202248030912
202248031001
202248031002
202248031003
202248031004
202248031005
202248031006
202248031007
202248031008
202248031009
202248031010
202248031011
202248031012
202248031101
202248031102
202248031103
202248031104
202248031105
202248031106
202248031107
202248031108
202248031109
202248031110
202248031111
202248031112
202250030101
202250030102
202250030103
202250030104
202250030105
202250030106
202250030107
202250030108
202250030109
202250030110
202250030111
202250030112
202250030201
202250030202
202250030203
202250030204
202250030205
202250030206
202250030207
202250030208
202250030209
202250030210
202250030211
202250030212
202250030301
202250030302
202250030303
202250030304
202250030305
202250030306
202250030307
202250030308
202250030309
202250030310
202250030311
202250030312
202250030801
202250030802
202250030803
202250030804
202250030805
202250030806
202250030807
202250030808
202250030809
202250030810
202250030811
202250030812
202250030901
202250030902
202250030903
202250030904
202250030905
202250030906
202250030907
202250030908
202250030909
202250030910
202250030911
202250030912
202250031001
202250031002
202250031003
202250031004
202250031005
202250031006
202250031007
202250031008
202250031009
202250031010
202250031011
202250031012
202250031501
202250031502
202250031503
202250031504
202250031505
202250031506
202250031507
202250031508
202250031509
202250031510
202250031511
202250031512
202250031601
202250031602
202250031603
202250031604
202250031605
202250031606
202250031607
202250031608
202250031609
202250031610
202250031611
202250031612
202250031701
202250031702
202250031703
202250031704
202250031705
202250031706
202250031707
202250031708
202250031709
202250031710
202250031711
202250031712
202254030101
202254030102
202254030103
202254030104
202254030105
202254030106
202254030107
202254030108
202254030109
202254030110
202254030201
202254030202
202254030203
202254030204
202254030205
202254030206
202254030207
202254030208
202254030209
202254030210
202254030601
202254030602
202254030603
202254030604
202254030605
202254030606
202254030607
202254030608
202254030609
202254030610
202254030701
202254030702
202254030703
202254030704
202254030705
202254030706
202254030707
202254030708
202254030709
202254030710
202254030801
202254030802
202254030803
202254030804
202254030805
202254030806
202254030807
202254030808
202254030809
202254030810
202254031301
202254031302
202254031303
202254031304
202254031305
202254031306
202254031307
202254031308
202254031309
202254031501
202254031502
202254031503
202254031504
202254031505
202254031506
202254031507
202254031508
202254031509
202254031510
202254031601
202254031602
202254031603
202254031604
202254031605
202254031606
202254031607
202254031608
202254031609
202254031610
202255030401
202255030402
202255030403
202255030404
202255030405
202255030406
202255030407
202255030408
202255030409
202255030410
202255030411
202255030412
202255030501
202255030502
202255030503
202255030504
202255030505
202255030506
202255030507
202255030508
202255030509
202255030510
202255030511
202255030601
202255030602
202255030603
202255030604
202255030605
202255030606
202255030607
202255030608
202255030609
202255030610
202255030611
202255031201
202255031202
202255031203
202255031204
202255031205
202255031206
202255031207
202255031208
202255031209
202255031210
202255031211
202255031301
202255031302
202255031303
202255031304
202255031305
202255031306
202255031307
202255031308
202255031309
202255031310
202255031311
202265030501
202265030502
202265030503
202265030504
202265030505
202265030506
202265030507
202265030508
202265030509
202265030510
202265030511
202265030601
202265030602
202265030603
202265030604
202265030605
202265030606
202265030607
202265030608
202265030609
202265030610
202265030611
202265030612
202265030701
202265030702
202265030703
202265030704
202265030705
202265030706
202265030707
202265030708
202265030709
202265030710
202265030711
202265030712
202265031201
202265031202
202265031203
202265031204
202265031205
202265031206
202265031207
202265031208
202265031209
202265031210
202265031211
202265031301
202265031302
202265031303
202265031304
202265031305
202265031306
202265031307
202265031308
202265031309
202265031310
202265031311
202265031312
202265031401
202265031402
202265031403
202265031404
202265031405
202265031406
202265031407
202265031408
202265031409
202265031410
202265031411
202265031412
