202203010601
202203010602
202203010603
202203010604
202203010605
202203010606
202203010607
202203010608
202203010609
202203010610
202203010611
202203010612
202205020401
202205020402
202205020403
202205020404
202205020405
202205020406
202205020407
202205020408
202205020409
202205020410
202205020411
202205020412
202209021201
202209021202
202209021203
202209021204
202209021205
202209021206
202209021207
202209021208
202209021209
202209021210
202209021211
202209021212
202236050101
202236050102
202236050103
202236050104
202236050105
202236050106
202236050107
202236050108
202236050109
202236050110
202236050111
202246050101
202246050102
202246050103
202246050104
202246050105
202246050106
202246050107
202246050108
202246050109
202246050110
202254050101
202254050102
202254050103
202254050104
202254050105
202254050106
202254050107
202254050108
202254050109
202254050110
202254050111
202255050101
202255050102
202255050103
202255050104
202255050105
202255050106
202255050107
202255050108
202255050109
202255050110
202265050101
202265050102
202265050103
202265050104
202265050105
202265050106
202265050107
202265050108
202265050109
202265050110
202265050111
