200906010103
200906010104
200906010105
200906010106
200906010108
200906010109
200906010110
200906010111
200906010112
200906010202
200906010204
200906010205
200906010206
200906010208
200906010209
200906010211
200906010301
200906010302
200906010303
200906010306
200906010307
200906010308
200906010309
200906010311
200906010401
200906010402
200906010403
200906010405
200906010406
200906010410
200906010411
200906010412
200906010503
200906010504
200906010505
200906010509
200906010511
200906010512
200906010601
200906010602
200906010606
200906010610
200906010611
200906010612
200906010702
200906010703
200906010705
200906010706
200906010707
200906010710
200906010711
200906010712
200906010801
200906010804
200906010808
200906010810
200906010811
200906010812
200906020102
200906020105
200906020107
200906020108
200906020110
200906020111
200906020112
200906020201
200906020203
200906020204
200906020205
200906020206
200906020207
200906020208
200906020209
200906020210
200906020211
200906020303
200906020305
200906020306
200906020307
200906020308
200906020309
200906020310
200906020311
200906020312
200906020401
200906020402
200906020406
200906020407
200906020409
200906020410
200906020411
200906020412
200906020501
200906020503
200906020505
200906020506
200906020507
200906020508
200906020509
200906020510
200906020511
200906020602
200906020605
200906020606
200906020607
200906020610
200906020611
200906020612
200906020701
200906020709
200906020710
200906020711
200906020712
200906020802
200906020805
200906020806
200906020807
200906020809
200906020810
200906020811
200906020812
200906030101
200906030103
200906030105
200906030106
200906030107
200906030109
200906030110
200906030111
200906030112
200906030203
200906030205
200906030206
200906030207
200906030208
200906030209
200906030210
200906030211
200906030212
200906030301
200906030302
200906030305
200906030307
200906030311
200906030312
200906030401
200906030403
200906030404
200906030406
200906030408
200906030409
200906030410
200906030412
200906030501
200906030505
200906030507
200906030508
200906030509
200906030511
200906030512
200906030601
200906030605
200906030606
200906030607
200906030608
200906030609
200906030611
200906030612
200906030704
200906030705
200906030706
200906030707
200906030708
200906030710
200906030712
200906030802
200906030808
200906030811
200906030812
200906040101
200906040102
200906040103
200906040105
200906040106
200906040108
200906040109
200906040110
200906040111
200906040112
200906040201
200906040202
200906040204
200906040205
200906040206
200906040207
200906040209
200906040210
200906040211
200906040212
200906040302
200906040303
200906040306
200906040307
200906040309
200906040310
200906040311
200906040312
200906040401
200906040402
200906040403
200906040405
200906040406
200906040407
200906040409
200906040410
200906040411
200906040501
200906040502
200906040503
200906040505
200906040506
200906040508
200906040509
200906040510
200906040511
200906040512
200906040601
200906040602
200906040603
200906040604
200906040605
200906040606
200906040607
200906040608
200906040609
200906040610
200906040611
200906040701
200906040702
200906040703
200906040706
200906040709
200906040710
200906040711
200906040712
200906040801
200906040803
200906040804
200906040805
200906040806
200906040808
200906040809
200906040810
200906040811
200906040812
200906050101
200906050102
200906050103
200906050105
200906050106
200906050107
200906050108
200906050110
200906050111
200906050112
200906050201
200906050203
200906050207
200906050208
200906050209
200906050210
200906050211
200906050212
200906050301
200906050302
200906050303
200906050304
200906050305
200906050306
200906050308
200906050309
200906050311
200906050312
200906050402
200906050403
200906050405
200906050406
200906050408
200906050409
200906050411
200906050412
200906050501
200906050503
200906050504
200906050505
200906050506
200906050507
200906050508
200906050509
200906050510
200906050512
200906050601
200906050602
200906050606
200906050608
200906050610
200906050611
200906050701
200906050702
200906050703
200906050704
200906050705
200906050706
200906050707
200906050709
200906050711
200906050712
200906050801
200906050803
200906050804
200906050805
200906050806
200906050807
200906050808
200906050809
200906050810
200906050811