200909010101
200909010103
200909010106
200909010107
200909010108
200909010109
200909010110
200909010201
200909010203
200909010205
200909010207
200909010208
200909010210
200909010211
200909010212
200909010301
200909010304
200909010305
200909010306
200909010309
200909010310
200909010311
200909010312
200909010402
200909010404
200909010405
200909010406
200909010407
200909010409
200909010410
200909010411
200909010412
200909010501
200909010503
200909010504
200909010505
200909010506
200909010507
200909010508
200909010511
200909010512
200909010601
200909010602
200909010604
200909010606
200909010607
200909010608
200909010609
200909010611
200909010612
200909010701
200909010703
200909010704
200909010706
200909010709
200909010711
200909010712
200909010801
200909010802
200909010803
200909010806
200909010807
200909010808
200909010809
200909010810
200909010811
200909010812
200909020101
200909020102
200909020104
200909020105
200909020106
200909020107
200909020108
200909020109
200909020110
200909020111
200909020112
200909020201
200909020203
200909020204
200909020205
200909020207
200909020208
200909020209
200909020210
200909020211
200909020212
200909020301
200909020305
200909020307
200909020309
200909020310
200909020312
200909020401
200909020405
200909020406
200909020407
200909020408
200909020409
200909020410
200909020411
200909020412
200909020501
200909020502
200909020503
200909020504
200909020505
200909020506
200909020509
200909020510
200909020512
200909020601
200909020605
200909020606
200909020607
200909020608
200909020609
200909020610
200909020612
200909020701
200909020702
200909020704
200909020705
200909020706
200909020707
200909020708
200909020709
200909020710
200909020711
200909020712
200909020801
200909020803
200909020806
200909020807
200909020808
200909020809
200909020810
200909020811
200909030101
200909030102
200909030108
200909030109
200909030110
200909030111
200909030112
200909030201
200909030205
200909030206
200909030207
200909030208
200909030209
200909030210
200909030212
200909030301
200909030304
200909030306
200909030307
200909030309
200909030310
200909030401
200909030403
200909030405
200909030406
200909030407
200909030408
200909030409
200909030410
200909030411
200909030412
200909030502
200909030505
200909030507
200909030509
200909030510
200909030511
200909030512
200909030601
200909030602
200909030604
200909030606
200909030608
200909030609
200909030610
200909030611
200909030612
200909030701
200909030702
200909030703
200909030704
200909030705
200909030706
200909030707
200909030709
200909030710
200909030711
200909030712
200909030801
200909030804
200909030805
200909030807
200909030808
200909030809
200909030810
200909030812
200909040101
200909040102
200909040103
200909040104
200909040106
200909040107
200909040108
200909040109
200909040110
200909040111
200909040201
200909040204
200909040205
200909040208
200909040209
200909040210
200909040211
200909040212
200909040301
200909040302
200909040303
200909040304
200909040305
200909040306
200909040307
200909040308
200909040309
200909040310
200909040401
200909040402
200909040403
200909040405
200909040406
200909040409
200909040410
200909040501
200909040502
200909040503
200909040504
200909040505
200909040506
200909040507
200909040508
200909040510
200909040511
200909040512
200909040601
200909040602
200909040604
200909040605
200909040607
200909040608
200909040609
200909040610
200909040612
200909040701
200909040702
200909040703
200909040704
200909040705
200909040706
200909040708
200909040709
200909040710
200909040712
200909040802
200909040805
200909040806
200909040807
200909040808
200909040810
200909040811
200909040812
200909050102
200909050103
200909050105
200909050106
200909050107
200909050109
200909050110
200909050111
200909050112
200909050201
200909050202
200909050203
200909050204
200909050205
200909050206
200909050207
200909050209
200909050210
200909050211
200909050212
200909050301
200909050302
200909050303
200909050304
200909050305
200909050306
200909050307
200909050309
200909050310
200909050312
200909050402
200909050403
200909050404
200909050405
200909050406
200909050407
200909050409
200909050410
200909050411
200909050412
200909050503
200909050504
200909050505
200909050508
200909050509
200909050510
200909050511
200909050512
200909050602
200909050603
200909050605
200909050606
200909050607
200909050608
200909050610
200909050611
200909050612
200909050701
200909050702
200909050703
200909050704
200909050705
200909050706
200909050707
200909050708
200909050709
200909050710
200909050711
200909050801
200909050802
200909050803
200909050805
200909050806
200909050807
200909050808
200909050809
200909050810
200909050811
200909050812