200930052003
200930052008
200930052009
200930052010
200930052011
200930052106
200930052108
200930052110
200930052701
200930052706
200930052709
200930052809
200930052810
200930052812
200930060204
200930060207
200930060208
200930060210
200930060211
200930060301
200930060306
200930060309
200930060908
200930061005
200930061007
200930061008
200930061009
200930061104
200930061107
200930061109
200930061110
200930061701
200930061704
200930061705
200930061706
200930061710
200930061711
200930061801
200930061803
200930061805
200930061807
200930061811
200930062306
200930062309
200930062407
200930062409
200930062501
200930062508
200930062510
200930062511
200930070103
200930070105
200930070106
200930070107
200930070109
200930070204
200930070208
200930070210
200930070212
200930070702
200930070706
200930070708
200930070801
200930070804
200930070807
200930070808
200930070905
200930070908
200930070909
200930071405
200930071407
200930071408
200930071410
200930071501
200930071502
200930071505
200930071506
200930071509
200930071510
200930071604
200930071609
200930072110
200930072203
200930072204
200930072302
200930072806
200930072807
200930072808
200930072809
200930072901
200930072903
200930072904
200930072907
200930072909
200930072910
200930072911
200930073001
200930073003
200930073006
200930073009
200930073010
200930080405
200930080503
200930080506
200930080508
200930080509
200930080604
200930080608
200930081107
200930081109
200930081110
200930081202
200930081204
200930081208
200930081210
200930081211
200930081303
200930081305
200930081308
200930081310
200930081311
200930081805
200930081808
200930081903
200930081906
200930081907
200930081908
200930082003
200930082009
200930082507
200930082510
200930082603
200930082605
200930082607
200930082610
200930082612
200930082702
200930082707
200930082709
200930082710
200930082711
200930090101
200930090103
200930090106
200930090107
200930090109
200930090110
200930090204
200930090205
200930090209
200930090309
200930090310
200930090808
200930090809
200930090810
200930090908
200930090911
200930090912
200930091004
200930091005
200930091006
200930091007
200930091008
200930091010
200930091012
200930091504
200930091505
200930091506
200930091509
200930091602
200930091605
200930091606
200930091607
200930091608
200930091704
200930091708
200930092207
200930092211
200930092302
200930092304
200930092307
200930092308
200930092311
200930092312
200930092404
200930092410
200930092411
200930092412
200930092905
200930092908
200930092909
200930093002
200930093005
200930093008
200930093009
200930093010
200930100105
200930100106
200930100107
200930100108
200930100109
200930100110
200930100111
200930100605
200930100610
200930100611
200930100702
200930100709
200930100710
200930100712
200930100803
200930100809
200930100810
200930100811
200930101306
200930101308
200930101309
200930101405
200930101410
200930101501
200930101503
200930101504
200930101507
200930101511
200930102005
200930102006
200930102007
200930102008
200930102010
200930102011
200930102201
200930102205
200930102210
200930102211
200930102212
200930102702
200930102704
200930102707
200930102710
200930102806
200930102903
200930102906
200930102909
200930102911
200930110304
200930110306
200930110401
200930110404
200930110410
200930110411
200930110507
200930110508
200930110510
200930110511
200930111001
200930111005
200930111009
200930111010
200930111104
200930111105
200930111204
200930111205
200930111705
200930111708
200930111709
200930111803
200930111808
200930111810
200930111811
200930111901
200930111903
200930111906
200930111908
200930111910
200930111912