200936010202
200936010206
200936010209
200936010306
200936010410
200936011002
200936011004
200936011204
200936011210
200936011211
200936032008
200936032009
200936032010
200936032101
200936032110
200936032111
200936032206
200936032303
200936032902
200936032910
200936040512
200936040607
200936040609
200936040610
200936040611
200936041203
200936041308
200936041311
200936041808
200936041811
200936041908
200936041911
200936041912
200936042001
200936042008
200936042506
200936042709
200936042710
200936050310
200936050408
200936050410
200936050502
200936050510
200936050609
200936050610
200936051006
200936051111
200936061306
200936061310
200936061311
200936061402
200936062209
200936062211
200936062706
200936062707
200936062710
200936062810
200936062811
200936062902
200936070409
200936070611
200936082211
200936082307
200936082401
200936082410
200936082411
200936082412
200936082908
200936083010
200936083106
200936083109
200936083111
200936090501
200936090509
200936090510
200936090607
200936091205
200936091209
200936091210
200936091407
200936091411
200936110103
200936110107
200936110108
200936110109
200936110303
200936110308
200936110707
200936110710
200936110806
200936110903
200936110905
200936110908
200936110911
200936111501
200936111502
200936111509
200936111603
200936111606
200936111607
200936111610
200936112102
200936112111
200936112209
200936112302
200936112304
200936112311
200936112808
200936112905
200936113001
200936113003
200936113005
200936113010
200936120506
200936120604
200936120605
200936120710
200936121208
200936121304
200936121309
200936121402
200936121404
200936121405
200936121407
200936122005
200936122006
200936122009
200936122103
200936122105
200936122706
200936122905
200936122906
200936122908
200936123007
200936123009