200956010110
200956011402
200956011410
200956012805
200956012810
200956020311
200956021003
200956021711
200956022502
200956030305
200956031709
200956032809
200956041101
200956041209
200956042302
200956042310
200956050201
200956050310
200956052106
200956052110
200956060406
200956060410
200956061709
200956061801
200956061803
200956070212
200956071510
200956071801
200956073006
200956080802
200956080804
200956080909
200956080910
200956082207
200956082209
200956082310
200956090905
200956090906
200956090910
200956091907
200956092004
200956092006
200956092602
200956092708
200956100811
200956101401
200956101507
200956102104
200956102108
200956102109
200956102702
200956110304
200956110305
200956110408
200956110411
200956111207
200956111211
200956111901
200956111905
200956111906
200956112303
200956112307
200956112609
200956120301
200956120305
200956120307
200956121002
200956121004
200956121007
200956121009
200956121705
200956121707
200956122304
200956122307
200956122309
200956122901
200956122908
200956123006
200956123009
200956123111