199702010101
199702010103
199702010105
199702010106
199702010107
199702010110
199702010111
199702010201
199702010202
199702010203
199702010204
199702010206
199702010211
199702010304
199702010309
199702010311
199702010404
199702010405
199702010407
199702010409
199702010411
199702010412
199702010501
199702010505
199702010508
199702010511
199702010601
199702010608
199702010610
199702010611
199702010701
199702010703
199702010707
199702010710
199702010712
199702010803
199702010804
199702010809
199702010810
199702010811
199702010812
199702020104
199702020105
199702020106
199702020109
199702020205
199702020207
199702020208
199702020210
199702020211
199702020306
199702020309
199702020310
199702020312
199702020403
199702020404
199702020405
199702020406
199702020407
199702020408
199702020409
199702020411
199702020508
199702020509
199702020510
199702020605
199702020606
199702020608
199702020610
199702020611
199702020702
199702020705
199702020706
199702020707
199702020710
199702020711
199702020712
199702020801
199702020803
199702020808
199702020810
199702020811
199702020812