199703010101
199703010102
199703010103
199703010104
199703010105
199703010106
199703010107
199703010108
199703010109
199703010110
199703010111
199703010112
199703010201
199703010202
199703010203
199703010204
199703010205
199703010206
199703010207
199703010208
199703010209
199703010210
199703010211
199703010301
199703010302
199703010303
199703010304
199703010305
199703010306
199703010307
199703010308
199703010309
199703010310
199703010311
199703010312
199703010401
199703010402
199703010403
199703010404
199703010405
199703010406
199703010407
199703010408
199703010409
199703010410
199703010411
199703010412
199703010501
199703010502
199703010503
199703010504
199703010505
199703010506
199703010507
199703010508
199703010509
199703010510
199703010511
199703010601
199703010602
199703010603
199703010604
199703010605
199703010606
199703010607
199703010608
199703010609
199703010610
199703010611
199703010612
199703010701
199703010702
199703010703
199703010704
199703010705
199703010706
199703010707
199703010708
199703010709
199703010710
199703010711
199703010712
199703010801
199703010802
199703010803
199703010804
199703010805
199703010806
199703010807
199703010808
199703010809
199703010810
199703010811
199703020101
199703020102
199703020103
199703020104
199703020105
199703020106
199703020107
199703020108
199703020109
199703020110
199703020111
199703020112
199703020201
199703020202
199703020203
199703020204
199703020205
199703020206
199703020207
199703020208
199703020209
199703020210
199703020211
199703020301
199703020302
199703020303
199703020304
199703020305
199703020306
199703020307
199703020308
199703020309
199703020310
199703020311
199703020312
199703020401
199703020402
199703020403
199703020404
199703020405
199703020406
199703020407
199703020408
199703020409
199703020410
199703020411
199703020412
199703020501
199703020502
199703020503
199703020504
199703020505
199703020506
199703020507
199703020508
199703020509
199703020601
199703020602
199703020603
199703020604
199703020605
199703020606
199703020607
199703020608
199703020609
199703020610
199703020611
199703020701
199703020702
199703020703
199703020704
199703020705
199703020706
199703020707
199703020708
199703020709
199703020710
199703020711
199703020712
199703020801
199703020802
199703020803
199703020804
199703020805
199703020806
199703020807
199703020808
199703020809
199703020810
199703020811
199703020812
199703030101
199703030102
199703030103
199703030104
199703030105
199703030106
199703030107
199703030108
199703030109
199703030110
199703030111
199703030201
199703030202
199703030203
199703030204
199703030205
199703030206
199703030207
199703030208
199703030209
199703030210
199703030211
199703030301
199703030302
199703030303
199703030304
199703030305
199703030306
199703030307
199703030308
199703030309
199703030310
199703030311
199703030312
199703030401
199703030402
199703030403
199703030404
199703030405
199703030406
199703030407
199703030408
199703030409
199703030410
199703030411
199703030412
199703030501
199703030502
199703030503
199703030504
199703030505
199703030506
199703030507
199703030508
199703030509
199703030510
199703030511
199703030512
199703030601
199703030602
199703030603
199703030604
199703030605
199703030606
199703030607
199703030608
199703030609
199703030610
199703030611
199703030612
199703030701
199703030702
199703030703
199703030704
199703030705
199703030706
199703030707
199703030708
199703030709
199703030710
199703030711
199703030712
199703030801
199703030802
199703030803
199703030804
199703030805
199703030806
199703030807
199703030808
199703030809
199703030810
199703030811
199703030812