199704010102
199704010103
199704010107
199704010109
199704010110
199704010111
199704010112
199704010202
199704010205
199704010206
199704010211
199704010301
199704010304
199704010308
199704010310
199704010311
199704010407
199704010409
199704010411
199704010501
199704010502
199704010503
199704010508
199704010509
199704010511
199704010607
199704010609
199704010611
199704010612
199704010706
199704010709
199704010712
199704010801
199704010805
199704010807
199704010810
199704020103
199704020104
199704020105
199704020106
199704020108
199704020109
199704020111
199704020112
199704020203
199704020207
199704020208
199704020209
199704020211
199704020302
199704020305
199704020306
199704020308
199704020310
199704020401
199704020409
199704020410
199704020411
199704020412
199704020504
199704020506
199704020510
199704020602
199704020608
199704020609
199704020610
199704020704
199704020705
199704020706
199704020712
199704020807
199704020808
199704020811
199704030105
199704030106
199704030108
199704030109
199704030110
199704030111
199704030112
199704030208
199704030209
199704030211
199704030303
199704030306
199704030307
199704030309
199704030406
199704030409
199704030410
199704030411
199704030412
199704030502
199704030505
199704030510
199704030512
199704030602
199704030604
199704030608
199704030609
199704030611
199704030612
199704030702
199704030703
199704030708
199704030710
199704030711
199704030712
199704030806
199704030810