199706010102
199706010107
199706010108
199706010109
199706010110
199706010204
199706010206
199706010207
199706010208
199706010209
199706010211
199706010301
199706010306
199706010310
199706010311
199706010312
199706010401
199706010404
199706010407
199706010409
199706010410
199706010411
199706010504
199706010505
199706010507
199706010508
199706010510
199706010511
199706010512
199706010603
199706010604
199706010607
199706010609
199706010611
199706010703
199706010709
199706010710
199706010711
199706010712
199706010803
199706010808
199706010809
199706010810
199706020104
199706020106
199706020107
199706020108
199706020110
199706020204
199706020207
199706020208
199706020209
199706020211
199706020302
199706020303
199706020308
199706020311
199706020312
199706020401
199706020407
199706020408
199706020409
199706020410
199706020411
199706020412
199706020505
199706020506
199706020508
199706020509
199706020510
199706020511
199706020512
199706020602
199706020604
199706020606
199706020609
199706020610
199706020611
199706020703
199706020704
199706020710
199706020711
199706020712
199706020801
199706020804
199706020806
199706020807
199706020808
199706020810
199706020811
199706030102
199706030107
199706030109
199706030110
199706030111
199706030112
199706030207
199706030208
199706030211
199706030212
199706030303
199706030304
199706030306
199706030307
199706030309
199706030311
199706030401
199706030402
199706030403
199706030408
199706030409
199706030410
199706030411
199706030501
199706030503
199706030504
199706030509
199706030511
199706030512
199706030602
199706030603
199706030604
199706030606
199706030609
199706030610
199706030611
199706030701
199706030707
199706030708
199706030710
199706030711
199706030712
199706030804
199706030805
199706030806
199706030807
199706030808
199706030809
199706030810
199706030811
199706040102
199706040103
199706040104
199706040106
199706040107
199706040110
199706040111
199706040202
199706040204
199706040205
199706040206
199706040207
199706040208
199706040209
199706040211
199706040212
199706040306
199706040307
199706040311
199706040402
199706040404
199706040407
199706040408
199706040409
199706040410
199706040411
199706040503
199706040505
199706040506
199706040508
199706040511
199706040604
199706040607
199706040609
199706040610
199706040701
199706040703
199706040704
199706040707
199706040708
199706040709
199706040711
199706040712
199706040802
199706040803
199706040804
199706040806
199706040808
199706040809
199706040810
199706040811
199706050102
199706050103
199706050106
199706050107
199706050111
199706050112
199706050203
199706050204
199706050206
199706050210
199706050211
199706050302
199706050303
199706050304
199706050307
199706050309
199706050310
199706050312
199706050404
199706050405
199706050408
199706050409
199706050411
199706050412
199706050502
199706050504
199706050506
199706050507
199706050508
199706050510
199706050511
199706050512
199706050605
199706050607
199706050608
199706050611
199706050701
199706050704
199706050708
199706050710
199706050711
199706050712
199706050801
199706050802
199706050803
199706050804
199706050807
199706050808
199706050809