199707010101
199707010102
199707010103
199707010104
199707010105
199707010106
199707010107
199707010201
199707010202
199707010203
199707010204
199707010205
199707010206
199707010207
199707010208
199707010209
199707010210
199707010211
199707010301
199707010302
199707010303
199707010304
199707010305
199707010306
199707010307
199707010308
199707010309
199707010310
199707010311
199707010312
199707010401
199707010402
199707010403
199707010404
199707010405
199707010406
199707010407
199707010408
199707010409
199707010410
199707010411
199707010412
199707010501
199707010502
199707010503
199707010504
199707010505
199707010506
199707010507
199707010508
199707010509
199707010510
199707010511
199707010512
199707010601
199707010602
199707010603
199707010604
199707010605
199707010606
199707010607
199707010608
199707010609
199707010610
199707010611
199707010612
199707010701
199707010702
199707010703
199707010704
199707010705
199707010706
199707010707
199707010708
199707010709
199707010710
199707010711
199707010801
199707010802
199707010803
199707010804
199707010805
199707010806
199707010807
199707010808
199707010809
199707010810
199707010811
199707010812
199707020101
199707020102
199707020103
199707020104
199707020105
199707020106
199707020107
199707020108
199707020109
199707020110
199707020111
199707020112
199707020201
199707020202
199707020203
199707020204
199707020205
199707020206
199707020207
199707020208
199707020209
199707020210
199707020211
199707020301
199707020302
199707020303
199707020304
199707020305
199707020306
199707020307
199707020308
199707020309
199707020310
199707020311
199707020312
199707020401
199707020402
199707020403
199707020404
199707020405
199707020406
199707020407
199707020408
199707020409
199707020410
199707020411
199707020412
199707020501
199707020502
199707020503
199707020504
199707020505
199707020506
199707020507
199707020508
199707020509
199707020510
199707020511
199707020512
199707020601
199707020602
199707020603
199707020604
199707020605
199707020606
199707020607
199707020608
199707020609
199707020610
199707020611
199707020612
199707020701
199707020702
199707020703
199707020704
199707020705
199707020706
199707020707
199707020708
199707020709
199707020710
199707020711
199707020801
199707020802
199707020803
199707020804
199707020805
199707020806
199707020807
199707020808
199707020809
199707020810
199707020811
199707020812
199707030101
199707030102
199707030103
199707030104
199707030105
199707030106
199707030107
199707030108
199707030109
199707030110
199707030111
199707030201
199707030202
199707030203
199707030204
199707030205
199707030206
199707030207
199707030208
199707030209
199707030210
199707030301
199707030302
199707030303
199707030304
199707030305
199707030306
199707030307
199707030308
199707030309
199707030310
199707030311
199707030401
199707030402
199707030403
199707030404
199707030405
199707030406
199707030407
199707030408
199707030409
199707030410
199707030411
199707030412
199707030501
199707030502
199707030503
199707030504
199707030505
199707030506
199707030507
199707030508
199707030509
199707030510
199707030511
199707030601
199707030602
199707030603
199707030604
199707030605
199707030606
199707030607
199707030608
199707030609
199707030701
199707030702
199707030703
199707030704
199707030705
199707030706
199707030707
199707030708
199707030709
199707030710
199707030711
199707030712
199707030801
199707030802
199707030803
199707030804
199707030805
199707030806
199707030807
199707030808
199707030809
199707030810
199707030811