199709010101
199709010102
199709010103
199709010104
199709010105
199709010106
199709010107
199709010108
199709010109
199709010110
199709010111
199709010112
199709010201
199709010202
199709010203
199709010204
199709010205
199709010206
199709010207
199709010208
199709010209
199709010210
199709010301
199709010302
199709010303
199709010304
199709010305
199709010306
199709010307
199709010308
199709010309
199709010310
199709010311
199709010312
199709010401
199709010402
199709010403
199709010404
199709010405
199709010406
199709010407
199709010408
199709010409
199709010410
199709010411
199709010501
199709010502
199709010503
199709010504
199709010505
199709010506
199709010507
199709010508
199709010509
199709010510
199709010511
199709010512
199709010601
199709010602
199709010603
199709010604
199709010605
199709010606
199709010607
199709010608
199709010609
199709010610
199709010611
199709010612
199709010701
199709010702
199709010703
199709010704
199709010705
199709010706
199709010707
199709010708
199709010709
199709010710
199709010711
199709010712
199709010801
199709010802
199709010803
199709010804
199709010805
199709010806
199709010807
199709010808
199709010809
199709010810
199709010811
199709010812
199709020101
199709020102
199709020103
199709020104
199709020105
199709020106
199709020107
199709020108
199709020109
199709020110
199709020111
199709020112
199709020201
199709020202
199709020203
199709020204
199709020205
199709020206
199709020207
199709020208
199709020209
199709020210
199709020211
199709020301
199709020302
199709020303
199709020304
199709020305
199709020306
199709020307
199709020308
199709020309
199709020310
199709020311
199709020312
199709020401
199709020402
199709020403
199709020404
199709020405
199709020406
199709020407
199709020408
199709020409
199709020410
199709020411
199709020412
199709020501
199709020502
199709020503
199709020504
199709020505
199709020506
199709020507
199709020508
199709020509
199709020510
199709020511
199709020512
199709020601
199709020602
199709020603
199709020604
199709020605
199709020606
199709020607
199709020608
199709020609
199709020610
199709020611
199709020701
199709020702
199709020703
199709020704
199709020705
199709020706
199709020707
199709020708
199709020709
199709020710
199709020711
199709020712
199709020801
199709020802
199709020803
199709020804
199709020805
199709020806
199709020807
199709020808
199709020809
199709020810
199709020811
199709020812
199709030101
199709030102
199709030103
199709030104
199709030105
199709030106
199709030107
199709030108
199709030109
199709030110
199709030111
199709030201
199709030202
199709030203
199709030204
199709030205
199709030206
199709030207
199709030208
199709030209
199709030210
199709030211
199709030212
199709030301
199709030302
199709030303
199709030304
199709030305
199709030306
199709030307
199709030308
199709030309
199709030401
199709030402
199709030403
199709030404
199709030405
199709030406
199709030407
199709030408
199709030409
199709030410
199709030411
199709030501
199709030502
199709030503
199709030504
199709030505
199709030506
199709030507
199709030508
199709030509
199709030510
199709030511
199709030512
199709030601
199709030602
199709030603
199709030604
199709030605
199709030606
199709030607
199709030608
199709030609
199709030610
199709030611
199709030612
199709030701
199709030702
199709030703
199709030704
199709030705
199709030706
199709030707
199709030708
199709030709
199709030710
199709030711
199709030801
199709030802
199709030803
199709030804
199709030805
199709030806
199709030807
199709030808
199709030809
199709030810
199709040101
199709040102
199709040103
199709040104
199709040105
199709040106
199709040107
199709040108
199709040109
199709040110
199709040111
199709040201
199709040202
199709040203
199709040204
199709040205
199709040206
199709040207
199709040208
199709040209
199709040210
199709040211
199709040301
199709040302
199709040303
199709040304
199709040305
199709040306
199709040307
199709040308
199709040309
199709040310
199709040311
199709040312
199709040401
199709040402
199709040403
199709040404
199709040405
199709040406
199709040407
199709040408
199709040409
199709040410
199709040411
199709040412
199709040501
199709040502
199709040503
199709040504
199709040505
199709040506
199709040507
199709040508
199709040509
199709040510
199709040511
199709040512
199709040601
199709040602
199709040603
199709040604
199709040605
199709040606
199709040607
199709040608
199709040609
199709040610
199709040611
199709040612
199709040701
199709040702
199709040703
199709040704
199709040705
199709040706
199709040707
199709040708
199709040709
199709040710
199709040711
199709040712
199709040801
199709040802
199709040803
199709040804
199709040805
199709040806
199709040807
199709040808
199709040809
199709040810
199709040811
199709040812
199709050101
199709050102
199709050103
199709050104
199709050105
199709050106
199709050107
199709050108
199709050109
199709050110
199709050111
199709050112
199709050201
199709050202
199709050203
199709050204
199709050205
199709050206
199709050207
199709050208
199709050209
199709050210
199709050211
199709050301
199709050302
199709050303
199709050304
199709050305
199709050306
199709050307
199709050308
199709050309
199709050310
199709050311
199709050312
199709050401
199709050402
199709050403
199709050404
199709050405
199709050406
199709050407
199709050408
199709050409
199709050410
199709050411
199709050501
199709050502
199709050503
199709050504
199709050505
199709050506
199709050507
199709050508
199709050509
199709050510
199709050511
199709050601
199709050602
199709050603
199709050604
199709050605
199709050606
199709050607
199709050608
199709050609
199709050610
199709050611
199709050612
199709050701
199709050702
199709050703
199709050704
199709050705
199709050706
199709050707
199709050708
199709050709
199709050710
199709050711
199709050712
199709050801
199709050802
199709050803
199709050804
199709050805
199709050806
199709050807
199709050808
199709050809
199709050810
199709050811
199709050812