199710010101
199710010102
199710010103
199710010104
199710010105
199710010106
199710010107
199710010108
199710010109
199710010110
199710010111
199710010112
199710010201
199710010202
199710010203
199710010204
199710010205
199710010206
199710010207
199710010208
199710010209
199710010210
199710010211
199710010301
199710010302
199710010303
199710010304
199710010305
199710010306
199710010307
199710010308
199710010309
199710010310
199710010401
199710010402
199710010403
199710010404
199710010405
199710010406
199710010407
199710010408
199710010409
199710010410
199710010411
199710010412
199710010501
199710010502
199710010503
199710010504
199710010505
199710010506
199710010507
199710010508
199710010509
199710010510
199710010601
199710010602
199710010603
199710010604
199710010605
199710010606
199710010607
199710010608
199710010609
199710010610
199710010611
199710010612
199710010701
199710010702
199710010703
199710010704
199710010705
199710010706
199710010707
199710010708
199710010709
199710010801
199710010802
199710010803
199710010804
199710010805
199710010806
199710010807
199710010808
199710010809
199710010810
199710010811
199710010812
199710020101
199710020102
199710020103
199710020104
199710020105
199710020106
199710020107
199710020108
199710020109
199710020110
199710020111
199710020112
199710020201
199710020202
199710020203
199710020204
199710020205
199710020206
199710020207
199710020208
199710020209
199710020210
199710020301
199710020302
199710020303
199710020304
199710020305
199710020306
199710020307
199710020308
199710020309
199710020310
199710020311
199710020312
199710020401
199710020402
199710020403
199710020404
199710020405
199710020406
199710020407
199710020408
199710020409
199710020410
199710020411
199710020501
199710020502
199710020503
199710020504
199710020505
199710020506
199710020507
199710020508
199710020509
199710020510
199710020511
199710020601
199710020602
199710020603
199710020604
199710020605
199710020606
199710020607
199710020608
199710020609
199710020610
199710020611
199710020701
199710020702
199710020703
199710020704
199710020705
199710020706
199710020707
199710020708
199710020709
199710020710
199710020711
199710020801
199710020802
199710020803
199710020804
199710020805
199710020806
199710020807
199710020808
199710020809
199710020810
199710020811
199710020812
199710030101
199710030102
199710030103
199710030104
199710030105
199710030106
199710030107
199710030108
199710030109
199710030110
199710030111
199710030201
199710030202
199710030203
199710030204
199710030205
199710030206
199710030207
199710030208
199710030209
199710030210
199710030211
199710030212
199710030301
199710030302
199710030303
199710030304
199710030305
199710030306
199710030307
199710030308
199710030309
199710030310
199710030311
199710030401
199710030402
199710030403
199710030404
199710030405
199710030406
199710030407
199710030408
199710030409
199710030410
199710030411
199710030412
199710030501
199710030502
199710030503
199710030504
199710030505
199710030506
199710030507
199710030508
199710030509
199710030510
199710030511
199710030512
199710030601
199710030602
199710030603
199710030604
199710030605
199710030606
199710030607
199710030608
199710030609
199710030610
199710030611
199710030701
199710030702
199710030703
199710030704
199710030705
199710030706
199710030707
199710030708
199710030709
199710030710
199710030711
199710030801
199710030802
199710030803
199710030804
199710030805
199710030806
199710030807
199710030808
199710030809
199710030810
199710030811
199710030812