200302010101
200302010102
200302010103
200302010104
200302010105
200302010106
200302010107
200302010108
200302010109
200302010110
200302010111
200302010112
200302010201
200302010202
200302010203
200302010204
200302010205
200302010206
200302010207
200302010208
200302010209
200302010210
200302010211
200302010212
200302010301
200302010302
200302010303
200302010304
200302010305
200302010306
200302010307
200302010308
200302010309
200302010310
200302010311
200302010312
200302010401
200302010402
200302010403
200302010404
200302010405
200302010406
200302010407
200302010408
200302010409
200302010410
200302010411
200302010412
200302010501
200302010502
200302010503
200302010504
200302010505
200302010506
200302010507
200302010508
200302010509
200302010510
200302010511
200302010512
200302010601
200302010602
200302010603
200302010604
200302010605
200302010606
200302010607
200302010608
200302010609
200302010610
200302010611
200302010612
200302010701
200302010702
200302010703
200302010704
200302010705
200302010706
200302010707
200302010708
200302010709
200302010710
200302010711
200302010712
200302010801
200302010802
200302010803
200302010804
200302010805
200302010806
200302010807
200302010808
200302010809
200302010810
200302020101
200302020102
200302020103
200302020104
200302020105
200302020106
200302020107
200302020108
200302020109
200302020110
200302020111
200302020112
200302020201
200302020202
200302020203
200302020204
200302020205
200302020206
200302020207
200302020208
200302020209
200302020210
200302020211
200302020212
200302020301
200302020302
200302020303
200302020304
200302020305
200302020306
200302020307
200302020308
200302020309
200302020310
200302020311
200302020401
200302020402
200302020403
200302020404
200302020405
200302020406
200302020407
200302020408
200302020409
200302020410
200302020411
200302020412
200302020501
200302020502
200302020503
200302020504
200302020505
200302020506
200302020507
200302020508
200302020509
200302020510
200302020511
200302020512
200302020601
200302020602
200302020603
200302020604
200302020605
200302020606
200302020607
200302020608
200302020609
200302020610
200302020611
200302020612
200302020701
200302020702
200302020703
200302020704
200302020705
200302020706
200302020707
200302020708
200302020709
200302020710
200302020711
200302020712
200302020801
200302020802
200302020803
200302020804
200302020805
200302020806
200302020807
200302020808
200302020809
200302020810
200302020811
200302020812