200306010101
200306010102
200306010103
200306010104
200306010105
200306010106
200306010107
200306010108
200306010109
200306010110
200306010111
200306010112
200306010201
200306010202
200306010203
200306010204
200306010205
200306010206
200306010207
200306010208
200306010209
200306010210
200306010211
200306010212
200306010301
200306010302
200306010303
200306010304
200306010305
200306010306
200306010307
200306010308
200306010309
200306010310
200306010311
200306010401
200306010402
200306010403
200306010404
200306010405
200306010406
200306010407
200306010408
200306010409
200306010410
200306010411
200306010412
200306010501
200306010502
200306010503
200306010504
200306010505
200306010506
200306010507
200306010508
200306010509
200306010510
200306010511
200306010601
200306010602
200306010603
200306010604
200306010605
200306010606
200306010607
200306010608
200306010609
200306010610
200306010611
200306010612
200306010701
200306010702
200306010703
200306010704
200306010705
200306010706
200306010707
200306010708
200306010709
200306010710
200306010711
200306010801
200306010802
200306010803
200306010804
200306010805
200306010806
200306010807
200306010808
200306010809
200306010810
200306010811
200306010812
200306020101
200306020102
200306020103
200306020104
200306020105
200306020106
200306020107
200306020108
200306020109
200306020110
200306020111
200306020201
200306020202
200306020203
200306020204
200306020205
200306020206
200306020207
200306020208
200306020209
200306020210
200306020211
200306020212
200306020301
200306020302
200306020303
200306020304
200306020305
200306020306
200306020307
200306020308
200306020309
200306020310
200306020311
200306020312
200306020401
200306020402
200306020403
200306020404
200306020405
200306020406
200306020407
200306020408
200306020409
200306020501
200306020502
200306020503
200306020504
200306020505
200306020506
200306020507
200306020508
200306020509
200306020510
200306020511
200306020512
200306020601
200306020602
200306020603
200306020604
200306020605
200306020606
200306020607
200306020608
200306020609
200306020610
200306020611
200306020612
200306020701
200306020702
200306020703
200306020704
200306020705
200306020706
200306020707
200306020708
200306020709
200306020710
200306020711
200306020801
200306020802
200306020803
200306020804
200306020805
200306020806
200306020807
200306020808
200306020809
200306020810
200306020811
200306020812
200306030101
200306030102
200306030103
200306030104
200306030105
200306030106
200306030107
200306030108
200306030109
200306030110
200306030111
200306030112
200306030201
200306030202
200306030203
200306030204
200306030205
200306030206
200306030207
200306030208
200306030209
200306030210
200306030211
200306030212
200306030301
200306030302
200306030303
200306030304
200306030305
200306030306
200306030307
200306030308
200306030309
200306030310
200306030311
200306030312
200306030401
200306030402
200306030403
200306030404
200306030405
200306030406
200306030407
200306030408
200306030409
200306030410
200306030411
200306030412
200306030501
200306030502
200306030503
200306030504
200306030505
200306030506
200306030507
200306030508
200306030509
200306030510
200306030511
200306030512
200306030601
200306030602
200306030603
200306030604
200306030605
200306030606
200306030607
200306030608
200306030609
200306030610
200306030611
200306030612
200306030701
200306030702
200306030703
200306030704
200306030705
200306030706
200306030707
200306030708
200306030709
200306030710
200306030711
200306030712
200306030801
200306030802
200306030803
200306030804
200306030805
200306030806
200306030807
200306030808
200306030809
200306030810
200306030811
200306030812
200306040101
200306040102
200306040103
200306040104
200306040105
200306040106
200306040107
200306040108
200306040109
200306040110
200306040111
200306040112
200306040201
200306040202
200306040203
200306040204
200306040205
200306040206
200306040207
200306040208
200306040209
200306040210
200306040211
200306040212
200306040301
200306040302
200306040303
200306040304
200306040305
200306040306
200306040307
200306040308
200306040309
200306040310
200306040311
200306040401
200306040402
200306040403
200306040404
200306040405
200306040406
200306040407
200306040408
200306040409
200306040410
200306040411
200306040501
200306040502
200306040503
200306040504
200306040505
200306040506
200306040507
200306040508
200306040509
200306040510
200306040511
200306040512
200306040601
200306040602
200306040603
200306040604
200306040605
200306040606
200306040607
200306040608
200306040609
200306040610
200306040611
200306040612
200306040701
200306040702
200306040703
200306040704
200306040705
200306040706
200306040707
200306040708
200306040709
200306040710
200306040711
200306040712
200306040801
200306040802
200306040803
200306040804
200306040805
200306040806
200306040807
200306040808
200306040809
200306040810
200306040811
200306050101
200306050102
200306050103
200306050104
200306050105
200306050106
200306050107
200306050108
200306050109
200306050110
200306050111
200306050112
200306050201
200306050202
200306050203
200306050204
200306050205
200306050206
200306050207
200306050208
200306050209
200306050210
200306050211
200306050212
200306050301
200306050302
200306050303
200306050304
200306050305
200306050306
200306050307
200306050308
200306050309
200306050401
200306050402
200306050403
200306050404
200306050405
200306050406
200306050407
200306050408
200306050409
200306050410
200306050411
200306050412
200306050501
200306050502
200306050503
200306050504
200306050505
200306050506
200306050507
200306050508
200306050509
200306050510
200306050511
200306050601
200306050602
200306050603
200306050604
200306050605
200306050606
200306050607
200306050608
200306050609
200306050610
200306050611
200306050612
200306050701
200306050702
200306050703
200306050704
200306050705
200306050706
200306050707
200306050708
200306050709
200306050710
200306050801
200306050802
200306050803
200306050804
200306050805
200306050806
200306050807
200306050808
200306050809
200306050810
200306050811
200306050812
200306060101
200306060102
200306060103
200306060104
200306060105
200306060106
200306060107
200306060108
200306060109
200306060110
200306060111
200306060112
200306060201
200306060202
200306060203
200306060204
200306060205
200306060206
200306060207
200306060208
200306060209
200306060210
200306060211
200306060301
200306060302
200306060303
200306060304
200306060305
200306060306
200306060307
200306060308
200306060309
200306060310
200306060311
200306060312
200306060401
200306060402
200306060403
200306060404
200306060405
200306060406
200306060407
200306060408
200306060409
200306060410
200306060411
200306060501
200306060502
200306060503
200306060504
200306060505
200306060506
200306060507
200306060508
200306060509
200306060510
200306060511
200306060512
200306060601
200306060602
200306060603
200306060604
200306060605
200306060606
200306060607
200306060608
200306060609
200306060610
200306060611
200306060612
200306060701
200306060702
200306060703
200306060704
200306060705
200306060706
200306060707
200306060708
200306060709
200306060710
200306060711
200306060712
200306060801
200306060802
200306060803
200306060804
200306060805
200306060806
200306060807
200306060808
200306060809
200306060810