200307010102
200307010103
200307010104
200307010106
200307010108
200307010109
200307010110
200307010111
200307010201
200307010202
200307010203
200307010205
200307010208
200307010210
200307010211
200307010212
200307010301
200307010305
200307010309
200307010310
200307010311
200307010312
200307010403
200307010404
200307010405
200307010406
200307010408
200307010410
200307010411
200307010412
200307010504
200307010505
200307010506
200307010507
200307010509
200307010601
200307010602
200307010604
200307010605
200307010606
200307010608
200307010611
200307010612
200307010702
200307010703
200307010704
200307010705
200307010707
200307010709
200307010710
200307010801
200307010802
200307010803
200307010804
200307010805
200307010807
200307010808
200307010811
200307020101
200307020103
200307020104
200307020106
200307020107
200307020110
200307020111
200307020201
200307020203
200307020204
200307020208
200307020209
200307020210
200307020211
200307020302
200307020303
200307020304
200307020305
200307020306
200307020308
200307020309
200307020310
200307020311
200307020312
200307020401
200307020402
200307020406
200307020407
200307020411
200307020412
200307020501
200307020502
200307020504
200307020507
200307020508
200307020511
200307020512
200307020601
200307020603
200307020606
200307020607
200307020608
200307020609
200307020610
200307020611
200307020612
200307020702
200307020704
200307020705
200307020706
200307020707
200307020710
200307020711
200307020801
200307020802
200307020803
200307020806
200307020807
200307020810
200307020811
200307020812
200307030102
200307030103
200307030104
200307030109
200307030110
200307030111
200307030112
200307030201
200307030202
200307030203
200307030204
200307030205
200307030206
200307030208
200307030209
200307030210
200307030212
200307030302
200307030303
200307030305
200307030307
200307030308
200307030309
200307030311
200307030312
200307030401
200307030402
200307030403
200307030404
200307030407
200307030408
200307030409
200307030410
200307030411
200307030412
200307030502
200307030503
200307030507
200307030510
200307030511
200307030602
200307030603
200307030604
200307030605
200307030606
200307030607
200307030609
200307030611
200307030612
200307030701
200307030703
200307030705
200307030707
200307030710
200307030711
200307030801
200307030803
200307030805
200307030807
200307030808
200307030809
200307030810
200307030811
200307030812