200308010101
200308010102
200308010103
200308010104
200308010105
200308010106
200308010107
200308010108
200308010109
200308010110
200308010111
200308010112
200308010201
200308010202
200308010203
200308010204
200308010205
200308010206
200308010207
200308010208
200308010209
200308010210
200308010211
200308010212
200308010301
200308010302
200308010303
200308010304
200308010305
200308010306
200308010307
200308010308
200308010309
200308010310
200308010311
200308010401
200308010402
200308010403
200308010404
200308010405
200308010406
200308010407
200308010408
200308010409
200308010410
200308010411
200308010412
200308010501
200308010502
200308010503
200308010504
200308010505
200308010506
200308010507
200308010508
200308010509
200308010510
200308010511
200308010512
200308010601
200308010602
200308010603
200308010604
200308010605
200308010606
200308010607
200308010608
200308010609
200308010610
200308010611
200308010701
200308010702
200308010703
200308010704
200308010705
200308010706
200308010707
200308010708
200308010709
200308010710
200308010711
200308010801
200308010802
200308010803
200308010804
200308010805
200308010806
200308010807
200308010808
200308010809
200308010810
200308010811
200308020101
200308020102
200308020103
200308020104
200308020105
200308020106
200308020107
200308020108
200308020109
200308020110
200308020111
200308020112
200308020201
200308020202
200308020203
200308020204
200308020205
200308020206
200308020207
200308020208
200308020209
200308020210
200308020211
200308020212
200308020301
200308020302
200308020303
200308020304
200308020305
200308020306
200308020307
200308020308
200308020309
200308020310
200308020311
200308020312
200308020401
200308020402
200308020403
200308020404
200308020405
200308020406
200308020407
200308020408
200308020409
200308020410
200308020411
200308020412
200308020501
200308020502
200308020503
200308020504
200308020505
200308020506
200308020507
200308020508
200308020509
200308020510
200308020511
200308020512
200308020601
200308020602
200308020603
200308020604
200308020605
200308020606
200308020607
200308020608
200308020609
200308020610
200308020611
200308020701
200308020702
200308020703
200308020704
200308020705
200308020706
200308020707
200308020708
200308020709
200308020710
200308020711
200308020712
200308020801
200308020802
200308020803
200308020804
200308020805
200308020806
200308020807
200308020808
200308020809
200308020810
200308020811
200308030101
200308030102
200308030103
200308030104
200308030105
200308030106
200308030107
200308030108
200308030109
200308030110
200308030111
200308030112
200308030201
200308030202
200308030203
200308030204
200308030205
200308030206
200308030207
200308030208
200308030209
200308030210
200308030211
200308030212
200308030301
200308030302
200308030303
200308030304
200308030305
200308030306
200308030307
200308030308
200308030309
200308030310
200308030311
200308030312
200308030401
200308030402
200308030403
200308030404
200308030405
200308030406
200308030407
200308030408
200308030409
200308030410
200308030411
200308030501
200308030502
200308030503
200308030504
200308030505
200308030506
200308030507
200308030508
200308030509
200308030510
200308030511
200308030512
200308030601
200308030602
200308030603
200308030604
200308030605
200308030606
200308030607
200308030608
200308030609
200308030610
200308030611
200308030612
200308030701
200308030702
200308030703
200308030704
200308030705
200308030706
200308030707
200308030708
200308030709
200308030710
200308030711
200308030712
200308030801
200308030802
200308030803
200308030804
200308030805
200308030806
200308030807
200308030808
200308030809
200308030810
200308030811
200308030812
200308040101
200308040102
200308040103
200308040104
200308040105
200308040106
200308040107
200308040108
200308040109
200308040110
200308040111
200308040201
200308040202
200308040203
200308040204
200308040205
200308040206
200308040207
200308040208
200308040209
200308040210
200308040211
200308040212
200308040301
200308040302
200308040303
200308040304
200308040305
200308040306
200308040307
200308040308
200308040309
200308040310
200308040311
200308040312
200308040401
200308040402
200308040403
200308040404
200308040405
200308040406
200308040407
200308040408
200308040409
200308040410
200308040411
200308040412
200308040501
200308040502
200308040503
200308040504
200308040505
200308040506
200308040507
200308040508
200308040509
200308040510
200308040511
200308040512
200308040601
200308040602
200308040603
200308040604
200308040605
200308040606
200308040607
200308040608
200308040609
200308040610
200308040611
200308040612
200308040701
200308040702
200308040703
200308040704
200308040705
200308040706
200308040707
200308040708
200308040709
200308040710
200308040711
200308040712
200308040801
200308040802
200308040803
200308040804
200308040805
200308040806
200308040807
200308040808
200308040809
200308040810
200308040811
200308040812
200308050101
200308050102
200308050103
200308050104
200308050105
200308050106
200308050107
200308050108
200308050109
200308050110
200308050111
200308050112
200308050201
200308050202
200308050203
200308050204
200308050205
200308050206
200308050207
200308050208
200308050209
200308050210
200308050211
200308050212
200308050301
200308050302
200308050303
200308050304
200308050305
200308050306
200308050307
200308050308
200308050309
200308050310
200308050311
200308050312
200308050401
200308050402
200308050403
200308050404
200308050405
200308050406
200308050407
200308050408
200308050409
200308050410
200308050411
200308050412
200308050501
200308050502
200308050503
200308050504
200308050505
200308050506
200308050507
200308050508
200308050509
200308050510
200308050511
200308050512
200308050601
200308050602
200308050603
200308050604
200308050605
200308050606
200308050607
200308050608
200308050609
200308050610
200308050611
200308050612
200308050701
200308050702
200308050703
200308050704
200308050705
200308050706
200308050707
200308050708
200308050709
200308050710
200308050711
200308050712
200308050801
200308050802
200308050803
200308050804
200308050805
200308050806
200308050807
200308050808
200308050809
200308050810
200308050811
200308050812