200309010101
200309010102
200309010103
200309010104
200309010105
200309010106
200309010107
200309010108
200309010109
200309010110
200309010111
200309010201
200309010202
200309010203
200309010204
200309010205
200309010206
200309010207
200309010208
200309010209
200309010210
200309010211
200309010212
200309010301
200309010302
200309010303
200309010304
200309010305
200309010306
200309010307
200309010308
200309010309
200309010310
200309010311
200309010401
200309010402
200309010403
200309010404
200309010405
200309010406
200309010407
200309010408
200309010409
200309010410
200309010411
200309010412
200309010501
200309010502
200309010503
200309010504
200309010505
200309010506
200309010507
200309010508
200309010509
200309010510
200309010511
200309010512
200309010601
200309010602
200309010603
200309010604
200309010605
200309010606
200309010607
200309010608
200309010609
200309010610
200309010611
200309010612
200309010701
200309010702
200309010703
200309010704
200309010705
200309010706
200309010707
200309010708
200309010709
200309010710
200309010711
200309010801
200309010802
200309010803
200309010804
200309010805
200309010806
200309010807
200309010808
200309010809
200309010810
200309010811
200309010812
200309020101
200309020102
200309020103
200309020104
200309020105
200309020106
200309020107
200309020108
200309020109
200309020110
200309020111
200309020112
200309020201
200309020202
200309020203
200309020204
200309020205
200309020206
200309020207
200309020208
200309020209
200309020210
200309020211
200309020212
200309020301
200309020302
200309020303
200309020304
200309020305
200309020306
200309020307
200309020308
200309020309
200309020310
200309020311
200309020401
200309020402
200309020403
200309020404
200309020405
200309020406
200309020407
200309020408
200309020409
200309020410
200309020411
200309020412
200309020501
200309020502
200309020503
200309020504
200309020505
200309020506
200309020507
200309020508
200309020509
200309020510
200309020511
200309020512
200309020601
200309020602
200309020603
200309020604
200309020605
200309020606
200309020607
200309020608
200309020609
200309020610
200309020611
200309020612
200309020701
200309020702
200309020703
200309020704
200309020705
200309020706
200309020707
200309020708
200309020709
200309020710
200309020711
200309020712
200309020801
200309020802
200309020803
200309020804
200309020805
200309020806
200309020807
200309020808
200309020809
200309020810
200309020811
200309020812
200309030101
200309030102
200309030103
200309030104
200309030105
200309030106
200309030107
200309030108
200309030109
200309030110
200309030111
200309030112
200309030201
200309030202
200309030203
200309030204
200309030205
200309030206
200309030207
200309030208
200309030209
200309030210
200309030211
200309030212
200309030301
200309030302
200309030303
200309030304
200309030305
200309030306
200309030307
200309030308
200309030309
200309030310
200309030311
200309030312
200309030401
200309030402
200309030403
200309030404
200309030405
200309030406
200309030407
200309030408
200309030409
200309030410
200309030411
200309030412
200309030501
200309030502
200309030503
200309030504
200309030505
200309030506
200309030507
200309030508
200309030509
200309030510
200309030511
200309030512
200309030601
200309030602
200309030603
200309030604
200309030605
200309030606
200309030607
200309030608
200309030609
200309030610
200309030611
200309030701
200309030702
200309030703
200309030704
200309030705
200309030706
200309030707
200309030708
200309030709
200309030710
200309030711
200309030712
200309030801
200309030802
200309030803
200309030804
200309030805
200309030806
200309030807
200309030808
200309030809
200309030810
200309030811
200309040101
200309040102
200309040103
200309040104
200309040105
200309040106
200309040107
200309040108
200309040109
200309040110
200309040111
200309040112
200309040201
200309040202
200309040203
200309040204
200309040205
200309040206
200309040207
200309040208
200309040209
200309040210
200309040211
200309040212
200309040301
200309040302
200309040303
200309040304
200309040305
200309040306
200309040307
200309040308
200309040309
200309040310
200309040311
200309040312
200309040401
200309040402
200309040403
200309040404
200309040405
200309040406
200309040407
200309040408
200309040409
200309040410
200309040411
200309040412
200309040501
200309040502
200309040503
200309040504
200309040505
200309040506
200309040507
200309040508
200309040509
200309040510
200309040511
200309040512
200309040601
200309040602
200309040603
200309040604
200309040605
200309040606
200309040607
200309040608
200309040609
200309040610
200309040611
200309040612
200309040701
200309040702
200309040703
200309040704
200309040705
200309040706
200309040707
200309040708
200309040709
200309040710
200309040711
200309040712
200309040801
200309040802
200309040803
200309040804
200309040805
200309040806
200309040807
200309040808
200309040809
200309040810
200309040811
200309040812
200309050101
200309050102
200309050103
200309050104
200309050105
200309050106
200309050107
200309050108
200309050109
200309050110
200309050111
200309050112
200309050201
200309050202
200309050203
200309050204
200309050205
200309050206
200309050207
200309050208
200309050209
200309050210
200309050211
200309050212
200309050301
200309050302
200309050303
200309050304
200309050305
200309050306
200309050307
200309050308
200309050309
200309050310
200309050311
200309050312
200309050401
200309050402
200309050403
200309050404
200309050405
200309050406
200309050407
200309050408
200309050409
200309050410
200309050411
200309050501
200309050502
200309050503
200309050504
200309050505
200309050506
200309050507
200309050508
200309050509
200309050510
200309050511
200309050601
200309050602
200309050603
200309050604
200309050605
200309050606
200309050607
200309050608
200309050609
200309050610
200309050611
200309050612
200309050701
200309050702
200309050703
200309050704
200309050705
200309050706
200309050707
200309050708
200309050709
200309050710
200309050711
200309050712
200309050801
200309050802
200309050803
200309050804
200309050805
200309050806
200309050807
200309050808
200309050809
200309050810
200309050811
200309050812