200310010101
200310010102
200310010103
200310010104
200310010105
200310010106
200310010107
200310010108
200310010109
200310010110
200310010111
200310010201
200310010202
200310010203
200310010204
200310010205
200310010206
200310010207
200310010208
200310010209
200310010210
200310010211
200310010212
200310010301
200310010302
200310010303
200310010304
200310010305
200310010306
200310010307
200310010308
200310010309
200310010310
200310010311
200310010312
200310010401
200310010402
200310010403
200310010404
200310010405
200310010406
200310010407
200310010408
200310010409
200310010410
200310010411
200310010412
200310010501
200310010502
200310010503
200310010504
200310010505
200310010506
200310010507
200310010508
200310010509
200310010510
200310010511
200310010512
200310010601
200310010602
200310010603
200310010604
200310010605
200310010606
200310010607
200310010608
200310010609
200310010610
200310010611
200310010612
200310010701
200310010702
200310010703
200310010704
200310010705
200310010706
200310010707
200310010708
200310010709
200310010710
200310010711
200310010712
200310010801
200310010802
200310010803
200310010804
200310010805
200310010806
200310010807
200310010808
200310010809
200310010810
200310010811
200310010812
200310020101
200310020102
200310020103
200310020104
200310020105
200310020106
200310020107
200310020108
200310020109
200310020110
200310020111
200310020112
200310020201
200310020202
200310020203
200310020204
200310020205
200310020206
200310020207
200310020208
200310020209
200310020210
200310020211
200310020212
200310020301
200310020302
200310020303
200310020304
200310020305
200310020306
200310020307
200310020308
200310020309
200310020310
200310020311
200310020312
200310020401
200310020402
200310020403
200310020404
200310020405
200310020406
200310020407
200310020408
200310020409
200310020410
200310020411
200310020412
200310020501
200310020502
200310020503
200310020504
200310020505
200310020506
200310020507
200310020508
200310020509
200310020510
200310020511
200310020512
200310020601
200310020602
200310020603
200310020604
200310020605
200310020606
200310020607
200310020608
200310020609
200310020610
200310020611
200310020612
200310020701
200310020702
200310020703
200310020704
200310020705
200310020706
200310020707
200310020708
200310020709
200310020710
200310020711
200310020712
200310020801
200310020802
200310020803
200310020804
200310020805
200310020806
200310020807
200310020808
200310020809
200310020810
200310020811
200310020812
200310030101
200310030102
200310030103
200310030104
200310030105
200310030106
200310030107
200310030108
200310030109
200310030110
200310030111
200310030112
200310030201
200310030202
200310030203
200310030204
200310030205
200310030206
200310030207
200310030208
200310030209
200310030210
200310030211
200310030212
200310030301
200310030302
200310030303
200310030304
200310030305
200310030306
200310030307
200310030308
200310030309
200310030310
200310030311
200310030312
200310030401
200310030402
200310030403
200310030404
200310030405
200310030406
200310030407
200310030408
200310030409
200310030410
200310030411
200310030412
200310030501
200310030502
200310030503
200310030504
200310030505
200310030506
200310030507
200310030508
200310030509
200310030510
200310030511
200310030512
200310030601
200310030602
200310030603
200310030604
200310030605
200310030606
200310030607
200310030608
200310030609
200310030610
200310030611
200310030612
200310030701
200310030702
200310030703
200310030704
200310030705
200310030706
200310030707
200310030708
200310030709
200310030710
200310030711
200310030712
200310030801
200310030802
200310030803
200310030804
200310030805
200310030806
200310030807
200310030808
200310030809
200310030810
200310030811