200330040901
200330040902
200330040903
200330040904
200330040905
200330041001
200330041002
200330041003
200330041601
200330041602
200330041603
200330041604
200330041605
200330041606
200330041607
200330041608
200330041701
200330041702
200330041703
200330041704
200330041705
200330041706
200330041707
200330092301
200330092302
200330092303
200330092304
200330092305
200330092306
200330092307
200330092308
200330092309
200330092310
200330092311
200330092312
200330092401
200330092402
200330092403
200330092404
200330092405
200330092406
200330092407
200330092408
200330092409
200330092410
200330092411
200330092412
200330092501
200330092502
200330092503
200330092504
200330092505
200330092506
200330092507
200330092508
200330093001
200330093002
200330093003
200330093004
200330093005
200330093006
200330093007
200330093008
200330093009
200330093010
200330093011
200330093012
200330100101
200330100102
200330100103
200330100104
200330100105
200330100106
200330100107
200330100108
200330100109
200330100110
200330100111
200330100201
200330100202
200330100203
200330100204
200330100701
200330100702
200330100703
200330100704
200330100705
200330100706
200330100707
200330100708
200330100709
200330100710
200330100711
200330100712
200330100801
200330100802
200330100803
200330100804
200330100805
200330100806
200330100807
200330100808
200330100809
200330100901
200330100902
200330100903
200330100904
200330100905
200330100906
200330100907
200330100908
200330100909
200330101401
200330101402
200330101501
200330101502
200330101503
200330101504
200330101505
200330101506
200330101507
200330101508
200330101509
200330101510
200330101511
200330101601
200330101602
200330101603
200330101604
200330102101
200330102102
200330102103
200330102104
200330102105
200330102106
200330102107
200330102108
200330102109
200330102110
200330102111
200330102201
200330102202
200330102203
200330102204
200330102205
200330102206
200330102207
200330102208
200330102209
200330102210
200330102301
200330102302
200330102303
200330102304
200330102305
200330102306
200330102801
200330102802
200330102803
200330102804
200330102805
200330102806
200330102807
200330102901
200330102902
200330102903
200330102904
200330102905
200330102906
200330102907
200330102908
200330102909
200330102910
200330102911
200330103001
200330103002
200330103003
200330103004
200330103005
200330103006
200330103007
200330103008
200330103009