200335051701
200335051702
200335051703
200335051704
200335051705
200335051706
200335051901
200335051902
200335051903
200335051904
200335051905
200335051906
200335051907
200335051908
200335052401
200335052402
200335052403
200335052404
200335052405
200335052406
200335052407
200335052408
200335052409
200335052410
200335052501
200335052502
200335052503
200335052504
200335053101
200335053102
200335053103
200335053104
200335053105
200335053106
200335053107
200335053108
200335060101
200335060102
200335060103
200335060104
200335060105
200335060106
200335060107
200335060108
200335060201
200335060202
200335060203
200335060204
200335060205
200335060206
200335060207
200335060208
200335060209
200335060701
200335060702
200335060703
200335060704
200335060705
200335060706
200335060707
200335060708
200335060709
200335060710
200335060801
200335060901
200335060902
200335060903
200335060904
200335060905
200335060906
200335060907
200335060908
200335060909
200335060910
200335071201
200335071202
200335071203
200335071204
200335071205
200335071206
200335071207
200335071208
200335071301
200335071302
200335071303
200335071304
200335071305
200335071306
200335071401
200335071402
200335071403
200335071404
200335071405
200335071406
200335071407
200335071408
200335071409
200335071410
200335072001
200335072002
200335072003
200335072004
200335072005
200335072101
200335072102
200335072103
200335072104
200335072105
200335072106
200335072107
200335072108
200335072109
200335072110
200335072701
200335072702
200335072703
200335072704
200335072705
200335072706
200335072707
200335072708
200335072709
200335072710
200335072711
200335072801
200335072802
200335072803
200335072804
200335072805
200335072806
200335072807
200335072808
200335072809
200335080201
200335080202
200335080203
200335080204
200335080205
200335080301
200335080302
200335080303
200335080304
200335080305
200335080306
200335080307
200335080308
200335080309
200335080310
200335080401
200335080402
200335081301
200335081302
200335081303
200335081304
200335081305
200335081306
200335081307
200335081308
200335081309
200335081310
200335081501
200335081502
200335081503
200335081504
200335081505
200335081506
200335081507
200335081508
200335081509
200335081510
200335081601
200335081602
200335081603
200335081604
200335081605
200335081701
200335081702
200335092101
200335092102
200335092103
200335092104
200335092105
200335092106
200335092107
200335092108
200335092109
200335092301
200335092302
200335092303
200335092304
200335092305
200335092306
200335092307
200335092308
200335092309
200335092310
200335092311
200335092701
200335092702
200335092703
200335092704
200335092705
200335092706
200335092707
200335092708
200335092709
200335092710
200335092801
200335092802
200335092803
200335092804
200335092805
200335092806
200335092807
200335092808
200335092809
200335092810
200335092901
200335092902
200335092903
200335092904
200335092905
200335092906
200335092907
200335092908
200335092909
200335092910
200335100401
200335100402
200335100403
200335100404
200335100405
200335100406
200335100407
200335100408
200335100409
200335100501
200335100502
200335100503
200335100504
200335100505
200335100506
200335100507
200335100508
200335101101
200335101102
200335101103
200335101201
200335101202
200335101203
200335101204
200335101205
200335101206
200335101207
200335101208
200335101209
200335101210
200335101301
200335101302
200335101303
200335101304
200335101305
200335101306
200335101307
200335101308
200335101309
200335101310
200335101801
200335101802
200335101803
200335101804
200335101805
200335101806
200335101807
200335101808
200335101809
200335102001
200335102002
200335102003
200335102004
200335102005
200335102006
200335102007
200335102008
200335102501
200335102502
200335102503
200335102504
200335102505
200335102506
200335102507
200335102508
200335102601
200335102602
200335102603
200335102604
200335102605
200335102606
200335102607
200335102701
200335102702
200335102703
200335110101
200335110102
200335110103
200335110104
200335110105
200335110106
200335110107
200335110108
200335110109
200335110110
200335110111
200335110201
200335110202
200335110203
200335110204
200335110205
200335110206
200335110801
200335110802
200335110803
200335110804
200335110805
200335110806
200335110807
200335110808
200335110809
200335110810
200335110901
200335110902
200335110903
200335110904
200335110905
200335110906
200335110907
200335110908
200335110909
200335110910
200335111001
200335111002
200335111003
200335111004
200335111005
200335111006
200335111501
200335111502
200335111503
200335111504
200335111505
200335111506
200335111507
200335111508
200335111509
200335111510
200335111601
200335111602
200335111603
200335111604
200335111605
200335111606
200335111607
200335112201
200335112202
200335112203
200335112204
200335112205
200335112301
200335112302
200335112303
200335112304
200335112305
200335112401
200335112402
200335112403
200335112404
200335112405
200335112406
200335112407