200336010307
200336010501
200336010508
200336010511
200336011107
200336040701
200336041410
200336041908
200336042101
200336042708
200336042911
200336050501
200336051109
200336061501
200336061511
200336062201
200336062801
200336062808
200336062811
200336063009
200336070702
200336070709
200336082511
200336090708
200336091310
200336091510
200336112905
200336112907
200336112908
200336120701
200336120703
200336120803
200336120804
200336120810
200336121310
200336121405
200336122104
200336122204
200336122304
200336122706
200336122707
200336122810
200336123003
200336123104