200340010801
200340010802
200340010803
200340010804
200340010805
200340010806
200340010807
200340010808
200340010809
200340021001
200340021002
200340021003
200340021101
200340021102
200340021103
200340021104
200340021105
200340021106
200340021107
200340021108
200340021109
200340031301
200340031302
200340031303
200340031701
200340031702
200340031703
200340031704
200340031705
200340031706
200340031707
200340041301
200340041302
200340041303
200340041304
200340041401
200340041402
200340041403
200340041404
200340041405
200340041406
200340041407
200340041408
200340041409
200340041410
200340050401
200340050402
200340050403
200340050404
200340050405
200340050406
200340050407
200340050501
200340050502
200340050503
200340050504
200340050505
200340050506
200340050507
200340051501
200340051502
200340051503
200340051504
200340051505
200340051506
200340051507
200340051508
200340051701
200340051702
200340051703
200340051704
200340051705
200340051706
200340051707
200340051708
200340051709
200340060801
200340060802
200340060803
200340060804
200340060805
200340060806
200340060807
200340060808
200340060901
200340060902
200340060903
200340060904
200340060905
200340060906
200340060907
200340062901
200340062902
200340062903
200340062904
200340062905
200340062906
200340062907
200340062908
200340062909
200340071401
200340071402
200340071403
200340071404
200340071405
200340071406
200340071407
200340071408
200340071409
200340071410
200340081701
200340081702
200340081703
200340081704
200340081705
200340090101
200340090102
200340090103
200340090104
200340091101
200340091102
200340091103
200340091104
200340091105
200340091106
200340091107
200340091108
200340091109
200340091201
200340091202
200340091203
200340091204
200340100301
200340100302
200340100303
200340100304
200340100305
200340100306
200340101801
200340101802
200340101803
200340101804
200340101805
200340120801
200340120802
200340120803
200340120804
200340120805
200340120901
200340120902
200340120903
200340120904
200340120905
200340120906
200340120907
200340120908
200340120909
200340123001
200340123002
200340123003
200340123004
200340123005