200341010201
200341010202
200341010203
200341010204
200341010205
200341010206
200341010207
200341010301
200341010302
200341010303
200341010304
200341010305
200341010306
200341010307
200341010308
200341011101
200341011102
200341011103
200341011104
200341011105
200341011106
200341011107
200341011201
200341011301
200341011302
200341011303
200341011304
200341011305
200341011306
200341011307
200341011308
200341011309
200341011310
200341011401
200341011402
200341011403
200341011404
200341011405
200341011406
200341011407
200341011408
200341011409
200341012501
200341012502
200341012503
200341012504
200341012505
200341012506
200341012601
200341012602
200341012603
200341012701
200341012702
200341012703
200341012704
200341012705
200341012706
200341012707
200341012708
200341012709
200341020101
200341020102
200341020201
200341020202
200341020203
200341021301
200341021302
200341021303
200341021304
200341021305
200341021306
200341021307
200341021308
200341021309
200341021310
200341021401
200341021402
200341021501
200341021502
200341021503
200341021504
200341021505
200341030101
200341030102
200341030103
200341030104
200341030105
200341030106
200341030201
200341030202
200341030203
200341030204
200341030205
200341030206
200341030207
200341030208
200341030209
200341030210
200341030901
200341030902
200341030903
200341030904
200341031001
200341031002
200341031003
200341031004
200341031005
200341031006
200341032101
200341032102
200341032103
200341032104
200341032105
200341032301
200341032302
200341032303
200341032901
200341032902
200341032903
200341032904
200341032905
200341032906
200341032907
200341032908
200341032909
200341042001
200341042002
200341042003
200341042004
200341042005
200341042006
200341042007
200341042008
200341042601
200341042602
200341042603
200341042604
200341042605
200341042606
200341042607
200341042608
200341042701
200341050501
200341050502
200341050503
200341050504
200341050505
200341050506
200341050507
200341050508
200341050509
200341051001
200341051002
200341051003
200341051004
200341051005
200341051006
200341051007
200341051008
200341051009
200341052501
200341052502
200341052503
200341052504
200341052505
200341052506
200341052507
200341060101
200341060102
200341060103
200341060104
200341060105
200341060106
200341060107
200341060108
200341060109
200341060110
200341061501
200341061502
200341061503
200341061504
200341061505
200341061506
200341061507
200341070501
200341070502
200341070503
200341070504
200341070505
200341070506
200341070507
200341070508
200341082201
200341082202
200341082203
200341082204
200341082205
200341092001
200341092002
200341092003
200341092004
200341092005
200341092006
200341092007
200341092008
200341092009
200341092010
200341092011
200341092201
200341092202
200341092203
200341092204
200341092205
200341092206
200341092207
200341092208
200341101101
200341101102
200341101103
200341101104
200341101105
200341101106
200341101107
200341101108
200341101109
200341101110
200341101201
200341101202
200341101203
200341101204
200341101205
200341101206
200341101207
200341101208
200341101209
200341101210
200341102501
200341102502
200341102503
200341110101
200341110102
200341110103
200341110104
200341110105
200341110106
200341110107
200341110108
200341110109
200341111501
200341111502
200341111503
200341111504
200341111505
200341111506
200341111507
200341111508
200341111509
200341111510
200341112201
200341112202
200341112203
200341112204
200341112205
200341112206
200341112207
200341112208
200341112209
200341112210
200341112901
200341112902
200341112903
200341112904
200341112905
200341112906
200341112907
200341112908
200341112909
200341112910
200341113001
200341113002
200341113003
200341121401
200341121402
200341121403
200341121404
200341121405
200341121406
200341121407
200341121408
200341121409
200341121410
200341122001
200341122002
200341122003
200341122201
200341122202
200341122203
200341122204
200341122205
200341122301
200341122302
200341122303
200341122304
200341122305
200341122306
200341122307
200341123001
200341123002
200341123003
200341123004
200341123005
200341123006
200341123007
200341123008
200341123009