200342010101
200342010102
200342010103
200342010104
200342010105
200342010301
200342010302
200342010303
200342010304
200342010305
200342010401
200342010402
200342010403
200342010404
200342021301
200342021302
200342021303
200342021304
200342021305
200342021306
200342021307
200342021308
200342021309
200342021310
200342021311
200342021701
200342021702
200342021703
200342021704
200342021705
200342031201
200342031202
200342031203
200342031204
200342031205
200342031206
200342031207
200342031208
200342031209
200342031210
200342031211
200342031401
200342031402
200342031403
200342031404
200342031405
200342031406
200342031407
200342031408
200342040301
200342040302
200342040303
200342040304
200342040305
200342040306
200342040307
200342040308
200342040309
200342040310
200342050501
200342050502
200342050503
200342050504
200342050505
200342050506
200342050701
200342050702
200342050703
200342050704
200342050705
200342050706
200342050707
200342050708
200342050709
200342050710
200342050901
200342050902
200342050903
200342050904
200342050905
200342050906
200342061801
200342061802
200342061803
200342061804
200342061805
200342061806
200342061807
200342061808
200342092301
200342092302
200342092303
200342092304
200342092305
200342092306
200342092307
200342092308
200342092309
200342092401
200342092402
200342092403
200342092404
200342092405
200342092406
200342092407
200342092408
200342092409
200342092410
200342101301
200342101302
200342101303
200342101304
200342101305
200342101306
200342101701
200342101702
200342101703
200342101704
200342101705
200342101706
200342101707
200342101708
200342112001
200342112002
200342112003
200342112004
200342112005
200342112006
200342112007
200342112008
200342112009
200342112010
200342112101
200342112102
200342112103
200342112104
200342112105
200342112106
200342112107
200342112108
200342112109
200342122201
200342122202
200342122203
200342122204
200342122205
200342122206
200342122207
200342122208
200342122401
200342122402
200342122403
200342122404
200342122405
200342122406
200342122407
200342122408
200342122409
200342122410