200345010706
200345010709
200345010808
200345010908
200345011009
200345012708
200345012709
200345012710
200345012803
200345012811
200345012910
200345013105
200345022408
200345022410
200345022503
200345022504
200345022506
200345022610
200345022611
200345022710
200345032706
200345032803
200345032808
200345032810
200345033008
200345033009
200345033107
200345033108
200345041409
200345041509
200345041609
200345041610
200345041710
200345041807
200345041808
200345041809
200345052005
200345052109
200345052110
200345052206
200345052309
200345052310
200345061204
200345061208
200345061308
200345061509
200345061606
200345061609
200345061610
200345071801
200345071807
200345071810
200345072106
200345072110
200345072209
200345072210
200345072304
200345072307
200345072309
200345081809
200345081906
200345082005
200345082108
200345090111
200345090201
200345090205
200345090301
200345090309
200345090310
200345091608
200345091707
200345091711
200345091901
200345091904
200345102705
200345102708
200345103003
200345103007
200345103101
200345111210
200345111302
200345111306
200345111310
200345111408
200345111709
200345120109
200345120209
200345120210
200345120405
200345120407
200345121509
200345121510
200345121609
200345121709
200345121808
200345121809
200345121909