200346040601
200346042101
200346042102
200346042103
200346042104
200346050301
200346050302
200346050303
200346050304
200346050305
200346050306
200346050307
200346050308
200346050309
200346050310
200346050311
200346051201
200346051202
200346051203
200346051204
200346051205
200346051206
200346051207
200346051208
200346052501
200346060801
200346060802
200346060803
200346060804
200346060805
200346061601
200346061602
200346061603
200346061604
200346061605
200346061606
200346061607
200346061608
200346061609
200346062401
200346062402
200346062403
200346062404
200346062405
200346062406
200346062901
200346062902
200346062903
200346062904
200346063001
200346063002
200346063003
200346063004
200346063005
200346063006
200346063007
200346063008
200346070701
200346070702
200346070703
200346070704
200346070705
200346070706
200346070707
200346070708
200346081001
200346081002
200346081003
200346081004
200346081005
200346081006
200346081201
200346081202
200346081203
200346081204
200346081205
200346081206
200346081207
200346081208
200346081209
200346081210
200346081211
200346082401
200346082402
200346082403
200346082404
200346082501
200346082502
200346082503
200346082504
200346082505
200346082506
200346082601
200346082602
200346082603
200346082604
200346082605
200346082606
200346082607
200346090101
200346090102
200346090103
200346090104
200346090105
200346090201
200346090202
200346090203
200346090204
200346090205
200346090206
200346090207
200346090208
200346090601
200346090602
200346091401
200346091402
200346091403
200346091404
200346091405
200346091406
200346091407
200346091501
200346091502
200346091503
200346092801
200346092802
200346092803
200346092804
200346100701
200346100702
200346100703
200346100704
200346101401
200346101402
200346101403
200346101404
200346101405
200346101406
200346101407
200346101408
200346101409
200346101410
200346102601
200346102602
200346110401
200346110402
200346110403
200346110901
200346112301
200346112302
200346112303
200346112401
200346112402
200346112403
200346112404
200346112405
200346112406
200346112407
200346112408
200346112409
200346112501
200346112502
200346112503
200346112504
200346112505
200346112506
200346112507
200346112508
200346112509
200346120801
200346120802
200346120803
200346120804
200346120805
200346120806
200346120901
200346120902
200346120903
200346120904
200346122101
200346122102
200346122103
200346122104
200346122301
200346122302
200346122303
200346122304
200346122305