200347010201
200347010202
200347010203
200347010204
200347010205
200347010206
200347010901
200347010902
200347010903
200347010904
200347010905
200347010906
200347011201
200347011202
200347011203
200347011204
200347011205
200347012101
200347012102
200347012103
200347012104
200347012201
200347012202
200347012203
200347012301
200347020201
200347020202
200347020203
200347020204
200347020601
200347020602
200347020603
200347020604
200347020605
200347021601
200347021602
200347021603
200347021604
200347021605
200347021606
200347021607
200347021608
200347021901
200347021902
200347021903
200347021904
200347021905
200347021906
200347021907
200347021908
200347021909
200347021910
200347022001
200347022002
200347022003
200347022004
200347022005
200347022006
200347022007
200347022008
200347030301
200347030302
200347030303
200347030304
200347030305
200347030306
200347030701
200347030702
200347030703
200347030704
200347030705
200347031001
200347031002
200347031003
200347040701
200347040801
200347040802
200347040803
200347040804
200347040805
200347040806
200347040807
200347042301
200347042302
200347042303
200347042304
200347042305
200347042306
200347042307
200347042401
200347042402
200347042403
200347042404
200347042405
200347042406
200347042407
200347042408
200347042501
200347042502
200347042503
200347042504
200347042505
200347042506
200347042507
200347042508
200347042509
200347042510
200347051901
200347051902
200347051903
200347051904
200347052001
200347052002
200347052003
200347052101
200347052102
200347052103
200347052201
200347052202
200347052203
200347052204
200347052205
200347052206
200347052207
200347052208
200347052209
200347060301
200347060302
200347060303
200347060304
200347060305
200347060306
200347060307
200347060308
200347060309
200347060401
200347060402
200347060403
200347060404
200347060405
200347060406
200347060501
200347060502
200347060503
200347060504
200347060505
200347060506
200347060507
200347060508
200347060509
200347060510
200347060511
200347062301
200347062302
200347062303
200347062304
200347062305
200347062306
200347062307
200347062308
200347062309
200347071401
200347071402
200347071403
200347071404
200347071405
200347071406
200347071407
200347071408
200347071409
200347071501
200347071502
200347072901
200347072902
200347072903
200347072904
200347072905
200347073001
200347073002
200347073003
200347073004
200347073005
200347073006
200347073007
200347073008
200347081201
200347081202
200347081203
200347081204
200347081301
200347081302
200347081303
200347081304
200347081305
200347081306
200347081601
200347081602
200347081603
200347090101
200347090102
200347090103
200347090104
200347090105
200347090106
200347090107
200347090301
200347090302
200347090303
200347090304
200347090305
200347090401
200347090402
200347090403
200347090404
200347091501
200347091502
200347091503
200347091504
200347091505
200347091506
200347091701
200347091702
200347091703
200347091704
200347091705
200347091706
200347091707
200347091708
200347091709
200347091710
200347092901
200347092902
200347092903
200347092904
200347092905
200347100101
200347100102
200347100103
200347100104
200347100105
200347100106
200347100107
200347100108
200347100109
200347100301
200347100302
200347100303
200347100304
200347100305
200347100306
200347100307
200347100308
200347100309
200347100310
200347101201
200347101202
200347101203
200347101204
200347101205
200347101301
200347101302
200347101303
200347101304
200347101305
200347101306
200347101307
200347101308
200347101309
200347101310
200347110501
200347110502
200347110503
200347110504
200347110505
200347110506
200347110507
200347110601
200347110602
200347110603
200347110604
200347110605
200347111101
200347111102
200347111103
200347111104
200347111105
200347111901
200347111902
200347111903
200347111904
200347111905
200347111906
200347111907
200347111908
200347111909
200347112101
200347112102
200347112103
200347112104
200347112105
200347112106
200347112107
200347112108
200347112109
200347112401
200347112402
200347112403
200347112404
200347112405
200347112406
200347112407
200347112408
200347112409
200347112410
200347112501
200347112502
200347112503
200347112504
200347112505
200347112506
200347112507
200347121501
200347121502
200347121503
200347121504
200347121505
200347121506
200347121507
200347121508
200347121509
200347121510
200347121901
200347121902
200347121903
200347121904
200347121905
200347121906
200347121907
200347123001
200347123002
200347123003
200347123004
200347123005
200347123006
200347123007
200347123101
200347123102
200347123103
200347123104