200348010307
200348010409
200348011508
200348011611
200348011702
200348012007
200348012712
200348012808
200348012902
200348013002
200348013109
200348021209
200348021308
200348021409
200348022609
200348031310
200348031407
200348032506
200348032509
200348032510
200348032609
200348032610
200348032702
200348041101
200348041108
200348041708
200348041710
200348041801
200348041808
200348050110
200348051409
200348051502
200348052709
200348061005
200348061008
200348061112
200348061706
200348061710
200348061809
200348070106
200348070110
200348070401
200348072201
200348072205
200348072207
200348080501
200348080508
200348080803
200348082605
200348082607
200348082608
200348082704
200348090904
200348090905
200348090906
200348090908
200348091003
200348092208
200348092409
200348092510
200348100602
200348100608
200348100809
200348100901
200348100908
200348102711
200348102803
200348102809
200348102908
200348103001
200348103108
200348111210
200348111211
200348111708
200348112703
200348112711
200348120101
200348120108
200348120111
200348120310
200348120804
200348120809
200348120901
200348120902
200348120910
200348121004
200348121008
200348122211
200348122304
200348122310
200348122410
200348122502
200348122512
200348122606
200348123005
200348123109