200351022601
200351022602
200351022603
200351022604
200351022605
200351022606
200351022607
200351022608
200351022609
200351022610
200351022701
200351022702
200351022703
200351022704
200351022705
200351022706
200351022707
200351022708
200351022709
200351022710
200351022711
200351022712
200351030401
200351030402
200351030403
200351030404
200351030405
200351030406
200351030407
200351030408
200351030409
200351030410
200351030411
200351030501
200351030502
200351030503
200351030504
200351030505
200351030506
200351030507
200351030508
200351030509
200351030601
200351030602
200351030603
200351030604
200351030605
200351030606
200351030607
200351030608
200351030609
200351030610
200351030611
200351030701
200351030702
200351030703
200351030704
200351030705
200351031101
200351031102
200351031103
200351031104
200351031105
200351031106
200351031201
200351031202
200351031203
200351031204
200351031205
200351031206
200351031207
200351031208
200351031209
200351031210
200351031301
200351031302
200351031303
200351031304
200351031401
200351031402
200351031403
200351031404
200351031405
200351031406
200351031407
200351031408
200351031409
200351031410
200351031801
200351031802
200351031803
200351031804
200351031805
200351031806
200351031807
200351031808
200351031809
200351031901
200351031902
200351031903
200351031904
200351031905
200351031906
200351031907
200351031908
200351031909
200351032001
200351032002
200351032003
200351032004
200351032005
200351032006
200351032007
200351032008
200351032009
200351032101
200351032102
200351032103
200351032104
200351032105
200351032106
200351032107
200351032108
200351032501
200351032502
200351032601
200351032602
200351032603
200351032604
200351032605
200351032606
200351032607
200351032608
200351032701
200351032702
200351032703
200351032704
200351032705
200351032706
200351032707
200351032708
200351032709
200351032710
200351032711
200351032801
200351032802
200351032803
200351032804
200351032805
200351032806
200351032807
200351081901
200351081902
200351081903
200351081904
200351081905
200351081906
200351081907
200351081908
200351081909
200351081910
200351082001
200351082002
200351082003
200351082004
200351082005
200351082006
200351082007
200351082008
200351082009
200351082010
200351082101
200351082102
200351082103
200351082104
200351082105
200351082106
200351082107
200351082108
200351082109
200351082110
200351082601
200351082602
200351082603
200351082604
200351082605
200351082606
200351082607
200351082608
200351082609
200351082701
200351082702
200351082703
200351082704
200351082705
200351082706
200351082707
200351082708
200351082709
200351082801
200351082802
200351082803
200351082804
200351090201
200351090202
200351090203
200351090204
200351090205
200351090206
200351090207
200351090208
200351090209
200351090210
200351090211
200351090301
200351090302
200351090303
200351090304
200351090305
200351090306
200351090307
200351090308
200351090401
200351090402
200351090403
200351090404
200351090405
200351090406
200351090407
200351090408
200351090409
200351090410
200351090901
200351090902
200351090903
200351090904
200351090905
200351090906
200351090907
200351090908
200351090909
200351090910
200351091001
200351091002
200351091003
200351091004
200351091005
200351091006
200351091007
200351091008
200351091009
200351091010
200351091101
200351091102
200351091103
200351091104
200351091105
200351091106
200351091107
200351091108
200351091201
200351091202
200351091203
200351091204
200351091205
200351091206
200351091207
200351091208
200351091209
200351091210
200351091501
200351091502
200351091503
200351091504
200351091505
200351091506
200351091507
200351091508
200351091509
200351091601
200351091602
200351091603
200351091604
200351091605
200351091606
200351091607
200351091608
200351091609
200351091610
200351091801
200351091802
200351091803
200351091804
200351091805
200351091806
200351091807
200351091808
200351091809