200356010201
200356010202
200356010203
200356010204
200356010205
200356010206
200356010207
200356010208
200356010209
200356010301
200356010302
200356010303
200356010304
200356010305
200356010306
200356010307
200356011401
200356011402
200356011403
200356011404
200356011405
200356011406
200356011407
200356011408
200356011409
200356011501
200356011502
200356011503
200356011504
200356011505
200356011506
200356011507
200356011508
200356011509
200356011510
200356012001
200356012002
200356012003
200356012004
200356012005
200356012006
200356012007
200356012008
200356012009
200356012010
200356020301
200356020302
200356020303
200356020304
200356020305
200356020306
200356020307
200356020308
200356020309
200356020401
200356020402
200356020403
200356020404
200356020405
200356020406
200356020407
200356020408
200356020409
200356020410
200356021601
200356021602
200356021603
200356022201
200356022202
200356022203
200356022204
200356022205
200356022206
200356022207
200356022208
200356022209
200356022301
200356022302
200356022303
200356022304
200356022305
200356022306
200356022307
200356022308
200356022309
200356022310
200356030101
200356030102
200356031101
200356031102
200356031103
200356031104
200356031105
200356031106
200356032501
200356032502
200356032503
200356032504
200356032505
200356032506
200356032507
200356040901
200356040902
200356040903
200356040904
200356040905
200356042301
200356042302
200356042303
200356042304
200356042305
200356042306
200356043001
200356043002
200356043003
200356043004
200356043005
200356043006
200356050701
200356050702
200356050703
200356050704
200356050705
200356050706
200356050707
200356050708
200356050709
200356050710
200356051301
200356051302
200356051303
200356051304
200356051305
200356051306
200356051307
200356051308
200356052701
200356052702
200356052703
200356052704
200356052705
200356052706
200356052707
200356052801
200356052802
200356052803
200356052804
200356052805
200356052806
200356052807
200356052808
200356061001
200356061002
200356061003
200356061004
200356061005
200356061006
200356061007
200356061008
200356061101
200356061102
200356061103
200356061104
200356061105
200356061106
200356061107
200356061108
200356061109
200356061110
200356062401
200356062402
200356062403
200356062404
200356062405
200356062406
200356062407
200356062408
200356070101
200356070102
200356070103
200356070104
200356070105
200356070106
200356070107
200356070108
200356070201
200356070202
200356070203
200356070204
200356070205
200356070206
200356070207
200356070208
200356070209
200356070210
200356071601
200356071602
200356071603
200356071604
200356071605
200356071606
200356071607
200356071608
200356073001
200356073002
200356073003
200356073004
200356073005
200356073006
200356073007
200356073008
200356073009
200356073010
200356080201
200356080202
200356080203
200356080204
200356080205
200356080206
200356080207
200356080208
200356080209
200356080210
200356080301
200356080302
200356080303
200356080304
200356080305
200356080306
200356080307
200356080308
200356081301
200356081302
200356081303
200356081304
200356081305
200356081306
200356081307
200356081308
200356081309
200356082001
200356082002
200356082003
200356082004
200356082005
200356082006
200356082007
200356082008
200356082009
200356082010
200356090201
200356090202
200356090203
200356090204
200356090205
200356090206
200356090207
200356090208
200356090901
200356090902
200356090903
200356090904
200356090905
200356090906
200356090907
200356090908
200356090909
200356091701
200356091702
200356091703
200356091704
200356091705
200356091706
200356091707
200356092301
200356092302
200356092303
200356092304
200356092305
200356092306
200356092307
200356092308
200356092309
200356093001
200356093002
200356093003
200356093004
200356093005
200356093006
200356093007
200356093008
200356093009
200356100101
200356100102
200356100103
200356100104
200356100105
200356100106
200356100107
200356102201
200356102202
200356102801
200356102802
200356102803
200356110401
200356110402
200356110403
200356110404
200356110405
200356110406
200356110407
200356110408
200356110409
200356110501
200356110502
200356110503
200356110504
200356110505
200356110506
200356110507
200356110508
200356110509
200356110510
200356111101
200356111102
200356111103
200356111104
200356111105
200356111106
200356112501
200356112502
200356112503
200356112504
200356112505
200356112506
200356112507
200356112508
200356112509
200356112510
200356112601
200356112602
200356112603
200356112604
200356112605
200356112606
200356112607
200356112608
200356112609
200356121001
200356121002
200356121003
200356121004
200356121005
200356121006
200356121007
200356121601
200356121602
200356121603
200356121604
200356121605
200356121606
200356121607
200356121608
200356121609
200356121610
200356121701
200356121702
200356121703
200356121704
200356121705
200356121706
200356121707
200356121708
200356121709