201302010101
201302010102
201302010103
201302010104
201302010105
201302010106
201302010107
201302010108
201302010109
201302010110
201302010111
201302010112
201302010201
201302010202
201302010203
201302010204
201302010205
201302010207
201302010208
201302010210
201302010211
201302010212
201302010302
201302010303
201302010304
201302010305
201302010306
201302010307
201302010308
201302010309
201302010310
201302010311
201302010312
201302010401
201302010402
201302010403
201302010407
201302010408
201302010409
201302010412
201302010501
201302010502
201302010503
201302010504
201302010505
201302010506
201302010507
201302010508
201302010509
201302010510
201302010511
201302010512
201302010601
201302010603
201302010606
201302010607
201302010608
201302010609
201302010610
201302010611
201302010612
201302020101
201302020102
201302020103
201302020104
201302020105
201302020107
201302020109
201302020110
201302020111
201302020112
201302020202
201302020203
201302020205
201302020206
201302020207
201302020209
201302020210
201302020211
201302020212
201302020301
201302020302
201302020303
201302020304
201302020306
201302020308
201302020309
201302020311
201302020312
201302020401
201302020402
201302020403
201302020404
201302020405
201302020406
201302020407
201302020408
201302020409
201302020410
201302020411
201302020412
201302020501
201302020502
201302020503
201302020505
201302020506
201302020507
201302020509
201302020510
201302020511
201302020512
201302020603
201302020604
201302020606
201302020607
201302020608
201302020610
201302020611
201302020612
201302030101
201302030102
201302030103
201302030104
201302030106
201302030108
201302030109
201302030110
201302030112
201302030202
201302030204
201302030205
201302030206
201302030207
201302030209
201302030210
201302030211
201302030212
201302030301
201302030302
201302030303
201302030304
201302030306
201302030307
201302030308
201302030310
201302030311
201302030312
201302030401
201302030402
201302030403
201302030404
201302030405
201302030406
201302030407
201302030409
201302030410
201302030411
201302030412
201302030502
201302030503
201302030504
201302030506
201302030507
201302030508
201302030510
201302030511
201302030512
201302030602
201302030603
201302030604
201302030605
201302030607
201302030609
201302030610
201302030611
201302030612
201302040101
201302040103
201302040104
201302040105
201302040106
201302040107
201302040108
201302040110
201302040111
201302040112
201302040201
201302040202
201302040203
201302040205
201302040207
201302040209
201302040210
201302040211
201302040212
201302040303
201302040304
201302040305
201302040306
201302040307
201302040309
201302040310
201302040311
201302040312
201302040402
201302040403
201302040404
201302040405
201302040406
201302040408
201302040409
201302040410
201302040411
201302040412
201302040501
201302040502
201302040504
201302040505
201302040506
201302040507
201302040508
201302040510
201302040511
201302040512
201302040601
201302040602
201302040603
201302040604
201302040605
201302040606
201302040607
201302040608
201302040609
201302040610
201302040612