201304010101
201304010102
201304010103
201304010105
201304010106
201304010107
201304010110
201304010111
201304010112
201304010201
201304010202
201304010203
201304010204
201304010207
201304010208
201304010209
201304010210
201304010211
201304010212
201304010301
201304010302
201304010304
201304010305
201304010306
201304010309
201304010310
201304010311
201304010312
201304010402
201304010404
201304010406
201304010407
201304010408
201304010409
201304010410
201304010411
201304010503
201304010505
201304010506
201304010507
201304010508
201304010509
201304010510
201304010511
201304010512
201304010601
201304010602
201304010605
201304010606
201304010607
201304010608
201304010609
201304010610
201304010611
201304010612
201304020102
201304020103
201304020105
201304020107
201304020108
201304020109
201304020110
201304020111
201304020112
201304020203
201304020204
201304020205
201304020206
201304020208
201304020209
201304020211
201304020212
201304020301
201304020303
201304020304
201304020307
201304020308
201304020309
201304020310
201304020311
201304020312
201304020401
201304020402
201304020404
201304020405
201304020408
201304020409
201304020410
201304020411
201304020412
201304020501
201304020502
201304020503
201304020504
201304020505
201304020506
201304020507
201304020509
201304020510
201304020511
201304020512
201304020602
201304020605
201304020606
201304020607
201304020609
201304020610
201304020611
201304020612
201304020701
201304020702
201304020704
201304020705
201304020707
201304020708
201304020710
201304020711
201304020712
201304020802
201304020803
201304020804
201304020807
201304020808
201304020810
201304020811
201304020812
201304020901
201304020902
201304020903
201304020904
201304020907
201304020908
201304020909
201304020910
201304020911
201304020912
201304021001
201304021002
201304021003
201304021004
201304021005
201304021007
201304021008
201304021009
201304021010
201304021011
201304021101
201304021102
201304021103
201304021105
201304021106
201304021108
201304021109
201304021110
201304021111
201304021112
201304021201
201304021203
201304021204
201304021206
201304021207
201304021208
201304021209
201304021210
201304021211
201304021212
201304030103
201304030104
201304030105
201304030106
201304030107
201304030108
201304030109
201304030110
201304030111
201304030112
201304030201
201304030203
201304030204
201304030205
201304030207
201304030208
201304030209
201304030210
201304030211
201304030212
201304030301
201304030302
201304030304
201304030307
201304030308
201304030309
201304030310
201304030311
201304030312
201304030401
201304030402
201304030403
201304030404
201304030405
201304030407
201304030408
201304030409
201304030410
201304030411
201304030412
201304030501
201304030504
201304030507
201304030508
201304030509
201304030510
201304030511
201304030512
201304030602
201304030603
201304030604
201304030605
201304030607
201304030608
201304030610
201304030611
201304030612