201305010101
201305010102
201305010103
201305010104
201305010105
201305010106
201305010107
201305010108
201305010109
201305010110
201305010111
201305010112
201305010201
201305010202
201305010203
201305010204
201305010205
201305010206
201305010207
201305010208
201305010209
201305010210
201305010211
201305010212
201305010301
201305010302
201305010303
201305010304
201305010305
201305010306
201305010307
201305010308
201305010309
201305010310
201305010311
201305010312
201305010401
201305010402
201305010403
201305010404
201305010405
201305010406
201305010407
201305010408
201305010409
201305010410
201305010411
201305010412
201305010501
201305010502
201305010503
201305010504
201305010505
201305010506
201305010507
201305010508
201305010509
201305010510
201305010511
201305010512
201305010601
201305010602
201305010603
201305010604
201305010605
201305010606
201305010607
201305010608
201305010609
201305010610
201305010611
201305010612
201305010701
201305010702
201305010703
201305010704
201305010705
201305010706
201305010707
201305010708
201305010709
201305010710
201305010711
201305010712
201305010801
201305010802
201305010803
201305010804
201305010805
201305010806
201305010807
201305010808
201305010809
201305010810
201305010811
201305010812
201305020101
201305020102
201305020103
201305020104
201305020105
201305020106
201305020107
201305020108
201305020109
201305020110
201305020111
201305020112
201305020201
201305020202
201305020203
201305020204
201305020205
201305020206
201305020207
201305020208
201305020209
201305020210
201305020211
201305020212
201305020301
201305020302
201305020303
201305020304
201305020305
201305020306
201305020307
201305020308
201305020309
201305020310
201305020311
201305020312
201305020401
201305020402
201305020403
201305020404
201305020405
201305020406
201305020407
201305020408
201305020409
201305020410
201305020411
201305020412
201305020501
201305020502
201305020503
201305020504
201305020505
201305020506
201305020507
201305020508
201305020509
201305020510
201305020511
201305020512
201305020601
201305020602
201305020603
201305020604
201305020605
201305020606
201305020607
201305020608
201305020609
201305020610
201305020611
201305020612
201305020701
201305020702
201305020703
201305020704
201305020705
201305020706
201305020707
201305020708
201305020709
201305020710
201305020711
201305020712
201305020801
201305020802
201305020803
201305020804
201305020805
201305020806
201305020807
201305020808
201305020809
201305020810
201305020811
201305020812
201305020901
201305020902
201305020903
201305020904
201305020905
201305020906
201305020907
201305020908
201305020909
201305020910
201305020911
201305020912
201305021001
201305021002
201305021003
201305021004
201305021005
201305021006
201305021007
201305021008
201305021009
201305021010
201305021011
201305021012
201305021101
201305021102
201305021103
201305021104
201305021105
201305021106
201305021107
201305021108
201305021109
201305021110
201305021111
201305021112
201305021201
201305021202
201305021203
201305021204
201305021205
201305021206
201305021207
201305021208
201305021209
201305021210
201305021211
201305021212
201305030101
201305030102
201305030103
201305030104
201305030105
201305030106
201305030107
201305030108
201305030109
201305030110
201305030111
201305030112
201305030201
201305030202
201305030203
201305030204
201305030205
201305030206
201305030207
201305030208
201305030209
201305030210
201305030211
201305030212
201305030301
201305030302
201305030303
201305030304
201305030305
201305030306
201305030307
201305030308
201305030309
201305030310
201305030311
201305030312
201305030401
201305030402
201305030403
201305030404
201305030405
201305030406
201305030407
201305030408
201305030409
201305030410
201305030411
201305030412
201305030501
201305030502
201305030503
201305030504
201305030505
201305030506
201305030507
201305030508
201305030509
201305030510
201305030511
201305030512
201305030601
201305030602
201305030603
201305030604
201305030605
201305030606
201305030607
201305030608
201305030609
201305030610
201305030611
201305030612
201305030701
201305030702
201305030703
201305030704
201305030705
201305030706
201305030707
201305030708
201305030709
201305030710
201305030711
201305030712
201305030801
201305030802
201305030803
201305030804
201305030805
201305030806
201305030807
201305030808
201305030809
201305030810
201305030811
201305030812
201305040101
201305040102
201305040103
201305040104
201305040105
201305040106
201305040107
201305040108
201305040109
201305040110
201305040111
201305040112
201305040201
201305040202
201305040203
201305040204
201305040205
201305040206
201305040207
201305040208
201305040209
201305040210
201305040211
201305040212
201305040301
201305040302
201305040303
201305040304
201305040305
201305040306
201305040307
201305040308
201305040309
201305040310
201305040311
201305040312
201305040401
201305040402
201305040403
201305040404
201305040405
201305040406
201305040407
201305040408
201305040409
201305040410
201305040411
201305040412
201305040501
201305040502
201305040503
201305040504
201305040505
201305040506
201305040507
201305040508
201305040509
201305040510
201305040511
201305040512
201305040601
201305040602
201305040603
201305040604
201305040605
201305040606
201305040607
201305040608
201305040609
201305040610
201305040611
201305040612
201305040701
201305040702
201305040703
201305040704
201305040705
201305040706
201305040707
201305040708
201305040709
201305040710
201305040711
201305040712
201305040801
201305040802
201305040803
201305040804
201305040805
201305040806
201305040807
201305040808
201305040809
201305040810
201305040811
201305040812
201305040901
201305040902
201305040903
201305040904
201305040905
201305040906
201305040907
201305040908
201305040909
201305040910
201305040911
201305040912
201305050101
201305050102
201305050103
201305050104
201305050105
201305050106
201305050107
201305050108
201305050109
201305050110
201305050111
201305050112
201305050201
201305050202
201305050203
201305050204
201305050205
201305050206
201305050207
201305050208
201305050209
201305050210
201305050211
201305050212
201305050301
201305050302
201305050303
201305050304
201305050305
201305050306
201305050307
201305050308
201305050309
201305050310
201305050311
201305050312
201305050401
201305050402
201305050403
201305050404
201305050405
201305050406
201305050407
201305050408
201305050409
201305050410
201305050411
201305050412
201305050501
201305050502
201305050503
201305050504
201305050505
201305050506
201305050507
201305050508
201305050509
201305050510
201305050511
201305050512
201305050601
201305050602
201305050603
201305050604
201305050605
201305050606
201305050607
201305050608
201305050609
201305050610
201305050611
201305050612
201305050701
201305050702
201305050703
201305050704
201305050705
201305050706
201305050707
201305050708
201305050709
201305050710
201305050711
201305050712
201305050801
201305050802
201305050803
201305050804
201305050805
201305050806
201305050807
201305050808
201305050809
201305050810
201305050811