201308010101
201308010102
201308010103
201308010104
201308010105
201308010106
201308010107
201308010108
201308010109
201308010110
201308010111
201308010112
201308010201
201308010202
201308010203
201308010204
201308010205
201308010206
201308010207
201308010208
201308010209
201308010210
201308010211
201308010212
201308010301
201308010302
201308010303
201308010304
201308010305
201308010306
201308010307
201308010308
201308010309
201308010310
201308010311
201308010312
201308010401
201308010402
201308010403
201308010404
201308010405
201308010406
201308010407
201308010408
201308010409
201308010410
201308010411
201308010412
201308010501
201308010502
201308010503
201308010504
201308010505
201308010506
201308010507
201308010508
201308010509
201308010510
201308010511
201308010512
201308010601
201308010602
201308010603
201308010604
201308010605
201308010606
201308010607
201308010608
201308010609
201308010610
201308010611
201308010612
201308010701
201308010702
201308010703
201308010704
201308010705
201308010706
201308010707
201308010708
201308010709
201308010710
201308010711
201308010712
201308020101
201308020102
201308020103
201308020104
201308020105
201308020106
201308020107
201308020108
201308020109
201308020110
201308020111
201308020112
201308020201
201308020202
201308020203
201308020204
201308020205
201308020206
201308020207
201308020208
201308020209
201308020210
201308020211
201308020212
201308020301
201308020302
201308020303
201308020304
201308020305
201308020306
201308020307
201308020308
201308020309
201308020310
201308020311
201308020312
201308020401
201308020402
201308020403
201308020404
201308020405
201308020406
201308020407
201308020408
201308020409
201308020410
201308020411
201308020412
201308020501
201308020502
201308020503
201308020504
201308020505
201308020506
201308020507
201308020508
201308020509
201308020510
201308020511
201308020512
201308020601
201308020602
201308020603
201308020604
201308020605
201308020606
201308020607
201308020608
201308020609
201308020610
201308020611
201308020612
201308020701
201308020702
201308020703
201308020704
201308020705
201308020706
201308020707
201308020708
201308020709
201308020710
201308020711
201308020712
201308020801
201308020802
201308020803
201308020804
201308020805
201308020806
201308020807
201308020808
201308020809
201308020810
201308020811
201308020812
201308030101
201308030102
201308030103
201308030104
201308030105
201308030106
201308030107
201308030108
201308030109
201308030110
201308030111
201308030112
201308030201
201308030202
201308030203
201308030204
201308030205
201308030206
201308030207
201308030208
201308030209
201308030210
201308030211
201308030212
201308030301
201308030302
201308030303
201308030304
201308030305
201308030306
201308030307
201308030308
201308030309
201308030310
201308030311
201308030312
201308030401
201308030402
201308030403
201308030404
201308030405
201308030406
201308030407
201308030408
201308030409
201308030410
201308030411
201308030412
201308030501
201308030502
201308030503
201308030504
201308030505
201308030506
201308030507
201308030508
201308030509
201308030510
201308030511
201308030512
201308030601
201308030602
201308030603
201308030604
201308030605
201308030606
201308030607
201308030608
201308030609
201308030610
201308030611
201308030612
201308030701
201308030702
201308030703
201308030704
201308030705
201308030706
201308030707
201308030708
201308030709
201308030710
201308030711
201308030712
201308030801
201308030802
201308030803
201308030804
201308030805
201308030806
201308030807
201308030808
201308030809
201308030810
201308030811
201308030812
201308030901
201308030902
201308030903
201308030904
201308030905
201308030906
201308030907
201308030908
201308030909
201308030910
201308030911
201308030912
201308031001
201308031002
201308031003
201308031004
201308031005
201308031006
201308031007
201308031008
201308031009
201308031010
201308031011
201308031012
201308031101
201308031102
201308031103
201308031104
201308031105
201308031106
201308031107
201308031108
201308031109
201308031110
201308031111
201308031112
201308031201
201308031202
201308031203
201308031204
201308031205
201308031206
201308031207
201308031208
201308031209
201308031210
201308031211
201308031212
201308040101
201308040102
201308040103
201308040104
201308040105
201308040106
201308040107
201308040108
201308040109
201308040110
201308040111
201308040112
201308040201
201308040202
201308040203
201308040204
201308040205
201308040206
201308040207
201308040208
201308040209
201308040210
201308040211
201308040212
201308040301
201308040302
201308040303
201308040304
201308040305
201308040306
201308040307
201308040308
201308040309
201308040310
201308040311
201308040312
201308040401
201308040402
201308040403
201308040404
201308040405
201308040406
201308040407
201308040408
201308040409
201308040410
201308040411
201308040412
201308040501
201308040502
201308040503
201308040504
201308040505
201308040506
201308040507
201308040508
201308040509
201308040510
201308040511
201308040512
201308040601
201308040602
201308040603
201308040604
201308040605
201308040606
201308040607
201308040608
201308040609
201308040610
201308040611
201308040612
201308040701
201308040702
201308040703
201308040704
201308040705
201308040706
201308040707
201308040708
201308040709
201308040710
201308040711
201308040712
201308040801
201308040802
201308040803
201308040804
201308040805
201308040806
201308040807
201308040808
201308040809
201308040810
201308040811
201308040812
201308040901
201308040902
201308040903
201308040904
201308040905
201308040906
201308040907
201308040908
201308040909
201308040910
201308040911
201308040912
201308050101
201308050102
201308050103
201308050104
201308050105
201308050106
201308050107
201308050108
201308050109
201308050110
201308050111
201308050112
201308050201
201308050202
201308050203
201308050204
201308050205
201308050206
201308050207
201308050208
201308050209
201308050210
201308050211
201308050212
201308050301
201308050302
201308050303
201308050304
201308050305
201308050306
201308050307
201308050308
201308050309
201308050310
201308050311
201308050312
201308050401
201308050402
201308050403
201308050404
201308050405
201308050406
201308050407
201308050408
201308050409
201308050410
201308050411
201308050412
201308050501
201308050502
201308050503
201308050504
201308050505
201308050506
201308050507
201308050508
201308050509
201308050510
201308050511
201308050512
201308050601
201308050602
201308050603
201308050604
201308050605
201308050606
201308050607
201308050608
201308050609
201308050610
201308050611
201308050612
201308050701
201308050702
201308050703
201308050704
201308050705
201308050706
201308050707
201308050708
201308050709
201308050710
201308050711
201308050712
201308050801
201308050802
201308050803
201308050804
201308050805
201308050806
201308050807
201308050808
201308050809
201308050810
201308050811
201308050812