201310010101
201310010102
201310010103
201310010104
201310010105
201310010106
201310010107
201310010108
201310010109
201310010110
201310010111
201310010112
201310010201
201310010202
201310010203
201310010204
201310010205
201310010206
201310010207
201310010208
201310010209
201310010210
201310010211
201310010212
201310010301
201310010302
201310010303
201310010304
201310010305
201310010306
201310010307
201310010308
201310010309
201310010310
201310010311
201310010312
201310010401
201310010402
201310010403
201310010404
201310010405
201310010406
201310010407
201310010408
201310010409
201310010410
201310010411
201310010412
201310010501
201310010502
201310010503
201310010504
201310010505
201310010506
201310010507
201310010508
201310010509
201310010510
201310010511
201310010512
201310010601
201310010602
201310010603
201310010604
201310010605
201310010606
201310010607
201310010608
201310010609
201310010610
201310010611
201310010612
201310010701
201310010702
201310010703
201310010704
201310010705
201310010706
201310010707
201310010708
201310010709
201310010710
201310010711
201310010712
201310010801
201310010802
201310010803
201310010804
201310010805
201310010806
201310010807
201310010808
201310010809
201310010810
201310010811
201310010812
201310020101
201310020102
201310020103
201310020104
201310020105
201310020106
201310020107
201310020108
201310020109
201310020110
201310020111
201310020112
201310020201
201310020202
201310020203
201310020204
201310020205
201310020206
201310020207
201310020208
201310020209
201310020210
201310020211
201310020212
201310020301
201310020302
201310020303
201310020304
201310020305
201310020306
201310020307
201310020308
201310020309
201310020310
201310020311
201310020312
201310020401
201310020402
201310020403
201310020404
201310020405
201310020406
201310020407
201310020408
201310020409
201310020410
201310020411
201310020412
201310020501
201310020502
201310020503
201310020504
201310020505
201310020506
201310020507
201310020508
201310020509
201310020510
201310020511
201310020601
201310020602
201310020603
201310020604
201310020605
201310020606
201310020607
201310020608
201310020609
201310020610
201310020611
201310020612
201310020701
201310020702
201310020703
201310020704
201310020705
201310020706
201310020707
201310020708
201310020709
201310020710
201310020711
201310020712
201310020801
201310020802
201310020803
201310020804
201310020805
201310020806
201310020807
201310020808
201310020809
201310020810
201310020811
201310020901
201310020902
201310020903
201310020904
201310020905
201310020906
201310020907
201310020908
201310020909
201310020910
201310020911
201310020912
201310021001
201310021002
201310021003
201310021004
201310021005
201310021006
201310021007
201310021008
201310021009
201310021010
201310021011
201310021012
201310021101
201310021102
201310021103
201310021104
201310021105
201310021106
201310021107
201310021108
201310021109
201310021110
201310021111
201310021112
201310021201
201310021202
201310021203
201310021204
201310021205
201310021206
201310021207
201310021208
201310021209
201310021210
201310021211
201310021212