199835051701
199835051702
199835051703
199835051704
199835060701
199835060702
199835060703
199835060704
199835060705
199835060706
199835060707
199835060801
199835060802
199835060803
199835060804
199835060805
199835060806
199835060807
199835060808
199835060809
199835062201
199835062202
199835062203
199835062204
199835062205
199835062206
199835062207
199835062208
199835062209
199835080301
199835080302
199835080303
199835080304
199835080305
199835080306
199835080307
199835080308
199835080309
199835081401
199835081402
199835081403
199835081404
199835081405
199835081406
199835081407
199835081408
199835081409
199835081410
199835083101
199835083102
199835083103
199835083104
199835083105
199835083106
199835083107
199835083108
199835083109
199835101001
199835101002
199835101003
199835101004
199835101005
199835101006
199835101007
199835101008
199835101009
199835101010
199835101201
199835101202
199835101203
199835101204
199835101205
199835101206
199835102501
199835102502
199835102503
199835102504
199835102505
199835102506
199835102507
199835102508
199835102509
199835102510
199835102511
199835110801
199835110802
199835110803
199835110804
199835110805
199835110806
199835110807
199835110808
199835110809
199835110810
199835110901
199835110902
199835110903
199835110904
199835110905
199835112101
199835112102
199835112103
199835112104
199835112105
199835112106
199835112107
199835112108
199835112109
199835112201
199835112202
199835112203
199835112204
199835112205
199835112206
199835112301
199835112302
199835112303
199835112304
199835112305
199835112306
199835112307
199835112308
199835112309
199835112310