199837051201
199837051202
199837051203
199837052401
199837070701
199837070702
199837070703
199837070704
199837070705
199837070706
199837070707
199837070708
199837070709
199837070710
199837072101
199837072102
199837072103
199837080401
199837080402
199837080403
199837080404
199837080405
199837081601
199837081602
199837081603
199837081604
199837081605
199837081606
199837081607
199837081801
199837081802
199837081803
199837081804
199837081805
199837081806
199837090801
199837090802
199837090803
199837090804
199837092201
199837100601
199837100602
199837100603
199837100604
199837100605
199837100606
199837100607
199837101901
199837101902
199837101903
199837101904
199837101905
199837101906
199837110101
199837111701
199837111702
199837111703
199837111704
199837111705
199837111706
199837111707
199837111708
199837111709
199837111710
199837120101
199837120102
199837120103
199837120104