199838040201
199838040202
199838040203
199838040204
199838040205
199838040206
199838040207
199838040208
199838040301
199838040302
199838040303
199838040304
199838040305
199838040306
199838040307
199838040501
199838040502
199838040503
199838040504
199838040505
199838040506
199838040507
199838040601
199838040602
199838040603
199838040604
199838040605
199838040606
199838040607
199838041101
199838041102
199838041103
199838041104
199838041105
199838041106
199838041107
199838041108
199838041201
199838041202
199838041203
199838041204
199838041205
199838041206
199838041207
199838041208
199838041701
199838041702
199838041703
199838041704
199838041705
199838041706
199838041707
199838041801
199838041802
199838041803
199838041804
199838041805
199838072001
199838072002
199838072003
199838072004
199838072005
199838072006
199838072007
199838072008
199838072009
199838072010
199838072101
199838072102
199838072103
199838072104
199838072105
199838072106
199838072107
199838072108
199838072109
199838072110
199838081401
199838081402
199838081403
199838081404
199838081405
199838081701
199838081702
199838081703
199838081704
199838081705
199838081706
199838081707
199838081708
199838081709
199838081710
199838081801
199838081802
199838081803
199838081804
199838081805
199838081806