199840011001
199840011002
199840011003
199840011004
199840011005
199840011006
199840011007
199840011008
199840020501
199840020502
199840021801
199840021802
199840021803
199840021804
199840021805
199840032001
199840032002
199840032003
199840071501
199840071502
199840071503
199840071504
199840071505
199840071506
199840100701
199840100702
199840100703
199840100704
199840100705
199840100706
199840110401
199840110402
199840110403
199840110404
199840110405
199840110406
199840110407
199840110408
199840110409
199840120201
199840120202
199840120203
199840120204
199840120205
199840120206
199840120207