199841011301
199841011302
199841011303
199841011304
199841011305
199841011306
199841011401
199841011402
199841011403
199841011404
199841011405
199841011406
199841011407
199841012401
199841012402
199841012403
199841012404
199841012405
199841012406
199841012407
199841021001
199841021002
199841021003
199841021004
199841021005
199841021006
199841021007
199841021008
199841021009
199841022201
199841022202
199841022203
199841022204
199841022205
199841022206
199841022207
199841022701
199841022702
199841022703
199841022704
199841022705
199841022706
199841022707
199841022708
199841022709
199841030901
199841030902
199841030903
199841030904
199841030905
199841030906
199841030907
199841030908
199841030909
199841032101
199841032102
199841032103
199841032104
199841032105
199841032106
199841032107
199841032108
199841072001
199841072002
199841072003
199841072004
199841072005
199841072006
199841072007
199841072008
199841072009
199841100401
199841100402
199841100403
199841100404
199841100405
199841100406
199841101801
199841101802
199841101803
199841111301
199841111302
199841111303
199841111304
199841111305
199841111306
199841111307
199841111308
199841120901
199841120902
199841120903
199841120904
199841120905
199841120906
199841120907
199841120908
199841120909
199841121601
199841121602
199841121603
199841121604
199841121605
199841121606
199841121607
199841121608
199841121609