199842011201
199842011202
199842011203
199842011301
199842011302
199842011303
199842011304
199842011305
199842011306
199842011307
199842011308
199842011309
199842011310
199842011311
199842011401
199842011402
199842011403
199842011404
199842011405
199842011406
199842011407
199842011408
199842011409
199842011410
199842011411
199842022401
199842022402
199842022403
199842022404
199842022405
199842022406
199842022407
199842022408
199842022409
199842022410
199842022411
199842022501
199842022502
199842022503
199842022504
199842022505
199842022506
199842022507
199842022508
199842022509
199842022510
199842022511
199842022601
199842022602
199842022603
199842022604
199842022605
199842022606
199842022607
199842022608
199842022609
199842032301
199842032302
199842032303
199842032304
199842032305
199842032306
199842032307
199842032308
199842032309
199842032310
199842032311
199842032401
199842032402
199842032403
199842032404
199842032405
199842032406
199842032501
199842032502
199842032503
199842032504
199842032505
199842032506
199842032507
199842032508
199842032509
199842032510
199842042001
199842042002
199842042003
199842042004
199842042005
199842042006
199842042007
199842042008
199842042201
199842042202
199842042203
199842042204
199842042205
199842042206
199842042207
199842042208
199842042209
199842042210
199842051801
199842051802
199842051901
199842051902
199842051903
199842051904
199842051905
199842051906
199842051907
199842051908
199842051909
199842051910
199842060801
199842060802
199842060803
199842060804
199842060805
199842060806
199842060807
199842060808
199842060809
199842060810
199842060901
199842060902
199842060903
199842060904
199842060905
199842060906
199842060907
199842060908
199842060909
199842060910
199842071301
199842071302
199842071303
199842071304
199842071305
199842071306
199842071307
199842071308
199842071309
199842071401
199842071402
199842071403
199842071404
199842071405
199842071406
199842071407
199842071408
199842071409
199842071410
199842071501
199842071502
199842071503
199842071504
199842071505
199842071601
199842071602
199842071603
199842071604
199842071605
199842071606
199842071607
199842071608
199842071609
199842071610
199842071701
199842080301
199842080302
199842080501
199842080502
199842080503
199842080504
199842080505
199842080506
199842080507
199842080508
199842080509
199842080510
199842080511
199842090101
199842090102
199842090103
199842090104
199842090105
199842090106
199842090107
199842090108
199842090109
199842090110
199842090201
199842090202
199842090203
199842090204
199842090205
199842090206
199842090207
199842090208
199842090209
199842090210
199842090301
199842090302
199842090303
199842100701
199842100702
199842100703
199842100704
199842100705
199842100706
199842100707
199842100708
199842100709
199842100710
199842100711
199842100801
199842100802
199842100803
199842100804
199842100805
199842100806
199842100807
199842100808
199842100809
199842100810
199842110201
199842110301
199842110302
199842110303
199842110304
199842110305
199842110306
199842110307
199842110308
199842110309
199842110310
199842110311
199842110401
199842110402
199842110403
199842110404
199842110405
199842110406
199842110501
199842110502
199842110503
199842110504
199842110505
199842110506
199842110507
199842120701
199842120702
199842120703
199842120704
199842120705
199842120706
199842120707
199842120801
199842120802
199842120803
199842120804
199842120805
199842120806
199842120807
199842120808
199842120809
199842120901
199842120902
199842120903
199842120904
199842120905
199842120906
199842120907
199842120908
199842120909
199842120910
199842121001
199842121002
199842121003
199842121004
199842121005
199842121006
199842121007
199842121008
199842121009
199842121010
199842121101
199842121102
199842121103
199842121104
199842121105
199842121106
199842121107
199842121108
199842121109
199842122801
199842122802
199842122803
199842122804
199842122805
199842123001
199842123002
199842123003
199842123004
199842123005
199842123006
199842123007
199842123008
199842123009
199842123010
199842123011
199842123012
199842123101
199842123102
199842123103
199842123104
199842123105
199842123106
199842123107
199842123108
199842123109
199842123110
199842123111
199842123112