199845010701
199845010702
199845010703
199845010704
199845010705
199845010706
199845010707
199845010708
199845010709
199845010710
199845010711
199845010801
199845010802
199845010803
199845010804
199845010805
199845010806
199845010807
199845010808
199845010809
199845010810
199845010811
199845010901
199845011001
199845011002
199845011003
199845011004
199845011005
199845011006
199845011007
199845011008
199845011009
199845012701
199845012702
199845012703
199845012704
199845012705
199845012706
199845012707
199845012801
199845012802
199845012803
199845012804
199845012805
199845012806
199845012807
199845012808
199845012809
199845012810
199845012901
199845012902
199845012903
199845012904
199845012905
199845012906
199845012907
199845012908
199845012909
199845012910
199845013001
199845013002
199845013003
199845013004
199845013005
199845013006
199845013007
199845013008
199845013009
199845013010
199845013011
199845021501
199845021502
199845021503
199845021504
199845021505
199845021506
199845021507
199845021508
199845021509
199845021601
199845021602
199845021603
199845021604
199845021605
199845021606
199845021607
199845021608
199845021609
199845021701
199845021702
199845021703
199845021704
199845021705
199845021706
199845021707
199845021801
199845021802
199845021803
199845021804
199845021805
199845021806
199845021807
199845021808
199845021809
199845021810
199845021811
199845030201
199845030202
199845030203
199845030204
199845030205
199845030206
199845030207
199845030208
199845030209
199845030210
199845030211
199845030401
199845030402
199845030403
199845030404
199845030405
199845030406
199845030407
199845030408
199845030409
199845030410
199845030501
199845030502
199845030503
199845030504
199845030505
199845030601
199845030602
199845030603
199845030604
199845030605
199845030606
199845030607
199845030608
199845030609
199845040101
199845040102
199845040103
199845040104
199845040105
199845040106
199845040107
199845040201
199845040202
199845040203
199845040204
199845040205
199845040401
199845040402
199845050701
199845050702
199845050703
199845050704
199845050705
199845050706
199845050707
199845050708
199845050801
199845050802
199845050803
199845050804
199845050805
199845050806
199845050807
199845050808
199845050809
199845050810
199845050901
199845050902
199845050903
199845050904
199845050905
199845050906
199845051001
199845051002
199845051003
199845051004
199845051005
199845051006
199845051007
199845051008
199845051009
199845051010
199845051011
199845051101
199845051102
199845051103
199845051104
199845051105
199845051106
199845051107
199845051108
199845051109
199845051110
199845061301
199845061302
199845061303
199845061304
199845061305
199845061306
199845061307
199845061308
199845061309
199845061401
199845061402
199845061403
199845061404
199845061405
199845061406
199845061407
199845061408
199845061409
199845061410
199845061411
199845061501
199845061502
199845061503
199845061504
199845061505
199845061506
199845061507
199845061508
199845061509
199845061510
199845061601
199845061602
199845061603
199845061604
199845061605
199845061606
199845061607
199845061701
199845061702
199845061703
199845061704
199845061705
199845061706
199845061707
199845061708
199845061709
199845061710
199845061711
199845061801
199845061802
199845061803
199845061804
199845061805
199845061806
199845061807
199845070101
199845070102
199845070103
199845070104
199845070105
199845070106
199845070107
199845070108
199845070109
199845070110
199845070201
199845070202
199845070203
199845070204
199845070205
199845070301
199845070302
199845070303
199845070304
199845070305
199845070306
199845070307
199845070308
199845070309
199845070310
199845070311
199845070401
199845070402
199845070403
199845070404
199845070405
199845070406
199845070407
199845070408
199845070409
199845070410
199845070411
199845070501
199845070502
199845070503
199845070504
199845070505
199845070506
199845070507
199845070508
199845070509
199845070510
199845071701
199845071702
199845071703
199845071704
199845071705
199845071706
199845071707
199845071708
199845071709
199845071801
199845071802
199845071803
199845071804
199845071805
199845071806
199845071807
199845071808
199845071809
199845071901
199845071902
199845071903
199845071904
199845071905
199845071906
199845071907
199845071908
199845071909
199845072101
199845072102
199845072103
199845072104
199845072105
199845072106
199845072107
199845072108
199845072109
199845072110
199845072111
199845081601
199845081602
199845081603
199845081604
199845081605
199845081606
199845081607
199845081608
199845081609
199845081701
199845081702
199845081703
199845081704
199845081705
199845081706
199845081801
199845081802
199845081803
199845081804
199845081805
199845081806
199845081807
199845081808
199845081809
199845082001
199845082002
199845082003
199845082004
199845082005
199845082006
199845082007
199845082008
199845082009
199845082101
199845082102
199845082103
199845082104
199845082105
199845082106
199845082107
199845082108
199845082109
199845090401
199845090402
199845090403
199845090404
199845090405
199845090406
199845090407
199845090408
199845090409
199845090410
199845090501
199845090502
199845090503
199845090504
199845090505
199845090506
199845090507
199845090508
199845090509
199845090801
199845090802
199845090803
199845090804
199845090805
199845090806
199845090807
199845090808
199845090809
199845090810
199845090901
199845090902
199845090903
199845090904
199845090905
199845090906
199845090907
199845090908
199845090909
199845090910
199845092001
199845092002
199845092003
199845092004
199845092005
199845092006
199845092007
199845092008
199845092009
199845092201
199845092202
199845092203
199845092204
199845092205
199845092206
199845092207
199845092208
199845092209
199845092210
199845092301
199845092302
199845092303
199845092304
199845092305
199845092306
199845092307
199845092308
199845092309
199845092501
199845092502
199845092503
199845092504
199845092505
199845092506
199845092507
199845092508
199845092509
199845092510
199845101501
199845101502
199845101503
199845101504
199845101505
199845101506
199845101507
199845101508
199845101509
199845101601
199845101602
199845101603
199845101604
199845101605
199845101606
199845101607
199845101608
199845101609
199845101610
199845101611
199845101701
199845101702
199845101703
199845101704
199845101705
199845101706
199845101707
199845101708
199845101709
199845101710
199845101711
199845101901
199845101902
199845101903
199845101904
199845101905
199845101906
199845101907
199845101908
199845101909
199845101910
199845101911
199845111601
199845111602
199845111603
199845111604
199845111605
199845111606
199845111607
199845111608
199845111609
199845111610
199845111611
199845111701
199845111702
199845111703
199845111704
199845111705
199845111706
199845111707
199845111708
199845111709
199845111710
199845111801
199845111802
199845111803
199845111804
199845111805
199845111806
199845111807
199845111808
199845111809
199845111810
199845111811
199845111901
199845111902
199845111903
199845111904
199845111905
199845111906
199845111907
199845111908
199845111909
199845111910
199845111911
199845112001
199845112002
199845112003
199845112004
199845112005
199845112006
199845122801
199845122802
199845122803
199845122804
199845122805
199845122806
199845122807
199845122808
199845122901
199845122902
199845122903
199845122904
199845122905
199845122906
199845122907
199845122908
199845122909
199845122910
199845123001
199845123002
199845123003
199845123004
199845123005
199845123006
199845123101
199845123102
199845123103
199845123104
199845123105
199845123106
199845123107
199845123108
199845123109
199845123110