199847010104
199847010209
199847011101
199847011206
199847011502
199847012509
199847020801
199847020807
199847020903
199847022205
199847022301
199847022402
199847022607
199847031006
199847031101
199847031107
199847031303
199847040603
199847040608
199847042704
199847042709
199847051302
199847051306
199847060507
199847060805
199847062106
199847062202
199847071407
199847071502
199847072802
199847072805
199847081107
199847081403
199847082609
199847082703
199847091403
199847091409
199847100208
199847100403
199847101602
199847101809
199847110905
199847111007
199847111009
199847111102
199847112309
199847112508
199847112604
199847112702
199847121510
199847121604
199847121706
199847121709
199847122803
199847123105