199854010201
199854010202
199854010203
199854010204
199854010205
199854010206
199854010207
199854010208
199854010209
199854010210
199854081001
199854081002
199854081003
199854081004
199854081005
199854081006
199854081007
199854081008
199854081009
199854091301
199854091302
199854091303
199854091304
199854091305
199854091306
199854091307
199854091308
199854091309
199854092701
199854092702
199854092703
199854092704
199854092705
199854092706
199854092707
199854092708
199854092709
199854092710
199854092801
199854092802
199854092803
199854092804
199854092805
199854092806
199854092807
199854092808
199854092809
199854102201
199854102202
199854102203
199854103101
199854103102
199854103103
199854103104
199854103105
199854103106
199854103107
199854103108
199854103109
199854110801
199854110802
199854110803
199854111701
199854111702
199854111703
199854111704
199854112901
199854112902
199854112903
199854112904
199854112905
199854112906
199854112907
199854112908
199854120301
199854120302
199854120303
199854121401
199854121402
199854121403
199854123001
199854123002
199854123003