199855011801
199855011802
199855011803
199855011804
199855011805
199855011806
199855011807
199855011808
199855011809
199855011810
199855020701
199855020702
199855020703
199855020704
199855020705
199855020706
199855020707
199855020708
199855020709
199855020710
199855020711
199855022201
199855022202
199855022203
199855022204
199855022205
199855022206
199855022207
199855022208
199855022209
199855032201
199855032202
199855032203
199855032204
199855032205
199855032206
199855032207
199855032208
199855032209
199855032210
199855041901
199855041902
199855041903
199855041904
199855041905
199855041906
199855041907
199855041908
199855041909
199855042601
199855042602
199855042603
199855042604
199855042605
199855051001
199855051002
199855051003
199855051004
199855051005
199855052301
199855052302
199855052303
199855052304
199855052305
199855060101
199855060102
199855060103
199855060104
199855060105
199855060106
199855060107
199855062701
199855062702
199855062703
199855062704
199855062705
199855062706
199855062707
199855071101
199855071102
199855071103
199855071104
199855071105
199855071106
199855071107
199855080101
199855080102
199855080103
199855080104
199855080105
199855080106
199855080107
199855081401
199855081402
199855081403
199855081404
199855081405
199855081406
199855081407
199855081408
199855091901
199855091902
199855091903
199855091904
199855091905
199855091906
199855091907
199855100401
199855100501
199855100502
199855100503
199855100504
199855100505
199855100506
199855100507
199855102601
199855102602
199855102603
199855102604
199855102605
199855102606
199855102607
199855110201
199855110202
199855110701
199855110702
199855110703
199855110704
199855110705
199855110706
199855110707
199855110708
199855110709
199855110710
199855112301
199855112302
199855112303
199855112304
199855112305
199855112306
199855112307
199855112801
199855112802
199855112803
199855120601
199855120602
199855120603
199855120604
199855120605
199855121201
199855121202
199855121203
199855122701
199855122702
199855122703
199855122704
199855122705
199855122706