199856010401
199856010402
199856010403
199856010404
199856010405
199856010406
199856010407
199856010408
199856011701
199856011702
199856011703
199856011704
199856011705
199856011706
199856011707
199856011708
199856011709
199856011710
199856013101
199856013102
199856013103
199856013104
199856013105
199856013106
199856013107
199856020101
199856020102
199856020103
199856020104
199856020105
199856020106
199856020107
199856020108
199856021501
199856021502
199856021503
199856021504
199856021505
199856021506
199856022201
199856022202
199856022203
199856022204
199856022205
199856022206
199856022207
199856022208
199856022209
199856031401
199856031402
199856031403
199856031404
199856031405
199856031406
199856031407
199856031408
199856031409
199856031410
199856032801
199856032802
199856032803
199856032804
199856032805
199856032806
199856032807
199856032808
199856032809
199856032810
199856041901
199856041902
199856041903
199856041904
199856041905
199856041906
199856041907
199856041908
199856041909
199856050401
199856050402
199856050403
199856050404
199856050405
199856050406
199856050407
199856050408
199856050409
199856050410
199856051601
199856051602
199856051603
199856051604
199856051605
199856051606
199856051607
199856051608
199856051609
199856051610
199856053101
199856053102
199856053103
199856053104
199856053105
199856053106
199856053107
199856053108
199856053109
199856053110
199856062001
199856062002
199856062003
199856062004
199856062005
199856062006
199856062801
199856062802
199856062803
199856062804
199856062805
199856062806
199856062807
199856062808
199856071201
199856071202
199856071203
199856071204
199856071205
199856071206
199856071207
199856071208
199856071301
199856071302
199856071303
199856071304
199856071305
199856071306
199856071307
199856071308
199856071309
199856071310
199856072601
199856072602
199856072603
199856072604
199856072605
199856072606
199856072607
199856072608
199856080201
199856080202
199856080203
199856080204
199856080205
199856080206
199856080207
199856080208
199856080209
199856081601
199856081602
199856081603
199856081604
199856081605
199856081606
199856081607
199856081608
199856081609
199856081610
199856082201
199856082202
199856082203
199856082204
199856082205
199856082206
199856082207
199856082208
199856082209
199856091301
199856091302
199856091303
199856091304
199856091305
199856091306
199856091307
199856091308
199856091309
199856092801
199856092802
199856092803
199856092804
199856092805
199856092806
199856092807
199856092808
199856092809
199856101701
199856101702
199856101703
199856101704
199856101705
199856101706
199856101707
199856101708
199856101709
199856110701
199856110702
199856110703
199856110704
199856110705
199856110706
199856110707
199856110708
199856110709
199856113001
199856113002
199856113003
199856113004
199856113005
199856113006
199856121201
199856121202
199856121301
199856121302
199856121303
199856121304
199856121305
199856121306
199856121307
199856121308
199856121309