199857010401
199857010402
199857010403
199857010404
199857010405
199857010406
199857010407
199857010408
199857011801
199857011802
199857011803
199857011804
199857011805
199857013101
199857013102
199857013103
199857013104
199857013105
199857013106
199857013107
199857013108
199857013109
199857013110
199857021401
199857021402
199857021403
199857021404
199857021405
199857021406
199857021407
199857021408
199857021409
199857022201
199857022202
199857022203
199857022204
199857022205
199857022206
199857022207
199857022208
199857022209
199857030701
199857030702
199857030703
199857030704
199857030705
199857030706
199857030707
199857030708
199857030801
199857030802
199857030803
199857030804
199857030805
199857030806
199857030807
199857030808
199857030809
199857032101
199857032102
199857032103
199857032104
199857032105
199857032106
199857032107
199857032108
199857032301
199857032302
199857032303
199857032304
199857032305
199857032306
199857032307
199857032308
199857032309
199857042601
199857042602
199857042603
199857042604
199857042605
199857042606
199857042607
199857042608
199857042609
199857051001
199857051002
199857051003
199857051004
199857051005
199857051006
199857051007
199857051008
199857051009
199857053101
199857053102
199857053103
199857053104
199857053105
199857053106
199857053107
199857053108
199857053109
199857062801
199857062802
199857062803
199857062804
199857062805
199857062806
199857062807
199857062808
199857062809
199857072001
199857072002
199857072003
199857072004
199857072005
199857072006
199857072007
199857072008
199857072009
199857080201
199857080202
199857080203
199857080204
199857080205
199857080206
199857080207
199857080208
199857080209
199857080210
199857081601
199857081602
199857081603
199857081604
199857081605
199857081606
199857081607
199857081608
199857081609
199857081610
199857090601
199857090602
199857090603
199857090604
199857090605
199857090606
199857090607
199857090608
199857090609
199857090610
199857092001
199857092002
199857092003
199857092004
199857092005
199857092006
199857092007
199857092008
199857092009
199857092010
199857101101
199857101102
199857101103
199857101104
199857101105
199857101106
199857101107
199857101108
199857101109
199857101110
199857102401
199857102402
199857102403
199857102404
199857102405
199857102406
199857102407
199857102408
199857102409
199857102410
199857110101
199857110102
199857110103
199857110104
199857110105
199857110106
199857110107
199857110108
199857110109
199857112301
199857112302
199857112303
199857112304
199857112305
199857112306
199857112307
199857112308
199857112309
199857112310
199857112801
199857112802
199857112803
199857112804
199857112805
199857112806
199857112807
199857112808
199857112809
199857112810
199857112901
199857112902
199857112903
199857112904
199857112905
199857112906
199857112907
199857112908
199857112909
199857121201
199857121202
199857121203
199857121204
199857121205
199857121901
199857121902
199857121903
199857121904
199857121905
199857121906
199857121907
199857121908
199857121909
199857121910
199857123101
199857123102
199857123103
199857123104
199857123105
199857123106
199857123107
199857123108
199857123109
199857123110