199858050401
199858050402
199858050403
199858050404
199858050405
199858050406
199858050407
199858050408
199858050409
199858050501
199858050502
199858050503
199858050504
199858050505
199858050506
199858050507
199858050508
199858050509
199858050601
199858050602
199858050603
199858050604
199858050605
199858050606
199858052101
199858052102
199858052103
199858052104
199858052105
199858052106
199858052107
199858052601
199858052602
199858052603
199858052604
199858060201
199858060202
199858060203
199858060204
199858060205
199858060206
199858060207
199858060208
199858060209
199858060301
199858060302
199858060303
199858060304
199858060305
199858060306
199858060401
199858060402
199858060403
199858060404
199858060405
199858060406
199858060407
199858060408
199858060409
199858061001
199858061002
199858061003
199858061004
199858061005
199858061101
199858061601
199858061602
199858061603
199858061604
199858061605
199858061606
199858061607
199858061701
199858061702
199858061703
199858061704
199858061705
199858061706
199858061707
199858061801
199858061802
199858061803
199858061804
199858061805
199858061806
199858061807
199858061808
199858061809
199858101501
199858101502
199858101503
199858101504
199858101505
199858101506
199858102001
199858102002
199858102003
199858102004
199858102005
199858102006
199858102007
199858102008
199858102009
199858102010
199858102101
199858102102
199858102103
199858102104
199858102105
199858102106
199858102107
199858102108
199858102109
199858102110
199858102111
199858102201
199858102202
199858102203
199858102204
199858102205
199858102206
199858102207
199858102208
199858102209
199858102210
199858102801
199858102802
199858102803
199858102804
199858102805
199858102806
199858102901
199858102902
199858102903
199858102904
199858102905
199858102906
199858102907
199858110301
199858110302
199858110303
199858110304
199858110305
199858110306
199858110307
199858110308
199858110309
199858110310