199860050401
199860050402
199860050403
199860050404
199860050405
199860050406
199860050501
199860050502
199860050503
199860050504
199860050505
199860050506
199860050507
199860053001
199860053002
199860053003
199860053004
199860053005
199860053006
199860053007
199860053008
199860053009
199860062001
199860062002
199860062003
199860062004
199860062005
199860062006
199860062007
199860062008
199860070501
199860070502
199860070503
199860070504
199860070505
199860070506
199860070507
199860091201
199860091202
199860091203
199860091204
199860091205
199860091206
199860091207
199860091208
199860091209
199860091210
199860091211
199860100301
199860100302
199860100303
199860100304
199860100305
199860100306
199860100307
199860100308
199860100309
199860100310
199860110301
199860110302
199860110303
199860110304
199860110305
199860110306
199860110307
199860110308
199860110309
199860111401
199860111402
199860111403
199860111404
199860111405
199860111406
199860111407
199860111408
199860112101
199860112102
199860112103
199860112104
199860112105
199860112106
199860112107
199860112108
199860112109
199860112110
199860120501
199860120502
199860120503
199860120504
199860120505
199860120506
199860120507
199860122101
199860122102
199860122103
199860122104
199860122105
199860122106
199860122107