198747051901
198747060201
198747061501
198747072601
198747081201
198747083001
198747083002
198747083003
198747083004
198747083005
198747083006
198747083007
198747083008
198747083009
198747100401
198747100402
198747100403
198747100404
198747100405
198747100406
198747100407
198747100408
198747100409
198747100410
198747120701
198747120702
198747120703
198747120704
198747120705
198747120706
198747120707
198747120708
198747120709
198747120710
198747122901
198747122902
198747122903
198747122904
198747122905
198747122906
198747122907
198747122908
198747122909
198747122910