200504010101
200504010102
200504010103
200504010104
200504010105
200504010106
200504010107
200504010108
200504010109
200504010110
200504010111
200504010201
200504010202
200504010203
200504010204
200504010205
200504010206
200504010207
200504010208
200504010209
200504010210
200504010211
200504010212
200504010301
200504010302
200504010303
200504010304
200504010305
200504010306
200504010307
200504010308
200504010309
200504010310
200504010311
200504010312
200504010401
200504010402
200504010403
200504010404
200504010405
200504010406
200504010407
200504010408
200504010409
200504010410
200504010411
200504010412
200504010501
200504010502
200504010503
200504010504
200504010505
200504010506
200504010507
200504010508
200504010509
200504010510
200504010511
200504010512
200504010601
200504010602
200504010603
200504010604
200504010605
200504010606
200504010607
200504010608
200504010609
200504010610
200504010611
200504010701
200504010702
200504010703
200504010704
200504010705
200504010706
200504010707
200504010708
200504010709
200504010710
200504010711
200504010801
200504010802
200504010803
200504010804
200504010805
200504010806
200504010807
200504010808
200504010809
200504010810
200504010811
200504010812
200504020101
200504020102
200504020103
200504020104
200504020105
200504020106
200504020107
200504020108
200504020109
200504020110
200504020111
200504020112
200504020201
200504020202
200504020203
200504020204
200504020205
200504020206
200504020207
200504020208
200504020209
200504020210
200504020211
200504020212
200504020301
200504020302
200504020303
200504020304
200504020305
200504020306
200504020307
200504020308
200504020309
200504020310
200504020311
200504020312
200504020401
200504020402
200504020403
200504020404
200504020405
200504020406
200504020407
200504020408
200504020409
200504020410
200504020411
200504020412
200504020501
200504020502
200504020503
200504020504
200504020505
200504020506
200504020507
200504020508
200504020509
200504020510
200504020511
200504020512
200504020601
200504020602
200504020603
200504020604
200504020605
200504020606
200504020607
200504020608
200504020609
200504020610
200504020611
200504020612
200504020701
200504020702
200504020703
200504020704
200504020705
200504020706
200504020707
200504020708
200504020709
200504020710
200504020711
200504020712
200504020801
200504020802
200504020803
200504020804
200504020805
200504020806
200504020807
200504020808
200504020809
200504020810
200504020811
200504020812
200504030101
200504030102
200504030103
200504030104
200504030105
200504030106
200504030107
200504030108
200504030109
200504030110
200504030111
200504030112
200504030201
200504030202
200504030203
200504030204
200504030205
200504030206
200504030207
200504030208
200504030209
200504030210
200504030211
200504030212
200504030301
200504030302
200504030303
200504030304
200504030305
200504030306
200504030307
200504030308
200504030309
200504030310
200504030311
200504030312
200504030401
200504030402
200504030403
200504030404
200504030405
200504030406
200504030407
200504030408
200504030409
200504030410
200504030411
200504030412
200504030501
200504030502
200504030503
200504030504
200504030505
200504030506
200504030507
200504030508
200504030509
200504030510
200504030511
200504030512
200504030601
200504030602
200504030603
200504030604
200504030605
200504030606
200504030607
200504030608
200504030609
200504030610
200504030611
200504030612
200504030701
200504030702
200504030703
200504030704
200504030705
200504030706
200504030707
200504030708
200504030709
200504030710
200504030711
200504030712
200504030801
200504030802
200504030803
200504030804
200504030805
200504030806
200504030807
200504030808
200504030809
200504030810
200504030811
200504030812