200506010101
200506010102
200506010103
200506010104
200506010105
200506010106
200506010107
200506010108
200506010109
200506010110
200506010111
200506010201
200506010202
200506010203
200506010204
200506010205
200506010206
200506010207
200506010208
200506010209
200506010210
200506010211
200506010212
200506010301
200506010302
200506010303
200506010304
200506010305
200506010306
200506010307
200506010308
200506010309
200506010310
200506010311
200506010312
200506010401
200506010402
200506010403
200506010404
200506010405
200506010406
200506010407
200506010408
200506010409
200506010410
200506010411
200506010412
200506010501
200506010502
200506010503
200506010504
200506010505
200506010506
200506010507
200506010508
200506010509
200506010510
200506010511
200506010512
200506010601
200506010602
200506010603
200506010604
200506010605
200506010606
200506010607
200506010608
200506010609
200506010610
200506010611
200506010612
200506010701
200506010702
200506010703
200506010704
200506010705
200506010706
200506010707
200506010708
200506010709
200506010710
200506010711
200506010712
200506010801
200506010802
200506010803
200506010804
200506010805
200506010806
200506010807
200506010808
200506010809
200506010810
200506010811
200506010812
200506020101
200506020102
200506020103
200506020104
200506020105
200506020106
200506020107
200506020108
200506020109
200506020110
200506020111
200506020112
200506020201
200506020202
200506020203
200506020204
200506020205
200506020206
200506020207
200506020208
200506020209
200506020210
200506020211
200506020212
200506020301
200506020302
200506020303
200506020304
200506020305
200506020306
200506020307
200506020308
200506020309
200506020310
200506020311
200506020401
200506020402
200506020403
200506020404
200506020405
200506020406
200506020407
200506020408
200506020409
200506020410
200506020411
200506020412
200506020501
200506020502
200506020503
200506020504
200506020505
200506020506
200506020507
200506020508
200506020509
200506020510
200506020511
200506020601
200506020602
200506020603
200506020604
200506020605
200506020606
200506020607
200506020608
200506020609
200506020610
200506020611
200506020612
200506020701
200506020702
200506020703
200506020704
200506020705
200506020706
200506020707
200506020708
200506020709
200506020710
200506020711
200506020712
200506020801
200506020802
200506020803
200506020804
200506020805
200506020806
200506020807
200506020808
200506020809
200506020810
200506020811
200506020812
200506030101
200506030102
200506030103
200506030104
200506030105
200506030106
200506030107
200506030108
200506030109
200506030110
200506030201
200506030202
200506030203
200506030204
200506030205
200506030206
200506030207
200506030208
200506030209
200506030210
200506030211
200506030212
200506030301
200506030302
200506030303
200506030304
200506030305
200506030306
200506030307
200506030308
200506030309
200506030310
200506030311
200506030401
200506030402
200506030403
200506030404
200506030405
200506030406
200506030407
200506030408
200506030409
200506030410
200506030411
200506030412
200506030501
200506030502
200506030503
200506030504
200506030505
200506030506
200506030507
200506030508
200506030509
200506030510
200506030511
200506030512
200506030601
200506030602
200506030603
200506030604
200506030605
200506030606
200506030607
200506030608
200506030609
200506030610
200506030701
200506030702
200506030703
200506030704
200506030705
200506030706
200506030707
200506030708
200506030709
200506030710
200506030801
200506030802
200506030803
200506030804
200506030805
200506030806
200506030807
200506030808
200506030809
200506030810
200506030811
200506040101
200506040102
200506040103
200506040104
200506040105
200506040106
200506040107
200506040108
200506040109
200506040110
200506040111
200506040201
200506040202
200506040203
200506040204
200506040205
200506040206
200506040207
200506040208
200506040209
200506040210
200506040211
200506040212
200506040301
200506040302
200506040303
200506040304
200506040305
200506040306
200506040307
200506040308
200506040309
200506040310
200506040311
200506040312
200506040401
200506040402
200506040403
200506040404
200506040405
200506040406
200506040407
200506040408
200506040409
200506040410
200506040501
200506040502
200506040503
200506040504
200506040505
200506040506
200506040507
200506040508
200506040509
200506040510
200506040511
200506040512
200506040601
200506040602
200506040603
200506040604
200506040605
200506040606
200506040607
200506040608
200506040609
200506040610
200506040611
200506040612
200506040701
200506040702
200506040703
200506040704
200506040705
200506040706
200506040707
200506040708
200506040709
200506040710
200506040711
200506040712
200506040801
200506040802
200506040803
200506040804
200506040805
200506040806
200506040807
200506040808
200506040809
200506040810
200506040811
200506040812
200506050101
200506050102
200506050103
200506050104
200506050105
200506050106
200506050107
200506050108
200506050109
200506050110
200506050111
200506050112
200506050201
200506050202
200506050203
200506050204
200506050205
200506050206
200506050207
200506050208
200506050209
200506050210
200506050211
200506050212
200506050301
200506050302
200506050303
200506050304
200506050305
200506050306
200506050307
200506050308
200506050309
200506050310
200506050311
200506050312
200506050401
200506050402
200506050403
200506050404
200506050405
200506050406
200506050407
200506050408
200506050409
200506050410
200506050411
200506050412
200506050501
200506050502
200506050503
200506050504
200506050505
200506050506
200506050507
200506050508
200506050509
200506050510
200506050511
200506050512
200506050601
200506050602
200506050603
200506050604
200506050605
200506050606
200506050607
200506050608
200506050609
200506050610
200506050611
200506050612
200506050701
200506050702
200506050703
200506050704
200506050705
200506050706
200506050707
200506050708
200506050709
200506050710
200506050711
200506050712
200506050801
200506050802
200506050803
200506050804
200506050805
200506050806
200506050807
200506050808
200506050809
200506050810