200508010101
200508010102
200508010103
200508010104
200508010106
200508010107
200508010108
200508010110
200508010111
200508010112
200508010202
200508010204
200508010205
200508010207
200508010209
200508010210
200508010211
200508010212
200508010303
200508010305
200508010310
200508010311
200508010312
200508010401
200508010402
200508010404
200508010405
200508010406
200508010407
200508010409
200508010410
200508010411
200508010501
200508010502
200508010505
200508010506
200508010508
200508010509
200508010510
200508010511
200508010512
200508010603
200508010605
200508010607
200508010609
200508010610
200508010612
200508010701
200508010703
200508010706
200508010707
200508010708
200508010710
200508010711
200508010801
200508010803
200508010804
200508010805
200508010806
200508010808
200508010809
200508010810
200508010811
200508010812
200508020101
200508020102
200508020103
200508020104
200508020105
200508020106
200508020108
200508020109
200508020110
200508020111
200508020112
200508020201
200508020202
200508020203
200508020205
200508020206
200508020207
200508020209
200508020210
200508020211
200508020212
200508020305
200508020307
200508020309
200508020310
200508020311
200508020312
200508020401
200508020403
200508020404
200508020405
200508020410
200508020411
200508020501
200508020502
200508020504
200508020505
200508020506
200508020507
200508020509
200508020510
200508020512
200508020602
200508020603
200508020604
200508020606
200508020607
200508020609
200508020610
200508020611
200508020612
200508020702
200508020703
200508020704
200508020705
200508020706
200508020707
200508020708
200508020710
200508020711
200508020712
200508020801
200508020803
200508020806
200508020807
200508020808
200508020810
200508020811
200508020812
200508030101
200508030103
200508030105
200508030107
200508030110
200508030111
200508030112
200508030201
200508030202
200508030205
200508030206
200508030207
200508030208
200508030209
200508030210
200508030211
200508030212
200508030303
200508030306
200508030309
200508030310
200508030311
200508030312
200508030402
200508030404
200508030405
200508030406
200508030407
200508030408
200508030409
200508030410
200508030411
200508030412
200508030501
200508030502
200508030504
200508030505
200508030507
200508030508
200508030509
200508030510
200508030511
200508030601
200508030603
200508030604
200508030606
200508030607
200508030608
200508030609
200508030610
200508030611
200508030612
200508030701
200508030703
200508030705
200508030707
200508030708
200508030710
200508030712
200508030802
200508030805
200508030806
200508030810
200508030812
200508040101
200508040103
200508040104
200508040108
200508040109
200508040112
200508040201
200508040203
200508040204
200508040205
200508040207
200508040208
200508040209
200508040210
200508040211
200508040301
200508040304
200508040305
200508040306
200508040307
200508040308
200508040309
200508040310
200508040311
200508040312
200508040401
200508040405
200508040409
200508040410
200508040411
200508040412
200508040501
200508040505
200508040506
200508040507
200508040508
200508040509
200508040510
200508040512
200508040601
200508040602
200508040603
200508040604
200508040606
200508040607
200508040608
200508040609
200508040610
200508040611
200508040701
200508040702
200508040705
200508040706
200508040708
200508040709
200508040710
200508040711
200508040712
200508040801
200508040803
200508040805
200508040807
200508040809
200508040810
200508040811
200508040812
200508050101
200508050105
200508050106
200508050108
200508050110
200508050111
200508050202
200508050203
200508050205
200508050206
200508050207
200508050208
200508050209
200508050210
200508050211
200508050212
200508050302
200508050304
200508050305
200508050306
200508050307
200508050308
200508050309
200508050310
200508050311
200508050312
200508050401
200508050402
200508050403
200508050404
200508050405
200508050410
200508050411
200508050412
200508050502
200508050504
200508050505
200508050506
200508050508
200508050509
200508050510
200508050511
200508050512
200508050601
200508050603
200508050604
200508050605
200508050607
200508050608
200508050609
200508050610
200508050611
200508050612
200508050702
200508050705
200508050706
200508050707
200508050708
200508050710
200508050711
200508050712
200508050801
200508050803
200508050804
200508050805
200508050807
200508050808
200508050809
200508050810
200508050811