200509010101
200509010102
200509010103
200509010104
200509010105
200509010106
200509010107
200509010108
200509010109
200509010110
200509010111
200509010112
200509010201
200509010202
200509010203
200509010204
200509010205
200509010206
200509010207
200509010208
200509010209
200509010210
200509010211
200509010212
200509010301
200509010302
200509010303
200509010304
200509010305
200509010306
200509010307
200509010308
200509010309
200509010310
200509010311
200509010312
200509010401
200509010402
200509010403
200509010404
200509010405
200509010406
200509010407
200509010408
200509010409
200509010410
200509010411
200509010412
200509010501
200509010502
200509010503
200509010504
200509010505
200509010506
200509010507
200509010508
200509010509
200509010510
200509010511
200509010512
200509010601
200509010602
200509010603
200509010604
200509010605
200509010606
200509010607
200509010608
200509010609
200509010610
200509010611
200509010612
200509010701
200509010702
200509010703
200509010704
200509010705
200509010706
200509010707
200509010708
200509010709
200509010710
200509010711
200509010712
200509010801
200509010802
200509010803
200509010804
200509010805
200509010806
200509010807
200509010808
200509010809
200509010810
200509010811
200509010812
200509020101
200509020102
200509020103
200509020104
200509020105
200509020106
200509020107
200509020108
200509020109
200509020110
200509020111
200509020112
200509020201
200509020202
200509020203
200509020204
200509020205
200509020206
200509020207
200509020208
200509020209
200509020210
200509020211
200509020212
200509020301
200509020302
200509020303
200509020304
200509020305
200509020306
200509020307
200509020308
200509020309
200509020310
200509020311
200509020312
200509020401
200509020402
200509020403
200509020404
200509020405
200509020406
200509020407
200509020408
200509020409
200509020410
200509020411
200509020412
200509020501
200509020502
200509020503
200509020504
200509020505
200509020506
200509020507
200509020508
200509020509
200509020510
200509020511
200509020512
200509020601
200509020602
200509020603
200509020604
200509020605
200509020606
200509020607
200509020608
200509020609
200509020610
200509020611
200509020701
200509020702
200509020703
200509020704
200509020705
200509020706
200509020707
200509020708
200509020709
200509020710
200509020711
200509020801
200509020802
200509020803
200509020804
200509020805
200509020806
200509020807
200509020808
200509020809
200509020810
200509020811
200509020812
200509030101
200509030102
200509030103
200509030104
200509030105
200509030106
200509030107
200509030108
200509030109
200509030110
200509030111
200509030112
200509030201
200509030202
200509030203
200509030204
200509030205
200509030206
200509030207
200509030208
200509030209
200509030210
200509030211
200509030212
200509030301
200509030302
200509030303
200509030304
200509030305
200509030306
200509030307
200509030308
200509030309
200509030310
200509030311
200509030401
200509030402
200509030403
200509030404
200509030405
200509030406
200509030407
200509030408
200509030409
200509030410
200509030411
200509030412
200509030501
200509030502
200509030503
200509030504
200509030505
200509030506
200509030507
200509030508
200509030509
200509030510
200509030511
200509030512
200509030601
200509030602
200509030603
200509030604
200509030605
200509030606
200509030607
200509030608
200509030609
200509030610
200509030611
200509030701
200509030702
200509030703
200509030704
200509030705
200509030706
200509030707
200509030708
200509030709
200509030710
200509030711
200509030712
200509030801
200509030802
200509030803
200509030804
200509030805
200509030806
200509030807
200509030808
200509030809
200509030810
200509030811
200509040101
200509040102
200509040103
200509040104
200509040105
200509040106
200509040107
200509040108
200509040109
200509040110
200509040111
200509040112
200509040201
200509040202
200509040203
200509040204
200509040205
200509040206
200509040207
200509040208
200509040209
200509040210
200509040211
200509040212
200509040301
200509040302
200509040303
200509040304
200509040305
200509040306
200509040307
200509040308
200509040309
200509040310
200509040311
200509040312
200509040401
200509040402
200509040403
200509040404
200509040405
200509040406
200509040407
200509040408
200509040409
200509040410
200509040411
200509040501
200509040502
200509040503
200509040504
200509040505
200509040506
200509040507
200509040508
200509040509
200509040510
200509040511
200509040512
200509040601
200509040602
200509040603
200509040604
200509040605
200509040606
200509040607
200509040608
200509040609
200509040610
200509040611
200509040701
200509040702
200509040703
200509040704
200509040705
200509040706
200509040707
200509040708
200509040709
200509040710
200509040711
200509040712
200509040801
200509040802
200509040803
200509040804
200509040805
200509040806
200509040807
200509040808
200509040809
200509040810
200509040811
200509040812
200509050101
200509050102
200509050103
200509050104
200509050105
200509050106
200509050107
200509050108
200509050109
200509050110
200509050111
200509050112
200509050201
200509050202
200509050203
200509050204
200509050205
200509050206
200509050207
200509050208
200509050209
200509050210
200509050211
200509050212
200509050301
200509050302
200509050303
200509050304
200509050305
200509050306
200509050307
200509050308
200509050309
200509050310
200509050311
200509050312
200509050401
200509050402
200509050403
200509050404
200509050405
200509050406
200509050407
200509050408
200509050409
200509050410
200509050411
200509050412
200509050501
200509050502
200509050503
200509050504
200509050505
200509050506
200509050507
200509050508
200509050509
200509050510
200509050511
200509050512
200509050601
200509050602
200509050603
200509050604
200509050605
200509050606
200509050607
200509050608
200509050609
200509050610
200509050611
200509050701
200509050702
200509050703
200509050704
200509050705
200509050706
200509050707
200509050708
200509050709
200509050710
200509050711
200509050712
200509050801
200509050802
200509050803
200509050804
200509050805
200509050806
200509050807
200509050808
200509050809
200509050810
200509050811
200509050812