200510010101
200510010102
200510010103
200510010104
200510010105
200510010106
200510010107
200510010108
200510010109
200510010110
200510010111
200510010201
200510010202
200510010203
200510010204
200510010205
200510010206
200510010207
200510010208
200510010209
200510010210
200510010211
200510010212
200510010301
200510010302
200510010303
200510010304
200510010305
200510010306
200510010307
200510010308
200510010309
200510010310
200510010311
200510010401
200510010402
200510010403
200510010404
200510010405
200510010406
200510010407
200510010408
200510010409
200510010410
200510010411
200510010501
200510010502
200510010503
200510010504
200510010505
200510010506
200510010507
200510010508
200510010509
200510010510
200510010511
200510010512
200510010601
200510010602
200510010603
200510010604
200510010605
200510010606
200510010607
200510010608
200510010609
200510010610
200510010611
200510010612
200510010701
200510010702
200510010703
200510010704
200510010705
200510010706
200510010707
200510010708
200510010709
200510010710
200510010711
200510010712
200510010801
200510010802
200510010803
200510010804
200510010805
200510010806
200510010807
200510010808
200510010809
200510010810
200510010811
200510010812
200510020101
200510020102
200510020103
200510020104
200510020105
200510020106
200510020107
200510020108
200510020109
200510020110
200510020111
200510020112
200510020201
200510020202
200510020203
200510020204
200510020205
200510020206
200510020207
200510020208
200510020209
200510020210
200510020211
200510020301
200510020302
200510020303
200510020304
200510020305
200510020306
200510020307
200510020308
200510020309
200510020310
200510020311
200510020312
200510020401
200510020402
200510020403
200510020404
200510020405
200510020406
200510020407
200510020408
200510020409
200510020410
200510020411
200510020412
200510020501
200510020502
200510020503
200510020504
200510020505
200510020506
200510020507
200510020508
200510020509
200510020510
200510020511
200510020512
200510020601
200510020602
200510020603
200510020604
200510020605
200510020606
200510020607
200510020608
200510020609
200510020610
200510020611
200510020612
200510020701
200510020702
200510020703
200510020704
200510020705
200510020706
200510020707
200510020708
200510020709
200510020710
200510020711
200510020712
200510020801
200510020802
200510020803
200510020804
200510020805
200510020806
200510020807
200510020808
200510020809
200510020810
200510020811
200510020812
200510030101
200510030102
200510030103
200510030104
200510030105
200510030106
200510030107
200510030108
200510030109
200510030110
200510030111
200510030112
200510030201
200510030202
200510030203
200510030204
200510030205
200510030206
200510030207
200510030208
200510030209
200510030210
200510030211
200510030212
200510030301
200510030302
200510030303
200510030304
200510030305
200510030306
200510030307
200510030308
200510030309
200510030310
200510030311
200510030401
200510030402
200510030403
200510030404
200510030405
200510030406
200510030407
200510030408
200510030409
200510030501
200510030502
200510030503
200510030504
200510030505
200510030506
200510030507
200510030508
200510030509
200510030510
200510030511
200510030512
200510030601
200510030602
200510030603
200510030604
200510030605
200510030606
200510030607
200510030608
200510030609
200510030610
200510030611
200510030612
200510030701
200510030702
200510030703
200510030704
200510030705
200510030706
200510030707
200510030708
200510030709
200510030710
200510030711
200510030712
200510030801
200510030802
200510030803
200510030804
200510030805
200510030806
200510030807
200510030808
200510030809
200510030810
200510030811
200510030812