199335062601
199335062602
199335071101
199335071102
199335071103
199335071104
199335071105
199335071106
199335071107
199335072501
199335072502
199335072503
199335072504
199335072505
199335080101
199335080102
199335080103
199335080104
199335080105
199335080106
199335080107
199335080108
199335080109
199335102401
199335102402
199335102403
199335102404
199335102405
199335102406
199335102407
199335102408
199335102409
199335110601
199335110602
199335110603
199335110604
199335110605
199335110606
199335110607