199341011201
199341011202
199341011203
199341011204
199341011205
199341011206
199341012801
199341012802
199341012803
199341012804
199341012805
199341021201
199341021202
199341021203
199341021204
199341021205
199341021206
199341031201
199341031202
199341031203
199341031204
199341031205
199341031206
199341032601
199341032602
199341032603
199341032604
199341032605
199341032606
199341073001
199341073002
199341073003
199341073004
199341073005
199341073006
199341073007
199341073008
199341082101
199341082102
199341082103
199341082104
199341082105
199341082106
199341090801
199341090802
199341090803
199341090804
199341090805
199341090806
199341090807
199341090808
199341123101
199341123102
199341123103
199341123104
199341123105
199341123106
199341123107
199341123108
199341123109