199343012701
199343012702
199343012703
199343012704
199343012705
199343012706
199343012707
199343012708
199343012709
199343012710
199343021301
199343021302
199343021303
199343021304
199343021305
199343021306
199343021307
199343032201
199343032202
199343032203
199343032204
199343032205
199343032206
199343042301
199343042302
199343042303
199343042304
199343042305
199343042306
199343042307
199343042308
199343052801
199343052802
199343052803
199343052804
199343052805
199343052806
199343052807
199343052808
199343052809
199343060601
199343060602
199343060603
199343060604
199343060605
199343060606