199345021101
199345021102
199345021103
199345021104
199345021105
199345021106
199345021107
199345021108
199345021109
199345021110
199345030301
199345030302
199345030303
199345030304
199345030305
199345030306
199345030307
199345030308
199345030309
199345030310
199345030601
199345030602
199345030603
199345030604
199345030605
199345030606
199345030607
199345030608
199345030609
199345031601
199345031602
199345031603
199345031604
199345031605
199345031606
199345031607
199345031608
199345042801
199345042802
199345042803
199345042804
199345042805
199345042806
199345042807
199345042808
199345042809
199345042810
199345042811
199345090301
199345090302
199345090303
199345090304
199345090305
199345090306
199345090307
199345090308
199345090309
199345090310
199345091901
199345091902
199345091903
199345091904
199345091905
199345091906
199345091907
199345091908
199345091909
199345101301
199345101302
199345101303
199345101304
199345101305
199345101306
199345101307
199345101308
199345101309
199345101310
199345101311
199345111901
199345111902
199345111903
199345111904
199345111905
199345111906
199345111907
199345111908
199345111909
199345122701
199345122702
199345122703
199345122704
199345122705
199345122706
199345122707
199345122708
199345122709
199345122901
199345122902
199345122903
199345122904
199345122905
199345122906
199345122907
199345122908
199345122909