199346100501
199346100502
199346100503
199346100504
199346100505
199346100506
199346102401
199346102402
199346102403
199346102404
199346102405
199346102406
199346102407
199346110901
199346110902
199346110903
199346110904
199346110905
199346112101
199346112102
199346112103
199346112104
199346112105
199346112106
199346120501
199346120502
199346120503
199346120504
199346120505
199346120506
199346122101
199346122102
199346122103
199346122104
199346122105
199346122106
199346122107
199346122108
199346122109