195605010501
195605010502
195605010503
195605010701
195605010702
195605010703
195605010704
195605010705
195605010706
195605010707
195605010708
195605010709
195605020101
195605020102
195605020103
195605020701
195605030101
195605040401
195605040402
195605040403
195605040404
195605040405
195605040406
195605040407
195605040408
195605040409
195605040410
195605080301
195605080302
195605080303
195605080304
195605080305
195605080306
195605080307
195605080308
195605080309
195605080310
195605080401
195605080402
195605080403
195605080404
195605080501
195605080502
195605080503
195605080504
195605080601
195605080602
195605080603
195605080604
195605080605
195605080701
195605080702
195605080703
195605080704