195606010301
195606010302
195606010303
195606010304
195606010305
195606010306
195606010307
195606010501
195606010502
195606010503
195606010504
195606010505
195606010506
195606010507
195606010508
195606010509
195606010701
195606010702
195606010703
195606010704
195606010705
195606010706
195606010707
195606030101
195606030102
195606030103
195606030104
195606030105
195606030106
195606030201
195606030202
195606030203
195606030204
195606030401
195606030402
195606030403
195606030404
195606030405
195606030406
195606030407
195606030408
195606030409
195606030410