200434063002
200434070110
200434070602
200434070608
200434070611
200434070705
200434070710
200434070806
200434070808
200434070812
200434071304
200434071307
200434071502
200434071505
200434071509
200434072007
200434072105
200434072111
200434072205
200434072206
200434072707
200434072901
200434072911
200434072912
200434080303
200434080311
200434080402
200434080504
200434080510
200434081211
200434081609
200434081704
200434081711
200434081807
200434081809
200434081811
200434082407
200434082501
200434082511
200434082605
200434083110
200434090204
200434090701
200434090707
200434090903
200434090906
200434091407
200434091410
200434091509
200434091511
200434091512
200434091603
200434091608
200434091611
200434092109
200434092210
200434092809
200434092903
200434092909
200434092911
200434093005
200434093012