200436010301
200436010302
200436010303
200436010304
200436010305
200436010306
200436010307
200436010401
200436010402
200436010403
200436011101
200436011102
200436011103
200436011104
200436011105
200436011106
200436011107
200436011108
200436011109
200436011110
200436011201
200436011202
200436011203
200436011204
200436040301
200436040302
200436040303
200436040304
200436040305
200436040401
200436040402
200436040403
200436040404
200436040405
200436040406
200436040407
200436040408
200436040409
200436040410
200436041701
200436041702
200436041703
200436041704
200436041705
200436041706
200436041707
200436041708
200436041801
200436041802
200436041803
200436050101
200436050102
200436050103
200436050201
200436050202
200436050203
200436050204
200436050205
200436050206
200436050207
200436050208
200436050209
200436050210
200436050501
200436050502
200436062001
200436062002
200436062003
200436062101
200436062102
200436062103
200436062104
200436062105
200436062106
200436062107
200436062108
200436062801
200436062802
200436062803
200436062804
200436062805
200436062806
200436062807
200436062808
200436062809
200436070301
200436070302
200436070303
200436070304
200436070305
200436070306
200436070307
200436070308
200436070309
200436070310
200436070401
200436070402
200436070403
200436082201
200436082202
200436082203
200436082204
200436082205
200436082206
200436082207
200436082208
200436082209
200436082210
200436082901
200436082902
200436082903
200436082904
200436082905
200436082906
200436111401
200436111402
200436111403
200436111404
200436111405
200436111406
200436111407
200436111408
200436111501
200436111502
200436111503
200436111504
200436111505
200436111506
200436111507
200436111508
200436111509
200436111510
200436111511
200436112301
200436112302
200436112303
200436112304
200436112305
200436112306
200436112307
200436112308
200436112701
200436112901
200436112902
200436112903
200436112904
200436112905
200436112906
200436112907
200436112908
200436112909
200436120401
200436120402
200436120403
200436120404
200436120405
200436120406
200436120407
200436120501
200436120502
200436120503
200436120504
200436120505
200436120506
200436120507
200436120508
200436120601
200436120602
200436120603
200436120604
200436120605
200436120606
200436120607
200436120608
200436120609
200436120610
200436121201
200436121202
200436121203
200436121204
200436121205
200436121206
200436121207
200436121208
200436121209
200436121801
200436121802
200436121803
200436121804
200436121805
200436121806
200436121901
200436121902
200436121903
200436121904
200436121905
200436121906
200436121907
200436121908
200436121909
200436121910
200436121911
200436122501
200436122502
200436122503
200436122504
200436122505
200436122506
200436122507
200436122508
200436122509