200441010301
200441010302
200441010303
200441010304
200441010305
200441010306
200441010307
200441010308
200441010309
200441010310
200441011701
200441011702
200441011703
200441011704
200441011705
200441011801
200441011802
200441011803
200441011804
200441011805
200441011806
200441011807
200441011808
200441011809
200441013101
200441013102
200441013103
200441020101
200441020102
200441020103
200441020104
200441020105
200441020106
200441020107
200441021201
200441021202
200441021203
200441021204
200441021205
200441021301
200441021302
200441021303
200441021304
200441021305
200441021306
200441021307
200441021308
200441021401
200441021402
200441021403
200441021404
200441021405
200441021406
200441021407
200441021408
200441021409
200441021410
200441021501
200441021502
200441021503
200441021504
200441021505
200441022901
200441022902
200441022903
200441022904
200441030101
200441030102
200441030103
200441030104
200441030105
200441030106
200441030201
200441030202
200441030203
200441030204
200441030205
200441030206
200441030207
200441031401
200441032701
200441032702
200441032703
200441032704
200441032705
200441032706
200441032707
200441041001
200441041002
200441041003
200441041004
200441041005
200441050401
200441050402
200441050403
200441050404
200441050405
200441050501
200441050502
200441050503
200441050504
200441050505
200441050506
200441050507
200441050508
200441050509
200441052901
200441052902
200441052903
200441052904
200441052905
200441052906
200441053001
200441053002
200441053003
200441053004
200441060501
200441060502
200441060503
200441060504
200441060505
200441060506
200441060507
200441060508
200441060509
200441060510
200441061901
200441061902
200441061903
200441061904
200441070401
200441070402
200441070403
200441070404
200441070405
200441071801
200441071802
200441071803
200441071901
200441071902
200441071903
200441071904
200441071905
200441081301
200441081302
200441081303
200441081304
200441081305
200441081306
200441081307
200441081308
200441081309
200441081310
200441081311
200441081501
200441082901
200441083001
200441083002
200441083003
200441083004
200441083005
200441083006
200441083007
200441091301
200441091302
200441091303
200441091304
200441091305
200441091306
200441091307
200441091308
200441091309
200441100301
200441100302
200441100901
200441100902
200441100903
200441100904
200441100905
200441102301
200441102302
200441102401
200441102402
200441102403
200441110601
200441110602
200441110603
200441110604
200441110605
200441110606
200441110607
200441110801
200441110802
200441110803
200441110804
200441110805
200441110806
200441110807
200441110808
200441110809
200441112001
200441112002
200441112003
200441112701
200441112702
200441112703
200441112704
200441112705
200441112706
200441112707
200441112708
200441112801
200441112802
200441112803
200441112804
200441112805
200441112806
200441112807
200441112808
200441112809
200441121201
200441121202
200441121203
200441121204
200441121205
200441121206
200441121207