200442012601
200442012602
200442012603
200442012604
200442012605
200442012606
200442012607
200442012608
200442012609
200442012610
200442012611
200442012701
200442012702
200442012703
200442012704
200442012705
200442012706
200442012707
200442012708
200442012709
200442012710
200442012801
200442012802
200442012803
200442012804
200442012805
200442012806
200442012807
200442012808
200442012809
200442012810
200442012811
200442012812
200442012901
200442012902
200442012903
200442012904
200442012905
200442012906
200442012907
200442012908
200442012909
200442012910
200442021901
200442021902
200442021903
200442021904
200442021905
200442021906
200442021907
200442022001
200442022002
200442022003
200442022004
200442022005
200442022006
200442022007
200442022008
200442022009
200442022301
200442022302
200442022303
200442022304
200442022305
200442022306
200442022307
200442022401
200442022402
200442022403
200442022404
200442022405
200442022406
200442022407
200442022408
200442022409
200442022410
200442022411
200442022412
200442030801
200442030802
200442030803
200442030804
200442030805
200442030806
200442030807
200442030808
200442030809
200442030810
200442030901
200442030902
200442030903
200442030904
200442030905
200442030906
200442030907
200442030908
200442030909
200442030910
200442030911
200442031001
200442031002
200442031003
200442031004
200442031005
200442031006
200442031007
200442031008
200442031009
200442031010
200442031011
200442031101
200442031102
200442031103
200442031104
200442031105
200442031106
200442031107
200442031108
200442031109
200442031201
200442031202
200442031203
200442031204
200442031205
200442031206
200442031207
200442031208
200442031209
200442031210
200442040101
200442040102
200442040103
200442040104
200442040105
200442040106
200442040107
200442040108
200442040109
200442040110
200442040201
200442040202
200442040203
200442040204
200442040205
200442040206
200442040207
200442040501
200442040502
200442040503
200442040504
200442040505
200442040506
200442040507
200442040508
200442040509
200442040510
200442040601
200442040602
200442040603
200442040604
200442040605
200442040606
200442040607
200442040608
200442040609
200442040610
200442050301
200442050302
200442050303
200442050304
200442050305
200442050306
200442050307
200442050308
200442050309
200442050310
200442050401
200442050402
200442050403
200442050404
200442050405
200442050406
200442050407
200442050408
200442050409
200442050410
200442050501
200442050502
200442050503
200442050504
200442050505
200442050506
200442050507
200442050508
200442050509
200442050601
200442050602
200442050603
200442050604
200442050605
200442050606
200442050607
200442050608
200442050609
200442050610
200442062101
200442062102
200442062103
200442062104
200442062105
200442062106
200442062107
200442062108
200442062201
200442062202
200442062203
200442062204
200442062205
200442062206
200442062207
200442062208
200442062209
200442062210
200442062211
200442062301
200442062302
200442062303
200442062304
200442062305
200442062306
200442062307
200442062308
200442062309
200442062310
200442062311
200442062401
200442062402
200442062403
200442062404
200442062405
200442062406
200442071201
200442071202
200442071203
200442071204
200442071301
200442071302
200442071303
200442071304
200442071305
200442071306
200442071307
200442071308
200442071309
200442071310
200442071401
200442071402
200442071403
200442071404
200442071405
200442071406
200442071407
200442071408
200442071409
200442071410
200442071411
200442071501
200442071502
200442071503
200442071504
200442071505
200442071506
200442071507
200442071508
200442071509
200442071510
200442082301
200442082302
200442082303
200442082304
200442082305
200442082306
200442082307
200442082401
200442082402
200442082403
200442082404
200442082405
200442082406
200442082501
200442082502
200442082503
200442082504
200442082505
200442082506
200442082507
200442082508
200442082509
200442082510
200442082601
200442082602
200442082603
200442082604
200442082605
200442082606
200442082607
200442082608
200442082609
200442082610
200442082611
200442090701
200442090702
200442090703
200442090704
200442090705
200442090706
200442090707
200442090708
200442090709
200442090710
200442090801
200442090802
200442090803
200442090804
200442090805
200442090806
200442090807
200442090808
200442090809
200442090810
200442090901
200442090902
200442090903
200442090904
200442090905
200442090906
200442090907
200442090908
200442090909
200442090910
200442091001
200442091002
200442091003
200442091004
200442091005
200442091006
200442091007
200442091008
200442091009
200442091010
200442100801
200442100802
200442100803
200442100804
200442100805
200442100806
200442100807
200442100808
200442100809
200442101101
200442101102
200442101103
200442101104
200442101105
200442101106
200442101107
200442101108
200442101109
200442101110
200442101201
200442101202
200442101203
200442101204
200442101205
200442101206
200442101207
200442101208
200442101209
200442101210
200442101301
200442101302
200442101303
200442101304
200442101305
200442101306
200442101307
200442101308
200442101309
200442110401
200442110402
200442110403
200442110404
200442110405
200442110406
200442110407
200442110408
200442110409
200442110410
200442110501
200442110502
200442110503
200442110504
200442110505
200442110506
200442110507
200442110508
200442110509
200442110801
200442110802
200442110803
200442110804
200442110805
200442110806
200442110807
200442110808
200442110809
200442110810
200442110901
200442110902
200442110903
200442110904
200442110905
200442110906
200442110907
200442110908
200442110909
200442110910
200442112901
200442112902
200442112903
200442112904
200442112905
200442113001
200442113002
200442113003
200442113004
200442113005
200442113006
200442113007
200442120101
200442120102
200442120103
200442120104
200442120105
200442120106
200442120107
200442120108
200442120109
200442120110
200442120201
200442120202
200442120203
200442120204
200442120205
200442120206
200442120207
200442120208
200442120301
200442120302
200442120303
200442120304
200442120305
200442120306
200442120307
200442120308
200442120309
200442120310