200443011405
200443011407
200443011507
200443011511
200443020603
200443020608
200443020911
200443020912
200443021101
200443021110
200443032206
200443032211
200443032309
200443032311
200443032312
200443032411
200443041306
200443041402
200443041410
200443051211
200443052610
200443052802
200443061610
200443061703
200443061711
200443061810
200443061811
200443072810
200443073009
200443083107
200443083109
200443090110
200443092209
200443092309
200443092310
200443102504
200443102509
200443102510
200443102801
200443111609
200443111711
200443111802
200443111809
200443111901
200443111911
200443121310
200443121311
200443121411
200443121509
200443121510
200443121604
200443121607
200443121610
200443121708