200445010101
200445010102
200445010103
200445010104
200445010105
200445010106
200445010107
200445010108
200445010109
200445010110
200445010111
200445010112
200445010201
200445010202
200445010203
200445010204
200445010205
200445010206
200445010207
200445010208
200445010209
200445010210
200445010211
200445010212
200445010301
200445010302
200445010303
200445010304
200445010305
200445010401
200445010402
200445010403
200445010404
200445010405
200445010406
200445010407
200445010408
200445010409
200445010410
200445010411
200445010412
200445013001
200445013002
200445013003
200445013004
200445013005
200445013006
200445013007
200445013008
200445020201
200445020202
200445020203
200445020204
200445020205
200445020206
200445020207
200445020208
200445020301
200445020302
200445020303
200445020304
200445020305
200445020306
200445020307
200445020308
200445020309
200445020310
200445020401
200445020402
200445020403
200445020404
200445020405
200445020406
200445020407
200445020408
200445020409
200445020410
200445020501
200445020502
200445020503
200445020504
200445020505
200445020506
200445020507
200445020508
200445020509
200445020510
200445022501
200445022502
200445022503
200445022504
200445022505
200445022506
200445022507
200445022508
200445022601
200445022602
200445022603
200445022604
200445022605
200445022606
200445022607
200445022608
200445022609
200445022610
200445022701
200445022702
200445022703
200445022704
200445022705
200445022706
200445022707
200445022708
200445022709
200445022801
200445022802
200445022803
200445022804
200445022805
200445022806
200445022807
200445022808
200445022809
200445032601
200445032602
200445032603
200445032604
200445032605
200445032606
200445032607
200445032608
200445032609
200445032610
200445032801
200445032802
200445032803
200445032804
200445032805
200445032806
200445032807
200445032808
200445032901
200445032902
200445032903
200445032904
200445032905
200445032906
200445032907
200445033001
200445033002
200445033003
200445033004
200445033005
200445033006
200445033007
200445033008
200445033009
200445033101
200445033102
200445033103
200445033104
200445033105
200445033106
200445033107
200445033108
200445033109
200445042601
200445042602
200445042603
200445042604
200445042605
200445042606
200445042607
200445042608
200445042609
200445042701
200445042702
200445042703
200445042704
200445042705
200445042706
200445042707
200445042708
200445042801
200445042802
200445042803
200445042804
200445042805
200445042806
200445042807
200445042901
200445042902
200445042903
200445042904
200445042905
200445042906
200445042907
200445042908
200445043001
200445043002
200445043003
200445043004
200445043005
200445043006
200445043007
200445043008
200445043009
200445043010
200445051301
200445051302
200445051303
200445051304
200445051305
200445051306
200445051307
200445051308
200445051309
200445051401
200445051402
200445051403
200445051404
200445051405
200445051406
200445051407
200445051408
200445051409
200445051410
200445051701
200445051702
200445051703
200445051704
200445051705
200445051706
200445051707
200445051708
200445051709
200445051710
200445051801
200445051802
200445051803
200445051804
200445051805
200445051806
200445051807
200445051808
200445051901
200445051902
200445051903
200445051904
200445060601
200445060602
200445060603
200445060604
200445060605
200445060606
200445060607
200445060608
200445060609
200445060701
200445060702
200445060703
200445060704
200445060705
200445060706
200445060707
200445060708
200445060709
200445060801
200445060802
200445060803
200445060804
200445060805
200445060806
200445060807
200445060808
200445060901
200445060902
200445060903
200445060904
200445060905
200445060906
200445060907
200445060908
200445060909
200445060910
200445070101
200445070102
200445070103
200445070104
200445070105
200445070106
200445070107
200445070108
200445070109
200445070201
200445070202
200445070203
200445070204
200445070205
200445070206
200445070207
200445070208
200445070209
200445070401
200445070402
200445070403
200445070404
200445070405
200445070406
200445070407
200445070408
200445070409
200445070410
200445070501
200445070502
200445070503
200445071601
200445071602
200445071603
200445071604
200445071605
200445071606
200445071607
200445071608
200445071801
200445071802
200445071803
200445071804
200445071805
200445071806
200445071807
200445071808
200445071809
200445071901
200445071902
200445071903
200445071904
200445071905
200445071906
200445071907
200445071908
200445071909
200445072001
200445072002
200445072003
200445072004
200445072005
200445072006
200445072007
200445072008
200445072009
200445072010
200445072101
200445072102
200445072103
200445072104
200445072105
200445072106
200445072107
200445072108
200445072109
200445080901
200445080902
200445080903
200445080904
200445080905
200445080906
200445080907
200445080908
200445080909
200445081001
200445081002
200445081003
200445081004
200445081005
200445081006
200445081007
200445081101
200445081102
200445081103
200445081104
200445081105
200445081106
200445081107
200445081108
200445081109
200445081110
200445081201
200445081202
200445081203
200445081204
200445081205
200445081206
200445081207
200445081208
200445081209
200445081210
200445081301
200445081302
200445081303
200445081304
200445081305
200445081306
200445081307
200445081308
200445081309
200445090201
200445090202
200445090203
200445090204
200445090205
200445090206
200445090207
200445090208
200445090209
200445090301
200445090302
200445090303
200445090304
200445090305
200445090306
200445090307
200445090308
200445090501
200445090502
200445090503
200445090504
200445090505
200445090506
200445090507
200445090601
200445090602
200445090603
200445090604
200445090605
200445090606
200445090607
200445090608
200445090609
200445090610
200445100401
200445100402
200445100403
200445100404
200445100405
200445100406
200445100407
200445100408
200445100409
200445100410
200445100501
200445100502
200445100503
200445100504
200445100505
200445100506
200445100507
200445100508
200445100509
200445100601
200445100602
200445100603
200445100604
200445100605
200445100606
200445100607
200445100608
200445100609
200445100610
200445100611
200445100701
200445100702
200445100703
200445100704
200445100705
200445100706
200445100707
200445100708
200445100709
200445101901
200445101902
200445101903
200445101904
200445101905
200445101906
200445101907
200445101908
200445102001
200445102002
200445102003
200445102004
200445102005
200445102006
200445102007
200445102008
200445102009
200445102010
200445102011
200445102101
200445102102
200445102103
200445102104
200445102105
200445102106
200445102107
200445102108
200445102109
200445102110
200445102111
200445102201
200445102202
200445102203
200445102204
200445102205
200445102206
200445102207
200445102208
200445102209
200445102210
200445112201
200445112202
200445112203
200445112204
200445112205
200445112206
200445112207
200445112208
200445112209
200445112301
200445112302
200445112303
200445112304
200445112305
200445112306
200445112307
200445112308
200445112309
200445112310
200445112311
200445112401
200445112402
200445112403
200445112404
200445112405
200445112406
200445112407
200445112408
200445112409
200445112410
200445112501
200445112502
200445112503
200445112504
200445112505
200445112506
200445112507
200445112508
200445112509
200445112510
200445112601
200445112602
200445112603
200445112604
200445112605
200445112606
200445112607
200445112608
200445112609
200445112610
200445122001
200445122002
200445122003
200445122004
200445122005
200445122006
200445122007
200445122008
200445122009
200445122101
200445122102
200445122103
200445122104
200445122105
200445122106
200445122107
200445122108
200445122109
200445122110
200445122201
200445122202
200445122203
200445122204
200445122205
200445122206
200445122207
200445122208
200445122209
200445122210
200445122211
200445122301
200445122302
200445122303
200445122304
200445122305
200445122306
200445122307
200445122308
200445122309
200445122310
200445122401
200445122402
200445122403
200445122404
200445122405
200445122406
200445122407
200445122408
200445122409
200445122410