200447010105
200447010108
200447010206
200447011205
200447011305
200447011306
200447011308
200447011504
200447011508
200447011603
200447011607
200447020108
200447020211
200447020308
200447020604
200447020608
200447021604
200447021709
200447021804
200447030309
200447030406
200447031809
200447032305
200447040806
200447040901
200447042710
200447042805
200447051909
200447060208
200447062206
200447071209
200447072706
200447072810
200447081709
200447090107
200447091508
200447092907
200447100110
200447101101
200447101105
200447101308
200447110104
200447110109
200447110209
200447110210
200447110307
200447112207
200447112310
200447112508
200447121310
200447121403
200447121508
200447121707
200447122810
200447122908
200447122910
200447123106