200451022401
200451022402
200451022403
200451022404
200451022405
200451022406
200451022407
200451022408
200451022409
200451022410
200451022501
200451022502
200451022503
200451022504
200451022505
200451022506
200451022507
200451022508
200451022509
200451022510
200451022511
200451022601
200451022602
200451022603
200451022604
200451022605
200451022606
200451022607
200451022608
200451030201
200451030202
200451030203
200451030204
200451030205
200451030206
200451030207
200451030301
200451030302
200451030303
200451030304
200451030305
200451030306
200451030307
200451030308
200451030309
200451030310
200451030311
200451030312
200451030401
200451030402
200451030403
200451030404
200451030405
200451030406
200451030407
200451030901
200451030902
200451030903
200451030904
200451030905
200451030906
200451030907
200451030908
200451030909
200451031001
200451031002
200451031003
200451031004
200451031005
200451031006
200451031007
200451031008
200451031009
200451031010
200451031011
200451031101
200451031102
200451031103
200451031104
200451031105
200451031106
200451031107
200451031108
200451031109
200451031110
200451031201
200451031202
200451031203
200451031204
200451031205
200451031206
200451031207
200451031208
200451031209
200451031210
200451031601
200451031602
200451031603
200451031604
200451031605
200451031606
200451031607
200451031701
200451031702
200451031703
200451031704
200451031705
200451031706
200451031707
200451031708
200451031709
200451031710
200451031711
200451031801
200451031802
200451031803
200451031804
200451031805
200451031806
200451031807
200451031808
200451031809
200451031810
200451031901
200451031902
200451031903
200451031904
200451031905
200451031906
200451031907
200451031908
200451031909
200451032301
200451032302
200451032303
200451032304
200451032305
200451032306
200451032307
200451032308
200451032309
200451032310
200451032401
200451032402
200451032403
200451032404
200451032405
200451032406
200451032501
200451032502
200451032503
200451032504
200451032505
200451032506
200451032507
200451032508
200451032509
200451032510
200451032601
200451032602
200451032603
200451032604
200451032605
200451032606
200451032607
200451032608
200451032609
200451032610
200451082501
200451082502
200451082503
200451082504
200451082505
200451082506
200451082507
200451082508
200451082509
200451082510
200451082601
200451082602
200451082603
200451082604
200451082605
200451082606
200451082607
200451082608
200451082609
200451083101
200451083102
200451083103
200451083104
200451083105
200451083106
200451083107
200451083108
200451090101
200451090102
200451090103
200451090104
200451090105
200451090106
200451090107
200451090108
200451090109
200451090110
200451090201
200451090202
200451090203
200451090204
200451090205
200451090206
200451090207
200451090801
200451090802
200451090803
200451090804
200451090805
200451090806
200451090807
200451090808
200451090809
200451090810
200451090901
200451090902
200451090903
200451090904
200451090905
200451090906
200451090907
200451090908
200451090909
200451090910
200451091401
200451091402
200451091403
200451091404
200451091405
200451091406
200451091407
200451091408
200451091409
200451091410
200451091501
200451091502
200451091503
200451091504
200451091505
200451091506
200451091601
200451091602
200451091603
200451091604
200451091605
200451091606
200451091607
200451091608
200451091609
200451091610