200454032201
200454032202
200454032203
200454032204
200454032205
200454032206
200454032207
200454032208
200454032209
200454080301
200454080302
200454080303
200454080304
200454080305
200454080306
200454080307
200454080308
200454080309
200454080310
200454082201
200454082202
200454082203
200454082204
200454082205
200454082206
200454082207
200454082208
200454100301
200454100302
200454100303
200454100304
200454100305
200454100306
200454100307
200454100308
200454100309
200454101101
200454101102
200454101103
200454101104
200454101105
200454101106
200454101107
200454101108
200454101109
200454102301
200454102302
200454102303
200454102304
200454102305
200454102306
200454102307
200454102308
200454102309
200454102310
200454102311
200454111401
200454111402
200454111403
200454111404
200454111405
200454111406
200454111407
200454111408
200454111409
200454112701
200454112702
200454112703
200454112704
200454112705
200454112706
200454112707
200454112801
200454112802
200454120501
200454120502
200454120503
200454120504
200454120505
200454121101
200454121102
200454121103
200454121201
200454121202
200454121203
200454121204
200454121205
200454121206
200454121207