200455010201
200455010304
200455010409
200455010510
200455011701
200455011710
200455011810
200455011907
200455011908
200455012502
200455012506
200455013102
200455020107
200455020208
200455020704
200455021006
200455021007
200455021108
200455021110
200455021409
200455021410
200455022304
200455022801
200455022802
200455022809
200455030108
200455030605
200455031311
200455031401
200455031509
200455032206
200455032701
200455032708
200455032909
200455041706
200455041709
200455042408
200455042503
200455050201
200455050409
200455050509
200455050801
200455050805
200455050910
200455051601
200455052209
200455052308
200455053006
200455053010
200455061210
200455061309
200455061901
200455061907
200455062010
200455062708
200455070302
200455070406
200455070409
200455071003
200455071008
200455071110
200455071809
200455071907
200455071909
200455072508
200455072509
200455073110
200455080104
200455080110
200455080711
200455080808
200455081407
200455081510
200455081605
200455081608
200455082110
200455082807
200455082908
200455090410
200455091106
200455091108
200455091207
200455091908
200455092009
200455092608
200455100208
200455101706
200455102307
200455102309
200455102409
200455103001
200455110601
200455110706
200455111307
200455111309
200455111407
200455111410
200455112102
200455112105
200455112111
200455112210
200455112803
200455112805
200455112807
200455120405
200455120408
200455120502
200455121110
200455121202
200455121806
200455121807
200455121909
200455122602
200455122608