200456010201
200456010202
200456010203
200456010204
200456010205
200456010206
200456010207
200456010208
200456010301
200456010302
200456010303
200456010304
200456010305
200456010306
200456010307
200456010308
200456010309
200456010401
200456010402
200456010403
200456010404
200456010405
200456010406
200456010407
200456010408
200456010409
200456012001
200456012002
200456012003
200456012004
200456012005
200456012006
200456012007
200456012008
200456012101
200456012102
200456012103
200456012104
200456012105
200456012106
200456012107
200456012108
200456012701
200456012702
200456012703
200456012704
200456012705
200456012706
200456012707
200456012708
200456012709
200456012801
200456012802
200456012803
200456012804
200456012805
200456012806
200456012807
200456012808
200456012809
200456022401
200456022402
200456022403
200456022404
200456022405
200456022406
200456022407
200456022408
200456022409
200456031601
200456031602
200456031603
200456031604
200456031605
200456031606
200456031607
200456031608
200456031609
200456040601
200456040602
200456040603
200456040604
200456040605
200456040606
200456040607
200456040608
200456040609
200456040610
200456040701
200456040702
200456040703
200456040704
200456040705
200456040706
200456040707
200456042001
200456042002
200456042003
200456042004
200456042005
200456042006
200456042007
200456042008
200456042009
200456042010
200456042801
200456042802
200456042803
200456042804
200456042805
200456042806
200456042807
200456051101
200456051102
200456051103
200456051104
200456051105
200456051106
200456051107
200456051108
200456051109
200456060901
200456060902
200456060903
200456060904
200456060905
200456060906
200456060907
200456060908
200456060909
200456063001
200456063002
200456063003
200456063004
200456063005
200456063006
200456063007
200456063008
200456063009
200456070701
200456070702
200456070703
200456070704
200456070705
200456070706
200456070707
200456070708
200456070709
200456072101
200456072102
200456072103
200456072104
200456072105
200456072106
200456072107
200456072108
200456080301
200456080302
200456080303
200456080304
200456080305
200456080306
200456080307
200456080308
200456080309
200456080310
200456081501
200456081502
200456081503
200456081504
200456081505
200456081506
200456081507
200456081508
200456081509
200456092201
200456092202
200456092203
200456092204
200456092205
200456092206
200456092207
200456092208
200456092209
200456101301
200456101302
200456101303
200456101304
200456101305
200456101306
200456101307
200456101308
200456101309
200456102601
200456102602
200456111001
200456111002
200456111003
200456111004
200456111005
200456111006
200456111007
200456111008
200456111009
200456111601
200456111602
200456112801
200456121501
200456121502
200456121503
200456121504
200456121505
200456121506
200456121507