200502010102
200502010103
200502010104
200502010105
200502010106
200502010107
200502010109
200502010111
200502010112
200502010201
200502010205
200502010206
200502010207
200502010209
200502010210
200502010211
200502010302
200502010303
200502010304
200502010305
200502010307
200502010309
200502010311
200502010312
200502010403
200502010404
200502010406
200502010408
200502010409
200502010410
200502010411
200502010412
200502010501
200502010502
200502010504
200502010505
200502010506
200502010508
200502010510
200502010512
200502010601
200502010602
200502010603
200502010604
200502010606
200502010611
200502010612
200502010701
200502010702
200502010705
200502010706
200502010707
200502010709
200502010710
200502010711
200502010712
200502010802
200502010804
200502010805
200502010806
200502010808
200502010809
200502010810
200502010811
200502010812
200502020101
200502020102
200502020105
200502020106
200502020108
200502020109
200502020110
200502020111
200502020112
200502020201
200502020203
200502020204
200502020205
200502020206
200502020207
200502020208
200502020211
200502020301
200502020302
200502020303
200502020304
200502020306
200502020307
200502020308
200502020309
200502020310
200502020311
200502020403
200502020404
200502020406
200502020407
200502020408
200502020410
200502020411
200502020502
200502020503
200502020504
200502020508
200502020509
200502020511
200502020512
200502020601
200502020602
200502020604
200502020605
200502020606
200502020607
200502020609
200502020611
200502020612
200502020701
200502020702
200502020705
200502020706
200502020707
200502020709
200502020710
200502020711
200502020712
200502020802
200502020804
200502020806
200502020807
200502020808
200502020809
200502020810
200502020811
200502020812