200503010102
200503010104
200503010105
200503010107
200503010109
200503010110
200503010111
200503010112
200503010201
200503010203
200503010206
200503010207
200503010208
200503010211
200503010212
200503010302
200503010304
200503010305
200503010306
200503010307
200503010310
200503010401
200503010402
200503010403
200503010404
200503010407
200503010409
200503010411
200503010412
200503010501
200503010503
200503010504
200503010505
200503010506
200503010507
200503010508
200503010509
200503010510
200503010511
200503010602
200503010603
200503010604
200503010606
200503010607
200503010609
200503010610
200503010611
200503010612
200503010702
200503010703
200503010704
200503010706
200503010707
200503010708
200503010710
200503010802
200503010804
200503010805
200503010806
200503010807
200503010808
200503010810
200503010811
200503020101
200503020102
200503020105
200503020109
200503020111
200503020201
200503020203
200503020205
200503020208
200503020210
200503020211
200503020212
200503020302
200503020303
200503020304
200503020305
200503020306
200503020307
200503020311
200503020312
200503020401
200503020402
200503020405
200503020408
200503020410
200503020411
200503020412
200503020501
200503020502
200503020506
200503020507
200503020508
200503020509
200503020510
200503020511
200503020512
200503020601
200503020602
200503020603
200503020608
200503020609
200503020610
200503020611
200503020612
200503020701
200503020703
200503020704
200503020705
200503020706
200503020707
200503020708
200503020710
200503020711
200503020712
200503020801
200503020802
200503020805
200503020807
200503020808
200503020809
200503020810
200503020812
200503030101
200503030103
200503030104
200503030106
200503030108
200503030110
200503030112
200503030202
200503030203
200503030204
200503030208
200503030209
200503030210
200503030211
200503030212
200503030301
200503030302
200503030303
200503030307
200503030308
200503030309
200503030310
200503030311
200503030312
200503030401
200503030404
200503030405
200503030406
200503030407
200503030408
200503030410
200503030411
200503030503
200503030504
200503030505
200503030506
200503030508
200503030509
200503030510
200503030601
200503030602
200503030606
200503030609
200503030610
200503030611
200503030612
200503030701
200503030703
200503030705
200503030706
200503030710
200503030711
200503030712
200503030802
200503030804
200503030805
200503030806
200503030807
200503030808
200503030811
200503030812