200507010101
200507010102
200507010104
200507010105
200507010109
200507010110
200507010111
200507010112
200507010201
200507010203
200507010205
200507010207
200507010209
200507010210
200507010211
200507010212
200507010301
200507010303
200507010304
200507010305
200507010308
200507010310
200507010311
200507010312
200507010401
200507010402
200507010403
200507010405
200507010409
200507010410
200507010412
200507010503
200507010505
200507010510
200507010511
200507010601
200507010604
200507010605
200507010606
200507010608
200507010609
200507010611
200507010612
200507010702
200507010704
200507010706
200507010710
200507010711
200507010712
200507010801
200507010802
200507010803
200507010804
200507010806
200507010810
200507010811
200507020101
200507020102
200507020103
200507020104
200507020105
200507020108
200507020110
200507020111
200507020201
200507020202
200507020203
200507020206
200507020207
200507020208
200507020209
200507020211
200507020212
200507020301
200507020302
200507020304
200507020305
200507020306
200507020308
200507020311
200507020312
200507020401
200507020402
200507020404
200507020405
200507020406
200507020408
200507020410
200507020411
200507020412
200507020502
200507020504
200507020505
200507020506
200507020507
200507020508
200507020509
200507020510
200507020511
200507020602
200507020603
200507020605
200507020606
200507020609
200507020610
200507020611
200507020612
200507020703
200507020704
200507020705
200507020706
200507020707
200507020708
200507020710
200507020711
200507020712
200507020801
200507020802
200507020803
200507020805
200507020806
200507020810
200507020811
200507020812
200507030101
200507030102
200507030104
200507030105
200507030107
200507030108
200507030109
200507030110
200507030111
200507030201
200507030202
200507030203
200507030204
200507030205
200507030207
200507030210
200507030211
200507030212
200507030302
200507030305
200507030306
200507030307
200507030309
200507030311
200507030312
200507030401
200507030403
200507030406
200507030408
200507030410
200507030411
200507030412
200507030504
200507030506
200507030507
200507030508
200507030509
200507030510
200507030511
200507030512
200507030601
200507030603
200507030604
200507030605
200507030607
200507030608
200507030701
200507030702
200507030705
200507030706
200507030707
200507030708
200507030709
200507030710
200507030711
200507030712
200507030803
200507030804
200507030807
200507030808
200507030809
200507030810
200507030811
200507030812