200536010203
200536010307
200536010409
200536010802
200536010904
200536010911
200536040210
200536040308
200536040309
200536041610
200536041708
200536042309
200536043007
200536050509
200536061108
200536061809
200536062009
200536062508
200536070203
200536082008
200536082110
200536082706
200536082709
200536091004
200536091010
200536091101
200536111209
200536111406
200536111910
200536112009
200536112110
200536112601
200536112603
200536112710
200536112809
200536120303
200536120309
200536120409
200536120509
200536121103
200536121108
200536121701
200536121709
200536121711
200536121810
200536122303
200536122407
200536122505
200536122908
200536123010