200546010210
200546010304
200546041109
200546041207
200546042609
200546042610
200546050410
200546052210
200546053110
200546061210
200546061410
200546062108
200546062607
200546062710
200546070510
200546071710
200546072401
200546072608
200546072609
200546072610
200546073106
200546080910
200546081405
200546081410
200546082111
200546082806
200546090409
200546090610
200546091308
200546091808
200546091906
200546091910
200546092509
200546100305
200546100410
200546101109
200546101606
200546101609
200546101610
200546101710
200546102308
200546102508
200546103006
200546103010
200546110110
200546110608
200546110801
200546110807
200546111305
200546111307
200546111309
200546111510
200546112011
200546112701
200546112708
200546112711
200546112809
200546112910
200546120410
200546120411
200546120611
200546121105
200546121110