200547011010
200547011202
200547011209
200547012308
200547012310
200547012608
200547012609
200547012709
200547020610
200547020909
200547020910
200547021004
200547022010
200547022103
200547022311
200547022403
200547022410
200547022502
200547030908
200547030910
200547031009
200547031110
200547040309
200547040609
200547040702
200547042710
200547042906
200547043010
200547051802
200547051809
200547051908
200547060104
200547060110
200547061906
200547061908
200547062201
200547062202
200547062210
200547062303
200547062304
200547062306
200547071104
200547071208
200547071404
200547072406
200547072910
200547081501
200547081503
200547081608
200547081905
200547083105
200547090102
200547090201
200547092009
200547092201
200547092209
200547092306
200547101002
200547101107
200547101206
200547101208
200547102404
200547102505
200547102510
200547102605
200547102608
200547102805
200547110807
200547110808
200547110809
200547110908
200547111002
200547111105
200547111108
200547111109
200547111110
200547112208
200547112306
200547112405
200547112407
200547112505
200547112506
200547112508
200547121208
200547121303
200547121305
200547121309
200547121407
200547121506
200547121508
200547121602
200547121604
200547121605
200547122705
200547122809
200547123001
200547123008