200550010110
200550010111
200550010204
200550010206
200550010304
200550010309
200550010311
200550010403
200550010410
200550010412
200550011109
200550011209
200550011211
200550011306
200550011307
200550011808
200550011810
200550011904
200550011911
200550012006
200550012007
200550012012
200550012508
200550012510
200550012607
200550012612
200550012704
200550012709
200550012711
200550020104
200550020110
200550020210
200550020804
200550020811
200550020903
200550020906
200550020912
200550021004
200550021108
200550021111
200550021505
200550021512
200550021606
200550021607
200550021611
200550021709
200550021711
200550021805
200550021810
200550021811
200550040505
200550040508
200550040510
200550040612
200550040705
200550040709
200550041207
200550041303
200550041310
200550041312
200550041401
200550041404
200550041406
200550041409
200550041411
200550042104
200550042702
200550042708
200550042807
200550042911
200550042912
200550050210
200550050309
200550050311
200550050405
200550050502
200550050509
200550050601
200550050605
200550050610
200550050611
200550051108
200550051109
200550051204
200550051801
200550051805
200550051810
200550051811
200550051907
200550051908
200550052410
200550052508
200550052509
200550052510
200550052610
200550060102
200550060207
200550060210
200550060709
200550060808
200550061404
200550061409
200550061410
200550061511
200550061604
200550062108
200550062110
200550062304
200550062310
200550062805
200550062911
200550063011
200550070704
200550071206
200550071305
200550071406
200550071905
200550071910
200550072008
200550072710
200550072803
200550072806
200550080310
200550080404
200550080904
200550080909
200550081005
200550081109
200550081110
200550081603
200550081608
200550081611
200550081809
200550082408
200550082509
200550092809
200550092810
200550092904
200550100404
200550100405
200550100409
200550100411
200550100510
200550100603
200550100608
200550100609
200550100610
200550101010
200550101106
200550101203
200550101208
200550101808
200550101811
200550102507
200550102601
200550102604
200550102608
200550102609
200550102702
200550102710
200550102711
200550102712
200550110208
200550110212
200550110306
200550110311
200550110903
200550111001
200550111009
200550111512
200550111605
200550111608
200550111611
200550111704
200550112202
200550112302
200550112307
200550112310
200550112401
200550112402
200550112410
200550112411
200550113002
200550113003
200550113007
200550113009
200550113010
200550113012
200550120107
200550120109
200550120612
200550120701
200550120705
200550120707
200550120708
200550120710
200550120711
200550120809
200550120811
200550120812
200550121403
200550121406
200550121408
200550121409
200550121410
200550121506
200550121507
200550122103
200550122107
200550122110
200550122111
200550122201
200550122208
200550122810
200550123004
200550123007
200550123104
200550123108
200550123111