200558042003
200558042008
200558042011
200558042603
200558042607
200558042705
200558042707
200558042708
200558042808
200558042809
200558050404
200558050405
200558050409
200558050410
200558050505
200558051007
200558051009
200558051105
200558051109
200558051206
200558051208
200558051806
200558052407
200558052409
200558052410
200558052503
200558052508
200558060107
200558060209
200558060211
200558060712
200558060803
200558060807
200558060809
200558060811
200558060905
200558060908
200558061504
200558061511
200558061608
200558061609
200558061610
200558061611
200558061612
200558062108
200558062112
200558062205
200558062212
200558062310
200558062805
200558062807
200558062809
200558062905
200558063011
200558063012