199506010101
199506010102
199506010104
199506010107
199506010108
199506010111
199506010206
199506010207
199506010209
199506010210
199506010211
199506010212
199506010302
199506010303
199506010304
199506010309
199506010310
199506010402
199506010406
199506010410
199506010411
199506010503
199506010507
199506010508
199506010511
199506010512
199506010602
199506010604
199506010608
199506010609
199506010704
199506010707
199506010708
199506010710
199506010711
199506010802
199506010804
199506010809
199506010810
199506010811
199506020104
199506020106
199506020108
199506020111
199506020201
199506020202
199506020203
199506020206
199506020207
199506020208
199506020209
199506020211
199506020301
199506020308
199506020309
199506020310
199506020401
199506020403
199506020409
199506020410
199506020411
199506020504
199506020506
199506020507
199506020508
199506020509
199506020511
199506020512
199506020602
199506020606
199506020608
199506020611
199506020612
199506020701
199506020703
199506020704
199506020707
199506020708
199506020709
199506020710
199506020711
199506020801
199506020804
199506020806
199506020807
199506020808
199506020809
199506020810
199506030102
199506030104
199506030109
199506030111
199506030112
199506030201
199506030202
199506030203
199506030204
199506030209
199506030212
199506030301
199506030302
199506030303
199506030309
199506030311
199506030401
199506030402
199506030405
199506030408
199506030411
199506030502
199506030506
199506030507
199506030510
199506030512
199506030601
199506030604
199506030606
199506030607
199506030610
199506030611
199506030612
199506030701
199506030703
199506030704
199506030705
199506030707
199506030708
199506030711
199506030804
199506030805
199506030806
199506030808
199506030809
199506030810
199506040103
199506040106
199506040109
199506040110
199506040112
199506040203
199506040208
199506040209
199506040211
199506040212
199506040302
199506040304
199506040307
199506040310
199506040311
199506040403
199506040407
199506040408
199506040411
199506040507
199506040508
199506040509
199506040512
199506040605
199506040609
199506040610
199506040611
199506040703
199506040708
199506040711
199506040801
199506040802
199506040803
199506040809
199506040811
199506040812
199506050103
199506050108
199506050111
199506050203
199506050205
199506050207
199506050209
199506050211
199506050305
199506050309
199506050312
199506050402
199506050404
199506050406
199506050408
199506050409
199506050411
199506050412
199506050504
199506050508
199506050510
199506050512
199506050604
199506050605
199506050606
199506050607
199506050609
199506050610
199506050702
199506050707
199506050708
199506050710
199506050711
199506050712
199506050801
199506050803
199506050804
199506050807
199506050808
199506050809