200808010102
200808010103
200808010104
200808010105
200808010106
200808010108
200808010109
200808010110
200808010111
200808010112
200808010201
200808010203
200808010206
200808010207
200808010208
200808010209
200808010210
200808010211
200808010212
200808010301
200808010304
200808010305
200808010306
200808010307
200808010308
200808010310
200808010312
200808010401
200808010402
200808010405
200808010406
200808010410
200808010411
200808010412
200808010501
200808010504
200808010505
200808010506
200808010507
200808010509
200808010510
200808010511
200808010604
200808010605
200808010606
200808010608
200808010609
200808010610
200808010611
200808010612
200808010702
200808010703
200808010704
200808010705
200808010706
200808010707
200808010709
200808010710
200808010711
200808010712
200808010805
200808010806
200808010807
200808010808
200808010809
200808010811
200808010812
200808020101
200808020102
200808020105
200808020106
200808020107
200808020108
200808020109
200808020111
200808020112
200808020203
200808020205
200808020206
200808020207
200808020209
200808020211
200808020302
200808020303
200808020305
200808020306
200808020308
200808020310
200808020311
200808020401
200808020403
200808020405
200808020407
200808020408
200808020409
200808020410
200808020411
200808020412
200808020501
200808020502
200808020503
200808020504
200808020506
200808020507
200808020509
200808020510
200808020511
200808020601
200808020602
200808020603
200808020605
200808020606
200808020607
200808020608
200808020610
200808020611
200808020702
200808020703
200808020704
200808020705
200808020706
200808020707
200808020708
200808020710
200808020711
200808020712
200808020801
200808020803
200808020805
200808020806
200808020807
200808020808
200808020809
200808020810
200808020811
200808020812
200808030101
200808030103
200808030105
200808030108
200808030109
200808030110
200808030111
200808030112
200808030201
200808030203
200808030205
200808030208
200808030209
200808030210
200808030301
200808030302
200808030303
200808030305
200808030307
200808030309
200808030310
200808030311
200808030312
200808030402
200808030404
200808030406
200808030407
200808030408
200808030409
200808030410
200808030411
200808030412
200808030501
200808030502
200808030503
200808030504
200808030507
200808030510
200808030511
200808030512
200808030603
200808030604
200808030605
200808030606
200808030607
200808030608
200808030609
200808030610
200808030611
200808030612
200808030701
200808030702
200808030703
200808030705
200808030706
200808030707
200808030708
200808030710
200808030711
200808030712
200808030802
200808030803
200808030805
200808030807
200808030808
200808030809
200808030810
200808030811
200808040103
200808040105
200808040106
200808040107
200808040108
200808040109
200808040110
200808040111
200808040112
200808040201
200808040202
200808040204
200808040205
200808040206
200808040208
200808040209
200808040210
200808040211
200808040212
200808040302
200808040303
200808040305
200808040306
200808040307
200808040309
200808040310
200808040312
200808040401
200808040402
200808040404
200808040405
200808040407
200808040409
200808040410
200808040411
200808040412
200808040501
200808040502
200808040504
200808040506
200808040508
200808040510
200808040511
200808040512
200808040601
200808040603
200808040604
200808040605
200808040607
200808040608
200808040609
200808040610
200808040611
200808040612
200808040702
200808040703
200808040705
200808040706
200808040708
200808040710
200808040711
200808040801
200808040802
200808040805
200808040806
200808040808
200808040809
200808040810
200808040811
200808040812
200808050101
200808050102
200808050104
200808050105
200808050106
200808050107
200808050108
200808050110
200808050111
200808050112
200808050201
200808050202
200808050206
200808050207
200808050208
200808050209
200808050210
200808050211
200808050212
200808050303
200808050304
200808050307
200808050308
200808050310
200808050311
200808050312
200808050401
200808050403
200808050404
200808050405
200808050406
200808050407
200808050409
200808050410
200808050411
200808050412
200808050501
200808050503
200808050504
200808050505
200808050506
200808050507
200808050508
200808050509
200808050511
200808050512
200808050601
200808050602
200808050605
200808050606
200808050607
200808050608
200808050609
200808050610
200808050611
200808050612
200808050701
200808050702
200808050703
200808050704
200808050705
200808050706
200808050707
200808050708
200808050709
200808050710
200808050711
200808050712
200808050801
200808050802
200808050805
200808050806
200808050807
200808050808
200808050809
200808050810
200808050811
200808050812