200810010101
200810010102
200810010103
200810010104
200810010105
200810010106
200810010107
200810010108
200810010109
200810010110
200810010111
200810010112
200810010201
200810010202
200810010203
200810010204
200810010205
200810010206
200810010209
200810010210
200810010211
200810010212
200810010301
200810010304
200810010305
200810010306
200810010309
200810010310
200810010311
200810010312
200810010402
200810010404
200810010405
200810010409
200810010410
200810010411
200810010412
200810010502
200810010504
200810010505
200810010508
200810010509
200810010510
200810010512
200810010603
200810010604
200810010605
200810010607
200810010609
200810010610
200810010611
200810010612
200810010702
200810010703
200810010704
200810010705
200810010707
200810010708
200810010709
200810010710
200810010711
200810010712
200810010801
200810010802
200810010803
200810010804
200810010805
200810010806
200810010807
200810010808
200810010809
200810010810
200810010811
200810010812
200810020101
200810020102
200810020103
200810020104
200810020105
200810020108
200810020109
200810020110
200810020111
200810020201
200810020202
200810020203
200810020204
200810020205
200810020206
200810020207
200810020208
200810020209
200810020210
200810020212
200810020301
200810020304
200810020306
200810020307
200810020308
200810020310
200810020311
200810020312
200810020402
200810020404
200810020405
200810020407
200810020408
200810020410
200810020411
200810020412
200810020502
200810020504
200810020506
200810020507
200810020508
200810020509
200810020512
200810020603
200810020604
200810020605
200810020608
200810020609
200810020610
200810020611
200810020612
200810020701
200810020704
200810020705
200810020707
200810020708
200810020709
200810020710
200810020711
200810020712
200810020801
200810020802
200810020803
200810020804
200810020805
200810020806
200810020807
200810020808
200810020809
200810020810
200810020811
200810020812
200810030101
200810030102
200810030104
200810030106
200810030107
200810030108
200810030109
200810030110
200810030112
200810030201
200810030204
200810030205
200810030206
200810030208
200810030210
200810030211
200810030212
200810030301
200810030304
200810030305
200810030306
200810030307
200810030308
200810030310
200810030311
200810030401
200810030402
200810030403
200810030404
200810030406
200810030407
200810030408
200810030409
200810030411
200810030412
200810030504
200810030505
200810030507
200810030508
200810030509
200810030511
200810030512
200810030601
200810030603
200810030604
200810030606
200810030607
200810030608
200810030610
200810030611
200810030612
200810030701
200810030702
200810030704
200810030705
200810030708
200810030709
200810030710
200810030712
200810030803
200810030804
200810030807
200810030808
200810030809
200810030810
200810030811
200810030812