200830102103
200830102105
200830102110
200830102209
200830102210
200830102805
200830102810
200830102904
200830102905
200830102906
200830102909
200830102910
200830103006
200830103009
200830103011
200830110401
200830110404
200830110408
200830110504
200830110509
200830110604
200830111102
200830111103
200830111105
200830111107
200830111108
200830111209
200830111210
200830111305
200830111309
200830111804
200830111807
200830111808
200830111809
200830111907
200830111908
200830111909
200830111910
200830112006