200843010701
200843010709
200843010710
200843010804
200843010807
200843010811
200843010903
200843010905
200843010908
200843010911
200843011007
200843011010
200843011101
200843011106
200843011109
200843011111
200843011112
200843020405
200843020408
200843020411
200843020503
200843020506
200843020508
200843020603
200843020606
200843020607
200843020612
200843020706
200843020709
200843020710
200843020711
200843020801
200843020805
200843030303
200843030307
200843030405
200843030408
200843030409
200843030510
200843030605
200843030606
200843030610
200843030611
200843030612
200843030703
200843030704
200843030707
200843040104
200843040106
200843040110
200843040208
200843040209
200843040210
200843040307
200843040309
200843040310
200843040404
200843040406
200843040407
200843050505
200843050510
200843050604
200843050609
200843050709
200843050803
200843050807
200843050907
200843050908
200843060904
200843060907
200843060908
200843061007
200843061103
200843061109
200843061205
200843061303
200843061304
200843061305
200843061306
200843061307
200843061310
200843061311
200843072101
200843072102
200843072103
200843072107
200843072110
200843072205
200843072207
200843072209
200843072212
200843082708
200843082710
200843082804
200843082806
200843082808
200843082810
200843082907
200843082910
200843092201
200843092202
200843092208
200843092210
200843092306
200843092310
200843092405
200843092406
200843092502
200843092508
200843092509
200843092606
200843092607
200843092608
200843102001
200843102002
200843102008
200843102010
200843102111
200843102204
200843102208
200843102209
200843102210
200843102308
200843102309
200843102401
200843102406
200843102407
200843111705
200843111709
200843111710
200843111807
200843111811
200843111903
200843111909
200843112009
200843112010
200843112011
200843112102
200843112106
200843112108
200843112110
200843112111
200843120801
200843120808
200843120809
200843120904
200843120909
200843121003
200843121008
200843121009
200843121010
200843121011
200843121102
200843121107
200843121109
200843121110
200843121205
200843121206
200843121208