199804010101
199804010105
199804010107
199804010111
199804010203
199804010204
199804010208
199804010211
199804010301
199804010303
199804010306
199804010308
199804010310
199804010312
199804010401
199804010405
199804010408
199804010409
199804010411
199804010502
199804010503
199804010506
199804010511
199804010512
199804010606
199804010610
199804010611
199804010701
199804010702
199804010704
199804010706
199804010707
199804010709
199804010802
199804010808
199804010809
199804010810
199804010811
199804020109
199804020110
199804020111
199804020112
199804020202
199804020207
199804020209
199804020210
199804020211
199804020301
199804020302
199804020305
199804020306
199804020310
199804020311
199804020312
199804020402
199804020403
199804020404
199804020405
199804020406
199804020408
199804020409
199804020411
199804020505
199804020507
199804020508
199804020509
199804020510
199804020511
199804020512
199804020607
199804020609
199804020612
199804020701
199804020703
199804020704
199804020706
199804020707
199804020710
199804020712
199804020802
199804020809
199804020812
199804030101
199804030102
199804030103
199804030104
199804030108
199804030109
199804030110
199804030111
199804030112
199804030202
199804030210
199804030211
199804030212
199804030302
199804030305
199804030307
199804030308
199804030311
199804030312
199804030403
199804030405
199804030409
199804030410
199804030411
199804030412
199804030503
199804030505
199804030506
199804030510
199804030511
199804030512
199804030601
199804030603
199804030605
199804030609
199804030610
199804030611
199804030612
199804030703
199804030705
199804030708
199804030709
199804030711
199804030801
199804030804
199804030811