199806010101
199806010103
199806010104
199806010106
199806010107
199806010111
199806010112
199806010202
199806010207
199806010209
199806010211
199806010212
199806010301
199806010302
199806010303
199806010307
199806010308
199806010309
199806010311
199806010312
199806010403
199806010405
199806010406
199806010407
199806010408
199806010410
199806010411
199806010501
199806010506
199806010508
199806010509
199806010604
199806010606
199806010610
199806010611
199806010702
199806010703
199806010706
199806010707
199806010709
199806010711
199806010712
199806010803
199806010805
199806010806
199806010807
199806010808
199806010809
199806010810
199806010811
199806010812
199806020101
199806020104
199806020108
199806020109
199806020112
199806020208
199806020209
199806020211
199806020212
199806020303
199806020306
199806020308
199806020309
199806020310
199806020401
199806020402
199806020406
199806020408
199806020409
199806020410
199806020411
199806020412
199806020501
199806020503
199806020506
199806020507
199806020508
199806020602
199806020605
199806020607
199806020610
199806020703
199806020704
199806020706
199806020708
199806020709
199806020710
199806020711
199806020712
199806020801
199806020802
199806020804
199806020807
199806020808
199806020809
199806020811
199806020812
199806030104
199806030108
199806030109
199806030110
199806030111
199806030112
199806030204
199806030206
199806030207
199806030208
199806030209
199806030210
199806030211
199806030303
199806030304
199806030307
199806030308
199806030311
199806030402
199806030403
199806030405
199806030407
199806030409
199806030410
199806030411
199806030412
199806030504
199806030506
199806030507
199806030508
199806030509
199806030510
199806030511
199806030512
199806030603
199806030609
199806030610
199806030611
199806030703
199806030704
199806030705
199806030706
199806030707
199806030710
199806030711
199806030712
199806030804
199806030805
199806030806
199806030809
199806030810
199806030811
199806030812
199806040101
199806040102
199806040104
199806040107
199806040108
199806040109
199806040110
199806040111
199806040202
199806040206
199806040207
199806040209
199806040210
199806040211
199806040212
199806040301
199806040303
199806040306
199806040308
199806040311
199806040407
199806040408
199806040410
199806040505
199806040508
199806040509
199806040510
199806040511
199806040512
199806040604
199806040608
199806040609
199806040610
199806040702
199806040704
199806040706
199806040707
199806040708
199806040709
199806040711
199806040804
199806040805
199806040807
199806040808
199806040811
199806040812
199806050104
199806050107
199806050108
199806050110
199806050206
199806050208
199806050210
199806050211
199806050302
199806050308
199806050309
199806050310
199806050311
199806050401
199806050402
199806050405
199806050406
199806050407
199806050409
199806050411
199806050412
199806050502
199806050507
199806050508
199806050511
199806050603
199806050605
199806050606
199806050607
199806050608
199806050611
199806050612
199806050706
199806050709
199806050710
199806050711
199806050801
199806050804
199806050806
199806050808
199806050809