199845010901
199845012707
199845012810
199845012904
199845012908
199845012910
199845013009
199845021509
199845021605
199845030208
199845030410
199845030503
199845040107
199845050708
199845051110
199845061309
199845061710
199845070109
199845070310
199845070411
199845070510
199845071709
199845072110
199845082006
199845090806
199845092005
199845092309
199845092502
199845101911
199845111608
199845111802
199845111910
199845111911
199845112006
199845122808
199845122910
199845123004
199845123103
199845123110