198102010101
198102010102
198102010103
198102010104
198102010105
198102010106
198102010107
198102010108
198102010109
198102010201
198102010202
198102010203
198102010204
198102010205
198102010206
198102010207
198102010208
198102010209
198102010210
198102010211
198102010401
198102010402
198102010403
198102010404
198102010405
198102010601
198102010602
198102010603
198102010604
198102010605
198102010606
198102010607
198102010608
198102010609
198102010701
198102010702
198102010703
198102010704
198102010705
198102010706
198102010707
198102010708
198102010709
198102010801
198102010802
198102010803
198102010804
198102010805
198102010806
198102010807
198102010808
198102010809
198102010810
198102020101
198102020102
198102020103
198102020104
198102020105
198102020106
198102020201
198102020202
198102020203
198102020204
198102020205
198102020206
198102020207
198102020208
198102020301
198102020302
198102020303
198102020304
198102020305
198102020306
198102020307
198102020308
198102020309
198102020601
198102020602
198102020603
198102020604
198102020605
198102020606
198102020607
198102020701
198102020702
198102020703
198102020801
198102020802
198102020803
198102020804
198102020805
198102020806