198103010201
198103010202
198103010203
198103010204
198103010205
198103010206
198103010207
198103010208
198103010209
198103010210
198103010301
198103010302
198103010303
198103010304
198103010305
198103010306
198103010401
198103010402
198103010403
198103010404
198103010405
198103010406
198103010407
198103010408
198103010409
198103010601
198103010701
198103010702
198103010703
198103010801
198103010802
198103010803
198103010804
198103010805
198103010806
198103010807
198103010808
198103010809
198103010810
198103020401
198103020402
198103020403
198103020404
198103020405
198103020406
198103020407
198103020408
198103020409
198103020601
198103020602
198103020603
198103020604
198103020605
198103020606
198103020607
198103020608
198103020701
198103020702
198103020703
198103020704
198103020705
198103020801
198103020802
198103020803
198103020804
198103020805
198103020806
198103020807
198103020808
198103020809
198103030201
198103030202
198103030203
198103030204
198103030205
198103030206
198103030207
198103030208
198103030209
198103030210
198103030301
198103030302
198103030303
198103030304
198103030305
198103030306
198103030307
198103030308
198103030401
198103030402
198103030403
198103030404
198103030405
198103030406
198103030407
198103030408
198103030409
198103030410
198103030501
198103030502
198103030503
198103030504
198103030505
198103030506
198103030507
198103030508
198103030509
198103030510
198103030801
198103030802
198103030803
198103030804
198103030805