198105010301
198105010302
198105010303
198105010304
198105010305
198105010501
198105010502
198105010503
198105010504
198105010601
198105010602
198105010603
198105010604
198105010605
198105010606
198105010607
198105010608
198105010609
198105010610
198105010611
198105010612
198105010701
198105010702
198105010703
198105010704
198105010705
198105010706
198105010707
198105010708
198105010709
198105010710
198105010711
198105010801
198105010802
198105020101
198105020102
198105020103
198105020104
198105020105
198105020106
198105020107
198105020201
198105020202
198105020203
198105020204
198105020205
198105020206
198105020207
198105020208
198105020209
198105020210
198105020501
198105020502
198105020503
198105020504
198105020505
198105020801
198105020802
198105020803
198105020804
198105020805
198105020806
198105020807
198105020808
198105020809
198105020810
198105030301
198105030302
198105030303
198105030304
198105030305
198105030306
198105030307
198105030308
198105030309
198105030401
198105030402
198105030403
198105030404
198105030405
198105030406
198105030407
198105030408
198105030409
198105030601
198105030602
198105030603
198105030604
198105030605
198105030606
198105030607
198105030608
198105030609
198105030701
198105030702
198105030703
198105030704
198105030705
198105030706
198105030707
198105030708
198105030709
198105030710
198105030711
198105030801
198105030802
198105030803
198105030804
198105030805
198105030806
198105030807
198105030808
198105030809
198105030810
198105030811
198105030812
198105040201
198105040202
198105040203
198105040204
198105040205
198105040206
198105040207
198105040208
198105040209
198105040210
198105040211
198105040301
198105040302
198105040801
198105040802
198105040803
198105040804
198105040805
198105040806
198105040807
198105040808
198105040809
198105040810
198105050201
198105050202
198105050203
198105050204
198105050205
198105050206
198105050207
198105050208
198105050209
198105050401
198105050402
198105050403
198105050404
198105050405
198105050406
198105050407
198105050408
198105050409
198105050410
198105050411
198105050601
198105050602
198105050603
198105050604
198105050605
198105050606
198105050607
198105050801
198105050802
198105050803
198105050804
198105050805
198105050806
198105050807
198105050808