198107010101
198107010102
198107010103
198107010104
198107010105
198107010106
198107010107
198107010108
198107010109
198107010110
198107010301
198107010302
198107010303
198107010304
198107010305
198107010306
198107010307
198107010308
198107010401
198107010402
198107010403
198107010404
198107010405
198107010406
198107010407
198107010408
198107010409
198107010410
198107020101
198107020102
198107020103
198107020104
198107020105
198107020106
198107020107
198107020108
198107020109
198107020110
198107020111
198107020601
198107020602
198107020603
198107020604
198107020605
198107020606
198107020607
198107020608
198107020609
198107020610
198107020801
198107020802
198107020803
198107020804
198107020805
198107020806
198107020807
198107020808
198107020809
198107020810
198107030601
198107030602
198107030603
198107030604
198107030605
198107030606
198107030607
198107030608
198107030609
198107030610
198107030611