198108030701
198108030702
198108030703
198108030704
198108030705
198108030706
198108030707
198108030708
198108030709
198108040801
198108040802
198108040803
198108040804
198108040805
198108040806
198108040807
198108040808
198108040809
198108040810
198108040811
198108050301
198108050302
198108050303
198108050304
198108050305
198108050306
198108050307
198108050308
198108050309
198108050701
198108050702
198108050703
198108050704
198108050705
198108050706
198108050707
198108050708
198108050709
198108050710
198108050711