198109010501
198109010502
198109010503
198109010601
198109010602
198109010603
198109010604
198109010605
198109010606
198109010607
198109010608
198109010609
198109010610
198109010611
198109020501
198109020502
198109020503
198109020504
198109020505
198109020506
198109020507
198109020508
198109020509
198109020510
198109020511
198109020601
198109020602
198109020603
198109020604
198109020605
198109020606
198109020607
198109020608
198109020609
198109030301
198109030302
198109030303
198109030304
198109030305
198109030306
198109030307
198109030308
198109030309
198109030401
198109030402
198109030403
198109030404
198109030405
198109030501
198109030502
198109030503
198109030504
198109030505
198109030506
198109030601
198109030602
198109030603
198109030604
198109030605
198109030606
198109030607
198109030608
198109030609
198109030610
198109030611
198109030801
198109030802
198109030803
198109030804
198109030805
198109030806
198109030807
198109030808
198109030809
198109050101
198109050102
198109050103
198109050104
198109050105
198109050106
198109050107
198109050108
198109050201
198109050202
198109050203
198109050204
198109050205
198109050206
198109050207
198109050208
198109050209
198109050210
198109050601
198109050602
198109050603
198109050604
198109050605
198109050606
198109050607
198109050608
198109050609
198109050610