198110010401
198110010402
198110010403
198110010404
198110010405
198110010701
198110010702
198110010703
198110010704
198110010705
198110010706
198110020301
198110020302
198110020303
198110020304
198110020305
198110020306
198110020307
198110020308
198110020309
198110020601
198110020602
198110020603
198110020604
198110020605
198110020606
198110020607
198110020608
198110020609
198110030201
198110030202
198110030203
198110030204
198110030205
198110030206
198110030207
198110030208
198110030209
198110030210
198110030601
198110030602
198110030603
198110030604
198110030605
198110030606
198110030607
198110030608
198110030609