200230041001
200230041002
200230041003
200230041004
200230041005
200230041006
200230041007
200230041008
200230041009
200230041010
200230041011
200230041101
200230041102
200230041103
200230041104
200230041105
200230041106
200230041107
200230041108
200230041109
200230041110
200230041111
200230041801
200230041802
200230041803
200230041804
200230041805
200230041806
200230041807
200230041808
200230041809
200230041810
200230091101
200230091102
200230091103
200230091104
200230091105
200230091106
200230091107
200230091108
200230091109
200230091110
200230091111
200230091201
200230091202
200230091203
200230091204
200230091205
200230091206
200230091207
200230091208
200230091601
200230091602
200230091603
200230091604
200230091605
200230091606
200230091607
200230091608
200230091609
200230091701
200230091702
200230091703
200230091704
200230091705
200230091706
200230091707
200230091708
200230091709
200230091710
200230091711
200230091801
200230091802
200230091803
200230091804
200230091805
200230091806
200230091807
200230091808
200230091809
200230091810
200230091811
200230091812
200230092301
200230092302
200230092303
200230092304
200230092305
200230092306
200230092307
200230092308
200230092309
200230092310
200230092311
200230092501
200230092502
200230092503
200230092504
200230092505
200230092506
200230092507
200230100101
200230100102
200230100103
200230100104
200230100105
200230100106
200230100107
200230100108
200230100109
200230100110
200230100111
200230100112
200230100201
200230100202
200230100203
200230100204
200230100205
200230100206
200230100207
200230100208
200230100209
200230100210
200230100211
200230100212
200230100301
200230100302
200230100303
200230100304
200230100305
200230100306
200230100307
200230100308
200230100309
200230100310
200230100801
200230100802
200230100803
200230100804
200230100805
200230100806
200230100807
200230100808
200230100809
200230100810
200230100811
200230101001
200230101002
200230101003
200230101004
200230101005
200230101006
200230101007
200230101008
200230101009
200230101010
200230101401
200230101402
200230101403
200230101404
200230101405
200230101406
200230101407
200230101408
200230101409
200230101410
200230101411
200230101501
200230101502
200230101503
200230101504
200230101505
200230101506
200230101507
200230101508
200230101509
200230101510
200230101601
200230101602
200230101603
200230101604
200230101605
200230101606
200230101607
200230101608
200230101609
200230101610
200230101611
200230102201
200230102202
200230102203
200230102204
200230102205
200230102206
200230102207
200230102208
200230102209
200230102301
200230102302
200230102303
200230102304
200230102305
200230102306
200230102307
200230102308
200230102309
200230102401
200230102402
200230102403
200230102404
200230102405
200230102406
200230102407
200230102901
200230102902
200230102903
200230102904
200230102905
200230102906
200230102907
200230102908
200230102909
200230102910
200230103001
200230103002
200230103003
200230103004
200230103005
200230103006
200230103007
200230103008
200230103009
200230103010
200230103101
200230103102
200230103103
200230103104
200230103105
200230103106
200230103107
200230103108
200230103109
200230103110
200230103111
200230110401
200230110402
200230110403
200230110404
200230110405
200230110406
200230110407
200230110408
200230110409
200230110410
200230110501
200230110502
200230110503
200230110504
200230110505
200230110506
200230110507
200230110508
200230110509
200230111301
200230111302
200230111303
200230111304
200230111305
200230111306
200230111307
200230111308
200230111401
200230111402
200230111403
200230111404
200230111405
200230111406
200230111407
200230111408
200230111409
200230111410
200230112001
200230112002
200230112003
200230112004
200230112005
200230112006
200230112007
200230112008
200230112009
200230112010
200230112101
200230112102
200230112103
200230112104
200230112105
200230112106
200230112107
200230112108
200230112109
200230112110