200234062607
200234062609
200234062610
200234062705
200234062711
200234070210
200234070307
200234070406
200234070408
200234070409
200234070411
200234071608
200234071706
200234071711
200234072304
200234072309
200234072402
200234072410
200234072411
200234072508
200234072510
200234073109
200234073110
200234080103
200234080106
200234080109
200234080703
200234080711
200234080801
200234080802
200234080812
200234081308
200234081404
200234081409
200234081510
200234082005
200234082009
200234082104
200234082201
200234082208
200234082702
200234082703
200234082706
200234082803
200234090307
200234090309
200234090310
200234090409
200234090502
200234090506
200234090507
200234090510