200235051801
200235051802
200235051803
200235051804
200235051805
200235051806
200235051807
200235051808
200235051809
200235051810
200235052501
200235052601
200235052602
200235052603
200235052604
200235052605
200235052606
200235052607
200235052608
200235052609
200235052610
200235060101
200235060102
200235060103
200235060104
200235060105
200235060106
200235060107
200235060108
200235060109
200235060301
200235060302
200235060303
200235060304
200235060305
200235060306
200235060307
200235060901
200235060902
200235060903
200235060904
200235060905
200235060906
200235060907
200235060908
200235060909
200235060910
200235072101
200235072102
200235072103
200235072104
200235072105
200235072106
200235072107
200235072108
200235072109
200235072110
200235072201
200235072202
200235072203
200235072204
200235072205
200235072206
200235072207
200235072208
200235072209
200235072210
200235080401
200235080402
200235080403
200235080404
200235080405
200235080406
200235080407
200235080408
200235080409
200235080410
200235080501
200235080502
200235080503
200235080504
200235080505
200235080506
200235080507
200235080508
200235080509
200235080510
200235081401
200235081402
200235081403
200235081404
200235081405
200235081601
200235081602
200235081603
200235081604
200235081605
200235081606
200235081607
200235081608
200235081609
200235081610
200235092301
200235092302
200235092303
200235092304
200235092305
200235092306
200235092307
200235092308
200235092309
200235092310
200235092901
200235092902
200235092903
200235092904
200235092905
200235092906
200235092907
200235092908
200235092909
200235092910
200235100701
200235100702
200235101301
200235101302
200235101303
200235101304
200235101305
200235101306
200235101307
200235101401
200235101402
200235101403
200235101404
200235101405
200235101406
200235101407
200235101408
200235101409
200235101410
200235101901
200235101902
200235101903
200235101904
200235101905
200235101906
200235101907
200235101908
200235101909
200235102101
200235102701
200235102702
200235102703
200235102704
200235102705
200235102706
200235110401
200235110402
200235110403
200235110404
200235110405
200235110406
200235110407
200235110408
200235110409
200235111101
200235111102
200235111103
200235111104
200235111105
200235111106
200235111107
200235111108
200235111801
200235111802
200235111803
200235111804
200235111805
200235111806
200235111807
200235111808
200235111809
200235112301
200235112302
200235112303
200235112304
200235112305
200235112501
200235112502
200235112503
200235112504
200235112505
200235112506
200235112507