200236010201
200236010202
200236010203
200236010204
200236010205
200236010206
200236010207
200236010208
200236010209
200236010301
200236010302
200236010303
200236010304
200236010305
200236010306
200236010401
200236010402
200236010403
200236010404
200236010405
200236010406
200236010407
200236010601
200236010602
200236010603
200236010604
200236010605
200236010606
200236010607
200236010701
200236010702
200236010703
200236010704
200236010705
200236010706
200236010707
200236010708
200236010709
200236011101
200236011102
200236011103
200236011104
200236011105
200236011106
200236011107
200236011108
200236011109
200236011201
200236011202
200236011203
200236011204
200236011205
200236011206
200236011207
200236011208
200236011209
200236011301
200236011302
200236011303
200236011401
200236011402
200236011403
200236011404
200236011405
200236011406
200236011407
200236011408
200236011409
200236040601
200236040602
200236040603
200236040604
200236040605
200236040606
200236040607
200236040608
200236040701
200236040702
200236040703
200236040704
200236040705
200236040706
200236040707
200236040708
200236040709
200236040710
200236040801
200236040802
200236040803
200236040804
200236040805
200236040806
200236040807
200236040808
200236040809
200236040810
200236041301
200236041302
200236041303
200236041304
200236041305
200236041306
200236041307
200236041308
200236041309
200236041401
200236041402
200236041403
200236041404
200236041405
200236041406
200236041407
200236041408
200236041409
200236041410
200236041501
200236041502
200236041503
200236041504
200236041505
200236041506
200236041507
200236041508
200236041509
200236041510
200236041511
200236042001
200236042002
200236042003
200236042004
200236042005
200236042101
200236042102
200236042103
200236042104
200236042105
200236042106
200236042107
200236042108
200236042109
200236042201
200236042202
200236042203
200236042204
200236042205
200236042206
200236042207
200236042208
200236042209
200236042210
200236042211
200236042701
200236042702
200236042703
200236042704
200236042705
200236042706
200236042707
200236042708
200236042709
200236042801
200236042802
200236042803
200236042804
200236042805
200236042806
200236042807
200236042808
200236042809
200236042810
200236042811
200236042901
200236042902
200236042903
200236042904
200236042905
200236042906
200236042907
200236042908
200236050301
200236050302
200236050303
200236050401
200236050402
200236050403
200236050404
200236050405
200236050406
200236050407
200236050408
200236050409
200236050501
200236050502
200236050503
200236050504
200236050601
200236050602
200236050603
200236050604
200236050605
200236050606
200236050607
200236050608
200236050609
200236050610
200236050611
200236051201
200236051202
200236051203
200236051204
200236051205
200236051206
200236051207
200236051208
200236051209
200236051210
200236051301
200236051302
200236051303
200236051304
200236051305
200236051306
200236051307
200236051308
200236061501
200236061502
200236061503
200236061504
200236061505
200236061506
200236061507
200236061508
200236061601
200236061602
200236061603
200236061604
200236061605
200236061606
200236061607
200236061608
200236061701
200236061702
200236061703
200236061704
200236061705
200236061706
200236061707
200236061708
200236062201
200236062202
200236062203
200236062204
200236062205
200236062206
200236062207
200236062208
200236062209
200236062301
200236062302
200236062303
200236062304
200236062305
200236062306
200236062307
200236062308
200236062401
200236062402
200236062403
200236062404
200236062405
200236062406
200236062407
200236062408
200236062409
200236062901
200236062902
200236062903
200236062904
200236062905
200236062906
200236062907
200236062908
200236062909
200236062910
200236062911
200236070101
200236070102
200236070103
200236070104
200236070105
200236070106
200236070601
200236070602
200236070603
200236070604
200236070605
200236070606
200236070607
200236070608
200236070609
200236070610
200236070701
200236070702
200236070703
200236070801
200236070802
200236070803
200236070804
200236070805
200236070806
200236070807
200236070808
200236070809
200236082401
200236082402
200236082403
200236082404
200236082405
200236082406
200236082407
200236082408
200236082409
200236082410
200236082411
200236082501
200236082502
200236082503
200236082504
200236082505
200236082506
200236082507
200236082508
200236082509
200236082510
200236083101
200236083102
200236083103
200236083104
200236083105
200236083106
200236083107
200236083108
200236083109
200236090101
200236090102
200236090103
200236090104
200236090105
200236090106
200236090107
200236090108
200236090109
200236090201
200236090202
200236090203
200236090204
200236090205
200236090206
200236090207
200236090208
200236090209
200236090210
200236090211
200236090701
200236090702
200236090703
200236090704
200236090705
200236090706
200236090707
200236090708
200236090801
200236090802
200236090803
200236090804
200236090805
200236090806
200236090807
200236090808
200236090809
200236090901
200236090902
200236090903
200236090904
200236090905
200236090906
200236090907
200236090908
200236090909
200236091401
200236091402
200236091403
200236091404
200236091405
200236091406
200236091407
200236091408
200236091409
200236091501
200236091502
200236091503
200236091504
200236091505
200236091506
200236091507
200236091508
200236091509
200236091510
200236091511
200236091601
200236091602
200236091603
200236091604
200236091605
200236091606
200236091607
200236091608
200236091609
200236091610
200236091611
200236113001
200236113002
200236113003
200236113004
200236113005
200236113006
200236113007
200236120101
200236120102
200236120103
200236120104
200236120105
200236120106
200236120107
200236120108
200236120109
200236120110
200236120111
200236120201
200236120202
200236120203
200236120204
200236120205
200236120206
200236120207
200236120208
200236120701
200236120702
200236120703
200236120704
200236120705
200236120706
200236120707
200236120708
200236120709
200236120801
200236120802
200236120803
200236120804
200236120805
200236120806
200236120807
200236120901
200236120902
200236120903
200236120904
200236120905
200236121401
200236121402
200236121403
200236121404
200236121405
200236121406
200236121501
200236121502
200236121503
200236121504
200236121505
200236121506
200236121507
200236121508
200236121509
200236121510
200236121601
200236121602
200236121603
200236121604
200236121605
200236121606
200236121607
200236121608
200236121609
200236122101
200236122102
200236122103
200236122104
200236122105
200236122106
200236122201
200236122202
200236122203
200236122204
200236122205
200236122301
200236122302
200236122303
200236122304
200236122305
200236122306
200236122307
200236122308
200236122309
200236122310
200236122311
200236122901
200236122902
200236122903
200236122904
200236122905
200236122906
200236122907
200236122908
200236122909
200236123101
200236123102
200236123103
200236123104
200236123105
200236123106
200236123107