200237042101
200237042102
200237042103
200237042104
200237042105
200237042106
200237042107
200237042108
200237042109
200237042301
200237042302
200237042303
200237042304
200237042305
200237042306
200237042307
200237042308
200237042309
200237042310
200237042311
200237050601
200237050602
200237050603
200237050604
200237050605
200237050606
200237050607
200237052101
200237052102
200237052103
200237052104
200237052105
200237052106
200237052107
200237052108
200237052109
200237052110
200237052111
200237060201
200237060202
200237060203
200237060204
200237060205
200237060206
200237070101
200237070102
200237070103
200237070104
200237070105
200237070106
200237070107
200237071601
200237071602
200237071603
200237071604
200237071605
200237071606
200237071607
200237071608
200237071609
200237071610
200237071611
200237072901
200237072902
200237072903
200237072904
200237072905
200237091601
200237091602
200237091603
200237091604
200237091605
200237091606
200237091607
200237091608
200237091609