200239012001
200239012002
200239012003
200239012101
200239012102
200239012103
200239022701
200239022702
200239022703
200239022704
200239022705
200239022706
200239022707
200239030201
200239030202
200239030203
200239030204
200239030205
200239030206
200239030207
200239030208
200239030209
200239030210
200239030301
200239030302
200239030303
200239030401
200239030402
200239030403
200239030404
200239030405
200239051701
200239051702
200239051703
200239051704
200239051705
200239051706
200239051707
200239051801
200239051802
200239051803
200239051804
200239051805
200239051806
200239051807
200239051808
200239051809
200239052001
200239052002
200239052003
200239052004
200239052005
200239052006
200239052007
200239052008
200239052009
200239081401
200239081402
200239081403
200239081404
200239081405
200239081406
200239081407
200239081408
200239081409
200239081410
200239081501
200239081502
200239081503
200239081504
200239081505
200239081506
200239081507
200239081508
200239092801
200239092802
200239092803
200239092804
200239092805
200239092806
200239092807
200239092901
200239092902
200239092903
200239092904
200239092905
200239092906
200239092907
200239092908
200239092909