200243010101
200243010102
200243010103
200243010104
200243010105
200243010106
200243010107
200243010108
200243010109
200243010110
200243010111
200243010201
200243010202
200243010203
200243010204
200243010205
200243010206
200243010207
200243010208
200243010209
200243010210
200243010211
200243010301
200243010302
200243010303
200243010304
200243010305
200243010401
200243010402
200243010403
200243010404
200243010405
200243022601
200243022602
200243022603
200243022604
200243022605
200243022606
200243022607
200243022608
200243022609
200243022701
200243022702
200243022703
200243022704
200243022705
200243022706
200243022707
200243022708
200243022709
200243022710
200243022711
200243022801
200243022802
200243022803
200243032601
200243032602
200243032603
200243032604
200243032605
200243032606
200243032607
200243032608
200243032609
200243032701
200243032702
200243032703
200243032704
200243032705
200243032706
200243032707
200243032708
200243032709
200243032710
200243032801
200243032802
200243032803
200243032804
200243041701
200243041702
200243041703
200243041704
200243041705
200243041706
200243041707
200243041708
200243041709
200243041710
200243041901
200243041902
200243041903
200243041904
200243041905
200243041906
200243041907
200243041908
200243041909
200243041910
200243041911
200243050701
200243050702
200243050703
200243050704
200243050705
200243050706
200243050707
200243050708
200243050709
200243050710
200243050711
200243050801
200243050802
200243050803
200243050804
200243050805
200243050806
200243050807
200243050808
200243050809
200243050810
200243061201
200243061202
200243061203
200243061204
200243061205
200243061206
200243061207
200243061208
200243061209
200243061210
200243061211
200243062601
200243062602
200243062603
200243062604
200243062605
200243062606
200243062607
200243062608
200243062609
200243062610
200243062611
200243070101
200243070102
200243070103
200243070104
200243070105
200243070106
200243070107
200243070108
200243070109
200243071601
200243071602
200243071603
200243071604
200243071605
200243071606
200243071607
200243071608
200243071609
200243071610
200243071801
200243071802
200243071803
200243071804
200243071805
200243071806
200243071807
200243071808
200243071809
200243071810
200243082701
200243082702
200243082703
200243082704
200243082705
200243082706
200243082707
200243082708
200243082801
200243082802
200243082803
200243082804
200243082805
200243082806
200243082807
200243082808
200243082809
200243082810
200243082901
200243082902
200243082903
200243082904
200243082905
200243082906
200243082907
200243082908
200243082909
200243091701
200243091702
200243091703
200243091704
200243091705
200243091801
200243091802
200243091803
200243091804
200243091805
200243091806
200243091807
200243091808
200243091809
200243091810
200243091901
200243091902
200243091903
200243091904
200243091905
200243091906
200243091907
200243091908
200243091909
200243093001
200243100201
200243100202
200243100203
200243100204
200243100205
200243100206
200243100207
200243100208
200243100209
200243100210
200243100301
200243100302
200243100303
200243100304
200243100305
200243100306
200243100307
200243100308
200243100309
200243100310
200243100311
200243100312
200243110401
200243110601
200243110602
200243110603
200243110604
200243110605
200243110606
200243110607
200243110608
200243110609
200243110610
200243110611
200243110801
200243110802
200243110803
200243110804
200243120201
200243120202
200243120301
200243120302
200243120303
200243120304
200243120305
200243120401
200243120402
200243120403
200243120404
200243120405
200243120406
200243120407
200243120408
200243120601
200243120602
200243120603
200243120604
200243120605
200243120606
200243120607
200243120608
200243120609
200243120610
200243120611
200243120612