200244010701
200244010702
200244010703
200244010704
200244010705
200244010706
200244010707
200244010708
200244010709
200244010901
200244010902
200244010903
200244011001
200244011002
200244011003
200244011004
200244011005
200244011006
200244011007
200244011008
200244011009
200244011010
200244011101
200244011102
200244011103
200244011104
200244011105
200244011106
200244011107
200244011108
200244011109
200244012101
200244012102
200244012103
200244012104
200244012105
200244012106
200244012107
200244012108
200244012201
200244012202
200244012203
200244012204
200244012205
200244012301
200244012302
200244012303
200244012304
200244012305
200244012306
200244012307
200244012308
200244012309
200244012310
200244012401
200244012402
200244012403
200244012404
200244012405
200244012406
200244012407
200244012408
200244012409
200244021101
200244021102
200244021103
200244021104
200244021105
200244021106
200244021107
200244021108
200244021109
200244021110
200244021111
200244021112
200244021201
200244021202
200244021203
200244021204
200244021205
200244021206
200244021207
200244021208
200244021209
200244021210
200244021211
200244021301
200244021302
200244021303
200244021304
200244021305
200244021306
200244021307
200244021308
200244021901
200244021902
200244021903
200244021904
200244021905
200244022001
200244022002
200244022003
200244022004
200244022005
200244022006
200244022007
200244022008
200244022009
200244030401
200244030402
200244030403
200244030404
200244030405
200244030406
200244030407
200244030408
200244030409
200244030501
200244030502
200244030503
200244030504
200244030505
200244030506
200244030507
200244030508
200244030509
200244030510
200244030511
200244030601
200244030602
200244030603
200244030604
200244030605
200244030606
200244030607
200244030608
200244030609
200244030610
200244030611
200244030612
200244031101
200244031102
200244031103
200244031104
200244031105
200244031106
200244031107
200244031108
200244031109
200244031110
200244031801
200244031802
200244031803
200244031804
200244031805
200244031806
200244031807
200244031808
200244031809
200244031810
200244031901
200244032001
200244032002
200244032003
200244032004
200244032005
200244032006
200244032007
200244032008
200244032009
200244032010
200244032011
200244032101
200244032102
200244032103
200244032104
200244032105
200244032106
200244032107
200244032108
200244032109
200244032110
200244040801
200244040802
200244040803
200244041001
200244041002
200244041003
200244041004
200244041005
200244041006
200244041007
200244041008
200244041009
200244041010
200244041101
200244041102
200244041103
200244041104
200244041105
200244041106
200244041107
200244041108
200244041109
200244041201
200244041202
200244041203
200244041204
200244041205
200244042201
200244042301
200244042302
200244042303
200244042304
200244042305
200244042306
200244042307
200244042308
200244042309
200244042401
200244042402
200244042403
200244042404
200244042405
200244042406
200244042601
200244042602
200244042603
200244042604
200244042605
200244042606
200244042607
200244042608
200244042609
200244042701
200244042702
200244042703
200244042704
200244042705
200244042706
200244042707
200244042708
200244051001
200244051002
200244051003
200244051004
200244051005
200244051006
200244051007
200244051008
200244051009
200244051010
200244051101
200244051102
200244051103
200244051104
200244051105
200244051106
200244051107
200244051108
200244051109
200244051201
200244051202
200244051203
200244051204
200244051205
200244052701
200244052702
200244052703
200244052704
200244052705
200244052706
200244052707
200244052708
200244052709
200244052710
200244052801
200244052802
200244052803
200244052804
200244052805
200244052806
200244052807
200244052808
200244052809
200244052901
200244052902
200244052903
200244052904
200244052905
200244052906
200244052907
200244052908
200244052909
200244053001
200244053002
200244053003
200244053004
200244053005
200244053006
200244053007
200244060101
200244060102
200244061401
200244061402
200244061403
200244061404
200244061405
200244061406
200244061407
200244061408
200244061501
200244061502
200244061503
200244061504
200244061505
200244061506
200244061507
200244061508
200244061509
200244061701
200244061702
200244061703
200244061704
200244061705
200244061706
200244061707
200244061708
200244061801
200244061802
200244061803
200244061804
200244061805
200244061806
200244061807
200244061808
200244061809
200244061901
200244061902
200244061903
200244061904
200244061905
200244061906
200244061907
200244061908
200244061909
200244070301
200244070302
200244070303
200244070304
200244070305
200244070401
200244070402
200244070403
200244070404
200244070405
200244070406
200244070407
200244070408
200244070409
200244070501
200244070502
200244070503
200244070504
200244070505
200244070506
200244070507
200244070508
200244070509
200244070601
200244070602
200244070603
200244070604
200244070605
200244070606
200244070607
200244070608
200244070701
200244070702
200244070703
200244070704
200244070705
200244070706
200244070707
200244070708
200244070709
200244070710
200244071901
200244071902
200244071903
200244071904
200244071905
200244071906
200244071907
200244071908
200244072001
200244072002
200244072003
200244072004
200244072005
200244072006
200244072007
200244072008
200244072101
200244072102
200244072103
200244072201
200244072202
200244072203
200244072301
200244072302
200244072303
200244072304
200244072305
200244072306
200244072307
200244072308
200244072309
200244072401
200244072402
200244072403
200244072404
200244072405
200244072406
200244072407
200244072408
200244072409
200244072410
200244080501
200244080502
200244080503
200244080504
200244080505
200244080506
200244080507
200244080508
200244080601
200244080602
200244080603
200244080604
200244080605
200244080606
200244080607
200244080608
200244080609
200244080610
200244080701
200244080702
200244080703
200244080801
200244080802
200244080803
200244080804
200244080805
200244080806
200244080807
200244080808
200244080809
200244080810
200244080901
200244080902
200244080903
200244080904
200244080905
200244080906
200244081001
200244081002
200244081003
200244081004
200244081005
200244081006
200244081007
200244081008
200244081009
200244081701
200244081702
200244081703
200244081704
200244081705
200244081706
200244081801
200244081802
200244081803
200244081804
200244081805
200244081806
200244081807
200244081808
200244081809
200244081901
200244081902
200244081903
200244081904
200244081905
200244081906
200244081907
200244082001
200244082002
200244082003
200244082004
200244082005
200244082006
200244082007
200244082008
200244082009
200244082101
200244082102
200244082103
200244082104
200244082105
200244082106
200244082107
200244082108
200244082109
200244082110
200244082111
200244082201
200244082202
200244082203
200244082204
200244091201
200244091202
200244091203
200244091204
200244091301
200244091401
200244091402
200244091403
200244091404
200244091405
200244091406
200244091407
200244091601
200244091602
200244091603
200244091604
200244091605
200244091606
200244091607
200244091608
200244091609
200244091610
200244092401
200244092402
200244092403
200244092404
200244092405
200244092406
200244092407
200244092408
200244092409
200244092410
200244092501
200244092502
200244092503
200244092504
200244092505
200244092506
200244092507
200244092508
200244092509
200244092601
200244092602
200244092603
200244092604
200244092605
200244092606
200244092607
200244092701
200244092702
200244092703
200244092704
200244092705
200244092706
200244092801
200244092802
200244092803
200244092804
200244092805
200244092806
200244092807
200244092808
200244101401
200244101402
200244101403
200244101404
200244101405
200244101406
200244101407
200244101408
200244101409
200244101501
200244101502
200244101503
200244101504
200244101505
200244101506
200244101601
200244101602
200244101603
200244101604
200244101605
200244101606
200244101607
200244101608
200244101701
200244101702
200244101703
200244101704
200244101705
200244101706
200244101707
200244101708
200244101709
200244101710
200244101711
200244102901
200244102902
200244102903
200244102904
200244102905
200244102906
200244102907
200244102908
200244103101
200244103102
200244103103
200244103104
200244103105
200244103106
200244110101
200244110102
200244110103
200244110104
200244110105
200244110106
200244110107
200244110108
200244110109
200244110110
200244110201
200244110202
200244110203
200244110204
200244110205
200244110206
200244110207
200244110208
200244110209
200244110210
200244111901
200244111902
200244111903
200244111904
200244111905
200244111906
200244111907
200244111908
200244111909
200244111910
200244112001
200244112002
200244112003
200244112004
200244112005
200244112006
200244112007
200244112008
200244112009
200244112010
200244112011
200244112101
200244112102
200244112103
200244112104
200244112105
200244112106
200244112107
200244112108
200244112109
200244112201
200244112202
200244112203
200244112204
200244112205
200244112206
200244112207
200244112208
200244112209
200244112210
200244112211
200244121001
200244121002
200244121003
200244121004
200244121005
200244121006
200244121007
200244121008
200244121009
200244121010
200244121011
200244121101
200244121102
200244121103
200244121104
200244121105
200244121106
200244121107
200244121108
200244121109
200244121110
200244121111
200244121201
200244121202
200244121203
200244121204
200244121205
200244121206
200244121207
200244121208
200244121301
200244121302
200244121303
200244121304
200244121305
200244121306
200244121307
200244121308
200244121309
200244122801
200244122802
200244122803
200244122804
200244122805
200244122806
200244122807
200244122808
200244122809
200244122810
200244122811
200244122812
200244122901
200244122902
200244122903
200244122904
200244122905
200244122906
200244122907
200244122908
200244122909
200244123001
200244123002
200244123003
200244123004
200244123005
200244123006
200244123007
200244123008
200244123009
200244123101
200244123102
200244123103
200244123104
200244123105
200244123106
200244123107
200244123108
200244123109
200244123110
200244123111