200245012806
200245012905
200245012906
200245012909
200245013009
200245013010
200245013110
200245013111
200245020110
200245021407
200245021506
200245021509
200245021711
200245021810
200245031303
200245031306
200245031309
200245031410
200245031509
200245031511
200245042908
200245043011
200245050106
200245050110
200245050207
200245052111
200245052210
200245052308
200245052310
200245060510
200245060511
200245060608
200245070809
200245070905
200245070910
200245071010
200245071107
200245071110
200245072908
200245072910
200245081209
200245081310
200245081510
200245081611
200245091006
200245091101
200245091108
200245100409
200245100609
200245100803
200245100809
200245102109
200245102310
200245102404
200245102409
200245102503
200245102508
200245111506
200245111509
200245111510
200245111511
200245111702
200245111805
200245111808
200245122307
200245122405
200245122411
200245122504
200245122509
200245122510
200245122607