200246010701
200246010702
200246010703
200246010704
200246010801
200246010802
200246010803
200246010804
200246010805
200246010806
200246010807
200246010808
200246010809
200246041501
200246042901
200246042902
200246042903
200246042904
200246042905
200246042906
200246042907
200246051201
200246051202
200246051203
200246051801
200246051802
200246051803
200246051804
200246051805
200246052501
200246052502
200246052503
200246052504
200246052505
200246052506
200246052507
200246052508
200246052509
200246052510
200246052701
200246052702
200246052703
200246052704
200246052705
200246060901
200246060902
200246060903
200246060904
200246060905
200246060906
200246060907
200246060908
200246060909
200246061001
200246061002
200246061003
200246061004
200246061005
200246061006
200246062301
200246062302
200246062303
200246062304
200246062305
200246062401
200246062402
200246062403
200246062404
200246062405
200246062406
200246062407
200246070801
200246070802
200246070803
200246070804
200246070805
200246070806
200246070807
200246070808
200246070809
200246070810
200246072101
200246072102
200246072103
200246072104
200246072105
200246072106
200246072107
200246072108
200246072109
200246072110
200246072111
200246080301
200246080302
200246080303
200246080304
200246080305
200246080306
200246080307
200246080308
200246080309
200246080310
200246080311
200246080401
200246080402
200246080403
200246080404
200246080405
200246080406
200246080407
200246080408
200246080409
200246080410
200246080411
200246080501
200246080502
200246080503
200246080504
200246080505
200246080506
200246080507
200246080508
200246080509
200246080510
200246081601
200246081602
200246081603
200246081604
200246081605
200246081606
200246081607
200246081608
200246081609
200246081801
200246081802
200246081803
200246081804
200246081805
200246081806
200246081807
200246081808
200246081809
200246081810
200246090201
200246090202
200246090203
200246090204
200246090205
200246090206
200246090207
200246090208
200246090209
200246090210
200246090301
200246090302
200246090303
200246090304
200246090305
200246090306
200246090307
200246090308
200246090309
200246090310
200246091501
200246091502
200246091503
200246091504
200246091505
200246091601
200246091602
200246091603
200246091604
200246091605
200246091606
200246091607
200246091608
200246091609
200246092301
200246092801
200246092802
200246092803
200246092804
200246092805
200246092806
200246092807
200246092808
200246092901
200246092902
200246092903
200246092904
200246092905
200246092906
200246092907
200246092908
200246092909
200246092910
200246092911
200246092912
200246093001
200246093002
200246093003
200246093004
200246093005
200246093006
200246093007
200246093008
200246100701
200246100702
200246100703
200246100704
200246100705
200246101401
200246101402
200246101403
200246101404
200246101405
200246101406
200246101407
200246101408
200246101409
200246101410
200246101411
200246102701
200246102702
200246102703
200246102704
200246102705
200246102706
200246102707
200246102708
200246102709
200246110301
200246110302
200246111801
200246111802
200246111803
200246111804
200246111805
200246112401
200246112402
200246112403
200246112404
200246112405
200246112406
200246112407
200246112408
200246120201
200246120202
200246120203
200246120301
200246120302
200246120303
200246120304
200246120305
200246120306
200246120307
200246120308
200246120901
200246120902
200246120903
200246120904
200246120905
200246120906
200246121401
200246121402
200246121403
200246121404
200246121405
200246121406
200246121407
200246121408
200246121409
200246121410
200246121501
200246121502
200246121503
200246121504
200246121505
200246121506
200246121507
200246121508
200246121509
200246121510
200246122301
200246122302
200246122303
200246122304
200246122305
200246122306
200246122307