200251022801
200251022802
200251022803
200251022804
200251022805
200251022806
200251022807
200251022808
200251030601
200251030602
200251030603
200251030604
200251030605
200251030606
200251030607
200251030608
200251030609
200251030610
200251031201
200251031202
200251031203
200251031204
200251031205
200251031206
200251031207
200251031301
200251031302
200251031303
200251031304
200251031305
200251031306
200251031307
200251031308
200251031309
200251031310
200251031311
200251032601
200251032602
200251032603
200251032604
200251032605
200251032606
200251032607
200251032608
200251101601
200251101602
200251101603
200251101604
200251101605
200251101606
200251101607
200251101608
200251101609
200251101610
200251101611
200251102301
200251102302
200251102303
200251102304
200251102305
200251102306
200251102307
200251102308
200251102309
200251102310
200251102901
200251102902
200251102903
200251102904
200251102905
200251102906
200251102907
200251102908
200251102909
200251102910
200251111301
200251111302
200251111303
200251111304
200251111305
200251111306
200251111307
200251111308
200251111309
200251111401
200251111402
200251111403
200251111404
200251111405
200251111406
200251111407
200251111408