200255010301
200255010302
200255010303
200255010304
200255010305
200255010306
200255010401
200255010402
200255010403
200255010404
200255010405
200255010406
200255010601
200255010602
200255010603
200255010604
200255010605
200255010606
200255010607
200255010608
200255010609
200255012101
200255012102
200255012103
200255012104
200255012105
200255012106
200255012201
200255012202
200255012203
200255012204
200255012205
200255012701
200255012702
200255012703
200255012704
200255012705
200255012706
200255012707
200255012708
200255020901
200255020902
200255020903
200255020904
200255020905
200255020906
200255020907
200255020908
200255020909
200255020910
200255020911
200255021001
200255021002
200255021003
200255021004
200255021005
200255021006
200255021007
200255021008
200255021009
200255021010
200255022001
200255022002
200255022003
200255022004
200255022005
200255022006
200255030401
200255030402
200255030403
200255030404
200255030405
200255032101
200255032102
200255032103
200255032104
200255032105
200255032106
200255032107
200255032301
200255032302
200255032303
200255032304
200255032305
200255032306
200255032401
200255032402
200255032403
200255032404
200255032405
200255032406
200255032407
200255032408
200255032409
200255040701
200255040702
200255040703
200255040704
200255041301
200255041302
200255041303
200255041304
200255041305
200255041306
200255041307
200255041308
200255041309
200255041310
200255042101
200255042102
200255042103
200255042104
200255042105
200255042106
200255042107
200255042108
200255042109
200255042801
200255042802
200255042803
200255042804
200255042805
200255042806
200255050501
200255050502
200255050503
200255050504
200255050505
200255050506
200255050507
200255050508
200255050509
200255051101
200255051102
200255051103
200255051104
200255051105
200255051106
200255052601
200255052602
200255052603
200255052604
200255052605
200255052606
200255052607
200255052608
200255052609
200255060301
200255060302
200255060303
200255060304
200255060305
200255060306
200255060307
200255061001
200255061501
200255061502
200255061503
200255061504
200255061505
200255061506
200255062301
200255071301
200255071302
200255071303
200255071304
200255071305
200255071306
200255072701
200255072702
200255072703
200255072704
200255072705
200255072901
200255072902
200255072903
200255072904
200255072905
200255072906
200255072907
200255072908
200255081401
200255081402
200255081403
200255081404
200255081405
200255081406
200255081407
200255081408
200255081409
200255081410
200255082501
200255082502
200255082503
200255082504
200255082505
200255091501
200255091502
200255091503
200255091504
200255091505
200255100601
200255100602
200255100603
200255100604
200255100605
200255100606
200255100607
200255100608
200255110201
200255110202
200255110203
200255110204
200255110205
200255110206
200255110207
200255110208
200255110209
200255111701
200255111702
200255112301
200255112302
200255112303
200255112304
200255112305
200255112306
200255112307
200255112308
200255120701
200255120702
200255120801
200255120802
200255120803
200255120804
200255120805
200255120806
200255120807
200255120808
200255120809
200255123001
200255123002
200255123003
200255123004
200255123005
200255123006
200255123007
200255123008