200258042401
200258042402
200258042403
200258042404
200258042405
200258042406
200258042407
200258042408
200258042409
200258042901
200258042902
200258042903
200258042904
200258042905
200258042906
200258042907
200258042908
200258042909
200258050101
200258050102
200258050103
200258050104
200258050105
200258050106
200258050501
200258050502
200258050601
200258050602
200258050603
200258050604
200258050605
200258050606
200258050607
200258050608
200258050609
200258051401
200258051402
200258051403
200258051404
200258051405
200258051406
200258051407
200258051408
200258051409
200258051410
200258051501
200258051502
200258051503
200258051601
200258051602
200258051603
200258051604
200258051605
200258051606
200258051607
200258051608
200258051609
200258052201
200258052202
200258052203
200258052204
200258052205
200258052206
200258052207
200258052208
200258052209
200258052301
200258052302
200258052303
200258052304
200258052305
200258052306
200258052307
200258052308
200258052309
200258052310
200258052801
200258052802
200258052803
200258052901
200258052902
200258052903
200258052904
200258052905
200258052906
200258052907
200258052908
200258052909
200258053001
200258053002
200258053003
200258053004
200258053005
200258053006
200258053007
200258053008
200258053009
200258053010
200258053011
200258060401
200258060402
200258060403
200258060404
200258060405
200258060406
200258060407
200258060408
200258060409
200258060501
200258060502
200258060503
200258060601
200258060602
200258060603
200258060604
200258060605
200258060606
200258060607
200258060608
200258061101
200258061102
200258061103
200258061104
200258061105
200258061106
200258061107
200258061108
200258061109
200258061110
200258061201
200258061202
200258061203
200258061204
200258061205
200258061206
200258061207
200258061208
200258061209
200258061210
200258061211
200258061301
200258061302
200258061303
200258061304
200258061305
200258061306
200258061307
200258061308
200258061309
200258061310
200258061311