201335050401
201335050402
201335050403
201335050404
201335050405
201335050406
201335050407
201335050408
201335050409
201335050410
201335050411
201335050501
201335050502
201335050503
201335050504
201335050505
201335050506
201335050507
201335050508
201335050601
201335051101
201335051102
201335051103
201335051104
201335051105
201335051106
201335051107
201335051108
201335051201
201335051202
201335051203
201335051204
201335051205
201335051206
201335051207
201335051208
201335051209
201335051210
201335051301
201335051302
201335051303
201335051304
201335051305
201335051306
201335051307
201335051308
201335051309
201335051310
201335051801
201335051802
201335051803
201335051804
201335051805
201335051806
201335051807
201335051808
201335051809
201335051810
201335051901
201335051902
201335051903
201335051904
201335051905
201335051906
201335051907
201335051908
201335051909
201335052001
201335052002
201335052003
201335052004
201335052005
201335052006
201335052007
201335052008
201335052009
201335052501
201335052502
201335052503
201335052504
201335052505
201335052506
201335052507
201335052508
201335052509
201335052510
201335052601
201335052602
201335052603
201335052604
201335052701
201335052702
201335052703
201335052704
201335052705
201335052706
201335052707
201335052708
201335052709
201335052710
201335060101
201335060102
201335060103
201335060104
201335060105
201335060106
201335060107
201335060108
201335060109
201335060110
201335060111
201335060201
201335060202
201335060203
201335060204
201335060205
201335060206
201335060207
201335060208
201335060301
201335060302
201335060303
201335060304
201335060305
201335060306
201335060307
201335060308
201335060309
201335060310
201335060801
201335060802
201335060803
201335060804
201335060805
201335060806
201335060807
201335060808
201335060809
201335060810
201335060901
201335060902
201335060903
201335060904
201335061001
201335061002
201335061003
201335061004
201335061005
201335061006
201335061007
201335061008
201335061009
201335071301
201335071302
201335071303
201335071304
201335071305
201335071306
201335071307
201335071308
201335071309
201335071310
201335071401
201335071402
201335071403
201335071404
201335071405
201335071406
201335071407
201335071408
201335071409
201335071410
201335071501
201335071502
201335071503
201335071504
201335071505
201335071506
201335071507
201335071508
201335071509
201335071510
201335071511
201335072001
201335072002
201335072003
201335072004
201335072005
201335072006
201335072007
201335072008
201335072009
201335072010
201335072101
201335072102
201335072103
201335072104
201335072105
201335072106
201335072107
201335072108
201335072109
201335072110
201335072111
201335072201
201335072202
201335072203
201335072204
201335072205
201335072206
201335072207
201335072208
201335072209
201335072210
201335072701
201335072702
201335072703
201335072704
201335072705
201335072706
201335072707
201335072801
201335072802
201335072803
201335072804
201335072805
201335072806
201335072807
201335072808
201335072809
201335072810
201335072901
201335072902
201335072903
201335072904
201335072905
201335072906
201335072907
201335072908
201335080401
201335080402
201335080403
201335080404
201335080405
201335080406
201335080407
201335080408
201335080409
201335080410
201335080501
201335080502
201335080503
201335080504
201335080505
201335080506
201335080507
201335080508
201335080509
201335080510
201335080511
201335081401
201335081402
201335081403
201335081404
201335081405
201335081406
201335081407
201335081408
201335081409
201335081501
201335081502
201335081503
201335081504
201335081505
201335081506
201335081507
201335081508
201335081601
201335081602
201335081603
201335081604
201335081605
201335081606
201335081607
201335081608
201335081609
201335081610
201335081701
201335081702
201335081703
201335081704
201335081705
201335081706
201335081707
201335081708
201335081709
201335081801
201335081802
201335081803
201335081804
201335081805
201335081806
201335081807
201335081808
201335081809
201335081810
201335092101
201335092102
201335092103
201335092104
201335092105
201335092106
201335092107
201335092108
201335092109
201335092110
201335092111
201335092201
201335092202
201335092203
201335092204
201335092205
201335092206
201335092207
201335092208
201335092209
201335092210
201335092211
201335092301
201335092302
201335092303
201335092901
201335092902
201335092903
201335092904
201335092905
201335092906
201335092907
201335092908
201335092909
201335092910
201335092911
201335093001
201335093002
201335093003
201335093004
201335093005
201335093006
201335093007
201335093008
201335093009
201335093010
201335100501
201335100601
201335100602
201335100603
201335100604
201335100605
201335100606
201335100607
201335100608
201335100609
201335100610
201335100701
201335100702
201335100703
201335100704
201335100705
201335100706
201335100707
201335100708
201335100709
201335101201
201335101202
201335101203
201335101204
201335101205
201335101206
201335101207
201335101208
201335101209
201335101210
201335101301
201335101302
201335101303
201335101304
201335101305
201335101306
201335101307
201335101308
201335101309
201335101310
201335101401
201335101402
201335101403
201335101404
201335101405
201335101406
201335101407
201335101408
201335101409
201335101410
201335101411
201335101901
201335101902
201335101903
201335101904
201335101905
201335101906
201335101907
201335101908
201335101909
201335101910
201335101911
201335102001
201335102002
201335102101
201335102102
201335102103
201335102104
201335102105
201335102106
201335102107
201335102108
201335102109
201335102110
201335102601
201335102602
201335102701
201335102702
201335102703
201335102704
201335102705
201335102706
201335102707
201335102708
201335102709
201335102710
201335102801
201335110201
201335110202
201335110203
201335110204
201335110205
201335110206
201335110207
201335110208
201335110209
201335110210
201335110211
201335110301
201335110302
201335110303
201335110304
201335110305
201335110306
201335110307
201335110308
201335110401
201335110402
201335110403
201335110404
201335110405
201335110406
201335110407
201335110408
201335110409
201335110410
201335110411
201335110901
201335110902
201335111001
201335111101
201335111102
201335111103
201335111104
201335111105
201335111106
201335111107
201335111108
201335111109
201335111110