201336010201
201336010307
201336010311
201336010510
201336010606
201336010609
201336010610
201336011310
201336011311
201336032301
201336032306
201336032311
201336032401
201336032402
201336032511
201336033010
201336033102
201336040603
201336040605
201336040607
201336040708
201336040710
201336040810
201336041303
201336041305
201336041307
201336041402
201336041509
201336041511
201336042103
201336042108
201336042201
201336042207
201336042704
201336042901
201336042909
201336042910
201336042911
201336061508
201336061511
201336061602
201336061604
201336061607
201336061707
201336062207
201336062211
201336062303
201336062307
201336062308
201336062312
201336062409
201336062908
201336063008
201336063009
201336063010
201336070102
201336070104
201336070106
201336070601
201336070610
201336070611
201336082403
201336090110
201336090207
201336090208
201336090209
201336090210
201336090702
201336090711
201336090906
201336091410
201336091508
201336091511
201336111602
201336111605
201336111606
201336111607
201336111608
201336111611
201336111701
201336111710
201336111801
201336111808
201336111809
201336112304
201336112406
201336112409
201336112410
201336112509
201336113006
201336113007
201336113009
201336113011
201336120101
201336120103
201336120107
201336120109
201336120210
201336120809
201336120902
201336120909
201336121505
201336121507
201336121508
201336121609
201336122102
201336122202
201336122209
201336122211
201336122307
201336123006
201336123007
201336123102
201336123110