201342011501
201342011502
201342011503
201342011504
201342011505
201342011506
201342011507
201342011508
201342011509
201342011510
201342011511
201342011601
201342011602
201342011603
201342011604
201342011605
201342011606
201342011607
201342011608
201342011609
201342011610
201342011611
201342011701
201342011702
201342011703
201342011704
201342011705
201342011706
201342011707
201342011708
201342011709
201342011710
201342011711
201342011712
201342011801
201342011802
201342011803
201342011804
201342011805
201342011806
201342011807
201342011808
201342011809
201342011810
201342011811
201342011812
201342021101
201342021102
201342021103
201342021104
201342021105
201342021106
201342021107
201342021108
201342021109
201342021110
201342021111
201342021112
201342021201
201342021202
201342021203
201342021204
201342021205
201342021206
201342021207
201342021208
201342021209
201342021210
201342021211
201342021212
201342021301
201342021302
201342021303
201342021304
201342021305
201342021306
201342021307
201342021308
201342021309
201342021310
201342021311
201342021401
201342021402
201342021403
201342021404
201342021405
201342021406
201342021407
201342021408
201342021409
201342021410
201342021411
201342021412
201342021501
201342021502
201342021503
201342021504
201342021505
201342021506
201342021507
201342021508
201342021509
201342021510
201342021511
201342021512
201342031801
201342031802
201342031803
201342031804
201342031805
201342031806
201342031807
201342031808
201342031809
201342031810
201342031811
201342031812
201342031901
201342031902
201342031903
201342031904
201342031905
201342031906
201342031907
201342031908
201342031909
201342031910
201342031911
201342031912
201342032001
201342032002
201342032003
201342032004
201342032005
201342032006
201342032007
201342032008
201342032009
201342032010
201342032011
201342032101
201342032102
201342032103
201342032104
201342032105
201342032106
201342032107
201342032108
201342032109
201342032110
201342032111
201342032112
201342032201
201342032202
201342032203
201342032204
201342032205
201342032206
201342032207
201342032208
201342032209
201342032210
201342032211
201342032212
201342042901
201342042902
201342042903
201342042904
201342042905
201342042906
201342042907
201342042908
201342042909
201342042910
201342042911
201342042912
201342043001
201342043002
201342043003
201342043004
201342043005
201342043006
201342043007
201342043008
201342043009
201342043010
201342043011
201342043012
201342050101
201342050102
201342050103
201342050104
201342050105
201342050106
201342050107
201342050108
201342050109
201342050110
201342050111
201342050112
201342050201
201342050202
201342050203
201342050204
201342050205
201342050206
201342050207
201342050208
201342050209
201342050210
201342050211
201342050212
201342050301
201342050302
201342050303
201342050304
201342050305
201342050306
201342050307
201342050308
201342050309
201342050310
201342050311
201342050312
201342052701
201342052702
201342052703
201342052704
201342052705
201342052706
201342052707
201342052708
201342052709
201342052801
201342052802
201342052803
201342052804
201342052805
201342052806
201342052807
201342052808
201342052809
201342052810
201342052811
201342052901
201342052902
201342052903
201342052904
201342052905
201342052906
201342052907
201342052908
201342052909
201342052910
201342052911
201342052912
201342053001
201342053002
201342053003
201342053004
201342053005
201342053006
201342053007
201342053008
201342053009
201342053010
201342053011
201342053012
201342053101
201342053102
201342053103
201342053104
201342053105
201342053106
201342053107
201342053108
201342053109
201342053110
201342053111
201342071801
201342071802
201342071803
201342071804
201342071805
201342071806
201342071807
201342071808
201342071809
201342071810
201342071811
201342071812
201342071901
201342071902
201342071903
201342071904
201342071905
201342071906
201342071907
201342071908
201342071909
201342071910
201342071911
201342071912
201342080801
201342080802
201342080803
201342080804
201342080805
201342080806
201342080807
201342080808
201342080809
201342080810
201342080811
201342080812
201342080901
201342080902
201342080903
201342080904
201342080905
201342080906
201342080907
201342080908
201342080909
201342080910
201342080911
201342080912
201342091101
201342091102
201342091103
201342091104
201342091105
201342091106
201342091107
201342091108
201342091109
201342091110
201342091111
201342091112
201342091201
201342091202
201342091203
201342091204
201342091205
201342091206
201342091207
201342091208
201342091209
201342091210
201342091211
201342091212
201342091301
201342091302
201342091303
201342091304
201342091305
201342091306
201342091307
201342091308
201342091309
201342091310
201342091311
201342102101
201342102102
201342102103
201342102104
201342102105
201342102106
201342102107
201342102108
201342102109
201342102110
201342102111
201342102201
201342102202
201342102203
201342102204
201342102205
201342102206
201342102207
201342102208
201342102209
201342102210
201342102211
201342102212
201342102301
201342102302
201342102303
201342102304
201342102305
201342102306
201342102307
201342102308
201342102309
201342102310
201342102401
201342102402
201342102403
201342102404
201342102405
201342102406
201342102407
201342102408
201342102409
201342102410
201342102411
201342102412
201342102501
201342102502
201342102503
201342102504
201342102505
201342102506
201342102507
201342102508
201342102509
201342102510
201342102511
201342111801
201342111802
201342111803
201342111804
201342111805
201342111806
201342111807
201342111808
201342111809
201342111810
201342111811
201342111901
201342111902
201342111903
201342111904
201342111905
201342111906
201342111907
201342111908
201342111909
201342111910
201342111911
201342112001
201342112002
201342112003
201342112004
201342112005
201342112006
201342112007
201342112008
201342112009
201342112010
201342112011
201342112101
201342112102
201342112103
201342112104
201342112105
201342112106
201342112107
201342112108
201342112109
201342112110
201342112111
201342112201
201342112202
201342112203
201342112204
201342112205
201342112206
201342112207
201342112208
201342112209
201342112210
201342112211
201342120901
201342120902
201342120903
201342120904
201342120905
201342120906
201342120907
201342120908
201342120909
201342120910
201342120911
201342121001
201342121002
201342121003
201342121004
201342121005
201342121006
201342121007
201342121008
201342121009
201342121010
201342121011
201342121101
201342121102
201342121103
201342121104
201342121105
201342121106
201342121107
201342121108
201342121109
201342121110
201342121111
201342121201
201342121202
201342121203
201342121204
201342121205
201342121206
201342121207
201342121208
201342121209
201342121210
201342121211
201342121301
201342121302
201342121303
201342121304
201342121305
201342121306
201342121307
201342121308
201342121309
201342121310
201342122401
201342122402
201342122403
201342122404
201342122405
201342122406
201342122407
201342122408
201342122409
201342122410
201342122411
201342122412
201342122501
201342122502
201342122503
201342122504
201342122505
201342122506
201342122507
201342122508
201342122509
201342122510
201342122511
201342122512
201342122601
201342122602
201342122603
201342122604
201342122605
201342122606
201342122607
201342122608
201342122609
201342122610
201342122611
201342122612