201343010701
201343010702
201343010703
201343010704
201343010705
201343010706
201343010707
201343010708
201343010709
201343010710
201343010711
201343010801
201343010802
201343010803
201343010804
201343010805
201343010806
201343010807
201343010808
201343010809
201343010810
201343010811
201343010901
201343010902
201343010903
201343010904
201343010905
201343010906
201343010907
201343010908
201343010909
201343010910
201343010911
201343010912
201343011001
201343011002
201343011003
201343011004
201343011005
201343011006
201343011007
201343011008
201343011009
201343011010
201343011101
201343011102
201343011103
201343011104
201343011105
201343011106
201343011107
201343011108
201343011109
201343011110
201343011111
201343011112
201343020401
201343020402
201343020403
201343020404
201343020405
201343020406
201343020407
201343020408
201343020409
201343020410
201343020411
201343020501
201343020502
201343020503
201343020504
201343020505
201343020506
201343020507
201343020508
201343020509
201343020510
201343020601
201343020602
201343020603
201343020604
201343020605
201343020606
201343020607
201343020608
201343020609
201343020610
201343020611
201343020612
201343020701
201343020702
201343020703
201343020704
201343020705
201343020706
201343020707
201343020708
201343020709
201343020710
201343020711
201343020801
201343020802
201343020803
201343020804
201343020805
201343020806
201343020807
201343020808
201343020809
201343020810
201343020811
201343020812
201343031101
201343031102
201343031103
201343031104
201343031105
201343031106
201343031107
201343031108
201343031109
201343031110
201343031111
201343031201
201343031202
201343031203
201343031204
201343031205
201343031206
201343031207
201343031208
201343031209
201343031210
201343031211
201343031301
201343031302
201343031303
201343031304
201343031305
201343031306
201343031307
201343031308
201343031309
201343031310
201343031311
201343031312
201343031401
201343031402
201343031403
201343031404
201343031405
201343031406
201343031407
201343031408
201343031409
201343031410
201343031411
201343031412
201343031501
201343031502
201343031503
201343031504
201343031505
201343031506
201343031507
201343031508
201343031509
201343031510
201343031511
201343031512
201343040101
201343040102
201343040103
201343040104
201343040105
201343040106
201343040107
201343040108
201343040109
201343040110
201343040111
201343040201
201343040202
201343040203
201343040204
201343040205
201343040206
201343040207
201343040208
201343040209
201343040210
201343040301
201343040302
201343040303
201343040304
201343040305
201343040306
201343040307
201343040308
201343040309
201343040310
201343040311
201343040401
201343040402
201343040403
201343040404
201343040405
201343040406
201343040407
201343040408
201343040409
201343040410
201343040411
201343040501
201343040502
201343040503
201343040504
201343040505
201343040506
201343040507
201343040508
201343040509
201343040510
201343040511
201343050601
201343050602
201343050603
201343050604
201343050605
201343050606
201343050607
201343050608
201343050609
201343050610
201343050611
201343050612
201343050701
201343050702
201343050703
201343050704
201343050705
201343050706
201343050707
201343050708
201343050709
201343050710
201343050711
201343050712
201343050801
201343050802
201343050803
201343050804
201343050805
201343050806
201343050807
201343050808
201343050809
201343050810
201343050811
201343050812
201343050901
201343050902
201343050903
201343050904
201343050905
201343050906
201343050907
201343050908
201343050909
201343050910
201343050911
201343050912
201343051001
201343051002
201343051003
201343051004
201343051005
201343051006
201343051007
201343051008
201343051009
201343051010
201343051011
201343051012
201343061701
201343061702
201343061703
201343061704
201343061705
201343061706
201343061707
201343061708
201343061709
201343061710
201343061711
201343061801
201343061802
201343061803
201343061804
201343061805
201343061806
201343061807
201343061808
201343061809
201343061810
201343061811
201343061901
201343061902
201343061903
201343061904
201343061905
201343061906
201343061907
201343061908
201343061909
201343061910
201343061911
201343062001
201343062002
201343062003
201343062004
201343062005
201343062006
201343062007
201343062008
201343062009
201343062010
201343062011
201343062101
201343062102
201343062103
201343062104
201343062105
201343062106
201343062107
201343062108
201343062109
201343062110
201343062111
201343071501
201343071502
201343071503
201343071504
201343071505
201343071506
201343071507
201343071508
201343071509
201343071510
201343071511
201343071601
201343071602
201343071603
201343071604
201343071605
201343071606
201343071607
201343071608
201343071609
201343071610
201343071611
201343071612
201343071701
201343071702
201343071703
201343071704
201343071705
201343071706
201343071707
201343071708
201343071709
201343071710
201343071711
201343071712
201343080501
201343080502
201343080503
201343080504
201343080505
201343080506
201343080507
201343080508
201343080509
201343080510
201343080511
201343080512
201343080601
201343080602
201343080603
201343080604
201343080605
201343080606
201343080607
201343080608
201343080609
201343080610
201343080611
201343080612
201343080701
201343080702
201343080703
201343080704
201343080705
201343080706
201343080707
201343080708
201343080709
201343080710
201343080711
201343080712
201343090601
201343090602
201343090603
201343090604
201343090605
201343090606
201343090607
201343090608
201343090609
201343090610
201343090611
201343090612
201343090901
201343090902
201343090903
201343090904
201343090905
201343090906
201343090907
201343090908
201343090909
201343090910
201343090911
201343090912
201343091001
201343091002
201343091003
201343091004
201343091005
201343091006
201343091007
201343091008
201343091009
201343091010
201343091011
201343091012
201343092301
201343092302
201343092303
201343092304
201343092305
201343092306
201343092307
201343092308
201343092309
201343092310
201343092311
201343092312
201343092401
201343092402
201343092403
201343092404
201343092405
201343092406
201343092407
201343092408
201343092409
201343092410
201343092501
201343092502
201343092503
201343092504
201343092505
201343092506
201343092507
201343092508
201343092509
201343092510
201343092511
201343092512
201343092601
201343092602
201343092603
201343092604
201343092605
201343092606
201343092607
201343092608
201343092609
201343092610
201343092611
201343092612
201343092701
201343092702
201343092703
201343092704
201343092705
201343092706
201343092707
201343092708
201343092709
201343092710
201343102801
201343102802
201343102803
201343102804
201343102805
201343102806
201343102807
201343102808
201343102809
201343102810
201343102901
201343102902
201343102903
201343102904
201343102905
201343102906
201343102907
201343102908
201343102909
201343102910
201343102911
201343103001
201343103002
201343103003
201343103004
201343103005
201343103006
201343103007
201343103008
201343103009
201343103010
201343103011
201343103012
201343103101
201343103102
201343103103
201343103104
201343103105
201343103106
201343103107
201343103108
201343103109
201343103110
201343103111
201343103112
201343110101
201343110102
201343110103
201343110104
201343110105
201343110106
201343110107
201343110108
201343110109
201343110110
201343120201
201343120202
201343120203
201343120204
201343120205
201343120206
201343120207
201343120208
201343120209
201343120210
201343120211
201343120301
201343120302
201343120303
201343120304
201343120305
201343120306
201343120307
201343120308
201343120309
201343120310
201343120311
201343120401
201343120402
201343120403
201343120404
201343120405
201343120406
201343120407
201343120408
201343120409
201343120410
201343120411
201343120501
201343120502
201343120503
201343120504
201343120505
201343120506
201343120507
201343120508
201343120509
201343120510
201343120511
201343120601
201343120602
201343120603
201343120604
201343120605
201343120606
201343120607
201343120608
201343120609
201343120610
201343120611