201344012101
201344012102
201344012103
201344012104
201344012105
201344012106
201344012107
201344012108
201344012109
201344012110
201344012111
201344012201
201344012202
201344012203
201344012204
201344012205
201344012206
201344012207
201344012208
201344012209
201344012210
201344012211
201344012212
201344012301
201344012302
201344012303
201344012304
201344012305
201344012306
201344012307
201344012308
201344012309
201344012310
201344012311
201344012401
201344012402
201344012403
201344012404
201344012405
201344012406
201344012407
201344012408
201344012409
201344012410
201344012411
201344012412
201344012501
201344012502
201344012503
201344012504
201344012505
201344012506
201344012507
201344012508
201344012509
201344012510
201344012511
201344012512
201344021801
201344021802
201344021803
201344021804
201344021805
201344021806
201344021807
201344021808
201344021809
201344021810
201344021811
201344021812
201344021901
201344021902
201344021903
201344021904
201344021905
201344021906
201344021907
201344021908
201344021909
201344021910
201344021911
201344021912
201344022001
201344022002
201344022003
201344022004
201344022005
201344022006
201344022007
201344022008
201344022009
201344022010
201344022011
201344022012
201344022101
201344022102
201344022103
201344022104
201344022105
201344022106
201344022107
201344022108
201344022109
201344022110
201344022111
201344022112
201344022201
201344022202
201344022203
201344022204
201344022205
201344022206
201344022207
201344022208
201344022209
201344022210
201344022211
201344022212
201344030401
201344030402
201344030403
201344030404
201344030405
201344030406
201344030407
201344030408
201344030409
201344030410
201344030411
201344030501
201344030502
201344030503
201344030504
201344030505
201344030506
201344030507
201344030508
201344030509
201344030510
201344030511
201344030601
201344030602
201344030603
201344030604
201344030605
201344030606
201344030607
201344030608
201344030609
201344030610
201344030611
201344030701
201344030702
201344030703
201344030704
201344030705
201344030706
201344030707
201344030708
201344030709
201344030710
201344030711
201344030712
201344030801
201344030802
201344030803
201344030804
201344030805
201344030806
201344030807
201344030808
201344030809
201344030810
201344030811
201344032401
201344032402
201344032403
201344032404
201344032405
201344032406
201344032407
201344032408
201344032501
201344032502
201344032503
201344032504
201344032505
201344032506
201344032507
201344032508
201344032509
201344032510
201344032601
201344032602
201344032603
201344032604
201344032605
201344032606
201344032607
201344032608
201344032609
201344032610
201344032611
201344032701
201344032702
201344032703
201344032704
201344032705
201344032706
201344032707
201344032708
201344032709
201344032710
201344032711
201344032712
201344032801
201344032802
201344032803
201344032804
201344032805
201344032901
201344032902
201344032903
201344032904
201344032905
201344032906
201344040701
201344040702
201344040703
201344040704
201344040705
201344040706
201344040707
201344040708
201344040801
201344040802
201344040803
201344040804
201344040805
201344040806
201344040807
201344040808
201344040809
201344040810
201344040901
201344040902
201344040903
201344040904
201344040905
201344040906
201344040907
201344040908
201344040909
201344040910
201344041001
201344041002
201344041003
201344041004
201344041005
201344041006
201344041007
201344041008
201344041009
201344041010
201344041011
201344041012
201344041101
201344041102
201344041103
201344041104
201344041201
201344041202
201344041203
201344041204
201344041205
201344041206
201344041207
201344041208
201344041209
201344042201
201344042202
201344042203
201344042204
201344042205
201344042206
201344042207
201344042208
201344042209
201344042210
201344042211
201344042301
201344042302
201344042303
201344042304
201344042305
201344042306
201344042307
201344042308
201344042309
201344042310
201344042311
201344042312
201344042401
201344042402
201344042403
201344042404
201344042405
201344042406
201344042407
201344042408
201344042409
201344042501
201344042502
201344042503
201344042504
201344042505
201344042506
201344042507
201344042508
201344042509
201344042510
201344042511
201344042512
201344042601
201344042602
201344042603
201344042604
201344042605
201344042606
201344042607
201344042608
201344042609
201344042610
201344042611
201344051201
201344051202
201344051203
201344051204
201344051205
201344051206
201344051207
201344051208
201344051301
201344051302
201344051303
201344051304
201344051305
201344051306
201344051307
201344051308
201344051309
201344051310
201344051401
201344051402
201344051403
201344051404
201344051405
201344051406
201344051407
201344051408
201344051409
201344051410
201344051501
201344051502
201344051503
201344051504
201344051505
201344051506
201344051507
201344051508
201344051509
201344051510
201344051511
201344051601
201344051602
201344051603
201344051604
201344051605
201344051606
201344051607
201344051608
201344051609
201344051610
201344051701
201344051702
201344051703
201344051704
201344051705
201344051706
201344051707
201344051708
201344051709
201344060201
201344060202
201344060203
201344060204
201344060205
201344060206
201344060207
201344060208
201344060301
201344060302
201344060303
201344060304
201344060305
201344060306
201344060307
201344060308
201344060309
201344060401
201344060402
201344060403
201344060404
201344060405
201344060406
201344060407
201344060408
201344060409
201344060410
201344060411
201344060501
201344060502
201344060503
201344060504
201344060505
201344060506
201344060507
201344060508
201344060509
201344060510
201344060511
201344060512
201344060601
201344060602
201344060603
201344060604
201344060605
201344060606
201344060607
201344060608
201344060609
201344060610
201344060611
201344060701
201344060702
201344060703
201344060704
201344060705
201344060706
201344060707
201344060708
201344060709
201344060710
201344060711
201344062301
201344062302
201344062401
201344062402
201344062403
201344062404
201344062405
201344062406
201344062407
201344062408
201344062409
201344062501
201344062502
201344062503
201344062504
201344062505
201344062506
201344062507
201344062508
201344062509
201344062510
201344062511
201344062601
201344062602
201344062603
201344062604
201344062605
201344062606
201344062607
201344062608
201344062609
201344062610
201344062611
201344062612
201344062701
201344062702
201344062703
201344062704
201344062705
201344062706
201344062707
201344062708
201344062709
201344062710
201344062711
201344062801
201344062802
201344062803
201344062804
201344062805
201344062806
201344062807
201344062808
201344062809
201344062810
201344062811
201344070801
201344070802
201344070803
201344070804
201344070805
201344070806
201344070807
201344070808
201344070809
201344070810
201344070811
201344070812
201344070901
201344070902
201344070903
201344070904
201344070905
201344070906
201344070907
201344070908
201344070909
201344070910
201344070911
201344070912
201344071001
201344071002
201344071003
201344071004
201344071005
201344071006
201344071007
201344071008
201344071009
201344071010
201344071011
201344071012
201344071101
201344071102
201344071103
201344071104
201344071105
201344071106
201344071107
201344071108
201344071109
201344071110
201344071111
201344071112
201344071201
201344071202
201344071203
201344071204
201344071205
201344071206
201344071207
201344071208
201344071209
201344071210
201344071211
201344071212
201344072901
201344072902
201344072903
201344072904
201344072905
201344072906
201344072907
201344072908
201344072909
201344072910
201344072911
201344073001
201344073002
201344073003
201344073004
201344073005
201344073006
201344073007
201344073008
201344073009
201344073010
201344073011
201344073012
201344073101
201344073102
201344073103
201344073104
201344073105
201344073106
201344080101
201344080102
201344080103
201344080104
201344080105
201344080106
201344080107
201344080108
201344080109
201344080110
201344080111
201344080201
201344080202
201344080203
201344080204
201344080205
201344080206
201344080207
201344080208
201344080209
201344080210
201344080211
201344080212
201344081201
201344081202
201344081203
201344081204
201344081205
201344081206
201344081207
201344081301
201344081302
201344081303
201344081304
201344081305
201344081306
201344081307
201344081308
201344081309
201344081310
201344081311
201344081312
201344081401
201344081402
201344081403
201344081404
201344081405
201344081406
201344081407
201344081408
201344081409
201344081410
201344081411
201344081412
201344081501
201344081502
201344081503
201344081504
201344081505
201344081506
201344081507
201344081508
201344081509
201344081510
201344081601
201344081602
201344081603
201344081604
201344081605
201344081606
201344081607
201344081608
201344081609
201344081610
201344081611
201344081612
201344082601
201344082602
201344082603
201344082604
201344082605
201344082606
201344082607
201344082608
201344082609
201344082610
201344082611
201344082612
201344082701
201344082702
201344082703
201344082704
201344082705
201344082706
201344082707
201344082708
201344082709
201344082710
201344082711
201344082712
201344082801
201344082802
201344082803
201344082804
201344082805
201344082806
201344082807
201344082808
201344082809
201344082810
201344082811
201344082812
201344082901
201344082902
201344082903
201344082904
201344082905
201344082906
201344082907
201344082908
201344082909
201344082910
201344083001
201344083002
201344083003
201344083004
201344083005
201344083006
201344083007
201344083008
201344083009
201344083010
201344083011
201344083012
201344091701
201344091702
201344091703
201344091704
201344091705
201344091706
201344091707
201344091708
201344091709
201344091710
201344091711
201344091712
201344091801
201344091802
201344091803
201344091804
201344091805
201344091806
201344091807
201344091808
201344091809
201344091810
201344091811
201344091812
201344091901
201344091902
201344091903
201344091904
201344091905
201344091906
201344091907
201344091908
201344091909
201344091910
201344091911
201344091912
201344092001
201344092002
201344092003
201344092004
201344092005
201344092006
201344092007
201344092008
201344092009
201344092010
201344092011
201344092012
201344092901
201344092902
201344092903
201344092904
201344092905
201344092906
201344093001
201344093002
201344093003
201344093004
201344093005
201344093006
201344093007
201344093008
201344093009
201344093010
201344100101
201344100102
201344100103
201344100104
201344100105
201344100106
201344100107
201344100108
201344100109
201344100110
201344100111
201344100201
201344100202
201344100203
201344100204
201344100205
201344100206
201344100207
201344100208
201344100209
201344100210
201344100301
201344100302
201344100303
201344100304
201344100305
201344100306
201344100307
201344100308
201344100309
201344100310
201344100311
201344100401
201344100402
201344100403
201344100404
201344100405
201344100406
201344100407
201344100408
201344100409
201344100410
201344101401
201344101402
201344101403
201344101404
201344101405
201344101406
201344101407
201344101408
201344101409
201344101501
201344101502
201344101503
201344101504
201344101505
201344101506
201344101507
201344101508
201344101509
201344101510
201344101511
201344101512
201344101601
201344101602
201344101603
201344101604
201344101605
201344101606
201344101607
201344101608
201344101609
201344101610
201344101611
201344101612
201344101701
201344101702
201344101703
201344101704
201344101705
201344101706
201344101707
201344101708
201344101709
201344101710
201344101711
201344101712
201344101801
201344101802
201344101803
201344101804
201344101805
201344101806
201344110401
201344110402
201344110403
201344110404
201344110405
201344110406
201344110407
201344110408
201344110409
201344110410
201344110501
201344110502
201344110503
201344110504
201344110505
201344110506
201344110507
201344110508
201344110509
201344110510
201344110511
201344110512
201344110601
201344110602
201344110603
201344110604
201344110605
201344110606
201344110607
201344110608
201344110609
201344110610
201344110611
201344110612
201344110701
201344110702
201344110703
201344110704
201344110705
201344110706
201344110707
201344110708
201344110709
201344110710
201344110711
201344110712
201344110801
201344110802
201344110803
201344110804
201344110805
201344110806
201344110807
201344110808
201344110809
201344110810
201344110811
201344112401
201344112402
201344112403
201344112404
201344112405
201344112406
201344112407
201344112408
201344112501
201344112502
201344112503
201344112504
201344112505
201344112506
201344112507
201344112508
201344112601
201344112602
201344112603
201344112604
201344112605
201344112606
201344112607
201344112608
201344112609
201344112610
201344112611
201344112701
201344112702
201344112703
201344112704
201344112705
201344112706
201344112707
201344112708
201344112709
201344112710
201344112711
201344112712
201344112801
201344112802
201344112803
201344112804
201344112805
201344112806
201344112807
201344112808
201344112809
201344112810
201344112901
201344112902
201344112903
201344112904
201344112905
201344112906
201344112907
201344112908
201344112909
201344112910
201344112911
201344112912
201344122601
201344122602
201344122603
201344122604
201344122605
201344122606
201344122607
201344122701
201344122702
201344122703
201344122704
201344122705
201344122706
201344122707
201344122708
201344122709
201344122710
201344122711
201344122712
201344122801
201344122802
201344122803
201344122804
201344122805
201344122806
201344122807
201344122808
201344122809
201344122810
201344122811
201344122812
201344122901
201344122902
201344122903
201344122904
201344122905
201344122906
201344122907
201344122908
201344122909
201344122910
201344122911
201344122912
201344123001
201344123002
201344123003
201344123004
201344123005
201344123006
201344123007
201344123008
201344123009
201344123010
201344123011
201344123012
201344123101
201344123102
201344123103
201344123104
201344123105
201344123106
201344123107
201344123108
201344123109
201344123110
201344123111
201344123112