201348010103
201348010104
201348010110
201348010203
201348010207
201348010310
201348010408
201348010410
201348010704
201348010706
201348010708
201348010709
201348011403
201348011404
201348011406
201348011409
201348011603
201348011604
201348011707
201348011708
201348011803
201348011806
201348011810
201348012804
201348012908
201348013106
201348013108
201348013110
201348020103
201348020107
201348020109
201348020110
201348020401
201348020404
201348020608
201348020609
201348020706
201348020710
201348020807
201348020810
201348021802
201348022007
201348022008
201348022009
201348022107
201348022205
201348022208
201348022210
201348030410
201348030506
201348030507
201348030602
201348030607
201348030708
201348030709
201348030710
201348030805
201348030806
201348030809
201348030810
201348031809
201348031905
201348031906
201348031908
201348032003
201348032007
201348032008
201348032009
201348032108
201348032110
201348032206
201348040303
201348040310
201348040408
201348040410
201348040411
201348040506
201348040507
201348040510
201348040511
201348041511
201348041708
201348041808
201348041809
201348041902
201348041904
201348041906
201348041910
201348042901
201348042910
201348043008
201348043009
201348050204
201348050207
201348050208
201348050301
201348050310
201348050810
201348050811
201348051001
201348051006
201348052207
201348052208
201348052302
201348052309
201348052406
201348052407
201348052410
201348052411
201348060502
201348060510
201348060611
201348060709
201348060711
201348061201
201348061207
201348061209
201348061210
201348061710
201348061903
201348061907
201348061908
201348062011
201348062102
201348062107
201348062108
201348062111
201348070111
201348070308
201348070309
201348070310
201348070411
201348070502
201348070510
201348070512
201348071510
201348071511
201348071707
201348071708
201348071709
201348071901
201348071907
201348071909
201348071911
201348080107
201348080108
201348080109
201348080201
201348080209
201348080210
201348080710
201348082109
201348082110
201348082201
201348082209
201348082210
201348082308
201348082311
201348090409
201348090509
201348090510
201348090511
201348090601
201348090609
201348090610
201348091711
201348091804
201348091808
201348091809
201348091810
201348091811
201348091909
201348091910
201348092008
201348093009
201348093010
201348093011
201348100207
201348100209
201348100302
201348100309
201348100310
201348100409
201348101508
201348101510
201348101608
201348101610
201348101611
201348101709
201348101711
201348101802
201348102906
201348102911
201348103008
201348103009
201348103010
201348103111
201348110103
201348110105
201348110108
201348110109
201348110801
201348111308
201348111309
201348111410
201348111502
201348111508
201348112603
201348112608
201348112610
201348112709
201348112710
201348112810
201348112903
201348112909
201348112910
201348112911
201348120302
201348120310
201348120401
201348120409
201348120509
201348120602
201348120608
201348120610
201348121804
201348121808
201348122002
201348122006
201348122010
201348122501
201348122508
201348122509
201348122510
201348122511
201348122605
201348122611