201350010201
201350010202
201350010203
201350010204
201350010205
201350010206
201350010207
201350010301
201350010302
201350010303
201350010304
201350010305
201350010306
201350010307
201350010308
201350010309
201350010310
201350010311
201350010401
201350010402
201350010403
201350010404
201350010405
201350010406
201350010407
201350010408
201350010409
201350010410
201350010801
201350010802
201350010803
201350010804
201350010805
201350010806
201350010807
201350010808
201350010809
201350010810
201350010811
201350011001
201350011002
201350011003
201350011004
201350011501
201350011502
201350011503
201350011504
201350011505
201350011506
201350011507
201350011601
201350011602
201350011603
201350011604
201350011605
201350011606
201350011607
201350011608
201350011609
201350011610
201350011611
201350011701
201350011702
201350011703
201350011704
201350011705
201350011706
201350011707
201350011708
201350011709
201350012201
201350012202
201350012203
201350012204
201350012205
201350012206
201350012207
201350012208
201350012209
201350012210
201350012301
201350012302
201350012303
201350012304
201350012305
201350012306
201350012307
201350012308
201350012309
201350012310
201350012311
201350012401
201350012402
201350012403
201350012404
201350012405
201350012406
201350012407
201350012408
201350012409
201350012410
201350012411
201350012501
201350012502
201350012503
201350012504
201350012505
201350012506
201350012507
201350012508
201350012509
201350012510
201350012901
201350012902
201350012903
201350012904
201350012905
201350012906
201350012907
201350012908
201350012909
201350013001
201350013002
201350013003
201350013004
201350013101
201350013102
201350013103
201350013104
201350013105
201350013106
201350013107
201350013108
201350013109
201350013110
201350020501
201350020502
201350020503
201350020504
201350020505
201350020506
201350020507
201350020601
201350020602
201350020603
201350020604
201350020605
201350020606
201350020607
201350020608
201350020609
201350020610
201350020701
201350020702
201350020703
201350020704
201350020705
201350020706
201350020707
201350020708
201350021101
201350021102
201350021103
201350021104
201350021105
201350021106
201350021107
201350021108
201350021109
201350021110
201350021201
201350021202
201350021203
201350021204
201350021205
201350021206
201350021207
201350021208
201350021209
201350021210
201350021301
201350021302
201350021303
201350021304
201350021305
201350021306
201350021307
201350021308
201350021309
201350021310
201350021311
201350021401
201350021402
201350021403
201350021404
201350021405
201350021406
201350021407
201350021408
201350021409
201350021410
201350021411
201350021901
201350021902
201350021903
201350021904
201350021905
201350021906
201350021907
201350021908
201350021909
201350021910
201350021911
201350022001
201350022002
201350022003
201350022004
201350022005
201350022006
201350022007
201350022008
201350022009
201350022010
201350022101
201350022102
201350022103
201350022104
201350022105
201350022106
201350022107
201350022108
201350022109
201350022110
201350022601
201350022602
201350022603
201350022604
201350022605
201350022606
201350022607
201350022608
201350022609
201350022610
201350022611
201350022612
201350022701
201350022702
201350022703
201350022704
201350022705
201350022706
201350022707
201350022708
201350022709
201350022710
201350022711
201350022801
201350022802
201350022803
201350022804
201350022805
201350022806
201350022807
201350022808
201350022809
201350022810
201350022811
201350022812
201350030501
201350030502
201350030503
201350030504
201350030505
201350030506
201350030507
201350030508
201350030509
201350030510
201350030511
201350030601
201350030602
201350030603
201350030604
201350030605
201350030606
201350030607
201350030608
201350030609
201350030610
201350030611
201350030701
201350030702
201350030703
201350030704
201350030705
201350030706
201350030707
201350030708
201350031201
201350031202
201350031203
201350031204
201350031205
201350031206
201350031207
201350031208
201350031209
201350031301
201350031302
201350031303
201350031304
201350031305
201350031306
201350031307
201350031308
201350031309
201350031310
201350031311
201350031312
201350031401
201350031402
201350031403
201350031404
201350031405
201350031406
201350031407
201350031408
201350031409
201350031410
201350031411
201350031901
201350031902
201350031903
201350031904
201350031905
201350031906
201350031907
201350031908
201350031909
201350031910
201350031911
201350031912
201350032001
201350032002
201350032003
201350032004
201350032005
201350032006
201350032007
201350032008
201350032009
201350032010
201350032011
201350032012
201350032101
201350032102
201350032103
201350032104
201350032105
201350032106
201350032107
201350032108
201350032109
201350032110
201350032111
201350032112
201350032601
201350032602
201350032603
201350032604
201350032605
201350032606
201350032701
201350032702
201350032703
201350032704
201350032705
201350032706
201350032707
201350032708
201350032709
201350032710
201350032711
201350032712
201350032801
201350032802
201350032803
201350032804
201350032805
201350032806
201350032807
201350040301
201350040302
201350040303
201350040304
201350040305
201350040306
201350040307
201350040308
201350040309
201350040310
201350040311
201350040401
201350040402
201350040403
201350040404
201350040405
201350040406
201350040407
201350040408
201350040409
201350040410
201350040501
201350040502
201350040503
201350040504
201350040505
201350040506
201350040507
201350040508
201350040509
201350040510
201350040511
201350041001
201350041002
201350041003
201350041004
201350041005
201350041006
201350041007
201350041008
201350041009
201350041010
201350041101
201350041102
201350041103
201350041104
201350041105
201350041106
201350041201
201350041202
201350041203
201350041204
201350041205
201350041206
201350041207
201350041208
201350041209
201350041210
201350041211
201350041701
201350041702
201350041703
201350041704
201350041705
201350041706
201350041707
201350041801
201350041802
201350041803
201350041804
201350041805
201350041806
201350041807
201350041808
201350041809
201350041810
201350041811
201350041901
201350041902
201350041903
201350041904
201350041905
201350041906
201350041907
201350041908
201350041909
201350041910
201350041911
201350042401
201350042402
201350042403
201350042404
201350042405
201350042406
201350042407
201350042408
201350042409
201350042501
201350042502
201350042503
201350042504
201350042505
201350042506
201350042507
201350042508
201350042509
201350042601
201350042602
201350042603
201350042604
201350042605
201350042606
201350042607
201350042608
201350042609
201350042610
201350042611
201350042612
201350050101
201350050102
201350050103
201350050104
201350050105
201350050106
201350050107
201350050108
201350050109
201350050110
201350050201
201350050202
201350050203
201350050204
201350050205
201350050206
201350050207
201350050301
201350050302
201350050303
201350050304
201350050305
201350050306
201350050307
201350050308
201350050309
201350050310
201350050311
201350050801
201350050802
201350050803
201350050804
201350050805
201350050806
201350050807
201350050808
201350050809
201350050810
201350050901
201350050902
201350050903
201350050904
201350050905
201350050906
201350050907
201350050908
201350050909
201350050910
201350050911
201350051001
201350051002
201350051003
201350051004
201350051005
201350051006
201350051007
201350051008
201350051009
201350051501
201350051502
201350051503
201350051504
201350051505
201350051506
201350051507
201350051601
201350051602
201350051603
201350051604
201350051605
201350051606
201350051607
201350051608
201350051701
201350051702
201350051703
201350051704
201350051705
201350051706
201350051707
201350051708
201350051709
201350051710
201350051711
201350051712
201350052201
201350052202
201350052203
201350052204
201350052205
201350052206
201350052207
201350052208
201350052209
201350052210
201350052301
201350052302
201350052303
201350052304
201350052305
201350052306
201350052307
201350052308
201350052309
201350052310
201350052311
201350052401
201350052402
201350052403
201350052404
201350052405
201350052406
201350052407
201350052408
201350052409
201350052410
201350052901
201350052902
201350052903
201350052904
201350052905
201350052906
201350052907
201350052908
201350052909
201350052910
201350052911
201350053001
201350053002
201350053003
201350053004
201350053005
201350053006
201350053007
201350053008
201350053009
201350053010
201350053011
201350053101
201350053102
201350053103
201350053104
201350053105
201350053106
201350053107
201350053108
201350053109
201350053110
201350053111
201350053112
201350060501
201350060502
201350060503
201350060504
201350060505
201350060506
201350060507
201350060508
201350060509
201350060601
201350060602
201350060603
201350060604
201350060605
201350060606
201350060607
201350060701
201350060702
201350060703
201350060704
201350060705
201350060706
201350060707
201350060708
201350060709
201350060710
201350060711
201350060712
201350061201
201350061202
201350061203
201350061204
201350061205
201350061206
201350061207
201350061208
201350061209
201350061210
201350061211
201350061301
201350061302
201350061303
201350061304
201350061305
201350061306
201350061307
201350061308
201350061309
201350061401
201350061402
201350061403
201350061404
201350061405
201350061406
201350061407
201350061408
201350061409
201350061410
201350061411
201350061901
201350061902
201350061903
201350061904
201350061905
201350061906
201350061907
201350061908
201350061909
201350061910
201350062001
201350062002
201350062003
201350062004
201350062005
201350062006
201350062007
201350062008
201350062009
201350062010
201350062101
201350062102
201350062103
201350062104
201350062105
201350062106
201350062107
201350062601
201350062602
201350062603
201350062604
201350062605
201350062606
201350062607
201350062608
201350062609
201350062610
201350062701
201350062702
201350062703
201350062704
201350062801
201350062802
201350062803
201350062804
201350062805
201350062806
201350062807
201350062808
201350062809
201350062810
201350062811
201350070301
201350070302
201350070303
201350070304
201350070305
201350070306
201350070307
201350070308
201350070309
201350070310
201350070311
201350070401
201350070402
201350070403
201350070404
201350070405
201350070406
201350070407
201350070408
201350070409
201350070410
201350070411
201350070501
201350070502
201350070503
201350070504
201350070505
201350070506
201350070507
201350070508
201350070509
201350070510
201350070511
201350071001
201350071002
201350071003
201350071004
201350071005
201350071006
201350071007
201350071008
201350071009
201350071101
201350071102
201350071103
201350071104
201350071105
201350071106
201350071107
201350071108
201350071109
201350071110
201350071111
201350071201
201350071202
201350071203
201350071701
201350071702
201350071703
201350071704
201350071705
201350071706
201350071707
201350071708
201350071709
201350071710
201350071711
201350071801
201350071802
201350071803
201350071804
201350071805
201350071806
201350071807
201350071808
201350071809
201350071810
201350071901
201350071902
201350071903
201350071904
201350071905
201350071906
201350071907
201350071908
201350071909
201350071910
201350071911
201350072501
201350072502
201350072503
201350072504
201350072505
201350072506
201350072507
201350072508
201350072509
201350072510
201350072601
201350072602
201350072603
201350072604
201350072605
201350072606
201350072607
201350072608
201350072609
201350073101
201350073102
201350073103
201350073104
201350073105
201350073106
201350073107
201350073108
201350073109
201350073110
201350080101
201350080102
201350080103
201350080104
201350080105
201350080106
201350080107
201350080108
201350080109
201350080110
201350080111
201350080201
201350080202
201350080203
201350080204
201350080205
201350080206
201350080207
201350080208
201350080701
201350080702
201350080703
201350080704
201350080705
201350080706
201350080707
201350080708
201350080709
201350080801
201350080802
201350080803
201350080804
201350080805
201350080806
201350080807
201350080808
201350080809
201350080901
201350080902
201350080903
201350080904
201350080905
201350080906
201350080907
201350080908
201350080909
201350081401
201350081402
201350081403
201350081404
201350081405
201350081406
201350081501
201350081502
201350081503
201350081504
201350081505
201350081506
201350081507
201350081508
201350081601
201350081602
201350081603
201350081604
201350081605
201350081606
201350081607
201350081608
201350081609
201350081610
201350082101
201350082102
201350082103
201350082104
201350082105
201350082106
201350082107
201350082108
201350082109
201350082110
201350082201
201350082202
201350082203
201350082204
201350082205
201350082206
201350082207
201350082208
201350082209
201350082210
201350082301
201350082302
201350082303
201350082304
201350082305
201350082306
201350082307
201350082308
201350082801
201350082802
201350082803
201350082804
201350082805
201350082806
201350082807
201350082808
201350082809
201350082810
201350082901
201350082902
201350082903
201350082904
201350082905
201350082906
201350082907
201350082908
201350082909
201350083001
201350083002
201350083003
201350083004
201350083005
201350083006
201350083007
201350083008
201350083009
201350090401
201350090402
201350090403
201350090404
201350090405
201350090406
201350090407
201350090408
201350090409
201350090410
201350090411
201350090501
201350090502
201350090503
201350090504
201350090505
201350090506
201350090507
201350090508
201350090509
201350090510
201350090601
201350090602
201350090603
201350090604
201350090605
201350090606
201350090607
201350090608
201350090609
201350090610
201350090611
201350091101
201350091102
201350091103
201350091104
201350091105
201350091106
201350091107
201350091108
201350091109
201350091110
201350091111
201350091201
201350091202
201350091203
201350091204
201350091205
201350091206
201350091207
201350091208
201350091209
201350091301
201350091302
201350091303
201350091304
201350091305
201350091306
201350091307
201350091308
201350091309
201350091310
201350091801
201350091802
201350091803
201350091804
201350091805
201350091806
201350091807
201350091808
201350091809
201350091810
201350091901
201350091902
201350091903
201350091904
201350091905
201350091906
201350091907
201350091908
201350091909
201350091910
201350091911
201350092001
201350092002
201350092003
201350092004
201350092005
201350092006
201350092007
201350092008
201350092009
201350092010
201350092011
201350092012
201350092501
201350092502
201350092503
201350092504
201350092505
201350092506
201350092507
201350092601
201350092602
201350092603
201350092604
201350092605
201350092606
201350092607
201350092608
201350092609
201350092610
201350092611
201350092701
201350092702
201350092703
201350092704
201350092705
201350092706
201350092707
201350092708
201350092709
201350100201
201350100202
201350100203
201350100204
201350100205
201350100206
201350100207
201350100208
201350100209
201350100210
201350100211
201350100301
201350100302
201350100303
201350100304
201350100305
201350100306
201350100307
201350100308
201350100309
201350100310
201350100311
201350100401
201350100402
201350100403
201350100404
201350100405
201350100406
201350100407
201350100408
201350100409
201350100410
201350100411
201350100901
201350100902
201350100903
201350100904
201350100905
201350100906
201350100907
201350101001
201350101002
201350101003
201350101004
201350101005
201350101006
201350101007
201350101008
201350101009
201350101101
201350101102
201350101103
201350101104
201350101105
201350101106
201350101107
201350101108
201350101109
201350101110
201350101601
201350101602
201350101603
201350101604
201350101605
201350101606
201350101607
201350101608
201350101609
201350101610
201350101701
201350101702
201350101703
201350101704
201350101705
201350101706
201350101707
201350101708
201350101709
201350101710
201350101711
201350101801
201350101802
201350101803
201350101804
201350101805
201350101806
201350101807
201350101808
201350101809
201350101810
201350101811
201350102301
201350102302
201350102303
201350102304
201350102305
201350102306
201350102307
201350102308
201350102309
201350102310
201350102401
201350102402
201350102403
201350102404
201350102405
201350102406
201350102407
201350102408
201350102409
201350102501
201350102502
201350102503
201350102504
201350102505
201350102506
201350102507
201350102508
201350102509
201350102510
201350102511
201350102512
201350103001
201350103002
201350103003
201350103004
201350103005
201350103006
201350103007
201350103008
201350103009
201350103010
201350103011
201350103101
201350103102
201350103103
201350103104
201350103105
201350103106
201350103107
201350103108
201350103109
201350103110
201350103111
201350110101
201350110102
201350110103
201350110104
201350110105
201350110106
201350110107
201350110108
201350110109
201350110110
201350110111
201350110601
201350110602
201350110603
201350110604
201350110605
201350110606
201350110607
201350110608
201350110609
201350110610
201350110611
201350110701
201350110702
201350110703
201350110704
201350110705
201350110706
201350110707
201350110708
201350110709
201350110710
201350110801
201350110802
201350110803
201350110804
201350110805
201350110806
201350110807
201350110808
201350110809
201350110810
201350111201
201350111202
201350111203
201350111204
201350111205
201350111206
201350111207
201350111208
201350111301
201350111302
201350111303
201350111304
201350111305
201350111306
201350111307
201350111308
201350111309
201350111310
201350111311
201350111401
201350111402
201350111403
201350111404
201350111405
201350111406
201350111407
201350111408
201350111409
201350111901
201350111902
201350111903
201350111904
201350111905
201350111906
201350112001
201350112002
201350112003
201350112004
201350112005
201350112006
201350112007
201350112008
201350112009
201350112010
201350112011
201350112101
201350112102
201350112103
201350112104
201350112105
201350112106
201350112107
201350112108
201350112201
201350112202
201350112203
201350112204
201350112205
201350112206
201350112207
201350112208
201350112209
201350112210
201350112601
201350112602
201350112603
201350112604
201350112605
201350112606
201350112607
201350112608
201350112609
201350112610
201350112611
201350112701
201350112702
201350112703
201350112704
201350112705
201350112706
201350112707
201350112708
201350112709
201350112710
201350112801
201350112802
201350112803
201350112804
201350112805
201350112806
201350112807
201350112808
201350112809
201350112810
201350120401
201350120402
201350120403
201350120404
201350120405
201350120406
201350120407
201350120408
201350120409
201350120410
201350120501
201350120502
201350120503
201350120504
201350120505
201350120506
201350120507
201350120508
201350120509
201350120510
201350121001
201350121002
201350121003
201350121004
201350121005
201350121006
201350121007
201350121008
201350121009
201350121010
201350121011
201350121101
201350121102
201350121103
201350121104
201350121105
201350121106
201350121107
201350121108
201350121109
201350121110
201350121111
201350121201
201350121202
201350121203
201350121204
201350121205
201350121206
201350121207
201350121208
201350121701
201350121702
201350121703
201350121704
201350121705
201350121706
201350121707
201350121708
201350121709
201350121801
201350121802
201350121803
201350121804
201350121805
201350121806
201350121807
201350121901
201350121902
201350121903
201350121904
201350121905
201350121906
201350121907
201350121908
201350121909
201350122401
201350122402
201350122403
201350122404
201350122405
201350122406
201350122501
201350122502
201350122503
201350122504
201350122505
201350122506
201350122507
201350122508
201350122509
201350122801
201350122802
201350122803
201350122804
201350122805
201350122806
201350122807
201350122808
201350122809
201350122901
201350122902
201350122903
201350122904
201350122905
201350122906
201350122907
201350122908
201350122909
201350122910
201350122911
201350123001
201350123002
201350123003
201350123004
201350123005
201350123006
201350123007
201350123008
201350123009
201350123101
201350123102
201350123103
201350123104
201350123105
201350123106
201350123107
201350123108
201350123109
201350123110
201350123111