201353010201
201353010202
201353010203
201353010204
201353010205
201353010206
201353010207
201353010208
201353010209
201353010210
201353010211
201353010301
201353010302
201353010303
201353010304
201353010305
201353010306
201353010307
201353010308
201353010309
201353010310
201353010311
201353011201
201353011202
201353011203
201353011204
201353011205
201353011206
201353011207
201353011208
201353011209
201353011210
201353011211
201353011301
201353011302
201353011303
201353011304
201353011305
201353011306
201353011307
201353011308
201353011309
201353011310
201353011311
201353011312
201353011901
201353011902
201353011903
201353011904
201353011905
201353011906
201353011907
201353011908
201353011909
201353011910
201353011911
201353012001
201353012002
201353012003
201353012004
201353012005
201353012006
201353012007
201353012008
201353012009
201353012010
201353012011
201353012012
201353012601
201353012602
201353012603
201353012604
201353012605
201353012606
201353012607
201353012608
201353012609
201353012610
201353012611
201353012612
201353012701
201353012702
201353012703
201353012704
201353012705
201353012706
201353012707
201353012708
201353012709
201353012710
201353012711
201353012712
201353020201
201353020202
201353020203
201353020204
201353020205
201353020206
201353020207
201353020208
201353020209
201353020210
201353020211
201353020301
201353020302
201353020303
201353020304
201353020305
201353020306
201353020307
201353020308
201353020309
201353020310
201353020311
201353020901
201353020902
201353020903
201353020904
201353020905
201353020906
201353020907
201353020908
201353020909
201353020910
201353020911
201353021001
201353021002
201353021003
201353021004
201353021005
201353021006
201353021007
201353021008
201353021009
201353021010
201353021011
201353021601
201353021602
201353021603
201353021604
201353021605
201353021606
201353021607
201353021608
201353021609
201353021610
201353021611
201353021701
201353021702
201353021703
201353021704
201353021705
201353021706
201353021707
201353021708
201353021709
201353021710
201353021711
201353022301
201353022302
201353022303
201353022304
201353022305
201353022306
201353022307
201353022308
201353022309
201353022310
201353022311
201353022401
201353022402
201353022403
201353022404
201353022405
201353022406
201353022407
201353022408
201353022409
201353022410
201353022411
201353030201
201353030202
201353030203
201353030204
201353030205
201353030206
201353030207
201353030208
201353030209
201353030210
201353030211
201353030212
201353030301
201353030302
201353030303
201353030304
201353030305
201353030306
201353030307
201353030308
201353030309
201353030310
201353030311
201353030312
201353030901
201353030902
201353030903
201353030904
201353030905
201353030906
201353030907
201353030908
201353030909
201353030910
201353030911
201353030912
201353031001
201353031002
201353031003
201353031004
201353031005
201353031006
201353031007
201353031008
201353031009
201353031010
201353031011
201353031701
201353031702
201353031703
201353031704
201353031705
201353031706
201353031707
201353031708
201353031709
201353031710
201353031801
201353031802
201353031803
201353031804
201353031805
201353031806
201353031807
201353031808
201353031809
201353031810
201353031811
201353032301
201353032302
201353032303
201353032304
201353032305
201353032306
201353032307
201353032308
201353032309
201353032310
201353032311
201353032312
201353032401
201353032402
201353032403
201353032404
201353032405
201353032406
201353032407
201353032408
201353032409
201353032410
201353032411
201353032412