201354011301
201354011302
201354011303
201354011304
201354011305
201354011306
201354011307
201354011308
201354011309
201354011310
201354011311
201354012001
201354012002
201354012003
201354012004
201354012005
201354012006
201354012007
201354012008
201354012009
201354012010
201354012011
201354012101
201354012102
201354012103
201354012601
201354012602
201354012603
201354012604
201354012605
201354012606
201354012607
201354012608
201354012609
201354012610
201354020201
201354020202
201354020203
201354020204
201354020205
201354020206
201354020207
201354020208
201354020301
201354020302
201354020303
201354020304
201354020305
201354020306
201354020307
201354020308
201354020309
201354020310
201354020901
201354020902
201354020903
201354020904
201354020905
201354020906
201354020907
201354020908
201354020909
201354021601
201354021602
201354021603
201354021604
201354021605
201354021606
201354021607
201354021608
201354021609
201354021610
201354021701
201354021702
201354021703
201354021704
201354021705
201354021706
201354021707
201354021708
201354021709
201354021710
201354022301
201354022302
201354022303
201354022304
201354022305
201354022306
201354022307
201354022308
201354022309
201354022401
201354022402
201354022403
201354022404
201354030201
201354030202
201354030203
201354030204
201354030205
201354030206
201354030207
201354030208
201354030209
201354030210
201354030301
201354030302
201354030303
201354030304
201354030305
201354030306
201354030307
201354030901
201354030902
201354030903
201354030904
201354030905
201354030906
201354030907
201354030908
201354030909
201354030910
201354031001
201354031002
201354031003
201354031004
201354031005
201354031006
201354031701
201354031702
201354031703
201354031704
201354031705
201354031706
201354031707
201354031708
201354031709
201354031710
201354031901
201354031902
201354031903
201354031904
201354031905
201354031906
201354031907
201354031908
201354031909
201354031910
201354032401
201354032402
201354032501
201354032502
201354032503
201354032504
201354032505
201354033001
201354033002
201354033003
201354033004
201354033005
201354033101
201354033102
201354033103
201354033104
201354033105
201354033106
201354033107
201354033108
201354033109
201354033110
201354040601
201354040602
201354040603
201354040604
201354040701
201354040702
201354040703
201354040704
201354040705
201354041301
201354041302
201354041303
201354041304
201354041305
201354041306
201354041307
201354041308
201354041309
201354041310
201354041311
201354041401
201354041402
201354041403
201354041404
201354041405
201354041406
201354041407
201354041408
201354041409
201354041410
201354042001
201354042002
201354042003
201354042004
201354042005
201354042006
201354042007
201354042101
201354042102
201354042103
201354042104
201354042105
201354042106
201354042107
201354042108
201354042109
201354042110
201354042111
201354042901
201354042902
201354042903
201354042904
201354042905
201354042906
201354042907
201354042908
201354042909
201354042910
201354042911
201354050501
201354050502
201354050503
201354050504
201354050505
201354050506
201354051101
201354051102
201354051103
201354051104
201354051105
201354051106
201354051107
201354051108
201354051109
201354051110
201354051201
201354051202
201354051203
201354051204
201354051205
201354051206
201354051207
201354051208
201354051209
201354051210
201354052601
201354052602
201354052603
201354052604
201354060101
201354060102
201354060103
201354060104
201354060105
201354060106
201354060107
201354060108
201354060109
201354060110
201354060111
201354060901
201354060902
201354060903
201354060904
201354060905
201354060906
201354060907
201354061501
201354061502
201354061503
201354061504
201354061505
201354061506
201354061507
201354061508
201354061601
201354061602
201354061603
201354061604
201354061605
201354061606
201354061607
201354061608
201354061609
201354061610
201354061611
201354062201
201354062202
201354062203
201354062204
201354062901
201354062902
201354062903
201354062904
201354062905
201354062906
201354062907
201354063001
201354063002
201354063003
201354063004
201354063005
201354063006
201354063007
201354063008
201354063009
201354070701
201354070702
201354070703
201354070704
201354070705
201354070706
201354070707
201354070708
201354070709
201354070710
201354070711
201354071501
201354071502
201354071503
201354071504
201354072101
201354072102
201354072103
201354072104
201354072105
201354072106
201354072107
201354072108
201354072109
201354072110
201354080401
201354080402
201354080403
201354080404
201354080405
201354080406
201354081001
201354081002
201354081003
201354081004
201354081005
201354081006
201354081007
201354081008
201354081009
201354081010
201354081011
201354081012
201354081801
201354081802
201354081803
201354081804
201354082401
201354082501
201354082502
201354082503
201354082504
201354082505
201354090101
201354090701
201354090801
201354090802
201354090803
201354090804
201354091401
201354091501
201354091502
201354091503
201354091504
201354091505
201354091506
201354091507
201354091508
201354091509
201354092101
201354092201
201354092202
201354092203
201354092204
201354092205
201354092206
201354092207
201354092208
201354092209
201354092210
201354092211
201354100501
201354100502
201354100503
201354100504
201354100505
201354100506
201354100507
201354100508
201354100509
201354100510
201354100511
201354100512
201354100601
201354100602
201354100603
201354100604
201354100605
201354100606
201354100607
201354100608
201354100609
201354101201
201354101202
201354101203
201354101204
201354101301
201354101302
201354101303
201354101304
201354101305
201354101306
201354101307
201354101308
201354101309
201354101310
201354101901
201354101902
201354101903
201354101904
201354101905
201354101906
201354101907
201354102001
201354102002
201354102003
201354102004
201354102005
201354102006
201354102007
201354102008
201354102009
201354102010
201354102011
201354102601
201354102602
201354102603
201354102604
201354110201
201354110202
201354110203
201354110204
201354110205
201354110206
201354110207
201354110208
201354110209
201354110301
201354110302
201354110303
201354110304
201354110305
201354110306
201354110307
201354110308
201354110309
201354110310
201354110311
201354110901
201354110902
201354110903
201354110904
201354110905
201354110906
201354110907
201354110908
201354110909
201354110910
201354110911
201354110912
201354111701
201354111702
201354111703
201354111704
201354111705
201354111706
201354111707
201354111708
201354111709
201354111710
201354112301
201354112302
201354112401
201354112402
201354112403
201354112404
201354112405
201354112406
201354112407
201354120101
201354120102
201354120103
201354120104
201354120105
201354120701
201354120702
201354120703
201354120704
201354120705
201354120706
201354120707
201354120801
201354120802
201354120803
201354120804
201354120805
201354121401
201354121402
201354121403
201354121404
201354121405
201354121406
201354121407
201354121408
201354121501
201354121502
201354121503
201354121504
201354121505
201354121506
201354121507
201354121508
201354121509
201354121510
201354121511
201354121512
201354122301
201354122302
201354122303
201354122304
201354122305
201354122306
201354122307
201354122308
201354122309
201354123001
201354123101
201354123102
201354123103
201354123104
201354123105
201354123106
201354123107
201354123108
201354123109
201354123110
201354123111