198302010101
198302010102
198302010103
198302010104
198302010105
198302010106
198302010107
198302010201
198302010202
198302010203
198302010204
198302010205
198302010206
198302010207
198302010208
198302010209
198302010210
198302010301
198302010302
198302010303
198302010304
198302010305
198302010306
198302010307
198302010308
198302010309
198302010310
198302010401
198302010402
198302010403
198302010404
198302010405
198302010406
198302010407
198302010408
198302010409
198302010410
198302010411
198302010501
198302010502
198302010503
198302010504
198302010505
198302010601
198302010602
198302010603
198302010604
198302010605
198302010606
198302010607
198302010608
198302010609
198302010610
198302010801
198302010802
198302010803
198302010804
198302010805
198302020201
198302020202
198302020203
198302020204
198302020205
198302020206
198302020207
198302020208
198302020209
198302020301
198302020302
198302020303
198302020304
198302020401
198302020402
198302020403
198302020404
198302020405
198302020406
198302020407
198302020601
198302020602
198302020603
198302020604
198302020605
198302020606
198302020607
198302020608
198302020801
198302020802
198302020803
198302020804