198303010101
198303010102
198303010103
198303010104
198303010105
198303010106
198303010107
198303010108
198303010109
198303010110
198303010801
198303010802
198303010803
198303010804
198303010805
198303010806
198303010807
198303020101
198303020201
198303020202
198303020203
198303020204
198303020205
198303020206
198303020207
198303020208
198303020401
198303020402
198303020403
198303020404
198303020405
198303020406
198303020501
198303020502
198303020503
198303020504
198303020701
198303020702
198303020703
198303020704
198303020705
198303020706
198303020707
198303020708
198303020801
198303020802
198303020803
198303020804
198303020805
198303020806
198303030101
198303030102
198303030103
198303030301
198303030302
198303030303
198303030304
198303030305
198303030306
198303030307
198303030308
198303030309
198303030401
198303030402
198303030403
198303030404
198303030405
198303030406
198303030601
198303030602
198303030603
198303030604
198303030605
198303030606
198303030607
198303030608
198303030609
198303030801
198303030802
198303030803
198303030804
198303030805
198303030806
198303030807