198304010101
198304010102
198304010103
198304010104
198304010105
198304010201
198304010202
198304010203
198304010204
198304010205
198304010206
198304010207
198304010301
198304010401
198304010402
198304010403
198304010404
198304010405
198304010406
198304010407
198304010408
198304010409
198304010410
198304010501
198304010502
198304010503
198304010504
198304010505
198304010506
198304010507
198304010701
198304010702
198304010703
198304010704
198304010705
198304010706
198304010707
198304010708
198304010709
198304030201
198304030202
198304030203
198304030204