198305010301
198305010302
198305010303
198305010304
198305010305
198305010306
198305010307
198305010308
198305010309
198305010310
198305010311
198305010401
198305010402
198305010403
198305010404
198305010405
198305010406
198305010407
198305010408
198305010409
198305010410
198305010411
198305010601
198305010602
198305010603
198305010604
198305010605
198305010606
198305010607
198305010608
198305010609
198305010610
198305010701
198305010702
198305010703
198305010704
198305010705
198305010706
198305010707
198305010708
198305010709
198305010710
198305010711
198305010801
198305010802
198305010803
198305010804
198305010805
198305010806
198305010807
198305010808
198305010809
198305010810
198305020101
198305020102
198305020103
198305020301
198305020302
198305020303
198305020304
198305020305
198305020306
198305020307
198305020401
198305020402
198305020403
198305020404
198305020405
198305020406
198305020407
198305020408
198305020409
198305020410
198305020411
198305020601
198305020602
198305020603
198305020604
198305020605
198305020606
198305020607
198305020608
198305020609
198305030101
198305030102
198305030103
198305030104
198305030105
198305030106
198305030107
198305030108
198305030109
198305030110
198305030111
198305030301
198305030302
198305030303
198305030304
198305030305
198305030306
198305030307
198305030401
198305030402
198305030403
198305030404
198305030405
198305030701
198305030702
198305030703
198305030704
198305030705
198305030706
198305030707
198305030708
198305030709
198305030710
198305030801
198305030802
198305030803
198305030804
198305030805
198305030806
198305030807
198305030808
198305030809
198305030810
198305030811
198305040201
198305040202
198305040203
198305040204
198305040205
198305040206
198305040207
198305040208
198305040209
198305040210
198305040211
198305040212
198305040601
198305040602
198305040603
198305040604
198305040605
198305040606
198305040607
198305040608
198305040609
198305040801
198305040802
198305040803
198305040804
198305040805
198305040806
198305040807
198305040808
198305040809
198305050301
198305050302
198305050303
198305050304
198305050305
198305050306
198305050307
198305050308
198305050309
198305050501
198305050502
198305050503
198305050504
198305050505
198305050506
198305050507
198305050508
198305050509
198305050510
198305050601
198305050602
198305050603
198305050604
198305050605
198305050606
198305050607
198305050801
198305050802
198305050803
198305050804
198305050805
198305050806
198305050807
198305050808
198305050809