198307010101
198307010102
198307010103
198307010104
198307010105
198307010106
198307010107
198307010108
198307010109
198307010110
198307010201
198307010202
198307010203
198307010204
198307010205
198307010206
198307010207
198307010301
198307010302
198307010303
198307010304
198307010305
198307010306
198307010307
198307010308
198307010309
198307010401
198307010402
198307010403
198307010404
198307010405
198307010501
198307010502
198307010503
198307010504
198307010505
198307010506
198307010507
198307010508
198307010509
198307010510
198307010511
198307010512
198307010601
198307010602
198307010603
198307010604
198307010605
198307010606
198307010607
198307010608
198307010609
198307010610
198307010701
198307010702
198307010703
198307010704
198307010705
198307010706
198307010707
198307010708
198307010709
198307010710
198307010711
198307020101
198307020201
198307020202
198307020203
198307020204
198307020205
198307020206
198307020207
198307020208
198307020209
198307020210
198307020211
198307020501
198307020502
198307020503
198307020504
198307020505
198307020506
198307020507
198307020508
198307020509
198307020510
198307020511
198307020601
198307020602
198307020603
198307020604
198307020605
198307020606
198307020801
198307020802
198307020803
198307020804
198307020805
198307020806
198307030301
198307030302
198307030303
198307030304
198307030305
198307030401
198307030402
198307030403
198307030404
198307030405
198307030406
198307030407
198307030408
198307030409
198307030410
198307030411
198307030501
198307030502
198307030503
198307030504
198307030505
198307030506
198307030507
198307030508
198307030509
198307030510
198307030511
198307030701
198307030702
198307030703
198307030704
198307030705
198307030706
198307030707
198307030708
198307030709
198307030710
198307030711
198307030712
198307030801
198307030802
198307030803
198307030804
198307030805
198307030806
198307030807
198307030808
198307030809