198308010101
198308010102
198308010103
198308010104
198308010105
198308010106
198308010107
198308010108
198308010109
198308020101
198308020102
198308020103
198308020201
198308020202
198308020203
198308020204
198308020205
198308020206
198308020207
198308020208
198308020209
198308020210
198308020501
198308020502
198308020601
198308020602
198308020603
198308020604
198308020605
198308020606
198308020607
198308020801
198308020802
198308030101
198308030102
198308030103
198308030104
198308030105
198308030106
198308030107
198308030108
198308030109
198308030110
198308030111
198308030112
198308030301
198308030302
198308030303
198308030304
198308030305
198308030306
198308030307
198308030308
198308030309
198308030501
198308030502
198308030503
198308030801
198308030802
198308030803
198308030804
198308030805
198308030806
198308030807
198308030808
198308030809
198308030810
198308030811
198308040601
198308040602
198308040603
198308040604
198308040605
198308040606
198308040607
198308040608
198308040609
198308040610
198308040611
198308040801
198308040802
198308040803
198308040804
198308050401
198308050402
198308050403
198308050404
198308050405
198308050406
198308050407
198308050408
198308050409
198308050410