198310010101
198310010102
198310010103
198310010104
198310010105
198310010106
198310010301
198310010302
198310010303
198310010304
198310010305
198310010306
198310010307
198310010308
198310010501
198310010502
198310010503
198310010504
198310010505
198310010506
198310010507
198310010508
198310010509
198310010601
198310010602
198310010603
198310010604
198310010605
198310010606
198310010607
198310010701
198310010702
198310010703
198310010704
198310010705
198310010706
198310010707
198310010708
198310010709
198310010710
198310010801
198310010802
198310010803
198310010804
198310010805
198310010806
198310010807
198310010808
198310010809
198310010810
198310020301
198310020302
198310020303
198310020304
198310020305
198310020306
198310020401
198310020402
198310020403
198310020404
198310020405
198310020406
198310020407
198310020408
198310020801
198310020802
198310020803
198310020804
198310020805
198310020806
198310030401
198310030402
198310030403
198310030404
198310030405
198310030406
198310030407