196105010501
196105010502
196105010503
196105010504
196105010505
196105010506
196105010507
196105010508
196105010509
196105010510
196105030401
196105030402
196105030403
196105030404
196105030405
196105030406
196105030407
196105030408
196105030409
196105030410
196105030701
196105030702
196105030703
196105030704
196105030705
196105030706
196105030707
196105030708
196105030709
196105030710
196105030711
196105040201
196105040202
196105040203
196105040204
196105040205
196105040206
196105040207
196105040208
196105040209
196105040301
196105040302
196105040303
196105040304
196105040305
196105040601
196105040602
196105040603
196105040604
196105040605
196105040606
196105040607
196105040608
196105040609
196105050401
196105050402
196105050403
196105050404
196105050405
196105050406
196105050407
196105050408
196105050409
196105050410
196105050501
196105050502
196105050503
196105050504
196105050505
196105050506
196105060301
196105060302
196105060303
196105060304
196105060305
196105060306
196105060307
196105060308
196105060309
196105060701
196105060702
196105060703
196105060704
196105060705
196105060706