200101010101
200101010102
200101010103
200101010104
200101010105
200101010106
200101010107
200101010108
200101010109
200101010110
200101010111
200101010112
200101010201
200101010202
200101010203
200101010204
200101010205
200101010206
200101010207
200101010208
200101010209
200101010210
200101010211
200101010212
200101010301
200101010302
200101010303
200101010304
200101010305
200101010306
200101010307
200101010308
200101010309
200101010310
200101010311
200101010312
200101010401
200101010402
200101010403
200101010404
200101010405
200101010406
200101010407
200101010408
200101010409
200101010410
200101010411
200101010412
200101010501
200101010502
200101010503
200101010504
200101010505
200101010506
200101010507
200101010508
200101010509
200101010510
200101010511
200101010512
200101010601
200101010602
200101010603
200101010604
200101010605
200101010606
200101010607
200101010608
200101010609
200101010610
200101010611
200101010612
200101010701
200101010702
200101010703
200101010704
200101010705
200101010706
200101010707
200101010708
200101010709
200101010710
200101010711
200101010712
200101010801
200101010802
200101010803
200101010804
200101010805
200101010806
200101010807
200101010808
200101010809
200101010810
200101010811
200101010812
200101020101
200101020102
200101020103
200101020104
200101020105
200101020106
200101020107
200101020108
200101020109
200101020110
200101020111
200101020112
200101020201
200101020202
200101020203
200101020204
200101020205
200101020206
200101020207
200101020208
200101020209
200101020210
200101020211
200101020301
200101020302
200101020303
200101020304
200101020305
200101020306
200101020307
200101020308
200101020309
200101020310
200101020311
200101020312
200101020401
200101020402
200101020403
200101020404
200101020405
200101020406
200101020407
200101020408
200101020409
200101020410
200101020411
200101020501
200101020502
200101020503
200101020504
200101020505
200101020506
200101020507
200101020508
200101020509
200101020510
200101020511
200101020512
200101020601
200101020602
200101020603
200101020604
200101020605
200101020606
200101020607
200101020608
200101020609
200101020610
200101020611
200101020612
200101020701
200101020702
200101020703
200101020704
200101020705
200101020706
200101020707
200101020708
200101020709
200101020710
200101020711
200101020712
200101020801
200101020802
200101020803
200101020804
200101020805
200101020806
200101020807
200101020808
200101020809
200101020810
200101020811
200101020812