200102010101
200102010102
200102010103
200102010104
200102010105
200102010106
200102010107
200102010108
200102010109
200102010110
200102010111
200102010112
200102010201
200102010202
200102010203
200102010204
200102010205
200102010206
200102010207
200102010208
200102010209
200102010210
200102010211
200102010212
200102010301
200102010302
200102010303
200102010304
200102010305
200102010306
200102010307
200102010308
200102010309
200102010310
200102010311
200102010401
200102010402
200102010403
200102010404
200102010405
200102010406
200102010407
200102010408
200102010409
200102010410
200102010411
200102010501
200102010502
200102010503
200102010504
200102010505
200102010506
200102010507
200102010508
200102010509
200102010510
200102010511
200102010512
200102010601
200102010602
200102010603
200102010604
200102010605
200102010606
200102010607
200102010608
200102010609
200102010610
200102010611
200102010612
200102010701
200102010702
200102010703
200102010704
200102010705
200102010706
200102010707
200102010708
200102010709
200102010710
200102010711
200102010712
200102010801
200102010802
200102010803
200102010804
200102010805
200102010806
200102010807
200102010808
200102010809
200102010810
200102010811
200102010812
200102020101
200102020102
200102020103
200102020104
200102020105
200102020106
200102020107
200102020108
200102020109
200102020110
200102020201
200102020202
200102020203
200102020204
200102020205
200102020206
200102020207
200102020208
200102020209
200102020210
200102020211
200102020212
200102020301
200102020302
200102020303
200102020304
200102020305
200102020306
200102020307
200102020308
200102020309
200102020310
200102020311
200102020312
200102020401
200102020402
200102020403
200102020404
200102020405
200102020406
200102020407
200102020408
200102020409
200102020410
200102020411
200102020501
200102020502
200102020503
200102020504
200102020505
200102020506
200102020507
200102020508
200102020509
200102020510
200102020511
200102020601
200102020602
200102020603
200102020604
200102020605
200102020606
200102020607
200102020608
200102020609
200102020610
200102020611
200102020612
200102020701
200102020702
200102020703
200102020704
200102020705
200102020706
200102020707
200102020708
200102020709
200102020710
200102020711
200102020712
200102020801
200102020802
200102020803
200102020804
200102020805
200102020806
200102020807
200102020808
200102020809
200102020810
200102020811
200102020812