200103010101
200103010102
200103010103
200103010104
200103010105
200103010106
200103010107
200103010108
200103010109
200103010110
200103010111
200103010201
200103010202
200103010203
200103010204
200103010205
200103010206
200103010207
200103010208
200103010209
200103010210
200103010211
200103010301
200103010302
200103010303
200103010304
200103010305
200103010306
200103010307
200103010308
200103010309
200103010310
200103010311
200103010312
200103010401
200103010402
200103010403
200103010404
200103010405
200103010406
200103010407
200103010408
200103010409
200103010410
200103010411
200103010501
200103010502
200103010503
200103010504
200103010505
200103010506
200103010507
200103010508
200103010509
200103010510
200103010511
200103010601
200103010602
200103010603
200103010604
200103010605
200103010606
200103010607
200103010608
200103010609
200103010610
200103010611
200103010612
200103010701
200103010702
200103010703
200103010704
200103010705
200103010706
200103010707
200103010708
200103010709
200103010710
200103010711
200103010712
200103010801
200103010802
200103010803
200103010804
200103010805
200103010806
200103010807
200103010808
200103010809
200103010810
200103010811
200103010812
200103020101
200103020102
200103020103
200103020104
200103020105
200103020106
200103020107
200103020108
200103020109
200103020110
200103020111
200103020112
200103020201
200103020202
200103020203
200103020204
200103020205
200103020206
200103020207
200103020208
200103020209
200103020210
200103020211
200103020301
200103020302
200103020303
200103020304
200103020305
200103020306
200103020307
200103020308
200103020309
200103020310
200103020311
200103020312
200103020401
200103020402
200103020403
200103020404
200103020405
200103020406
200103020407
200103020408
200103020409
200103020410
200103020411
200103020412
200103020501
200103020502
200103020503
200103020504
200103020505
200103020506
200103020507
200103020508
200103020509
200103020510
200103020511
200103020601
200103020602
200103020603
200103020604
200103020605
200103020606
200103020607
200103020608
200103020609
200103020610
200103020611
200103020701
200103020702
200103020703
200103020704
200103020705
200103020706
200103020707
200103020708
200103020709
200103020710
200103020711
200103020801
200103020802
200103020803
200103020804
200103020805
200103020806
200103020807
200103020808
200103020809
200103020810
200103020811
200103030101
200103030102
200103030103
200103030104
200103030105
200103030106
200103030107
200103030108
200103030109
200103030110
200103030111
200103030112
200103030201
200103030202
200103030203
200103030204
200103030205
200103030206
200103030207
200103030208
200103030209
200103030210
200103030211
200103030212
200103030301
200103030302
200103030303
200103030304
200103030305
200103030306
200103030307
200103030308
200103030309
200103030401
200103030402
200103030403
200103030404
200103030405
200103030406
200103030407
200103030408
200103030409
200103030410
200103030411
200103030412
200103030501
200103030502
200103030503
200103030504
200103030505
200103030506
200103030507
200103030508
200103030509
200103030510
200103030511
200103030512
200103030601
200103030602
200103030603
200103030604
200103030605
200103030606
200103030607
200103030608
200103030609
200103030610
200103030611
200103030612
200103030701
200103030702
200103030703
200103030704
200103030705
200103030706
200103030707
200103030708
200103030709
200103030710
200103030711
200103030712
200103030801
200103030802
200103030803
200103030804
200103030805
200103030806
200103030807
200103030808
200103030809