200105010101
200105010102
200105010103
200105010104
200105010105
200105010106
200105010107
200105010108
200105010109
200105010110
200105010111
200105010201
200105010202
200105010203
200105010204
200105010205
200105010206
200105010207
200105010208
200105010209
200105010210
200105010211
200105010212
200105010301
200105010302
200105010303
200105010304
200105010305
200105010306
200105010307
200105010308
200105010309
200105010310
200105010311
200105010312
200105010401
200105010402
200105010403
200105010404
200105010405
200105010406
200105010407
200105010408
200105010409
200105010410
200105010411
200105010412
200105010501
200105010502
200105010503
200105010504
200105010505
200105010506
200105010507
200105010508
200105010509
200105010510
200105010511
200105010512
200105010601
200105010602
200105010603
200105010604
200105010605
200105010606
200105010607
200105010608
200105010609
200105010610
200105010611
200105010612
200105010701
200105010702
200105010703
200105010704
200105010705
200105010706
200105010707
200105010708
200105010709
200105010710
200105010711
200105010712
200105010801
200105010802
200105010803
200105010804
200105010805
200105010806
200105010807
200105010808
200105010809
200105010810
200105010811
200105010812
200105020101
200105020102
200105020103
200105020104
200105020105
200105020106
200105020107
200105020108
200105020109
200105020110
200105020111
200105020112
200105020201
200105020202
200105020203
200105020204
200105020205
200105020206
200105020207
200105020208
200105020209
200105020210
200105020211
200105020212
200105020301
200105020302
200105020303
200105020304
200105020305
200105020306
200105020307
200105020308
200105020309
200105020310
200105020311
200105020401
200105020402
200105020403
200105020404
200105020405
200105020406
200105020407
200105020408
200105020409
200105020410
200105020411
200105020412
200105020501
200105020502
200105020503
200105020504
200105020505
200105020506
200105020507
200105020508
200105020509
200105020510
200105020511
200105020601
200105020602
200105020603
200105020604
200105020605
200105020606
200105020607
200105020608
200105020609
200105020610
200105020611
200105020612
200105020701
200105020702
200105020703
200105020704
200105020705
200105020706
200105020707
200105020708
200105020709
200105020710
200105020711
200105020712
200105020801
200105020802
200105020803
200105020804
200105020805
200105020806
200105020807
200105020808
200105020809
200105020810
200105020811
200105020812
200105030101
200105030102
200105030103
200105030104
200105030105
200105030106
200105030107
200105030108
200105030109
200105030110
200105030111
200105030112
200105030201
200105030202
200105030203
200105030204
200105030205
200105030206
200105030207
200105030208
200105030209
200105030210
200105030211
200105030212
200105030301
200105030302
200105030303
200105030304
200105030305
200105030306
200105030307
200105030308
200105030309
200105030310
200105030311
200105030312
200105030401
200105030402
200105030403
200105030404
200105030405
200105030406
200105030407
200105030408
200105030409
200105030410
200105030501
200105030502
200105030503
200105030504
200105030505
200105030506
200105030507
200105030508
200105030509
200105030510
200105030511
200105030512
200105030601
200105030602
200105030603
200105030604
200105030605
200105030606
200105030607
200105030608
200105030609
200105030610
200105030611
200105030701
200105030702
200105030703
200105030704
200105030705
200105030706
200105030707
200105030708
200105030709
200105030710
200105030711
200105030712
200105030801
200105030802
200105030803
200105030804
200105030805
200105030806
200105030807
200105030808
200105030809
200105030810
200105030811
200105030812
200105040101
200105040102
200105040103
200105040104
200105040105
200105040106
200105040107
200105040108
200105040109
200105040110
200105040111
200105040112
200105040201
200105040202
200105040203
200105040204
200105040205
200105040206
200105040207
200105040208
200105040209
200105040210
200105040211
200105040212
200105040301
200105040302
200105040303
200105040304
200105040305
200105040306
200105040307
200105040308
200105040309
200105040310
200105040311
200105040312
200105040401
200105040402
200105040403
200105040404
200105040405
200105040406
200105040407
200105040408
200105040409
200105040410
200105040411
200105040412
200105040501
200105040502
200105040503
200105040504
200105040505
200105040506
200105040507
200105040508
200105040509
200105040510
200105040511
200105040512
200105040601
200105040602
200105040603
200105040604
200105040605
200105040606
200105040607
200105040608
200105040609
200105040610
200105040611
200105040612
200105040701
200105040702
200105040703
200105040704
200105040705
200105040706
200105040707
200105040708
200105040709
200105040710
200105040711
200105040801
200105040802
200105040803
200105040804
200105040805
200105040806
200105040807
200105040808
200105040809
200105040810
200105040811
200105040812
200105050101
200105050102
200105050103
200105050104
200105050105
200105050106
200105050107
200105050108
200105050109
200105050110
200105050111
200105050112
200105050201
200105050202
200105050203
200105050204
200105050205
200105050206
200105050207
200105050208
200105050209
200105050210
200105050211
200105050212
200105050301
200105050302
200105050303
200105050304
200105050305
200105050306
200105050307
200105050308
200105050309
200105050310
200105050311
200105050312
200105050401
200105050402
200105050403
200105050404
200105050405
200105050406
200105050407
200105050408
200105050409
200105050410
200105050411
200105050412
200105050501
200105050502
200105050503
200105050504
200105050505
200105050506
200105050507
200105050508
200105050509
200105050510
200105050511
200105050512
200105050601
200105050602
200105050603
200105050604
200105050605
200105050606
200105050607
200105050608
200105050609
200105050610
200105050611
200105050612
200105050701
200105050702
200105050703
200105050704
200105050705
200105050706
200105050707
200105050708
200105050709
200105050710
200105050711
200105050712
200105050801
200105050802
200105050803
200105050804
200105050805
200105050806
200105050807
200105050808
200105050809
200105050810