200106010101
200106010103
200106010104
200106010106
200106010107
200106010108
200106010109
200106010110
200106010112
200106010201
200106010203
200106010205
200106010206
200106010209
200106010211
200106010212
200106010301
200106010302
200106010303
200106010304
200106010306
200106010307
200106010309
200106010311
200106010312
200106010403
200106010404
200106010406
200106010407
200106010408
200106010409
200106010410
200106010411
200106010501
200106010503
200106010505
200106010507
200106010510
200106010511
200106010512
200106010601
200106010602
200106010607
200106010609
200106010610
200106010611
200106010612
200106010701
200106010703
200106010704
200106010706
200106010707
200106010708
200106010709
200106010710
200106010711
200106010712
200106010803
200106010804
200106010805
200106010806
200106010807
200106010809
200106010810
200106010811
200106020101
200106020103
200106020105
200106020107
200106020108
200106020109
200106020110
200106020111
200106020201
200106020202
200106020204
200106020206
200106020207
200106020211
200106020212
200106020301
200106020302
200106020303
200106020304
200106020308
200106020309
200106020310
200106020311
200106020312
200106020401
200106020406
200106020407
200106020408
200106020409
200106020410
200106020411
200106020412
200106020501
200106020502
200106020506
200106020507
200106020508
200106020509
200106020510
200106020511
200106020601
200106020603
200106020604
200106020605
200106020607
200106020608
200106020609
200106020610
200106020611
200106020703
200106020705
200106020706
200106020707
200106020708
200106020709
200106020711
200106020712
200106020802
200106020805
200106020807
200106020808
200106020809
200106020811
200106020812
200106030101
200106030103
200106030106
200106030109
200106030110
200106030111
200106030112
200106030202
200106030204
200106030206
200106030208
200106030209
200106030210
200106030211
200106030212
200106030301
200106030303
200106030307
200106030308
200106030309
200106030311
200106030312
200106030401
200106030403
200106030404
200106030406
200106030407
200106030411
200106030412
200106030501
200106030506
200106030507
200106030509
200106030510
200106030511
200106030512
200106030601
200106030603
200106030604
200106030606
200106030607
200106030609
200106030610
200106030611
200106030612
200106030704
200106030705
200106030706
200106030707
200106030710
200106030712
200106030804
200106030805
200106030807
200106030808
200106030809
200106030810
200106030811
200106040101
200106040102
200106040103
200106040104
200106040106
200106040107
200106040109
200106040110
200106040111
200106040201
200106040204
200106040205
200106040206
200106040207
200106040208
200106040209
200106040210
200106040211
200106040212
200106040305
200106040306
200106040308
200106040309
200106040310
200106040311
200106040403
200106040404
200106040407
200106040408
200106040409
200106040410
200106040411
200106040501
200106040502
200106040507
200106040509
200106040510
200106040511
200106040512
200106040601
200106040602
200106040608
200106040609
200106040610
200106040611
200106040612
200106040702
200106040704
200106040708
200106040709
200106040712
200106040802
200106040806
200106040807
200106040808
200106040809
200106040810
200106040811
200106040812
200106050101
200106050103
200106050104
200106050105
200106050106
200106050107
200106050108
200106050110
200106050111
200106050112
200106050209
200106050210
200106050211
200106050212
200106050303
200106050306
200106050307
200106050308
200106050309
200106050310
200106050312
200106050401
200106050404
200106050408
200106050410
200106050411
200106050412
200106050503
200106050506
200106050507
200106050508
200106050509
200106050511
200106050512
200106050602
200106050608
200106050610
200106050611
200106050612
200106050704
200106050706
200106050707
200106050708
200106050709
200106050711
200106050712
200106050803
200106050804
200106050805
200106050806
200106050807
200106050808
200106050809
200106050810