200109010101
200109010102
200109010103
200109010104
200109010105
200109010106
200109010107
200109010108
200109010109
200109010110
200109010111
200109010201
200109010202
200109010203
200109010204
200109010205
200109010206
200109010207
200109010208
200109010209
200109010210
200109010211
200109010212
200109010301
200109010302
200109010303
200109010304
200109010305
200109010306
200109010307
200109010308
200109010309
200109010310
200109010311
200109010312
200109010401
200109010402
200109010403
200109010404
200109010405
200109010406
200109010407
200109010408
200109010409
200109010410
200109010411
200109010412
200109010501
200109010502
200109010503
200109010504
200109010505
200109010506
200109010507
200109010508
200109010509
200109010510
200109010511
200109010512
200109010601
200109010602
200109010603
200109010604
200109010605
200109010606
200109010607
200109010608
200109010609
200109010610
200109010611
200109010612
200109010701
200109010702
200109010703
200109010704
200109010705
200109010706
200109010707
200109010801
200109010802
200109010803
200109010804
200109010805
200109010806
200109010807
200109010808
200109010809
200109010810
200109010811
200109010812
200109020101
200109020102
200109020103
200109020104
200109020105
200109020106
200109020107
200109020108
200109020109
200109020110
200109020111
200109020112
200109020201
200109020202
200109020203
200109020204
200109020205
200109020206
200109020207
200109020208
200109020209
200109020210
200109020211
200109020212
200109020301
200109020302
200109020303
200109020304
200109020305
200109020306
200109020307
200109020308
200109020309
200109020310
200109020311
200109020312
200109020401
200109020402
200109020403
200109020404
200109020405
200109020406
200109020407
200109020408
200109020409
200109020410
200109020411
200109020412
200109020501
200109020502
200109020503
200109020504
200109020505
200109020506
200109020507
200109020508
200109020509
200109020510
200109020511
200109020512
200109020601
200109020602
200109020603
200109020604
200109020605
200109020606
200109020607
200109020608
200109020609
200109020610
200109020611
200109020612
200109020701
200109020702
200109020703
200109020704
200109020705
200109020706
200109020707
200109020708
200109020709
200109020710
200109020711
200109020712
200109020801
200109020802
200109020803
200109020804
200109020805
200109020806
200109020807
200109020808
200109020809
200109020810
200109020811
200109020812
200109030101
200109030102
200109030103
200109030104
200109030105
200109030106
200109030107
200109030108
200109030109
200109030110
200109030111
200109030112
200109030201
200109030202
200109030203
200109030204
200109030205
200109030206
200109030207
200109030208
200109030209
200109030210
200109030211
200109030301
200109030302
200109030303
200109030304
200109030305
200109030306
200109030307
200109030308
200109030309
200109030310
200109030311
200109030401
200109030402
200109030403
200109030404
200109030405
200109030406
200109030407
200109030408
200109030409
200109030410
200109030411
200109030412
200109030501
200109030502
200109030503
200109030504
200109030505
200109030506
200109030507
200109030508
200109030509
200109030510
200109030511
200109030512
200109030601
200109030602
200109030603
200109030604
200109030605
200109030606
200109030607
200109030608
200109030609
200109030610
200109030611
200109030612
200109030701
200109030702
200109030703
200109030704
200109030705
200109030706
200109030707
200109030708
200109030709
200109030710
200109030711
200109030712
200109030801
200109030802
200109030803
200109030804
200109030805
200109030806
200109030807
200109030808
200109030809
200109030810
200109030811
200109030812
200109040101
200109040102
200109040103
200109040104
200109040105
200109040106
200109040107
200109040108
200109040109
200109040110
200109040111
200109040201
200109040202
200109040203
200109040204
200109040205
200109040206
200109040207
200109040208
200109040209
200109040210
200109040211
200109040212
200109040301
200109040302
200109040303
200109040304
200109040305
200109040306
200109040307
200109040308
200109040309
200109040310
200109040311
200109040401
200109040402
200109040403
200109040404
200109040405
200109040406
200109040407
200109040408
200109040409
200109040410
200109040411
200109040412
200109040501
200109040502
200109040503
200109040504
200109040505
200109040506
200109040507
200109040508
200109040509
200109040510
200109040511
200109040512
200109040601
200109040602
200109040603
200109040604
200109040605
200109040606
200109040607
200109040608
200109040609
200109040610
200109040611
200109040701
200109040702
200109040703
200109040704
200109040705
200109040706
200109040707
200109040708
200109040709
200109040710
200109040711
200109040712
200109040801
200109040802
200109040803
200109040804
200109040805
200109040806
200109040807
200109040808
200109040809
200109040810
200109040811
200109040812
200109050101
200109050102
200109050103
200109050104
200109050105
200109050106
200109050107
200109050108
200109050109
200109050110
200109050111
200109050112
200109050201
200109050202
200109050203
200109050204
200109050205
200109050206
200109050207
200109050208
200109050209
200109050210
200109050211
200109050212
200109050301
200109050302
200109050303
200109050304
200109050305
200109050306
200109050307
200109050308
200109050309
200109050310
200109050311
200109050312
200109050401
200109050402
200109050403
200109050404
200109050405
200109050406
200109050407
200109050408
200109050409
200109050410
200109050411
200109050501
200109050502
200109050503
200109050504
200109050505
200109050506
200109050507
200109050508
200109050509
200109050510
200109050511
200109050601
200109050602
200109050603
200109050604
200109050605
200109050606
200109050607
200109050608
200109050609
200109050610
200109050611
200109050612
200109050701
200109050702
200109050703
200109050704
200109050705
200109050706
200109050707
200109050708
200109050709
200109050710
200109050711
200109050712
200109050801
200109050802
200109050803
200109050804
200109050805
200109050806
200109050807
200109050808
200109050809
200109050810
200109050811
200109050812