202105010101
202105010103
202105010104
202105010105
202105010107
202105010108
202105010109
202105010110
202105010111
202105010112
202105010201
202105010202
202105010203
202105010204
202105010205
202105010207
202105010208
202105010209
202105010210
202105010211
202105010212
202105010301
202105010302
202105010303
202105010304
202105010305
202105010307
202105010308
202105010309
202105010310
202105010311
202105010312
202105010401
202105010402
202105010403
202105010404
202105010405
202105010407
202105010408
202105010409
202105010410
202105010411
202105010412
202105010501
202105010502
202105010504
202105010505
202105010506
202105010507
202105010508
202105010509
202105010510
202105010511
202105010512
202105010601
202105010603
202105010604
202105010605
202105010606
202105010607
202105010608
202105010609
202105010610
202105010611
202105010612
202105010701
202105010703
202105010704
202105010705
202105010706
202105010707
202105010708
202105010709
202105010710
202105010711
202105010712
202105010801
202105010802
202105010804
202105010805
202105010806
202105010807
202105010808
202105010809
202105010810
202105010811
202105010812
202105020101
202105020102
202105020103
202105020104
202105020105
202105020106
202105020107
202105020108
202105020109
202105020110
202105020111
202105020112
202105020201
202105020202
202105020203
202105020204
202105020205
202105020206
202105020207
202105020208
202105020209
202105020210
202105020211
202105020212
202105020301
202105020302
202105020303
202105020304
202105020305
202105020306
202105020307
202105020308
202105020309
202105020310
202105020311
202105020312
202105020401
202105020402
202105020403
202105020404
202105020405
202105020406
202105020407
202105020408
202105020409
202105020410
202105020411
202105020412
202105020501
202105020502
202105020503
202105020504
202105020505
202105020506
202105020507
202105020508
202105020509
202105020510
202105020511
202105020512
202105020601
202105020602
202105020603
202105020604
202105020605
202105020606
202105020607
202105020608
202105020609
202105020610
202105020611
202105020612
202105020701
202105020702
202105020703
202105020704
202105020705
202105020706
202105020707
202105020708
202105020709
202105020710
202105020711
202105020712
202105020801
202105020802
202105020803
202105020804
202105020805
202105020806
202105020807
202105020808
202105020809
202105020810
202105020811
202105020812
202105020901
202105020902
202105020903
202105020904
202105020905
202105020906
202105020907
202105020908
202105020909
202105020910
202105020911
202105020912
202105021001
202105021002
202105021003
202105021004
202105021005
202105021006
202105021007
202105021008
202105021009
202105021010
202105021011
202105021012
202105021101
202105021102
202105021103
202105021104
202105021105
202105021106
202105021107
202105021108
202105021109
202105021110
202105021111
202105021112
202105021201
202105021202
202105021203
202105021204
202105021205
202105021206
202105021207
202105021208
202105021209
202105021210
202105021211
202105021212
202105030101
202105030102
202105030103
202105030104
202105030106
202105030107
202105030108
202105030109
202105030110
202105030111
202105030112
202105030201
202105030202
202105030203
202105030204
202105030207
202105030208
202105030209
202105030210
202105030211
202105030212
202105030301
202105030302
202105030303
202105030304
202105030306
202105030307
202105030308
202105030309
202105030310
202105030311
202105030312
202105030401
202105030402
202105030403
202105030404
202105030406
202105030407
202105030408
202105030409
202105030410
202105030411
202105030412
202105030502
202105030503
202105030504
202105030506
202105030507
202105030508
202105030509
202105030510
202105030511
202105030512
202105030601
202105030602
202105030603
202105030604
202105030606
202105030607
202105030608
202105030609
202105030610
202105030611
202105030612
202105030702
202105030703
202105030704
202105030706
202105030707
202105030708
202105030709
202105030710
202105030711
202105030712
202105030801
202105030802
202105030803
202105030804
202105030807
202105030808
202105030809
202105030810
202105030811
202105030812