202144011801
202144011805
202144011807
202144011808
202144011809
202144011810
202144011811
202144011812
202144011901
202144011902
202144011903
202144011904
202144011905
202144011906
202144011907
202144011908
202144011909
202144011910
202144011912
202144012003
202144012004
202144012005
202144012006
202144012007
202144012008
202144012009
202144012010
202144012011
202144012012
202144012103
202144012104
202144012105
202144012106
202144012107
202144012108
202144012109
202144012111
202144012112
202144012203
202144012204
202144012205
202144012206
202144012207
202144012208
202144012209
202144012210
202144012211
202144012212
202144021504
202144021505
202144021506
202144021507
202144021508
202144021509
202144021510
202144021511
202144021512
202144021601
202144021602
202144021603
202144021604
202144021605
202144021606
202144021607
202144021608
202144021609
202144021610
202144021611
202144021612
202144021702
202144021705
202144021706
202144021707
202144021708
202144021709
202144021710
202144021711
202144021712
202144021801
202144021803
202144021804
202144021805
202144021806
202144021807
202144021808
202144021809
202144021810
202144021812
202144021901
202144021902
202144021903
202144021904
202144021905
202144021906
202144021907
202144021908
202144021911
202144021912
202144030801
202144030802
202144030804
202144030805
202144030806
202144030807
202144030808
202144030809
202144030810
202144030811
202144030812
202144030903
202144030904
202144030905
202144030906
202144030907
202144030908
202144030909
202144030910
202144030911
202144030912
202144031001
202144031003
202144031005
202144031006
202144031007
202144031008
202144031009
202144031010
202144031011
202144031012
202144031102
202144031103
202144031104
202144031105
202144031106
202144031107
202144031108
202144031109
202144031110
202144031111
202144031112
202144031201
202144031202
202144031203
202144031204
202144031205
202144031206
202144031207
202144031209
202144031211
202144031212
202144032203
202144032204
202144032205
202144032206
202144032207
202144032208
202144032209
202144032210
202144032211
202144032212
202144032301
202144032302
202144032304
202144032305
202144032306
202144032307
202144032308
202144032309
202144032310
202144032311
202144032312
202144032403
202144032404
202144032405
202144032406
202144032407
202144032408
202144032409
202144032410
202144032411
202144032412
202144032501
202144032502
202144032505
202144032506
202144032507
202144032508
202144032509
202144032510
202144032511
202144032512
202144032601
202144032602
202144032603
202144032604
202144032605
202144032606
202144032607
202144032608
202144032610
202144032611
202144032612
202144041203
202144041204
202144041205
202144041207
202144041208
202144041209
202144041210
202144041211
202144041212
202144041301
202144041303
202144041304
202144041305
202144041306
202144041307
202144041308
202144041310
202144041311
202144041312
202144041401
202144041402
202144041403
202144041404
202144041405
202144041406
202144041407
202144041408
202144041409
202144041410
202144041411
202144041412
202144041503
202144041505
202144041506
202144041507
202144041508
202144041509
202144041510
202144041512
202144041604
202144041605
202144041606
202144041607
202144041608
202144041609
202144041610
202144041611
202144041612
202144042604
202144042605
202144042606
202144042607
202144042608
202144042609
202144042610
202144042611
202144042701
202144042702
202144042705
202144042706
202144042707
202144042708
202144042709
202144042710
202144042711
202144042712
202144042802
202144042803
202144042804
202144042805
202144042806
202144042807
202144042808
202144042809
202144042810
202144042812
202144042903
202144042904
202144042905
202144042906
202144042907
202144042908
202144042909
202144042910
202144042911
202144042912
202144043004
202144043005
202144043006
202144043007
202144043008
202144043009
202144043010
202144043011
202144050102
202144050103
202144050104
202144050105
202144050106
202144050107
202144050108
202144051705
202144051706
202144051707
202144051708
202144051709
202144051710
202144051711
202144051712
202144051803
202144051804
202144051805
202144051806
202144051807
202144051808
202144051809
202144051810
202144051811
202144051812
202144051902
202144051903
202144051904
202144051905
202144051906
202144051907
202144051908
202144051909
202144051910
202144051911
202144051912
202144052003
202144052004
202144052005
202144052006
202144052007
202144052008
202144052009
202144052010
202144052011
202144052012
202144052104
202144052105
202144052106
202144052107
202144052108
202144052109
202144052110
202144052111
202144052112
202144060703
202144060705
202144060706
202144060707
202144060708
202144060709
202144060710
202144060711
202144060712
202144060802
202144060803
202144060804
202144060805
202144060806
202144060807
202144060808
202144060809
202144060810
202144060811
202144060812
202144060901
202144060903
202144060904
202144060905
202144060906
202144060907
202144060908
202144060909
202144060910
202144060911
202144060912
202144061001
202144061002
202144061005
202144061006
202144061007
202144061008
202144061009
202144061010
202144061011
202144061012
202144061106
202144061107
202144061108
202144061109
202144061110
202144061111
202144061112
202144062805
202144062806
202144062807
202144062808
202144062809
202144062810
202144062811
202144062812
202144062905
202144062906
202144062907
202144062908
202144062909
202144062910
202144062911
202144062912
202144063001
202144063002
202144063003
202144063004
202144063005
202144063006
202144063007
202144063008
202144063009
202144063010
202144063011
202144063012
202144070101
202144070102
202144070105
202144070106
202144070107
202144070108
202144070109
202144070110
202144070111
202144070112
202144070201
202144070205
202144070206
202144070207
202144070208
202144070209
202144070210
202144070211
202144070212
202144071205
202144071206
202144071207
202144071208
202144071209
202144071210
202144071211
202144071212
202144071301
202144071302
202144071305
202144071306
202144071307
202144071308
202144071309
202144071310
202144071311
202144071312
202144071401
202144071402
202144071403
202144071404
202144071405
202144071406
202144071407
202144071408
202144071409
202144071410
202144071411
202144071412
202144071501
202144071503
202144071505
202144071506
202144071507
202144071508
202144071509
202144071510
202144071511
202144071512
202144071601
202144071605
202144071606
202144071607
202144071608
202144071609
202144071610
202144071611
202144071612