202147010601
202147010602
202147010603
202147010604
202147010605
202147010606
202147010607
202147010608
202147010610
202147010702
202147010703
202147010704
202147010705
202147010706
202147010708
202147010709
202147010710
202147010712
202147010801
202147010803
202147010804
202147010805
202147010806
202147010807
202147010808
202147010809
202147010810
202147010811
202147010812
202147011202
202147011203
202147011204
202147011205
202147011206
202147011208
202147011209
202147011210
202147011211
202147011212
202147011901
202147011902
202147011903
202147011904
202147011905
202147011906
202147011907
202147011908
202147011909
202147011910
202147011911
202147012001
202147012002
202147012003
202147012004
202147012005
202147012006
202147012007
202147012008
202147012009
202147012010
202147012011
202147012101
202147012102
202147012103
202147012104
202147012105
202147012106
202147012107
202147012109
202147012110
202147012111