201935051201
201935051202
201935051203
201935051204
201935051205
201935051206
201935051207
201935051208
201935051209
201935051210
201935051211
201935051301
201935051302
201935051303
201935051304
201935051305
201935051306
201935051307
201935051308
201935051309
201935051310
201935051311
201935051312
201935051401
201935051402
201935051403
201935051404
201935051405
201935051406
201935051407
201935051408
201935051409
201935051410
201935051411
201935051901
201935051902
201935051903
201935051904
201935051905
201935051906
201935051907
201935051908
201935051909
201935051910
201935051911
201935051912
201935052001
201935052002
201935052003
201935052004
201935052005
201935052006
201935052007
201935052008
201935052009
201935052010
201935052011
201935052012
201935052101
201935052102
201935052103
201935052104
201935052105
201935052106
201935052107
201935052108
201935052109
201935052110
201935052601
201935052602
201935052603
201935052604
201935052605
201935052606
201935052607
201935052608
201935052609
201935052610
201935052611
201935052701
201935052702
201935052703
201935052704
201935052705
201935052706
201935052707
201935052708
201935052709
201935052710
201935052711
201935052712
201935052801
201935052802
201935052803
201935052804
201935052805
201935052806
201935052807
201935052808
201935052809
201935052810
201935060201
201935060202
201935060203
201935060204
201935060205
201935060206
201935060207
201935060208
201935060209
201935060210
201935060211
201935060301
201935060302
201935060303
201935060304
201935060305
201935060306
201935060307
201935060308
201935060309
201935060310
201935060311
201935060312
201935060401
201935060402
201935060403
201935060404
201935060405
201935060406
201935060407
201935060408
201935060409
201935060410
201935060411
201935070601
201935070602
201935070603
201935070604
201935070605
201935070606
201935070607
201935070608
201935070609
201935070610
201935070701
201935070702
201935070703
201935070704
201935070705
201935070706
201935070707
201935070708
201935070709
201935070710
201935070711
201935070712
201935070801
201935070802
201935070803
201935070804
201935070805
201935070806
201935070807
201935070808
201935070809
201935070810
201935070811
201935070812
201935071301
201935071302
201935071303
201935071304
201935071305
201935071306
201935071307
201935071308
201935071309
201935071310
201935071311
201935071401
201935071402
201935071403
201935071404
201935071405
201935071406
201935071407
201935071408
201935071409
201935071410
201935071411
201935071412
201935071501
201935071502
201935071503
201935071504
201935071505
201935071506
201935071507
201935071508
201935071509
201935071510
201935071511
201935071512
201935072001
201935072002
201935072003
201935072004
201935072005
201935072006
201935072007
201935072008
201935072009
201935072010
201935072101
201935072102
201935072103
201935072104
201935072105
201935072106
201935072107
201935072108
201935072109
201935072110
201935072201
201935072202
201935072203
201935072204
201935072205
201935072206
201935072207
201935072208
201935072209
201935072210
201935072211
201935072212
201935072701
201935072702
201935072703
201935072704
201935072705
201935072706
201935072707
201935072708
201935072709
201935072801
201935072802
201935072803
201935072804
201935072805
201935072806
201935072807
201935072808
201935072809
201935072810
201935072811
201935072812
201935072901
201935072902
201935072903
201935072904
201935072905
201935072906
201935072907
201935072908
201935072909
201935072910
201935072911
201935072912
201935080301
201935080302
201935080303
201935080304
201935080305
201935080306
201935080307
201935080308
201935080309
201935080310
201935080401
201935080402
201935080403
201935080404
201935080405
201935080406
201935080407
201935080408
201935080409
201935080410
201935080411
201935080412
201935080501
201935080502
201935080503
201935080504
201935080505
201935080506
201935080507
201935080508
201935080509
201935080510
201935080511
201935080512
201935081001
201935081002
201935081003
201935081004
201935081005
201935081006
201935081007
201935081008
201935081009
201935081010
201935081011
201935081101
201935081102
201935081103
201935081104
201935081105
201935081106
201935081107
201935081108
201935081109
201935081110
201935081111
201935081112
201935081201
201935081202
201935081203
201935081204
201935081205
201935081206
201935081207
201935081208
201935081209
201935081210
201935081211
201935081212
201935083101
201935083102
201935083103
201935083104
201935083105
201935083106
201935083107
201935083108
201935090101
201935090102
201935090103
201935090104
201935090105
201935090106
201935090107
201935090108
201935090109
201935090110
201935090111
201935090201
201935090202
201935090203
201935090204
201935090205
201935090206
201935090207
201935090208
201935090209
201935090210
201935090211
201935090212
201935090701
201935090702
201935090703
201935090704
201935090705
201935090706
201935090707
201935090708
201935090709
201935090801
201935090802
201935090803
201935090804
201935090805
201935090806
201935090807
201935090808
201935090809
201935090810
201935090811
201935090812
201935090901
201935090902
201935090903
201935090904
201935090905
201935090906
201935090907
201935090908
201935090909
201935090910
201935090911
201935090912
201935091401
201935091402
201935091403
201935091404
201935091405
201935091406
201935091407
201935091408
201935091409
201935091410
201935091501
201935091502
201935091503
201935091504
201935091505
201935091506
201935091507
201935091508
201935091509
201935091510
201935091511
201935091601
201935091602
201935091603
201935091604
201935091605
201935091606
201935091607
201935091608
201935091609
201935091610
201935091611
201935091612
201935092101
201935092102
201935092103
201935092104
201935092105
201935092106
201935092107
201935092108
201935092109
201935092110
201935092111
201935092201
201935092202
201935092203
201935092204
201935092205
201935092206
201935092207
201935092208
201935092209
201935092210
201935092211
201935092301
201935092302
201935092303
201935092304
201935092305
201935092306
201935092307
201935092308
201935092309
201935092310
201935092311
201935092801
201935092802
201935092803
201935092804
201935092805
201935092806
201935092807
201935092808
201935092809
201935092810
201935092811
201935092901
201935092902
201935092903
201935092904
201935092905
201935092906
201935092907
201935092908
201935092909
201935092910
201935092911
201935092912
201935093001
201935093002
201935093003
201935093004
201935093005
201935093006
201935093007
201935093008
201935093009
201935093010
201935093011
201935093012
201935100501
201935100502
201935100503
201935100504
201935100505
201935100506
201935100507
201935100508
201935100509
201935100510
201935100601
201935100602
201935100603
201935100604
201935100605
201935100606
201935100607
201935100608
201935100609
201935100610
201935100611
201935100612
201935100701
201935100702
201935100703
201935100704
201935100705
201935100706
201935100707
201935100708
201935100709
201935100710
201935100711
201935100712
201935101201
201935101202
201935101203
201935101204
201935101205
201935101206
201935101207
201935101208
201935101209
201935101210
201935101211
201935101301
201935101302
201935101303
201935101304
201935101305
201935101306
201935101307
201935101308
201935101309
201935101310
201935101311
201935101401
201935101402
201935101403
201935101404
201935101405
201935101406
201935101407
201935101408
201935101409
201935101410
201935101411
201935101412
201935101901
201935101902
201935101903
201935101904
201935101905
201935101906
201935101907
201935101908
201935101909
201935101910
201935101911
201935102001
201935102002
201935102003
201935102004
201935102005
201935102006
201935102007
201935102008
201935102009
201935102010
201935102101
201935102102
201935102103
201935102104
201935102105
201935102106
201935102107
201935102108
201935102109
201935102110
201935102111
201935102112
201935102601
201935102602
201935102603
201935102604
201935102605
201935102606
201935102607
201935102608
201935102609
201935102610
201935102611
201935102701
201935102702
201935102703
201935102704
201935102705
201935102706
201935102707
201935102708
201935102709
201935102710
201935102711
201935102712
201935102801
201935102802
201935102803
201935102804
201935102805
201935102806
201935102807
201935102808
201935102809
201935102810
201935102811
201935110201
201935110202
201935110203
201935110204
201935110205
201935110206
201935110207
201935110208
201935110209
201935110210
201935110211
201935110301
201935110302
201935110303
201935110304
201935110305
201935110306
201935110307
201935110308
201935110309
201935110310
201935110311
201935110312
201935110401
201935110402
201935110403
201935110404
201935110405
201935110406
201935110407
201935110408
201935110409
201935110410
201935110901
201935110902
201935110903
201935110904
201935110905
201935110906
201935110907
201935110908
201935110909
201935110910
201935110911
201935111001
201935111002
201935111003
201935111004
201935111005
201935111006
201935111007
201935111008
201935111009
201935111010
201935111011
201935111012
201935111101
201935111102
201935111103
201935111104
201935111105
201935111106
201935111107
201935111108
201935111109
201935111110
201935111111
201935111112
201935111601
201935111602
201935111603
201935111604
201935111605
201935111606
201935111607
201935111608
201935111609
201935111610
201935111701
201935111702
201935111703
201935111704
201935111705
201935111706
201935111707
201935111708
201935111709
201935111710
201935111711
201935111801
201935111802
201935111803
201935111804
201935111805
201935111806
201935111807
201935111808
201935111809
201935111810
201935111811
201935111812