201936032301
201936032302
201936032303
201936032304
201936032305
201936032306
201936032307
201936032308
201936032401
201936032402
201936032403
201936032404
201936032405
201936032406
201936032407
201936032408
201936032409
201936032501
201936032502
201936032503
201936032504
201936032505
201936032506
201936032507
201936032508
201936032509
201936032510
201936032511
201936033001
201936033002
201936033003
201936033004
201936033005
201936033006
201936033007
201936033008
201936033009
201936033010
201936033011
201936033101
201936033102
201936033103
201936033104
201936033105
201936033106
201936033107
201936033108
201936033109
201936033110
201936040601
201936040602
201936040603
201936040604
201936040605
201936040606
201936040607
201936040608
201936040609
201936040610
201936040701
201936040702
201936040703
201936040704
201936040705
201936040706
201936040707
201936040708
201936040801
201936040802
201936040803
201936040804
201936040805
201936040806
201936040807
201936040808
201936040809
201936040810
201936040811
201936040812
201936041301
201936041302
201936041303
201936041304
201936041305
201936041306
201936041307
201936041308
201936041309
201936041310
201936041401
201936041402
201936041403
201936041404
201936041405
201936041406
201936041407
201936041408
201936041409
201936041410
201936041411
201936041501
201936041502
201936041503
201936041504
201936041505
201936041506
201936041507
201936041508
201936041509
201936041510
201936041511
201936041512
201936042001
201936042002
201936042003
201936042004
201936042005
201936042006
201936042007
201936042008
201936042009
201936042010
201936042101
201936042102
201936042103
201936042104
201936042105
201936042106
201936042107
201936042108
201936042109
201936042201
201936042202
201936042203
201936042204
201936042205
201936042206
201936042207
201936042208
201936042209
201936042210
201936042211
201936042701
201936042702
201936042703
201936042704
201936042705
201936042706
201936042707
201936042708
201936042709
201936042710
201936042711
201936042801
201936042802
201936042803
201936042804
201936042805
201936042806
201936042807
201936042808
201936042809
201936042810
201936042811
201936042901
201936042902
201936042903
201936042904
201936042905
201936042906
201936042907
201936042908
201936042909
201936042910
201936050301
201936050302
201936050303
201936050304
201936050305
201936050306
201936050307
201936050308
201936050309
201936050310
201936050311
201936050312
201936050401
201936050402
201936050403
201936050404
201936050405
201936050406
201936050407
201936050408
201936050409
201936050410
201936050501
201936050502
201936050503
201936050504
201936050505
201936050506
201936050507
201936050508
201936050509
201936050510
201936050511
201936050601
201936050602
201936050603
201936050604
201936050605
201936050606
201936050607
201936050608
201936050609
201936050610
201936050611
201936050612
201936060901
201936060902
201936060903
201936060904
201936060905
201936060906
201936060907
201936060908
201936060909
201936060910
201936060911
201936061001
201936061002
201936061003
201936061004
201936061005
201936061006
201936061007
201936061008
201936061009
201936061010
201936061011
201936061012
201936061101
201936061102
201936061103
201936061104
201936061105
201936061106
201936061107
201936061108
201936061109
201936061110
201936061601
201936061602
201936061603
201936061604
201936061605
201936061606
201936061607
201936061608
201936061609
201936061610
201936061701
201936061702
201936061703
201936061704
201936061705
201936061706
201936061707
201936061708
201936061709
201936061710
201936061711
201936061712
201936061801
201936061802
201936061803
201936061804
201936061805
201936061806
201936061807
201936061808
201936061809
201936061810
201936061811
201936061812
201936062301
201936062302
201936062303
201936062304
201936062305
201936062306
201936062307
201936062308
201936062309
201936062401
201936062402
201936062403
201936062404
201936062405
201936062406
201936062407
201936062408
201936062409
201936062410
201936062411
201936062412
201936062501
201936062502
201936062503
201936062504
201936062505
201936062506
201936062507
201936062508
201936062509
201936062510
201936062511
201936062512
201936062901
201936062902
201936062903
201936062904
201936062905
201936062906
201936062907
201936062908
201936062909
201936062910
201936063001
201936063002
201936063003
201936063004
201936063005
201936063006
201936063007
201936063008
201936063009
201936063010
201936063011
201936063012
201936070101
201936070102
201936070103
201936070104
201936070105
201936070106
201936070107
201936070108
201936070109
201936070110
201936070111
201936081701
201936081702
201936081703
201936081704
201936081705
201936081706
201936081707
201936081708
201936081709
201936081710
201936081801
201936081802
201936081803
201936081804
201936081805
201936081806
201936081807
201936081808
201936081809
201936081810
201936081811
201936081901
201936081902
201936081903
201936081904
201936081905
201936081906
201936081907
201936081908
201936081909
201936081910
201936081911
201936081912
201936082401
201936082402
201936082403
201936082404
201936082405
201936082406
201936082407
201936082408
201936082409
201936082410
201936082501
201936082502
201936082503
201936082504
201936082505
201936082506
201936082507
201936082508
201936082509
201936082510
201936082511
201936082512
201936082601
201936082602
201936082603
201936082604
201936082605
201936082606
201936082607
201936082608
201936082609
201936082610
201936120701
201936120702
201936120703
201936120704
201936120705
201936120706
201936120707
201936120708
201936120709
201936120710
201936120711
201936120801
201936120802
201936120803
201936120804
201936120805
201936120806
201936120807
201936120808
201936120809
201936120810
201936120811
201936120901
201936120902
201936120903
201936120904
201936120905
201936120906
201936120907
201936120908
201936120909
201936120910
201936120911
201936121501
201936121502
201936121503
201936121504
201936121505
201936121506
201936121507
201936121508
201936121509
201936121510
201936121601
201936121602
201936121603
201936121604
201936121605
201936121606
201936121607
201936121608
201936121609
201936121610
201936121701
201936121702
201936121703
201936121704
201936121705
201936121706
201936121707
201936121708
201936121709
201936121710
201936121711
201936122201
201936122202
201936122203
201936122204
201936122205
201936122206
201936122207
201936122208
201936122209
201936122210
201936122301
201936122302
201936122303
201936122304
201936122305
201936122306
201936122307
201936122308
201936122309
201936122310
201936122401
201936122402
201936122403
201936122404
201936122405
201936122406
201936122407
201936122408
201936122409
201936122410
201936123001
201936123002
201936123003
201936123004
201936123005
201936123006
201936123007
201936123008
201936123009
201936123010
201936123101
201936123102
201936123103
201936123104
201936123105
201936123106
201936123107
201936123108