201943011501
201943011502
201943011503
201943011504
201943011505
201943011506
201943011507
201943011508
201943011509
201943011510
201943011511
201943011512
201943011601
201943011602
201943011603
201943011604
201943011605
201943011606
201943011607
201943011608
201943011609
201943011610
201943011611
201943011612
201943011701
201943011702
201943011703
201943011704
201943011705
201943011706
201943011707
201943011708
201943011709
201943011710
201943011711
201943011712
201943011801
201943011802
201943011803
201943011804
201943011805
201943011806
201943011807
201943011808
201943011809
201943011810
201943011811
201943011812
201943021801
201943021802
201943021803
201943021804
201943021805
201943021806
201943021807
201943021808
201943021809
201943021810
201943021811
201943021812
201943021901
201943021902
201943021903
201943021904
201943021905
201943021906
201943021907
201943021908
201943021909
201943021910
201943021911
201943021912
201943022001
201943022002
201943022003
201943022004
201943022005
201943022006
201943022007
201943022008
201943022009
201943022010
201943022011
201943022012
201943022101
201943022102
201943022103
201943022104
201943022105
201943022106
201943022107
201943022108
201943022109
201943022110
201943022111
201943022112
201943022201
201943022202
201943022203
201943022204
201943022205
201943022206
201943022207
201943022208
201943022209
201943022210
201943022211
201943022212
201943031101
201943031102
201943031103
201943031104
201943031105
201943031106
201943031107
201943031108
201943031109
201943031110
201943031111
201943031112
201943031201
201943031202
201943031203
201943031204
201943031205
201943031206
201943031207
201943031208
201943031209
201943031210
201943031211
201943031212
201943031301
201943031302
201943031303
201943031304
201943031305
201943031306
201943031307
201943031308
201943031309
201943031310
201943031311
201943031312
201943031401
201943031402
201943031403
201943031404
201943031405
201943031406
201943031407
201943031408
201943031409
201943031410
201943031411
201943031412
201943031501
201943031502
201943031503
201943031504
201943031505
201943031506
201943031507
201943031508
201943031509
201943031510
201943031511
201943031512
201943041501
201943041502
201943041503
201943041504
201943041505
201943041506
201943041507
201943041508
201943041509
201943041510
201943041511
201943041512
201943041601
201943041602
201943041603
201943041604
201943041605
201943041606
201943041607
201943041608
201943041609
201943041610
201943041611
201943041612
201943041701
201943041702
201943041703
201943041704
201943041705
201943041706
201943041707
201943041708
201943041709
201943041710
201943041711
201943041712
201943041801
201943041802
201943041803
201943041804
201943041805
201943041806
201943041807
201943041808
201943041809
201943041810
201943041811
201943041812
201943041901
201943041902
201943041903
201943041904
201943041905
201943041906
201943041907
201943041908
201943041909
201943041910
201943041911
201943041912
201943050601
201943050602
201943050603
201943050604
201943050605
201943050606
201943050607
201943050608
201943050609
201943050610
201943050611
201943050612
201943050701
201943050702
201943050703
201943050704
201943050705
201943050706
201943050707
201943050708
201943050709
201943050710
201943050711
201943050712
201943050801
201943050802
201943050803
201943050804
201943050805
201943050806
201943050807
201943050808
201943050809
201943050810
201943050811
201943050812
201943050901
201943050902
201943050903
201943050904
201943050905
201943050906
201943050907
201943050908
201943050909
201943050910
201943050911
201943050912
201943051001
201943051002
201943051003
201943051004
201943051005
201943051006
201943051007
201943051008
201943051009
201943051010
201943051011
201943051012
201943061701
201943061702
201943061703
201943061704
201943061705
201943061706
201943061707
201943061708
201943061709
201943061710
201943061711
201943061712
201943061801
201943061802
201943061803
201943061804
201943061805
201943061806
201943061807
201943061808
201943061809
201943061810
201943061811
201943061812
201943061901
201943061902
201943061903
201943061904
201943061905
201943061906
201943061907
201943061908
201943061909
201943061910
201943061911
201943061912
201943062001
201943062002
201943062003
201943062004
201943062005
201943062006
201943062007
201943062008
201943062009
201943062010
201943062011
201943062012
201943062101
201943062102
201943062103
201943062104
201943062105
201943062106
201943062107
201943062108
201943062109
201943062110
201943062111
201943062112
201943071401
201943071402
201943071403
201943071404
201943071405
201943071406
201943071407
201943071408
201943071409
201943071410
201943071411
201943071412
201943071501
201943071502
201943071503
201943071504
201943071505
201943071506
201943071507
201943071508
201943071509
201943071510
201943071511
201943071512
201943071601
201943071602
201943071603
201943071604
201943071605
201943071606
201943071607
201943071608
201943071609
201943071610
201943071611
201943071612
201943071701
201943071702
201943071703
201943071704
201943071705
201943071706
201943071707
201943071708
201943071709
201943071710
201943071711
201943071712
201943080701
201943080702
201943080703
201943080704
201943080705
201943080706
201943080707
201943080708
201943080709
201943080710
201943080711
201943080712
201943080801
201943080802
201943080803
201943080804
201943080805
201943080806
201943080807
201943080808
201943080809
201943080810
201943080811
201943080812
201943080901
201943080902
201943080903
201943080904
201943080905
201943080906
201943080907
201943080908
201943080909
201943080910
201943080911
201943080912
201943081001
201943081002
201943081003
201943081004
201943081005
201943081006
201943081007
201943081008
201943081009
201943081010
201943081011
201943081012
201943082901
201943082902
201943082903
201943082904
201943082905
201943082906
201943082907
201943082908
201943082909
201943082910
201943082911
201943082912
201943083001
201943083002
201943083003
201943083004
201943083005
201943083006
201943083007
201943083008
201943083009
201943083010
201943083011
201943083012
201943083101
201943083102
201943083103
201943083104
201943083105
201943083106
201943083107
201943083108
201943083109
201943083110
201943083111
201943083112
201943090201
201943090202
201943090203
201943090204
201943090205
201943090206
201943090207
201943090208
201943090209
201943090210
201943090211
201943090212
201943092301
201943092302
201943092303
201943092304
201943092305
201943092306
201943092307
201943092308
201943092309
201943092310
201943092311
201943092312
201943092401
201943092402
201943092403
201943092404
201943092405
201943092406
201943092407
201943092408
201943092409
201943092410
201943092411
201943092412
201943092501
201943092502
201943092503
201943092504
201943092505
201943092506
201943092507
201943092508
201943092509
201943092510
201943092511
201943092512
201943092601
201943092602
201943092603
201943092604
201943092605
201943092606
201943092607
201943092608
201943092609
201943092610
201943092611
201943092612
201943092701
201943092702
201943092703
201943092704
201943092705
201943092706
201943092707
201943092708
201943092709
201943092710
201943092711
201943092712
201943102801
201943102802
201943102803
201943102804
201943102805
201943102806
201943102807
201943102808
201943102809
201943102810
201943102811
201943102812
201943102901
201943102902
201943102903
201943102904
201943102905
201943102906
201943102907
201943102908
201943102909
201943102910
201943102911
201943102912
201943103001
201943103002
201943103003
201943103004
201943103005
201943103006
201943103007
201943103008
201943103009
201943103010
201943103011
201943103012
201943103101
201943103102
201943103103
201943103104
201943103105
201943103106
201943103107
201943103108
201943103109
201943103110
201943103111
201943103112
201943110101
201943110102
201943110103
201943110104
201943110105
201943110106
201943110107
201943110108
201943110109
201943110110
201943110111
201943110112
201943120901
201943120902
201943120903
201943120904
201943120905
201943120906
201943120907
201943120908
201943120909
201943120910
201943120911
201943120912
201943121001
201943121002
201943121003
201943121004
201943121005
201943121006
201943121007
201943121008
201943121009
201943121010
201943121011
201943121012
201943121101
201943121102
201943121103
201943121104
201943121105
201943121106
201943121107
201943121108
201943121109
201943121110
201943121111
201943121112
201943121201
201943121202
201943121203
201943121204
201943121205
201943121206
201943121207
201943121208
201943121209
201943121210
201943121211
201943121212
201943121301
201943121302
201943121303
201943121304
201943121305
201943121306
201943121307
201943121308
201943121309
201943121310
201943121311
201943121312