201946031701
201946031702
201946031703
201946031704
201946031705
201946031706
201946031707
201946031708
201946031709
201946031710
201946031711
201946031901
201946031902
201946031903
201946031904
201946031905
201946031906
201946031907
201946031908
201946031909
201946031910
201946031911
201946032101
201946032102
201946032103
201946032104
201946032105
201946032106
201946032107
201946032108
201946032109
201946032601
201946032602
201946032603
201946032604
201946032605
201946032606
201946032607
201946032608
201946032609
201946032610
201946032611
201946040101
201946040102
201946040103
201946040104
201946040105
201946040106
201946040107
201946040108
201946040109
201946040110
201946040111
201946040112
201946040201
201946040202
201946040203
201946040204
201946040205
201946040206
201946040207
201946040208
201946040209
201946040210
201946040211
201946040212
201946040301
201946040302
201946040303
201946040304
201946040305
201946040306
201946040307
201946040308
201946040309
201946040310
201946040901
201946040902
201946040903
201946040904
201946040905
201946040906
201946040907
201946040908
201946040909
201946040910
201946040911
201946040912
201946041401
201946041402
201946041403
201946041404
201946041405
201946041406
201946041407
201946041408
201946041409
201946041410
201946041411
201946041601
201946041602
201946041603
201946041604
201946041605
201946041606
201946041607
201946041608
201946041609
201946041610
201946042101
201946042102
201946042103
201946042104
201946042105
201946042106
201946042107
201946042108
201946042109
201946042110
201946042301
201946042302
201946042303
201946042304
201946042305
201946042306
201946042307
201946042308
201946042309
201946042310
201946042311
201946042312
201946042801
201946042802
201946042803
201946042804
201946042805
201946042806
201946042807
201946042808
201946042809
201946042810
201946042811
201946043001
201946043002
201946043003
201946043004
201946043005
201946043006
201946043007
201946043008
201946043009
201946043010
201946043011
201946043012
201946050501
201946050502
201946050503
201946050504
201946050505
201946050506
201946050507
201946050508
201946050509
201946050510
201946050601
201946050602
201946050603
201946050604
201946050605
201946050606
201946050607
201946050608
201946050609
201946050610
201946050611
201946050612
201946051201
201946051202
201946051203
201946051204
201946051205
201946051206
201946051207
201946051208
201946051209
201946051210
201946051211
201946051401
201946051402
201946051403
201946051404
201946051405
201946051406
201946051407
201946051408
201946051409
201946051901
201946051902
201946051903
201946051904
201946051905
201946051906
201946051907
201946051908
201946051909
201946051910
201946052101
201946052102
201946052103
201946052104
201946052105
201946052106
201946052107
201946052108
201946052109
201946052110
201946052111
201946052112
201946052601
201946052602
201946052603
201946052604
201946052605
201946052606
201946052607
201946052608
201946052609
201946052610
201946052611
201946052801
201946052802
201946052803
201946052804
201946052805
201946052806
201946052807
201946052808
201946052809
201946052810
201946052811
201946060201
201946060202
201946060203
201946060204
201946060205
201946060206
201946060207
201946060208
201946060209
201946060210
201946060401
201946060402
201946060403
201946060404
201946060405
201946060406
201946060407
201946060408
201946060409
201946060410
201946060411
201946060412
201946060901
201946060902
201946060903
201946060904
201946060905
201946060906
201946060907
201946060908
201946060909
201946060910
201946060911
201946061101
201946061102
201946061103
201946061104
201946061105
201946061106
201946061107
201946061108
201946061109
201946061110
201946061111
201946061112
201946061601
201946061602
201946061603
201946061604
201946061605
201946061606
201946061607
201946061608
201946061609
201946061610
201946061611
201946061801
201946061802
201946061803
201946061804
201946061805
201946061806
201946061807
201946061808
201946061809
201946061810
201946061811
201946061812
201946062301
201946062302
201946062303
201946062304
201946062305
201946062306
201946062307
201946062308
201946062501
201946062502
201946062503
201946062504
201946062505
201946062506
201946062507
201946062508
201946062509
201946062510
201946062511
201946062512
201946063001
201946063002
201946063003
201946063004
201946063005
201946063006
201946063007
201946063008
201946063009
201946063010
201946063011
201946063012
201946070201
201946070202
201946070203
201946070204
201946070205
201946070206
201946070207
201946070208
201946070209
201946070210
201946070211
201946070212
201946070701
201946070702
201946070703
201946070704
201946070705
201946070706
201946070707
201946070708
201946070709
201946070710
201946070711
201946070712
201946070901
201946070902
201946070903
201946070904
201946070905
201946070906
201946070907
201946070908
201946070909
201946070910
201946070911
201946070912
201946071401
201946071402
201946071403
201946071404
201946071405
201946071406
201946071407
201946071408
201946071409
201946071410
201946071411
201946071412
201946071601
201946071602
201946071603
201946071604
201946071605
201946071606
201946071607
201946071608
201946071609
201946071610
201946071611
201946071612
201946072101
201946072102
201946072103
201946072104
201946072105
201946072106
201946072107
201946072108
201946072109
201946072110
201946072111
201946072112
201946072301
201946072302
201946072303
201946072304
201946072305
201946072306
201946072307
201946072308
201946072309
201946072310
201946072311
201946072801
201946072802
201946072803
201946072804
201946072805
201946072806
201946072807
201946072808
201946072809
201946072810
201946072811
201946073001
201946073002
201946073003
201946073004
201946073005
201946073006
201946073007
201946073008
201946073009
201946073010
201946073011
201946073012
201946080401
201946080402
201946080403
201946080404
201946080405
201946080406
201946080407
201946080408
201946080409
201946080410
201946080411
201946080412
201946080601
201946080602
201946080603
201946080604
201946080605
201946080606
201946080607
201946080608
201946080609
201946080610
201946080611
201946081201
201946081202
201946081203
201946081204
201946081205
201946081206
201946081207
201946081208
201946081209
201946081210
201946081211
201946081212
201946081301
201946081302
201946081303
201946081304
201946081305
201946081306
201946081307
201946081308
201946081309
201946081310
201946081311
201946081312
201946081801
201946081802
201946081803
201946081804
201946081805
201946081806
201946081807
201946081808
201946082001
201946082002
201946082003
201946082004
201946082005
201946082006
201946082007
201946082008
201946082009
201946082010
201946082011
201946082501
201946082502
201946082503
201946082504
201946082505
201946082506
201946082507
201946082508
201946082509
201946082510
201946082511
201946082512
201946082701
201946082702
201946082703
201946082704
201946082705
201946082706
201946082707
201946082708
201946082709
201946082710
201946082711
201946082712
201946090101
201946090102
201946090103
201946090104
201946090105
201946090106
201946090107
201946090108
201946090109
201946090110
201946090111
201946090301
201946090302
201946090303
201946090304
201946090305
201946090306
201946090307
201946090308
201946090309
201946090310
201946090311
201946090312
201946090801
201946090802
201946090803
201946090804
201946090805
201946090806
201946090807
201946090808
201946090809
201946090810
201946090811
201946091001
201946091002
201946091003
201946091004
201946091005
201946091006
201946091007
201946091008
201946091009
201946091010
201946091011
201946091012
201946091501
201946091502
201946091503
201946091504
201946091505
201946091506
201946091507
201946091508
201946091509
201946091510
201946091701
201946091702
201946091703
201946091704
201946091705
201946091706
201946091707
201946091708
201946091709
201946091710
201946091711
201946091712
201946092301
201946092302
201946092401
201946092402
201946092403
201946092404
201946092405
201946092406
201946092407
201946092408
201946092409
201946092410
201946092411
201946092412
201946092501
201946092502
201946092503
201946092504
201946092505
201946092506
201946092507
201946092508
201946092509
201946092510
201946092511
201946092512
201946092901
201946092902
201946092903
201946092904
201946092905
201946092906
201946092907
201946092908
201946092909
201946092910
201946092911
201946100101
201946100102
201946100103
201946100104
201946100105
201946100106
201946100107
201946100108
201946100109
201946100110
201946100111
201946100112
201946100801
201946100802
201946100803
201946100804
201946100805
201946100806
201946100807
201946100808
201946100809
201946100810
201946100811
201946100812
201946100901
201946100902
201946100903
201946100904
201946100905
201946100906
201946100907
201946100908
201946100909
201946100910
201946100911
201946101401
201946101402
201946101403
201946101404
201946101405
201946101406
201946101407
201946101408
201946101409
201946101410
201946101411
201946101501
201946101502
201946101503
201946101504
201946101505
201946101506
201946101507
201946101508
201946101509
201946101510
201946101511
201946102001
201946102002
201946102003
201946102004
201946102005
201946102006
201946102007
201946102008
201946102009
201946102010
201946102011
201946102201
201946102202
201946102203
201946102204
201946102205
201946102206
201946102207
201946102208
201946102209
201946102210
201946102211
201946102701
201946102702
201946102703
201946102704
201946102705
201946102706
201946102707
201946102708
201946102709
201946102710
201946102711
201946102901
201946102902
201946102903
201946102904
201946102905
201946102906
201946102907
201946102908
201946102909
201946102910
201946102911
201946110301
201946110302
201946110303
201946110304
201946110305
201946110306
201946110307
201946110308
201946110309
201946110310
201946110501
201946110502
201946110503
201946110504
201946110505
201946110506
201946110507
201946110508
201946110509
201946110510
201946111001
201946111002
201946111003
201946111004
201946111005
201946111006
201946111007
201946111008
201946111009
201946111010
201946111101
201946111102
201946111103
201946111104
201946111105
201946111106
201946111107
201946111108
201946111109
201946111110
201946111201
201946111202
201946111203
201946111204
201946111205
201946111206
201946111207
201946111208
201946111209
201946111210
201946111801
201946111802
201946111803
201946111804
201946111805
201946111806
201946111807
201946111808
201946111809
201946111810
201946111811
201946111901
201946111902
201946111903
201946111904
201946111905
201946111906
201946111907
201946111908
201946111909
201946111910
201946111911
201946112401
201946112402
201946112403
201946112404
201946112405
201946112406
201946112407
201946112408
201946112409
201946112410
201946112601
201946112602
201946112603
201946112604
201946112605
201946112606
201946112607
201946112608
201946112609
201946112610
201946112611
201946120101
201946120102
201946120103
201946120104
201946120105
201946120106
201946120107
201946120108
201946120109
201946120301
201946120302
201946120303
201946120304
201946120305
201946120306
201946120307
201946120308
201946120309
201946120310
201946120311
201946120801
201946120802
201946120803
201946120804
201946120805
201946120806
201946120807
201946120808
201946120809
201946120810
201946120901
201946120902
201946120903
201946120904
201946120905
201946120906
201946120907
201946120908
201946120909
201946120910
201946121001
201946121002
201946121003
201946121004
201946121005
201946121006
201946121007
201946121008
201946121009
201946121010
201946121701
201946121702
201946121703
201946121704
201946121705
201946121706
201946121707
201946121708
201946121709
201946121710
201946121711
201946121801
201946121802
201946121803
201946121804
201946121805
201946121806
201946121807
201946121808
201946121809
201946121810
201946121811
201946122401
201946122402
201946122403
201946122404
201946122405
201946122406
201946122407
201946122408
201946122409
201946122410
201946122411
201946122701
201946122702
201946122703
201946122704
201946122705
201946122706
201946122707
201946122708
201946122709