201947010801
201947010802
201947010803
201947010804
201947010805
201947010806
201947010807
201947010808
201947010812
201947010901
201947010902
201947010903
201947010904
201947010905
201947010906
201947010907
201947010908
201947010909
201947011001
201947011003
201947011004
201947011005
201947011006
201947011007
201947011008
201947011009
201947011011
201947011102
201947011103
201947011104
201947011105
201947011106
201947011107
201947011108
201947011109
201947011111
201947011112
201947012101
201947012102
201947012103
201947012104
201947012105
201947012106
201947012107
201947012108
201947012109
201947012110
201947012201
201947012202
201947012204
201947012205
201947012209
201947012210
201947012301
201947012302
201947012303
201947012304
201947012305
201947012306
201947012307
201947012401
201947012402
201947012403
201947012405
201947012406
201947012408
201947012409
201947012410
201947012502
201947012503
201947012504
201947012505
201947012507
201947012508
201947012509
201947012510
201947020401
201947020403
201947020404
201947020405
201947020406
201947020407
201947020409
201947020410
201947020501
201947020502
201947020503
201947020504
201947020505
201947020506
201947020508
201947020601
201947020602
201947020603
201947020604
201947020605
201947020606
201947020607
201947020608
201947020609
201947020610
201947020701
201947020702
201947020703
201947020704
201947020708
201947020710
201947020802
201947020803
201947020804
201947020806
201947020808
201947020809
201947020810
201947021801
201947021802
201947021803
201947021804
201947021805
201947021806
201947021807
201947021808
201947021810
201947021901
201947021902
201947021903
201947021904
201947021906
201947021909
201947021910
201947022001
201947022002
201947022003
201947022004
201947022006
201947022007
201947022008
201947022009
201947022101
201947022103
201947022104
201947022105
201947022106
201947022107
201947022108
201947022202
201947022203
201947022204
201947022205
201947022206
201947022207
201947022208
201947022209
201947022210
201947030601
201947030602
201947030603
201947030604
201947030605
201947030607
201947030608
201947030609
201947030610
201947030611
201947030612
201947030701
201947030702
201947030703
201947030704
201947030705
201947030706
201947030709
201947030710
201947030801
201947030802
201947030803
201947030804
201947030805
201947030806
201947030808
201947030810
201947030811
201947030812
201947032001
201947032002
201947032003
201947032004
201947032005
201947032006
201947032007
201947032008
201947032009
201947032010
201947032011
201947032012
201947032101
201947032102
201947032103
201947032104
201947032105
201947032106
201947032107
201947032108
201947032109
201947032201
201947032202
201947032203
201947032204
201947032205
201947032206
201947032207
201947032208
201947032209
201947032210
201947032211
201947032212
201947040201
201947040202
201947040203
201947040204
201947040205
201947040206
201947040207
201947040208
201947040210
201947040301
201947040302
201947040303
201947040304
201947040306
201947040308
201947040309
201947040310
201947040401
201947040402
201947040403
201947040404
201947040405
201947040406
201947040407
201947040408
201947040410
201947040501
201947040502
201947040503
201947040504
201947040506
201947040508
201947040510
201947040511
201947042301
201947042302
201947042303
201947042304
201947042305
201947042306
201947042307
201947042308
201947042309
201947042310
201947042401
201947042402
201947042403
201947042404
201947042405
201947042406
201947042408
201947042409
201947042410
201947042501
201947042502
201947042503
201947042504
201947042505
201947042506
201947042507
201947042508
201947042509
201947042511
201947042601
201947042602
201947042603
201947042604
201947042605
201947042606
201947042607
201947042608
201947042610
201947042611
201947050701
201947050702
201947050703
201947050704
201947050705
201947050706
201947050708
201947050710
201947050801
201947050802
201947050803
201947050804
201947050805
201947050807
201947050808
201947050810
201947050901
201947050902
201947050903
201947050904
201947050905
201947050906
201947050907
201947050909
201947050910
201947051001
201947051002
201947051003
201947051004
201947051005
201947051006
201947051008
201947051009
201947051010
201947051011
201947052101
201947052102
201947052103
201947052104
201947052105
201947052106
201947052107
201947052108
201947052109
201947052110
201947052201
201947052202
201947052203
201947052204
201947052206
201947052207
201947052208
201947052209
201947052210
201947052301
201947052302
201947052304
201947052305
201947052306
201947052307
201947052309
201947052310
201947052401
201947052402
201947052403
201947052404
201947052405
201947052406
201947052407
201947052409
201947052410
201947060401
201947060402
201947060403
201947060404
201947060405
201947060406
201947060407
201947060408
201947060409
201947060410
201947060501
201947060503
201947060504
201947060505
201947060506
201947060507
201947060509
201947060510
201947060601
201947060602
201947060603
201947060604
201947060605
201947060607
201947060609
201947060701
201947060702
201947060703
201947060704
201947060705
201947060706
201947060707
201947060708
201947060710
201947060711
201947061801
201947061802
201947061803
201947061804
201947061805
201947061806
201947061809
201947061810
201947061901
201947061902
201947061904
201947061906
201947061907
201947061908
201947061909
201947061910
201947062001
201947062002
201947062003
201947062006
201947062007
201947062008
201947062009
201947070301
201947070302
201947070303
201947070304
201947070305
201947070306
201947070307
201947070309
201947070311
201947070312
201947070401
201947070402
201947070403
201947070404
201947070405
201947070406
201947070407
201947070408
201947070409
201947070410
201947070411
201947070412
201947070502
201947070503
201947070505
201947070506
201947070508
201947070509
201947070510
201947070511
201947071701
201947071702
201947071703
201947071704
201947071705
201947071708
201947071709
201947071710
201947071711
201947071712
201947071801
201947071802
201947071803
201947071804
201947071805
201947071806
201947071807
201947071808
201947071809
201947071810
201947071812
201947071901
201947071902
201947071904
201947071905
201947071906
201947071907
201947071908
201947071909
201947071910
201947071911
201947071912
201947081201
201947081202
201947081203
201947081204
201947081205
201947081206
201947081207
201947081208
201947081209
201947081301
201947081302
201947081303
201947081304
201947081305
201947081307
201947081308
201947081309
201947081310
201947081401
201947081403
201947081404
201947081405
201947081407
201947081408
201947081410
201947081411
201947081412
201947081501
201947081502
201947081503
201947081504
201947081505
201947081506
201947081507
201947081508
201947081509
201947081510
201947081512
201947082802
201947082803
201947082804
201947082805
201947082806
201947082807
201947082808
201947082809
201947082811
201947082812
201947082901
201947082902
201947082903
201947082904
201947082905
201947082906
201947082907
201947082908
201947082909
201947082910
201947082911
201947082912
201947083001
201947083002
201947083003
201947083004
201947083007
201947083008
201947083009
201947083010
201947083011
201947083012
201947091101
201947091102
201947091103
201947091104
201947091105
201947091106
201947091107
201947091108
201947091109
201947091110
201947091111
201947091112
201947091202
201947091203
201947091204
201947091205
201947091207
201947091208
201947091209
201947091210
201947091211
201947091212
201947091301
201947091302
201947091303
201947091304
201947091305
201947091306
201947091307
201947091308
201947091309
201947091311
201947091312
201947092301
201947092302
201947092303
201947092304
201947092305
201947092306
201947092307
201947092308
201947092309
201947092310
201947092501
201947092502
201947092503
201947092504
201947092505
201947092506
201947092507
201947092508
201947092509
201947092510
201947092511
201947092601
201947092602
201947092603
201947092605
201947092606
201947092607
201947092608
201947092609
201947092610
201947092611
201947092701
201947092702
201947092703
201947092705
201947092706
201947092710
201947092711
201947100801
201947100802
201947100803
201947100804
201947100805
201947100806
201947100807
201947100808
201947100809
201947100810
201947100901
201947100902
201947100903
201947100904
201947100905
201947100906
201947100907
201947100909
201947100910
201947100911
201947101002
201947101003
201947101004
201947101006
201947101007
201947101008
201947101009
201947101010
201947101011
201947101101
201947101102
201947101103
201947101104
201947101105
201947101106
201947101107
201947101108
201947101109
201947101110
201947101111
201947102201
201947102202
201947102203
201947102204
201947102205
201947102206
201947102207
201947102209
201947102210
201947102301
201947102302
201947102303
201947102304
201947102305
201947102306
201947102307
201947102308
201947102309
201947102310
201947102311
201947102401
201947102402
201947102403
201947102404
201947102405
201947102406
201947102407
201947102408
201947102409
201947102410
201947102411
201947102502
201947102503
201947102504
201947102506
201947102507
201947102508
201947102509
201947102510
201947102511
201947102512
201947110501
201947110503
201947110504
201947110505
201947110506
201947110507
201947110508
201947110509
201947110510
201947110511
201947110601
201947110602
201947110603
201947110604
201947110605
201947110606
201947110607
201947110609
201947110610
201947110701
201947110702
201947110703
201947110704
201947110705
201947110706
201947110707
201947110708
201947110709
201947110710
201947110711
201947110801
201947110802
201947110803
201947110805
201947110806
201947110807
201947110808
201947110809
201947110810
201947111801
201947111802
201947111803
201947111804
201947111805
201947111806
201947111807
201947111808
201947111809
201947111810
201947111901
201947111902
201947111903
201947111904
201947111905
201947111907
201947111908
201947111909
201947111910
201947112001
201947112002
201947112003
201947112005
201947112006
201947112007
201947112008
201947112009
201947112010
201947112101
201947112102
201947112103
201947112104
201947112105
201947112106
201947112107
201947112108
201947112109
201947112201
201947112202
201947112203
201947112204
201947112205
201947112206
201947112207
201947112208
201947112209
201947112210
201947120201
201947120202
201947120203
201947120204
201947120205
201947120206
201947120207
201947120208
201947120209
201947120210
201947120301
201947120302
201947120303
201947120304
201947120305
201947120306
201947120307
201947120308
201947120309
201947120310
201947120401
201947120402
201947120403
201947120404
201947120405
201947120406
201947120407
201947120408
201947120409
201947120410
201947120501
201947120502
201947120503
201947120504
201947120505
201947120506
201947120507
201947120508
201947120509
201947120510
201947120602
201947120603
201947120605
201947120606
201947120607
201947120608
201947120610
201947122701
201947122702
201947122703
201947122704
201947122705
201947122706
201947122707
201947122708
201947122709
201947122710
201947122901
201947122902
201947122903
201947122904
201947122905
201947122906
201947122907
201947122908
201947122909
201947122910
201947123001
201947123002
201947123003
201947123004
201947123005
201947123006
201947123007
201947123008
201947123009
201947123010
201947123011
201947123012
201947123102
201947123103
201947123105
201947123106
201947123107
201947123109
201947123110
201947123111