202101020101
202101020102
202101020103
202101020104
202101020105
202101020106
202101020107
202101020108
202101020109
202101020110
202101020111
202101020112
202101020201
202101020202
202101020203
202101020204
202101020205
202101020206
202101020207
202101020208
202101020209
202101020210
202101020211
202101020212
202101020301
202101020302
202101020303
202101020304
202101020305
202101020306
202101020307
202101020308
202101020309
202101020310
202101020311
202101020312
202101020401
202101020402
202101020403
202101020404
202101020405
202101020406
202101020407
202101020408
202101020409
202101020410
202101020411
202101020412
202101020501
202101020502
202101020503
202101020504
202101020505
202101020506
202101020507
202101020508
202101020509
202101020510
202101020511
202101020512
202101020601
202101020602
202101020603
202101020604
202101020605
202101020606
202101020607
202101020608
202101020609
202101020610
202101020611
202101020612
202102011001
202102011002
202102011003
202102011004
202102011005
202102011006
202102011007
202102011008
202102011009
202102011010
202102011011
202102011012
202102011101
202102011102
202102011103
202102011104
202102011105
202102011106
202102011107
202102011108
202102011109
202102011110
202102011111
202102011112
202102011201
202102011202
202102011203
202102011204
202102011205
202102011206
202102011207
202102011208
202102011209
202102011210
202102011211
202102011212
202104030401
202104030402
202104030403
202104030404
202104030405
202104030406
202104030407
202104030408
202104030409
202104030410
202104030411
202104030412
202104030501
202104030502
202104030503
202104030504
202104030505
202104030506
202104030507
202104030508
202104030509
202104030510
202104030511
202104030512
202104030601
202104030602
202104030603
202104030604
202104030605
202104030606
202104030607
202104030608
202104030609
202104030610
202104030611
202104030612
202104040101
202104040102
202104040103
202104040104
202104040105
202104040106
202104040107
202104040108
202104040109
202104040110
202104040111
202104040112
202104040201
202104040202
202104040203
202104040204
202104040205
202104040206
202104040207
202104040208
202104040209
202104040210
202104040211
202104040212
202104040301
202104040302
202104040303
202104040304
202104040305
202104040306
202104040307
202104040308
202104040309
202104040310
202104040311
202104040312
202104040401
202104040402
202104040403
202104040404
202104040405
202104040406
202104040407
202104040408
202104040409
202104040410
202104040411
202104040412
202104040501
202104040502
202104040503
202104040504
202104040505
202104040506
202104040507
202104040508
202104040509
202104040510
202104040511
202104040512
202104040601
202104040602
202104040603
202104040604
202104040605
202104040606
202104040607
202104040608
202104040609
202104040610
202104040611
202104040612
202110040101
202110040102
202110040103
202110040104
202110040105
202110040106
202110040107
202110040108
202110040109
202110040110
202110040111
202110040112
202110040201
202110040202
202110040203
202110040204
202110040205
202110040206
202110040207
202110040208
202110040209
202110040210
202110040211
202110040212
202110040301
202110040302
202110040303
202110040304
202110040305
202110040306
202110040307
202110040308
202110040309
202110040310
202110040311
202110040312
202110040401
202110040402
202110040403
202110040404
202110040405
202110040406
202110040407
202110040408
202110040409
202110040410
202110040411
202110040412
202110040501
202110040502
202110040503
202110040504
202110040505
202110040506
202110040507
202110040508
202110040509
202110040510
202110040511
202110040512
202110040601
202110040602
202110040603
202110040604
202110040605
202110040606
202110040607
202110040608
202110040609
202110040610
202110040611
202110040612
202130080301
202130080302
202130080303
202130080304
202130080305
202130080306
202130080307
202130080308
202130080309
202130080310
202130080311
202130080312
202130080401
202130080402
202130080403
202130080404
202130080405
202130080406
202130080407
202130080408
202130080409
202130080410
202130080411
202130080412
202130080501
202130080502
202130080503
202130080504
202130080505
202130080506
202130080507
202130080508
202130080509
202130080510
202130080511
202130080512
202130081001
202130081002
202130081003
202130081004
202130081005
202130081006
202130081007
202130081008
202130081009
202130081010
202130081011
202130081012
202130081101
202130081102
202130081103
202130081104
202130081105
202130081106
202130081107
202130081108
202130081109
202130081110
202130081111
202130081112
202130081201
202130081202
202130081203
202130081204
202130081205
202130081206
202130081207
202130081208
202130081209
202130081210
202130081211
202130081212
202130081701
202130081702
202130081703
202130081704
202130081705
202130081706
202130081707
202130081708
202130081709
202130081710
202130081711
202130081712
202130081801
202130081802
202130081803
202130081804
202130081805
202130081806
202130081807
202130081808
202130081809
202130081810
202130081811
202130081812
202130081901
202130081902
202130081903
202130081904
202130081905
202130081906
202130081907
202130081908
202130081909
202130081910
202130081911
202130081912
202130082401
202130082402
202130082403
202130082404
202130082405
202130082406
202130082407
202130082408
202130082409
202130082410
202130082411
202130082412
202130082501
202130082502
202130082503
202130082504
202130082505
202130082506
202130082507
202130082508
202130082509
202130082510
202130082511
202130082512
202130082601
202130082602
202130082603
202130082604
202130082605
202130082606
202130082607
202130082608
202130082609
202130082610
202130082611
202130082612
202130083101
202130083102
202130083103
202130083104
202130083105
202130083106
202130083107
202130083108
202130083109
202130083110
202130083111
202130083112
202135080101
202135080102
202135080103
202135080104
202135080105
202135080106
202135080107
202135080108
202135080109
202135080110
202135080111
202135080201
202135080202
202135080203
202135080204
202135080205
202135080206
202135080207
202135080208
202135080209
202135080210
202135080211
202135080212
202135080301
202135080302
202135080303
202135080304
202135080305
202135080306
202135080307
202135080308
202135080309
202135080310
202135080311
202135080801
202135080802
202135080803
202135080804
202135080805
202135080806
202135080807
202135080808
202135080809
202135080810
202135080811
202135080901
202135080902
202135080903
202135080904
202135080905
202135080906
202135080907
202135080908
202135080909
202135080910
202135080911
202135080912
202135081001
202135081002
202135081003
202135081004
202135081005
202135081006
202135081007
202135081008
202135081009
202135081010
202135081011
202135081501
202135081502
202135081503
202135081504
202135081505
202135081506
202135081507
202135081508
202135081509
202135081510
202135081511
202135081601
202135081602
202135081603
202135081604
202135081605
202135081606
202135081607
202135081608
202135081609
202135081610
202135081611
202135081612
202135081701
202135081702
202135081703
202135081704
202135081705
202135081706
202135081707
202135081708
202135081709
202135081710
202135081711
202135081712
202135082201
202135082202
202135082203
202135082204
202135082205
202135082206
202135082207
202135082208
202135082209
202135082210
202135082211
202135082301
202135082302
202135082303
202135082304
202135082305
202135082306
202135082307
202135082308
202135082309
202135082310
202135082311
202135082401
202135082402
202135082403
202135082404
202135082405
202135082406
202135082407
202135082408
202135082409
202135082410
202135082411
202135082901
202135082902
202135082903
202135082904
202135082905
202135082906
202135082907
202135082908
202135082909
202135082910
202135082911
202135082912
202135083001
202135083002
202135083003
202135083004
202135083005
202135083006
202135083007
202135083008
202135083009
202135083010
202135083011
202135083012
202135083101
202135083102
202135083103
202135083104
202135083105
202135083106
202135083107
202135083108
202135083109
202135083110
202135083111
202142082301
202142082302
202142082303
202142082304
202142082305
202142082306
202142082307
202142082308
202142082309
202142082310
202142082311
202142082312
202142082401
202142082402
202142082403
202142082404
202142082405
202142082406
202142082407
202142082408
202142082409
202142082410
202142082411
202142082412
202142082501
202142082502
202142082503
202142082504
202142082505
202142082506
202142082507
202142082508
202142082509
202142082510
202142082511
202142082512
202142082601
202142082602
202142082603
202142082604
202142082605
202142082606
202142082607
202142082608
202142082609
202142082610
202142082611
202142082612
202143080901
202143080902
202143080903
202143080904
202143080905
202143080906
202143080907
202143080908
202143080909
202143080910
202143080911
202143080912
202143081001
202143081002
202143081003
202143081004
202143081005
202143081006
202143081007
202143081008
202143081009
202143081010
202143081011
202143081012
202143081101
202143081102
202143081103
202143081104
202143081105
202143081106
202143081107
202143081108
202143081109
202143081110
202143081111
202143081112
202143081201
202143081202
202143081203
202143081204
202143081205
202143081206
202143081207
202143081208
202143081209
202143081210
202143081211
202143081212
202143081301
202143081302
202143081303
202143081304
202143081305
202143081306
202143081307
202143081308
202143081309
202143081310
202143081311
202143081312
202144080201
202144080202
202144080203
202144080204
202144080205
202144080206
202144080207
202144080208
202144080209
202144080210
202144080211
202144080212
202144080301
202144080302
202144080303
202144080304
202144080305
202144080306
202144080307
202144080308
202144080309
202144080310
202144080311
202144080312
202144080401
202144080402
202144080403
202144080404
202144080405
202144080406
202144080407
202144080408
202144080409
202144080410
202144080411
202144080412
202144080501
202144080502
202144080503
202144080504
202144080505
202144080506
202144080507
202144080508
202144080509
202144080510
202144080511
202144080512
202144080601
202144080602
202144080603
202144080604
202144080605
202144080606
202144080607
202144080608
202144080609
202144080610
202144080611
202144080612
202144081601
202144081602
202144081603
202144081604
202144081605
202144081606
202144081607
202144081608
202144081609
202144081610
202144081611
202144081612
202144081701
202144081702
202144081703
202144081704
202144081705
202144081706
202144081707
202144081708
202144081709
202144081710
202144081711
202144081712
202144081801
202144081802
202144081803
202144081804
202144081805
202144081806
202144081807
202144081808
202144081809
202144081810
202144081811
202144081812
202144081901
202144081902
202144081903
202144081904
202144081905
202144081906
202144081907
202144081908
202144081909
202144081910
202144081911
202144081912
202144082001
202144082002
202144082003
202144082004
202144082005
202144082006
202144082007
202144082008
202144082009
202144082010
202144082011
202144082012
202145082701
202145082702
202145082703
202145082704
202145082705
202145082706
202145082707
202145082708
202145082709
202145082710
202145082711
202145082712
202145082901
202145082902
202145082903
202145082904
202145082905
202145082906
202145082907
202145082908
202145082909
202145082910
202145082911
202145082912
202145083001
202145083002
202145083003
202145083004
202145083005
202145083006
202145083007
202145083008
202145083009
202145083010
202145083011
202145083012
202145083101
202145083102
202145083103
202145083104
202145083105
202145083106
202145083107
202145083108
202145083109
202145083110
202145083111
202145083112
202146080101
202146080102
202146080103
202146080104
202146080105
202146080106
202146080107
202146080108
202146080109
202146080110
202146080111
202146081501
202146081502
202146081503
202146081504
202146081505
202146081506
202146081507
202146081508
202146081509
202146081510
202146081511
202146081701
202146081702
202146081703
202146081704
202146081705
202146081706
202146081707
202146081708
202146081709
202146081710
202146081711
202146081712
202146082201
202146082202
202146082203
202146082204
202146082205
202146082206
202146082207
202146082208
202146082209
202146082210
202146082211
202146082212
202146082401
202146082402
202146082403
202146082404
202146082405
202146082406
202146082407
202146082408
202146082409
202146082410
202146082411
202146082412
202146082901
202146082902
202146082903
202146082904
202146082905
202146082906
202146082907
202146082908
202146082909
202146082910
202146082911
202146083101
202146083102
202146083103
202146083104
202146083105
202146083106
202146083107
202146083108
202146083109
202146083110
202146083111
202146083112
202148080301
202148080302
202148080303
202148080304
202148080305
202148080306
202148080307
202148080308
202148080309
202148080310
202148080311
202148080312
202148080401
202148080402
202148080403
202148080404
202148080405
202148080406
202148080407
202148080408
202148080409
202148080410
202148080411
202148080412
202148080501
202148080502
202148080503
202148080504
202148080505
202148080506
202148080507
202148080508
202148080509
202148080510
202148080511
202148080512
202148080601
202148080602
202148080603
202148080604
202148080605
202148080606
202148080607
202148080608
202148080609
202148080610
202148080611
202148080612
202148081701
202148081702
202148081703
202148081704
202148081705
202148081706
202148081707
202148081708
202148081709
202148081710
202148081711
202148081712
202148081801
202148081802
202148081803
202148081804
202148081805
202148081806
202148081807
202148081808
202148081809
202148081810
202148081811
202148081812
202148081901
202148081902
202148081903
202148081904
202148081905
202148081906
202148081907
202148081908
202148081909
202148081910
202148081911
202148081912
202148082001
202148082002
202148082003
202148082004
202148082005
202148082006
202148082007
202148082008
202148082009
202148082010
202148082011
202148083101
202148083102
202148083103
202148083104
202148083105
202148083106
202148083107
202148083108
202148083109
202148083110
202148083111
202148083112
202150080401
202150080402
202150080403
202150080404
202150080405
202150080406
202150080407
202150080408
202150080409
202150080410
202150080411
202150080412
202150080501
202150080502
202150080503
202150080504
202150080505
202150080506
202150080507
202150080508
202150080509
202150080510
202150080511
202150080512
202150080601
202150080602
202150080603
202150080604
202150080605
202150080606
202150080607
202150080608
202150080609
202150080610
202150080611
202150080612
202150081101
202150081102
202150081103
202150081104
202150081105
202150081106
202150081107
202150081108
202150081109
202150081110
202150081111
202150081112
202150081201
202150081202
202150081203
202150081204
202150081205
202150081206
202150081207
202150081208
202150081209
202150081210
202150081211
202150081212
202150081301
202150081302
202150081303
202150081304
202150081305
202150081306
202150081307
202150081308
202150081309
202150081310
202150081311
202150081312
202150081801
202150081802
202150081803
202150081804
202150081805
202150081806
202150081807
202150081808
202150081809
202150081810
202150081811
202150081812
202150081901
202150081902
202150081903
202150081904
202150081905
202150081906
202150081907
202150081908
202150081909
202150081910
202150081911
202150081912
202150082001
202150082002
202150082003
202150082004
202150082005
202150082006
202150082007
202150082008
202150082009
202150082010
202150082011
202150082012
202150082501
202150082502
202150082503
202150082504
202150082505
202150082506
202150082507
202150082508
202150082509
202150082510
202150082511
202150082512
202150082601
202150082602
202150082603
202150082604
202150082605
202150082606
202150082607
202150082608
202150082609
202150082610
202150082611
202150082612
202150082701
202150082702
202150082703
202150082704
202150082705
202150082706
202150082707
202150082708
202150082709
202150082710
202150082711
202150082712
202154080101
202154080102
202154080103
202154080104
202154080105
202154080106
202154080107
202154080108
202154080109
202154080110
202154080111
202154080112
202154080801
202154080802
202154080803
202154080804
202154080805
202154080806
202154080807
202154080808
202154080809
202154080810
202154080811
202154080812
202154080901
202154080902
202154080903
202154080904
202154080905
202154080906
202154080907
202154080908
202154080909
202154080910
202154080911
202154080912
202154082101
202154082102
202154082103
202154082104
202154082105
202154082106
202154082107
202154082108
202154082109
202154082110
202154082111
202154082112
202154082201
202154082202
202154082203
202154082204
202154082205
202154082206
202154082207
202154082208
202154082209
202154082210
202154082211
202154082212
202154082801
202154082802
202154082803
202154082804
202154082805
202154082806
202154082807
202154082808
202154082809
202154082810
202154082811
202154082812
202154082901
202154082902
202154082903
202154082904
202154082905
202154082906
202154082907
202154082908
202154082909
202154082910
202154082911
202154082912
202155080701
202155080702
202155080703
202155080704
202155080705
202155080706
202155080707
202155080708
202155080709
202155080710
202155080711
202155080801
202155080802
202155080803
202155080804
202155080805
202155080806
202155080807
202155080808
202155080809
202155080810
202155080811
202155081101
202155081102
202155081103
202155081104
202155081105
202155081106
202155081107
202155081108
202155081109
202155081110
202155081111
202155081401
202155081402
202155081403
202155081404
202155081405
202155081406
202155081407
202155081408
202155081409
202155081410
202155081411
202155081501
202155081502
202155081503
202155081504
202155081505
202155081506
202155081507
202155081508
202155081509
202155081510
202155081511
202155082101
202155082102
202155082103
202155082104
202155082105
202155082106
202155082107
202155082108
202155082109
202155082110
202155082111
202155082201
202155082202
202155082203
202155082204
202155082205
202155082206
202155082207
202155082208
202155082209
202155082210
202155082211
202155082701
202155082702
202155082703
202155082704
202155082705
202155082706
202155082707
202155082708
202155082709
202155082710
202155082711
202155082712
202155082801
202155082802
202155082803
202155082804
202155082805
202155082806
202155082807
202155082808
202155082809
202155082810
202155082811
202165080101
202165080102
202165080103
202165080104
202165080105
202165080106
202165080107
202165080108
202165080109
202165080110
202165080111
202165080112
202165080201
202165080202
202165080203
202165080204
202165080205
202165080206
202165080207
202165080208
202165080209
202165080210
202165080211
202165080212
202165080701
202165080702
202165080703
202165080704
202165080705
202165080706
202165080707
202165080708
202165080709
202165080710
202165080711
202165080801
202165080802
202165080803
202165080804
202165080805
202165080806
202165080807
202165080808
202165080809
202165080810
202165080811
202165080812
202165080901
202165080902
202165080903
202165080904
202165080905
202165080906
202165080907
202165080908
202165080909
202165080910
202165080911
202165080912
202165081401
202165081402
202165081403
202165081404
202165081405
202165081406
202165081407
202165081408
202165081409
202165081410
202165081411
202165081501
202165081502
202165081503
202165081504
202165081505
202165081506
202165081507
202165081508
202165081509
202165081510
202165081511
202165081512
202165081601
202165081602
202165081603
202165081604
202165081605
202165081606
202165081607
202165081608
202165081609
202165081610
202165081611
202165081612
202165082101
202165082102
202165082103
202165082104
202165082105
202165082106
202165082107
202165082108
202165082109
202165082110
202165082111
202165082201
202165082202
202165082203
202165082204
202165082205
202165082206
202165082207
202165082208
202165082209
202165082210
202165082211
202165082212
202165082301
202165082302
202165082303
202165082304
202165082305
202165082306
202165082307
202165082308
202165082309
202165082310
202165082311
202165082312
202165082801
202165082802
202165082803
202165082804
202165082805
202165082806
202165082807
202165082808
202165082809
202165082810
202165082811
202165082901
202165082902
202165082903
202165082904
202165082905
202165082906
202165082907
202165082908
202165082909
202165082910
202165082911
202165082912
202165083001
202165083002
202165083003
202165083004
202165083005
202165083006
202165083007
202165083008
202165083009
202165083010
202165083011
202165083012
