202105010301
202105010302
202105010303
202105010304
202105010305
202105010306
202105010307
202105010308
202105010309
202105010310
202105010311
202105010312
202105010401
202105010402
202105010403
202105010404
202105010405
202105010406
202105010407
202105010408
202105010409
202105010410
202105010411
202105010412
202105010501
202105010502
202105010503
202105010504
202105010505
202105010506
202105010507
202105010508
202105010509
202105010510
202105010511
202105010512
202105010601
202105010602
202105010603
202105010604
202105010605
202105010606
202105010607
202105010608
202105010609
202105010610
202105010611
202105010612
202105010701
202105010702
202105010703
202105010704
202105010705
202105010706
202105010707
202105010708
202105010709
202105010710
202105010711
202105010712
202105010801
202105010802
202105010803
202105010804
202105010805
202105010806
202105010807
202105010808
202105010809
202105010810
202105010811
202105010812
202106020101
202106020102
202106020103
202106020104
202106020105
202106020106
202106020107
202106020108
202106020109
202106020110
202106020111
202106020112
202106020201
202106020202
202106020203
202106020204
202106020205
202106020206
202106020207
202106020208
202106020209
202106020210
202106020211
202106020212
202107011101
202107011102
202107011103
202107011104
202107011105
202107011106
202107011107
202107011108
202107011109
202107011110
202107011111
202107011112
202107011201
202107011202
202107011203
202107011204
202107011205
202107011206
202107011207
202107011208
202107011209
202107011210
202107011211
202107011212
202109010101
202109010102
202109010103
202109010104
202109010105
202109010106
202109010107
202109010108
202109010109
202109010110
202109010111
202109010112
202109010201
202109010202
202109010203
202109010204
202109010205
202109010206
202109010207
202109010208
202109010209
202109010210
202109010211
202109010212
202109010301
202109010302
202109010303
202109010304
202109010305
202109010306
202109010307
202109010308
202109010309
202109010310
202109010311
202109010312
202109010401
202109010402
202109010403
202109010404
202109010405
202109010406
202109010407
202109010408
202109010409
202109010410
202109010411
202109010412
202109010501
202109010502
202109010503
202109010504
202109010505
202109010506
202109010507
202109010508
202109010509
202109010510
202109010511
202109010512
202109010601
202109010602
202109010603
202109010604
202109010605
202109010606
202109010607
202109010608
202109010609
202109010610
202109010611
202109010612
202110010701
202110010702
202110010703
202110010704
202110010705
202110010706
202110010707
202110010708
202110010709
202110010710
202110010711
202110010712
202110010801
202110010802
202110010803
202110010804
202110010805
202110010806
202110010807
202110010808
202110010809
202110010810
202110010811
202110010812
202110020101
202110020102
202110020103
202110020104
202110020105
202110020106
202110020107
202110020108
202110020109
202110020110
202110020111
202110020112
202110020201
202110020202
202110020203
202110020204
202110020205
202110020206
202110020207
202110020208
202110020209
202110020210
202110020211
202110020212
202110020301
202110020302
202110020303
202110020304
202110020305
202110020306
202110020307
202110020308
202110020309
202110020310
202110020311
202110020312
202110020401
202110020402
202110020403
202110020404
202110020405
202110020406
202110020407
202110020408
202110020409
202110020410
202110020411
202110020412
202110020501
202110020502
202110020503
202110020504
202110020505
202110020506
202110020507
202110020508
202110020509
202110020510
202110020511
202110020512
202110020601
202110020602
202110020603
202110020604
202110020605
202110020606
202110020607
202110020608
202110020609
202110020610
202110020611
202110020612
202142020101
202142020102
202142020103
202142020104
202142020105
202142020106
202142020107
202142020108
202142020109
202142020110
202142020111
202142020112
202142020201
202142020202
202142020203
202142020204
202142020205
202142020206
202142020207
202142020208
202142020209
202142020210
202142020211
202142020212
202142020301
202142020302
202142020303
202142020304
202142020305
202142020306
202142020307
202142020308
202142020309
202142020310
202142020311
202142020312
202142020401
202142020402
202142020403
202142020404
202142020405
202142020406
202142020407
202142020408
202142020409
202142020410
202142020411
202142020412
202142020501
202142020502
202142020503
202142020504
202142020505
202142020506
202142020507
202142020508
202142020509
202142020510
202142020511
202142020512
202142022201
202142022202
202142022203
202142022204
202142022205
202142022206
202142022207
202142022208
202142022209
202142022210
202142022211
202142022212
202142022301
202142022302
202142022303
202142022304
202142022305
202142022306
202142022307
202142022308
202142022309
202142022310
202142022311
202142022312
202142022401
202142022402
202142022403
202142022404
202142022405
202142022406
202142022407
202142022408
202142022409
202142022410
202142022411
202142022412
202142022501
202142022502
202142022503
202142022504
202142022505
202142022506
202142022507
202142022508
202142022509
202142022510
202142022511
202142022512
202142022601
202142022602
202142022603
202142022604
202142022605
202142022606
202142022607
202142022608
202142022609
202142022610
202142022611
202142022612
202143020801
202143020802
202143020803
202143020804
202143020805
202143020806
202143020807
202143020808
202143020809
202143020810
202143020811
202143020812
202143020901
202143020902
202143020903
202143020904
202143020905
202143020906
202143020907
202143020908
202143020909
202143020910
202143020911
202143020912
202143021001
202143021002
202143021003
202143021004
202143021005
202143021006
202143021007
202143021008
202143021009
202143021010
202143021011
202143021012
202143021101
202143021102
202143021103
202143021104
202143021105
202143021106
202143021107
202143021108
202143021109
202143021110
202143021111
202143021112
202143021201
202143021202
202143021203
202143021204
202143021205
202143021206
202143021207
202143021208
202143021209
202143021210
202143021211
202143021212
202144021501
202144021502
202144021503
202144021504
202144021505
202144021506
202144021507
202144021508
202144021509
202144021510
202144021511
202144021512
202144021601
202144021602
202144021603
202144021604
202144021605
202144021606
202144021607
202144021608
202144021609
202144021610
202144021611
202144021612
202144021701
202144021702
202144021703
202144021704
202144021705
202144021706
202144021707
202144021708
202144021709
202144021710
202144021711
202144021712
202144021801
202144021802
202144021803
202144021804
202144021805
202144021806
202144021807
202144021808
202144021809
202144021810
202144021811
202144021812
202144021901
202144021902
202144021903
202144021904
202144021905
202144021906
202144021907
202144021908
202144021909
202144021910
202144021911
202144021912
202148020801
202148020802
202148020803
202148020804
202148020805
202148020806
202148020807
202148020808
202148020809
202148020810
202148020901
202148020902
202148020903
202148020904
202148020905
202148020906
202148020907
202148020908
202148020909
202148020910
202148021001
202148021002
202148021003
202148021004
202148021005
202148021006
202148021007
202148021008
202148021009
202148021010
202148021101
202148021102
202148021103
202148021104
202148021105
202148021106
202148021107
202148021108
202148021109
202148021110
202148021111
202148021201
202148021202
202148021203
202148021204
202148021205
202148021206
202148021207
202148021208
202148021209
202148021210
202148021211
202148022201
202148022202
202148022203
202148022204
202148022205
202148022206
202148022207
202148022208
202148022209
202148022210
202148022301
202148022302
202148022303
202148022304
202148022305
202148022306
202148022307
202148022308
202148022309
202148022310
202148022401
202148022402
202148022403
202148022404
202148022405
202148022406
202148022407
202148022408
202148022409
202148022410
202148022501
202148022502
202148022503
202148022504
202148022505
202148022506
202148022507
202148022508
202148022509
202148022510
202148022511
202148022601
202148022602
202148022603
202148022604
202148022605
202148022606
202148022607
202148022608
202148022609
202148022610
202148022611
202151020201
202151020202
202151020203
202151020204
202151020205
202151020206
202151020207
202151020208
202151020209
202151020210
202151020211
202151020212
202151020301
202151020302
202151020303
202151020304
202151020305
202151020306
202151020307
202151020308
202151020309
202151020310
202151020311
202151020312
202151020401
202151020402
202151020403
202151020404
202151020405
202151020406
202151020407
202151020408
202151020409
202151020410
202151020411
202151020412
202151020901
202151020902
202151020903
202151020904
202151020905
202151020906
202151020907
202151020908
202151020909
202151020910
202151020911
202151020912
202151021001
202151021002
202151021003
202151021004
202151021005
202151021006
202151021007
202151021008
202151021009
202151021010
202151021011
202151021012
202151021101
202151021102
202151021103
202151021104
202151021105
202151021106
202151021107
202151021108
202151021109
202151021110
202151021111
202151021112
202151021601
202151021602
202151021603
202151021604
202151021605
202151021606
202151021607
202151021608
202151021609
202151021610
202151021611
202151021612
202151021701
202151021702
202151021703
202151021704
202151021705
202151021706
202151021707
202151021708
202151021709
202151021710
202151021711
202151021712
202151021801
202151021802
202151021803
202151021804
202151021805
202151021806
202151021807
202151021808
202151021809
202151021810
202151021811
202151021812
202151022301
202151022302
202151022303
202151022304
202151022305
202151022306
202151022307
202151022308
202151022309
202151022310
202151022311
202151022312
202151022401
202151022402
202151022403
202151022404
202151022405
202151022406
202151022407
202151022408
202151022409
202151022410
202151022411
202151022412
202151022501
202151022502
202151022503
202151022504
202151022505
202151022506
202151022507
202151022508
202151022509
202151022510
202151022511
202151022512
202154020201
202154020202
202154020203
202154020204
202154020205
202154020206
202154020207
202154020208
202154020209
202154020210
202154020211
202154020301
202154020302
202154020303
202154020304
202154020305
202154020306
202154020307
202154020308
202154020309
202154020310
202154020311
202154020701
202154020702
202154020703
202154020704
202154020705
202154020706
202154020707
202154020708
202154020709
202154020710
202154020711
202154020712
202154020901
202154020902
202154020903
202154020904
202154020905
202154020906
202154020907
202154020908
202154020909
202154020910
202154020911
202154021001
202154021002
202154021003
202154021004
202154021005
202154021006
202154021007
202154021008
202154021009
202154021010
202154021011
202154021401
202154021402
202154021403
202154021404
202154021405
202154021406
202154021407
202154021408
202154021409
202154021410
202154021411
202154021412
202154021601
202154021602
202154021603
202154021604
202154021605
202154021606
202154021607
202154021608
202154021609
202154021610
202154021611
202154021701
202154021702
202154021703
202154021704
202154021705
202154021706
202154021707
202154021708
202154021709
202154021710
202154022101
202154022102
202154022103
202154022104
202154022105
202154022106
202154022107
202154022108
202154022109
202154022110
202154022111
202154022112
202154022301
202154022302
202154022303
202154022304
202154022305
202154022306
202154022307
202154022308
202154022309
202154022310
202154022311
202154022401
202154022402
202154022403
202154022404
202154022405
202154022406
202154022407
202154022408
202154022409
202154022410
202154022411
202154022801
202154022802
202154022803
202154022804
202154022805
202154022806
202154022807
202154022808
202154022809
202154022810
202155020601
202155020602
202155020603
202155020604
202155020605
202155020606
202155020607
202155020608
202155020609
202155020610
202155020611
202155020612
202155020701
202155020702
202155020703
202155020704
202155020705
202155020706
202155020707
202155020708
202155020709
202155020710
202155021101
202155021102
202155021103
202155021104
202155021105
202155021106
202155021107
202155021108
202155021109
202155021110
202155021111
202155021301
202155021302
202155021303
202155021304
202155021305
202155021306
202155021307
202155021308
202155021309
202155021310
202155021311
202155021312
202155021401
202155021402
202155021403
202155021404
202155021405
202155021406
202155021407
202155021408
202155021409
202155021410
202155022001
202155022002
202155022003
202155022004
202155022005
202155022006
202155022007
202155022008
202155022009
202155022010
202155022011
202155022012
202155022101
202155022102
202155022103
202155022104
202155022105
202155022106
202155022107
202155022108
202155022109
202155022110
202155022501
202155022502
202155022503
202155022504
202155022505
202155022506
202155022507
202155022508
202155022509
202155022510
202155022511
202155022701
202155022702
202155022703
202155022704
202155022705
202155022706
202155022707
202155022708
202155022709
202155022710
202155022711
202155022712
202155022801
202155022802
202155022803
202155022804
202155022805
202155022806
202155022807
202155022808
202155022809
202155022810
202165020101
202165020102
202165020103
202165020104
202165020105
202165020106
202165020107
202165020108
202165020109
202165020110
202165020111
202165020112
202165020601
202165020602
202165020603
202165020604
202165020605
202165020606
202165020607
202165020608
202165020609
202165020610
202165020611
202165020701
202165020702
202165020703
202165020704
202165020705
202165020706
202165020707
202165020708
202165020709
202165020710
202165020711
202165020801
202165020802
202165020803
202165020804
202165020805
202165020806
202165020807
202165020808
202165020809
202165020810
202165020811
202165020812
202165021301
202165021302
202165021303
202165021304
202165021305
202165021306
202165021307
202165021308
202165021309
202165021310
202165021311
202165021401
202165021402
202165021403
202165021404
202165021405
202165021406
202165021407
202165021408
202165021409
202165021410
202165021411
202165021501
202165021502
202165021503
202165021504
202165021505
202165021506
202165021507
202165021508
202165021509
202165021510
202165021511
202165021512
202165022001
202165022002
202165022003
202165022004
202165022005
202165022006
202165022007
202165022008
202165022009
202165022010
202165022011
202165022101
202165022102
202165022103
202165022104
202165022105
202165022106
202165022107
202165022108
202165022109
202165022110
202165022111
202165022201
202165022202
202165022203
202165022204
202165022205
202165022206
202165022207
202165022208
202165022209
202165022210
202165022211
202165022212
202165022701
202165022702
202165022703
202165022704
202165022705
202165022706
202165022707
202165022708
202165022709
202165022710
202165022711
202165022801
202165022802
202165022803
202165022804
202165022805
202165022806
202165022807
202165022808
202165022809
202165022810
202165022811
