202102010101
202102010102
202102010103
202102010104
202102010105
202102010106
202102010107
202102010108
202102010109
202102010110
202102010111
202102010112
202102010201
202102010202
202102010203
202102010204
202102010205
202102010206
202102010207
202102010208
202102010209
202102010210
202102010211
202102010212
202102010301
202102010302
202102010303
202102010304
202102010305
202102010306
202102010307
202102010308
202102010309
202102010310
202102010311
202102010312
202102010401
202102010402
202102010403
202102010404
202102010405
202102010406
202102010407
202102010408
202102010409
202102010410
202102010411
202102010412
202102010501
202102010502
202102010503
202102010504
202102010505
202102010506
202102010507
202102010508
202102010509
202102010510
202102010511
202102010512
202102010601
202102010602
202102010603
202102010604
202102010605
202102010606
202102010607
202102010608
202102010609
202102010610
202102010611
202102010612
202102010701
202102010702
202102010703
202102010704
202102010705
202102010706
202102010707
202102010708
202102010709
202102010710
202102010711
202102010712
202102010801
202102010802
202102010803
202102010804
202102010805
202102010806
202102010807
202102010808
202102010809
202102010810
202102010811
202102010812
202102010901
202102010902
202102010903
202102010904
202102010905
202102010906
202102010907
202102010908
202102010909
202102010910
202102010911
202102010912
202103010101
202103010102
202103010103
202103010104
202103010105
202103010106
202103010107
202103010108
202103010109
202103010110
202103010111
202103010112
202103010201
202103010202
202103010203
202103010204
202103010205
202103010206
202103010207
202103010208
202103010209
202103010210
202103010211
202103010212
202103010301
202103010302
202103010303
202103010304
202103010305
202103010306
202103010307
202103010308
202103010309
202103010310
202103010311
202103010312
202103010401
202103010402
202103010403
202103010404
202103010405
202103010406
202103010407
202103010408
202103010409
202103010410
202103010411
202103010412
202103010501
202103010502
202103010503
202103010504
202103010505
202103010506
202103010507
202103010508
202103010509
202103010510
202103010511
202103010512
202103010601
202103010602
202103010603
202103010604
202103010605
202103010606
202103010607
202103010608
202103010609
202103010610
202103010611
202103010612
202104030101
202104030102
202104030103
202104030104
202104030105
202104030106
202104030107
202104030108
202104030109
202104030110
202104030111
202104030112
202104030201
202104030202
202104030203
202104030204
202104030205
202104030206
202104030207
202104030208
202104030209
202104030210
202104030211
202104030212
202104030301
202104030302
202104030303
202104030304
202104030305
202104030306
202104030307
202104030308
202104030309
202104030310
202104030311
202104030312
202110030101
202110030102
202110030103
202110030104
202110030105
202110030106
202110030107
202110030108
202110030109
202110030110
202110030111
202110030112
202110030201
202110030202
202110030203
202110030204
202110030205
202110030206
202110030207
202110030208
202110030209
202110030210
202110030211
202110030212
202110030301
202110030302
202110030303
202110030304
202110030305
202110030306
202110030307
202110030308
202110030309
202110030310
202110030311
202110030312
202110030401
202110030402
202110030403
202110030404
202110030405
202110030406
202110030407
202110030408
202110030409
202110030410
202110030411
202110030412
202110030501
202110030502
202110030503
202110030504
202110030505
202110030506
202110030507
202110030508
202110030509
202110030510
202110030511
202110030512
202110030601
202110030602
202110030603
202110030604
202110030605
202110030606
202110030607
202110030608
202110030609
202110030610
202110030611
202110030612
202130070101
202130070102
202130070103
202130070104
202130070105
202130070106
202130070107
202130070108
202130070109
202130070110
202130070111
202130070112
202130070601
202130070602
202130070603
202130070604
202130070605
202130070606
202130070607
202130070608
202130070609
202130070610
202130070611
202130070701
202130070702
202130070703
202130070704
202130070705
202130070706
202130070707
202130070708
202130070709
202130070710
202130070711
202130070712
202130070801
202130070802
202130070803
202130070804
202130070805
202130070806
202130070807
202130070808
202130070809
202130070810
202130070811
202130070812
202130071301
202130071302
202130071303
202130071304
202130071305
202130071306
202130071307
202130071308
202130071309
202130071310
202130071311
202130071312
202130071401
202130071402
202130071403
202130071404
202130071405
202130071406
202130071407
202130071408
202130071409
202130071410
202130071411
202130071412
202130071501
202130071502
202130071503
202130071504
202130071505
202130071506
202130071507
202130071508
202130071509
202130071510
202130071511
202130071512
202130072001
202130072002
202130072003
202130072004
202130072005
202130072006
202130072007
202130072008
202130072009
202130072010
202130072011
202130072012
202130072101
202130072102
202130072103
202130072104
202130072105
202130072106
202130072107
202130072108
202130072109
202130072110
202130072111
202130072112
202130072201
202130072202
202130072203
202130072204
202130072205
202130072206
202130072207
202130072208
202130072209
202130072210
202130072211
202130072701
202130072702
202130072703
202130072704
202130072705
202130072706
202130072707
202130072708
202130072709
202130072710
202130072711
202130072712
202130072801
202130072802
202130072803
202130072804
202130072805
202130072806
202130072807
202130072808
202130072809
202130072810
202130072811
202130072812
202130072901
202130072902
202130072903
202130072904
202130072905
202130072906
202130072907
202130072908
202130072909
202130072910
202130072911
202135070401
202135070402
202135070403
202135070404
202135070405
202135070406
202135070407
202135070408
202135070409
202135070410
202135070411
202135070501
202135070502
202135070503
202135070504
202135070505
202135070506
202135070507
202135070508
202135070509
202135070510
202135070511
202135070512
202135070601
202135070602
202135070603
202135070604
202135070605
202135070606
202135070607
202135070608
202135070609
202135070610
202135070611
202135070612
202135071101
202135071102
202135071103
202135071104
202135071105
202135071106
202135071107
202135071108
202135071109
202135071110
202135071111
202135071201
202135071202
202135071203
202135071204
202135071205
202135071206
202135071207
202135071208
202135071209
202135071210
202135071211
202135071212
202135071301
202135071302
202135071303
202135071304
202135071305
202135071306
202135071307
202135071308
202135071309
202135071310
202135071311
202135071312
202135071801
202135071802
202135071803
202135071804
202135071805
202135071806
202135071807
202135071808
202135071809
202135071810
202135071811
202135071901
202135071902
202135071903
202135071904
202135071905
202135071906
202135071907
202135071908
202135071909
202135071910
202135071911
202135071912
202135072001
202135072002
202135072003
202135072004
202135072005
202135072006
202135072007
202135072008
202135072009
202135072010
202135072011
202135072012
202135072501
202135072502
202135072503
202135072504
202135072505
202135072506
202135072507
202135072508
202135072509
202135072510
202135072511
202135072601
202135072602
202135072603
202135072604
202135072605
202135072606
202135072607
202135072608
202135072609
202135072610
202135072611
202135072612
202135072701
202135072702
202135072703
202135072704
202135072705
202135072706
202135072707
202135072708
202135072709
202135072710
202135072711
202142070101
202142070102
202142070103
202142070104
202142070105
202142070106
202142070107
202142070108
202142070109
202142070110
202142070111
202142070112
202142070201
202142070202
202142070203
202142070204
202142070205
202142070206
202142070207
202142070208
202142070209
202142070210
202142070211
202142070212
202142072201
202142072202
202142072203
202142072204
202142072205
202142072206
202142072207
202142072208
202142072209
202142072210
202142072211
202142072212
202142072301
202142072302
202142072303
202142072304
202142072305
202142072306
202142072307
202142072308
202142072309
202142072310
202142072311
202142072312
202142072601
202142072602
202142072603
202142072604
202142072605
202142072606
202142072607
202142072608
202142072609
202142072610
202142072611
202142072612
202142072701
202142072702
202142072703
202142072704
202142072705
202142072706
202142072707
202142072708
202142072709
202142072710
202142072711
202142072712
202143071701
202143071702
202143071703
202143071704
202143071705
202143071706
202143071707
202143071708
202143071709
202143071710
202143071711
202143071712
202143071801
202143071802
202143071803
202143071804
202143071805
202143071806
202143071807
202143071808
202143071809
202143071810
202143071811
202143071812
202143071901
202143071902
202143071903
202143071904
202143071905
202143071906
202143071907
202143071908
202143071909
202143071910
202143071911
202143071912
202143072001
202143072002
202143072003
202143072004
202143072005
202143072006
202143072007
202143072008
202143072009
202143072010
202143072011
202143072012
202143072101
202143072102
202143072103
202143072104
202143072105
202143072106
202143072107
202143072108
202143072109
202143072110
202143072111
202143072112
202144070101
202144070102
202144070103
202144070104
202144070105
202144070106
202144070107
202144070108
202144070109
202144070110
202144070111
202144070112
202144070201
202144070202
202144070203
202144070204
202144070205
202144070206
202144070207
202144070208
202144070209
202144070210
202144070211
202144070212
202144071201
202144071202
202144071203
202144071204
202144071205
202144071206
202144071207
202144071208
202144071209
202144071210
202144071211
202144071212
202144071301
202144071302
202144071303
202144071304
202144071305
202144071306
202144071307
202144071308
202144071309
202144071310
202144071311
202144071312
202144071401
202144071402
202144071403
202144071404
202144071405
202144071406
202144071407
202144071408
202144071409
202144071410
202144071411
202144071412
202144071501
202144071502
202144071503
202144071504
202144071505
202144071506
202144071507
202144071508
202144071509
202144071510
202144071511
202144071512
202144071601
202144071602
202144071603
202144071604
202144071605
202144071606
202144071607
202144071608
202144071609
202144071610
202144071611
202144071612
202145070501
202145070502
202145070503
202145070504
202145070505
202145070506
202145070507
202145070508
202145070509
202145070510
202145070511
202145070512
202145070601
202145070602
202145070603
202145070604
202145070605
202145070606
202145070607
202145070608
202145070609
202145070610
202145070611
202145070612
202145070701
202145070702
202145070703
202145070704
202145070705
202145070706
202145070707
202145070708
202145070709
202145070710
202145070711
202145070712
202145070801
202145070802
202145070803
202145070804
202145070805
202145070806
202145070807
202145070808
202145070809
202145070810
202145070811
202145070812
202145070901
202145070902
202145070903
202145070904
202145070905
202145070906
202145070907
202145070908
202145070909
202145070910
202145070911
202145070912
202145072801
202145072802
202145072803
202145072804
202145072805
202145072806
202145072807
202145072808
202145072809
202145072810
202145072811
202145072812
202145072901
202145072902
202145072903
202145072904
202145072905
202145072906
202145072907
202145072908
202145072909
202145072910
202145072911
202145072912
202145073001
202145073002
202145073003
202145073004
202145073005
202145073006
202145073007
202145073008
202145073009
202145073010
202145073011
202145073012
202145073101
202145073102
202145073103
202145073104
202145073105
202145073106
202145073107
202145073108
202145073109
202145073110
202146070401
202146070402
202146070403
202146070404
202146070405
202146070406
202146070407
202146070408
202146070409
202146070410
202146070411
202146070601
202146070602
202146070603
202146070604
202146070605
202146070606
202146070607
202146070608
202146070609
202146070610
202146070611
202146070612
202146071101
202146071102
202146071103
202146071104
202146071105
202146071106
202146071107
202146071108
202146071109
202146071110
202146071111
202146071301
202146071302
202146071303
202146071304
202146071305
202146071306
202146071307
202146071308
202146071309
202146071310
202146071311
202146071312
202146071801
202146071802
202146071803
202146071804
202146071805
202146071806
202146071807
202146071808
202146071809
202146071810
202146071811
202146072001
202146072002
202146072003
202146072004
202146072005
202146072006
202146072007
202146072008
202146072009
202146072010
202146072011
202146072012
202146072501
202146072502
202146072503
202146072504
202146072505
202146072506
202146072507
202146072508
202146072509
202146072510
202146072511
202146072701
202146072702
202146072703
202146072704
202146072705
202146072706
202146072707
202146072708
202146072709
202146072710
202146072711
202146072712
202148070101
202148070102
202148070103
202148070104
202148070105
202148070106
202148070107
202148070108
202148070109
202148070110
202148070111
202148070112
202148070201
202148070202
202148070203
202148070204
202148070205
202148070206
202148070207
202148070208
202148070209
202148070210
202148070211
202148070212
202148070701
202148070702
202148070703
202148070704
202148070705
202148070706
202148070707
202148070708
202148070709
202148070710
202148070711
202148070712
202148070801
202148070802
202148070803
202148070804
202148070805
202148070806
202148070807
202148070808
202148070809
202148070810
202148070811
202148070812
202148070901
202148070902
202148070903
202148070904
202148070905
202148070906
202148070907
202148070908
202148070909
202148070910
202148070911
202148070912
202148071201
202148071202
202148071203
202148071204
202148071205
202148071206
202148071207
202148071208
202148071209
202148071210
202148071211
202148071212
202148072001
202148072002
202148072003
202148072004
202148072005
202148072006
202148072007
202148072008
202148072009
202148072010
202148072011
202148072012
202148072101
202148072102
202148072103
202148072104
202148072105
202148072106
202148072107
202148072108
202148072109
202148072110
202148072111
202148072112
202148072201
202148072202
202148072203
202148072204
202148072205
202148072206
202148072207
202148072208
202148072209
202148072210
202148072211
202148072212
202148072301
202148072302
202148072303
202148072304
202148072305
202148072306
202148072307
202148072308
202148072309
202148072310
202148072311
202148072312
202150070101
202150070102
202150070103
202150070104
202150070105
202150070106
202150070107
202150070108
202150070109
202150070110
202150070111
202150070112
202150070201
202150070202
202150070203
202150070204
202150070205
202150070206
202150070207
202150070208
202150070209
202150070210
202150070211
202150070212
202150070701
202150070702
202150070703
202150070704
202150070705
202150070706
202150070707
202150070708
202150070709
202150070710
202150070711
202150070712
202150070801
202150070802
202150070803
202150070804
202150070805
202150070806
202150070807
202150070808
202150070809
202150070810
202150070811
202150070812
202150070901
202150070902
202150070903
202150070904
202150070905
202150070906
202150070907
202150070908
202150070909
202150070910
202150070911
202150070912
202150071401
202150071402
202150071403
202150071404
202150071405
202150071406
202150071407
202150071408
202150071409
202150071410
202150071411
202150071412
202150071501
202150071502
202150071503
202150071504
202150071505
202150071506
202150071507
202150071508
202150071509
202150071510
202150071511
202150071512
202150071601
202150071602
202150071603
202150071604
202150071605
202150071606
202150071607
202150071608
202150071609
202150071610
202150071611
202150071612
202150072101
202150072102
202150072103
202150072104
202150072105
202150072106
202150072107
202150072108
202150072109
202150072110
202150072111
202150072112
202150072201
202150072202
202150072203
202150072204
202150072205
202150072206
202150072207
202150072208
202150072209
202150072210
202150072211
202150072212
202150072301
202150072302
202150072303
202150072304
202150072305
202150072306
202150072307
202150072308
202150072309
202150072310
202150072311
202150072312
202150072801
202150072802
202150072803
202150072804
202150072805
202150072806
202150072807
202150072808
202150072809
202150072810
202150072811
202150072901
202150072902
202150072903
202150072904
202150072905
202150072906
202150072907
202150072908
202150072909
202150072910
202150072911
202150072912
202150073001
202150073002
202150073003
202150073004
202150073005
202150073006
202150073007
202150073008
202150073009
202150073010
202150073011
202150073012
202154070301
202154070302
202154070303
202154070304
202154070305
202154070306
202154070307
202154070308
202154070309
202154070310
202154070311
202154070312
202154070401
202154070402
202154070403
202154070404
202154070405
202154070406
202154070407
202154070408
202154070409
202154070410
202154070411
202154071001
202154071002
202154071003
202154071004
202154071005
202154071006
202154071007
202154071008
202154071009
202154071010
202154071011
202154071012
202154071101
202154071102
202154071103
202154071104
202154071105
202154071106
202154071107
202154071108
202154071109
202154071110
202154071111
202154071112
202154071701
202154071702
202154071703
202154071704
202154071705
202154071706
202154071707
202154071708
202154071709
202154071710
202154071711
202154071712
202154071801
202154071802
202154071803
202154071804
202154071805
202154071806
202154071807
202154071808
202154071809
202154071810
202154071811
202154071812
202154072401
202154072402
202154072403
202154072404
202154072405
202154072406
202154072407
202154072408
202154072409
202154072410
202154072411
202154072412
202154072501
202154072502
202154072503
202154072504
202154072505
202154072506
202154072507
202154072508
202154072509
202154072510
202154072511
202154072512
202154073101
202154073102
202154073103
202154073104
202154073105
202154073106
202154073107
202154073108
202154073109
202154073110
202154073111
202154073112
202155070301
202155070302
202155070303
202155070304
202155070305
202155070306
202155070307
202155070308
202155070309
202155070310
202155070311
202155070401
202155070402
202155070403
202155070404
202155070405
202155070406
202155070407
202155070408
202155070409
202155070410
202155071001
202155071002
202155071003
202155071004
202155071005
202155071006
202155071007
202155071008
202155071009
202155071010
202155071101
202155071102
202155071103
202155071104
202155071105
202155071106
202155071107
202155071108
202155071109
202155071110
202155071111
202155071112
202155071701
202155071702
202155071703
202155071704
202155071705
202155071706
202155071707
202155071708
202155071709
202155071710
202155072001
202155072002
202155072003
202155072004
202155072005
202155072006
202155072007
202155072008
202155072009
202155072010
202155072401
202155072402
202155072403
202155072404
202155072405
202155072406
202155072407
202155072408
202155072409
202155072410
202155072501
202155072502
202155072503
202155072504
202155072505
202155072506
202155072507
202155072508
202155072509
202155072510
202165070301
202165070302
202165070303
202165070304
202165070305
202165070306
202165070307
202165070308
202165070309
202165070310
202165070311
202165070401
202165070402
202165070403
202165070404
202165070405
202165070406
202165070407
202165070408
202165070409
202165070410
202165070411
202165070501
202165070502
202165070503
202165070504
202165070505
202165070506
202165070507
202165070508
202165070509
202165070510
202165070511
202165070512
202165071001
202165071002
202165071003
202165071004
202165071005
202165071006
202165071007
202165071008
202165071009
202165071010
202165071011
202165071101
202165071102
202165071103
202165071104
202165071105
202165071106
202165071107
202165071108
202165071109
202165071110
202165071111
202165071112
202165071201
202165071202
202165071203
202165071204
202165071205
202165071206
202165071207
202165071208
202165071209
202165071210
202165071211
202165071212
202165071701
202165071702
202165071703
202165071704
202165071705
202165071706
202165071707
202165071708
202165071709
202165071710
202165071711
202165071801
202165071802
202165071803
202165071804
202165071805
202165071806
202165071807
202165071808
202165071809
202165071810
202165071811
202165071812
202165071901
202165071902
202165071903
202165071904
202165071905
202165071906
202165071907
202165071908
202165071909
202165071910
202165071911
202165071912
202165072401
202165072402
202165072403
202165072404
202165072405
202165072406
202165072407
202165072408
202165072409
202165072410
202165072411
202165072501
202165072502
202165072503
202165072504
202165072505
202165072506
202165072507
202165072508
202165072509
202165072510
202165072511
202165072512
202165072601
202165072602
202165072603
202165072604
202165072605
202165072606
202165072607
202165072608
202165072609
202165072610
202165072611
202165072612
202165073101
202165073102
202165073103
202165073104
202165073105
202165073106
202165073107
202165073108
202165073109
202165073110
202165073111
