202101010101
202101010102
202101010103
202101010104
202101010105
202101010106
202101010107
202101010108
202101010109
202101010110
202101010111
202101010112
202101010201
202101010202
202101010203
202101010204
202101010205
202101010206
202101010207
202101010208
202101010209
202101010210
202101010211
202101010212
202101010301
202101010302
202101010303
202101010304
202101010305
202101010306
202101010307
202101010308
202101010309
202101010310
202101010311
202101010312
202101010401
202101010402
202101010403
202101010404
202101010405
202101010406
202101010407
202101010408
202101010409
202101010410
202101010411
202101010412
202101010501
202101010502
202101010503
202101010504
202101010505
202101010506
202101010507
202101010508
202101010509
202101010510
202101010511
202101010512
202101010601
202101010602
202101010603
202101010604
202101010605
202101010606
202101010607
202101010608
202101010609
202101010610
202101010611
202101010612
202105030101
202105030102
202105030103
202105030104
202105030105
202105030106
202105030107
202105030108
202105030109
202105030110
202105030111
202105030112
202105030201
202105030202
202105030203
202105030204
202105030205
202105030206
202105030207
202105030208
202105030209
202105030210
202105030211
202105030212
202105030301
202105030302
202105030303
202105030304
202105030305
202105030306
202105030307
202105030308
202105030309
202105030310
202105030311
202105030312
202105030401
202105030402
202105030403
202105030404
202105030405
202105030406
202105030407
202105030408
202105030409
202105030410
202105030411
202105030412
202105030501
202105030502
202105030503
202105030504
202105030505
202105030506
202105030507
202105030508
202105030509
202105030510
202105030511
202105030512
202105030601
202105030602
202105030603
202105030604
202105030605
202105030606
202105030607
202105030608
202105030609
202105030610
202105030611
202105030612
202105030701
202105030702
202105030703
202105030704
202105030705
202105030706
202105030707
202105030708
202105030709
202105030710
202105030711
202105030712
202105030801
202105030802
202105030803
202105030804
202105030805
202105030806
202105030807
202105030808
202105030809
202105030810
202105030811
202105030812
202107040101
202107040102
202107040103
202107040104
202107040105
202107040106
202107040107
202107040108
202107040109
202107040110
202107040111
202107040112
202107040201
202107040202
202107040203
202107040204
202107040205
202107040206
202107040207
202107040208
202107040209
202107040210
202107040211
202107040212
202107040301
202107040302
202107040303
202107040304
202107040305
202107040306
202107040307
202107040308
202107040309
202107040310
202107040311
202107040312
202107040401
202107040402
202107040403
202107040404
202107040405
202107040406
202107040407
202107040408
202107040409
202107040410
202107040411
202107040412
202109030101
202109030102
202109030103
202109030104
202109030105
202109030106
202109030107
202109030108
202109030109
202109030110
202109030111
202109030112
202109030201
202109030202
202109030203
202109030204
202109030205
202109030206
202109030207
202109030208
202109030209
202109030210
202109030211
202109030212
202109030301
202109030302
202109030303
202109030304
202109030305
202109030306
202109030307
202109030308
202109030309
202109030310
202109030311
202109030312
202109030401
202109030402
202109030403
202109030404
202109030405
202109030406
202109030407
202109030408
202109030409
202109030410
202109030411
202109030412
202130060201
202130060202
202130060203
202130060204
202130060205
202130060206
202130060207
202130060208
202130060209
202130060210
202130060211
202130060212
202130060301
202130060302
202130060303
202130060304
202130060305
202130060306
202130060307
202130060308
202130060309
202130060310
202130060311
202130060312
202130060801
202130060802
202130060803
202130060804
202130060805
202130060806
202130060807
202130060808
202130060809
202130060810
202130060811
202130060812
202130060901
202130060902
202130060903
202130060904
202130060905
202130060906
202130060907
202130060908
202130060909
202130060910
202130060911
202130060912
202130061001
202130061002
202130061003
202130061004
202130061005
202130061006
202130061007
202130061008
202130061009
202130061010
202130061011
202130061012
202130061601
202130061602
202130061603
202130061604
202130061605
202130061606
202130061607
202130061608
202130061609
202130061610
202130061611
202130061612
202130061701
202130061702
202130061703
202130061704
202130061705
202130061706
202130061707
202130061708
202130061709
202130061710
202130061711
202130061712
202130062201
202130062202
202130062203
202130062204
202130062205
202130062206
202130062207
202130062208
202130062209
202130062210
202130062211
202130062212
202130062301
202130062302
202130062303
202130062304
202130062305
202130062306
202130062307
202130062308
202130062309
202130062310
202130062311
202130062312
202130062401
202130062402
202130062403
202130062404
202130062405
202130062406
202130062407
202130062408
202130062409
202130062410
202130062411
202130062412
202130062901
202130062902
202130062903
202130062904
202130062905
202130062906
202130062907
202130062908
202130062909
202130062910
202130062911
202130063001
202130063002
202130063003
202130063004
202130063005
202130063006
202130063007
202130063008
202130063009
202130063010
202130063011
202135062701
202135062702
202135062703
202135062704
202135062705
202135062706
202135062707
202135062708
202135062709
202135062710
202135062711
202135062801
202135062802
202135062803
202135062804
202135062805
202135062806
202135062807
202135062808
202135062809
202135062810
202135062811
202135062812
202135062901
202135062902
202135062903
202135062904
202135062905
202135062906
202135062907
202135062908
202135062909
202135062910
202135062911
202135062912
202136060101
202136060102
202136060103
202136060104
202136060105
202136060106
202136060107
202136060108
202136060109
202136060110
202136060111
202136060112
202136060601
202136060602
202136060603
202136060604
202136060605
202136060606
202136060607
202136060608
202136060609
202136060610
202136060611
202136060701
202136060702
202136060703
202136060704
202136060705
202136060706
202136060707
202136060708
202136060709
202136060710
202136060711
202136060712
202136060801
202136060802
202136060803
202136060804
202136060805
202136060806
202136060807
202136060808
202136060809
202136060810
202136060811
202136060812
202136061301
202136061302
202136061303
202136061304
202136061305
202136061306
202136061307
202136061308
202136061309
202136061310
202136061311
202136061401
202136061402
202136061403
202136061404
202136061405
202136061406
202136061407
202136061408
202136061409
202136061410
202136061411
202136061412
202136061501
202136061502
202136061503
202136061504
202136061505
202136061506
202136061507
202136061508
202136061509
202136061510
202136061511
202136061512
202136062001
202136062002
202136062003
202136062004
202136062005
202136062006
202136062007
202136062008
202136062009
202136062010
202136062011
202136062101
202136062102
202136062103
202136062104
202136062105
202136062106
202136062107
202136062108
202136062109
202136062110
202136062111
202136062112
202136062201
202136062202
202136062203
202136062204
202136062205
202136062206
202136062207
202136062208
202136062209
202136062210
202136062211
202136062212
202142060101
202142060102
202142060103
202142060104
202142060105
202142060106
202142060107
202142060108
202142060109
202142060110
202142060111
202142060112
202142060201
202142060202
202142060203
202142060204
202142060205
202142060206
202142060207
202142060208
202142060209
202142060210
202142060211
202142060212
202142060301
202142060302
202142060303
202142060304
202142060305
202142060306
202142060307
202142060308
202142060309
202142060310
202142060311
202142060312
202142060401
202142060402
202142060403
202142060404
202142060405
202142060406
202142060407
202142060408
202142060409
202142060410
202142060411
202142060412
202142062801
202142062802
202142062803
202142062804
202142062805
202142062806
202142062807
202142062808
202142062809
202142062810
202142062811
202142062812
202143062101
202143062102
202143062103
202143062104
202143062105
202143062106
202143062107
202143062108
202143062109
202143062110
202143062111
202143062112
202143062201
202143062202
202143062203
202143062204
202143062205
202143062206
202143062207
202143062208
202143062209
202143062210
202143062211
202143062212
202143062301
202143062302
202143062303
202143062304
202143062305
202143062306
202143062307
202143062308
202143062309
202143062310
202143062311
202143062312
202143062401
202143062402
202143062403
202143062404
202143062405
202143062406
202143062407
202143062408
202143062409
202143062410
202143062411
202143062412
202143062501
202143062502
202143062503
202143062504
202143062505
202143062506
202143062507
202143062508
202143062509
202143062510
202143062511
202143062512
202144060701
202144060702
202144060703
202144060704
202144060705
202144060706
202144060707
202144060708
202144060709
202144060710
202144060711
202144060712
202144060801
202144060802
202144060803
202144060804
202144060805
202144060806
202144060807
202144060808
202144060809
202144060810
202144060811
202144060812
202144060901
202144060902
202144060903
202144060904
202144060905
202144060906
202144060907
202144060908
202144060909
202144060910
202144060911
202144060912
202144061001
202144061002
202144061003
202144061004
202144061005
202144061006
202144061007
202144061008
202144061009
202144061010
202144061011
202144061012
202144061101
202144061102
202144061103
202144061104
202144061105
202144061106
202144061107
202144061108
202144061109
202144061110
202144061111
202144061112
202144062801
202144062802
202144062803
202144062804
202144062805
202144062806
202144062807
202144062808
202144062809
202144062810
202144062811
202144062812
202144062901
202144062902
202144062903
202144062904
202144062905
202144062906
202144062907
202144062908
202144062909
202144062910
202144062911
202144062912
202144063001
202144063002
202144063003
202144063004
202144063005
202144063006
202144063007
202144063008
202144063009
202144063010
202144063011
202144063012
202145061401
202145061402
202145061403
202145061404
202145061405
202145061406
202145061407
202145061408
202145061409
202145061410
202145061411
202145061412
202145061501
202145061502
202145061503
202145061504
202145061505
202145061506
202145061507
202145061508
202145061509
202145061510
202145061511
202145061512
202145061601
202145061602
202145061603
202145061604
202145061605
202145061606
202145061607
202145061608
202145061609
202145061610
202145061611
202145061612
202145061701
202145061702
202145061703
202145061704
202145061705
202145061706
202145061707
202145061708
202145061709
202145061710
202145061711
202145061712
202145061801
202145061802
202145061803
202145061804
202145061805
202145061806
202145061807
202145061808
202145061809
202145061810
202145061811
202145061812
202146060101
202146060102
202146060103
202146060104
202146060105
202146060106
202146060107
202146060108
202146060109
202146060110
202146060111
202146060112
202146060601
202146060602
202146060603
202146060604
202146060605
202146060606
202146060607
202146060608
202146060609
202146060610
202146060611
202146060801
202146060802
202146060803
202146060804
202146060805
202146060806
202146060807
202146060808
202146060809
202146060810
202146060811
202146060812
202146061301
202146061302
202146061303
202146061304
202146061305
202146061306
202146061307
202146061308
202146061309
202146061310
202146061311
202146061501
202146061502
202146061503
202146061504
202146061505
202146061506
202146061507
202146061508
202146061509
202146061510
202146061511
202146061512
202146062001
202146062002
202146062003
202146062004
202146062005
202146062006
202146062007
202146062008
202146062009
202146062010
202146062011
202146062201
202146062202
202146062203
202146062204
202146062205
202146062206
202146062207
202146062208
202146062209
202146062210
202146062211
202146062212
202146062701
202146062702
202146062703
202146062704
202146062705
202146062706
202146062707
202146062708
202146062709
202146062710
202146062711
202146062901
202146062902
202146062903
202146062904
202146062905
202146062906
202146062907
202146062908
202146062909
202146062910
202146062911
202146062912
202148060201
202148060202
202148060203
202148060204
202148060205
202148060206
202148060207
202148060208
202148060209
202148060210
202148060211
202148060212
202148060301
202148060302
202148060303
202148060304
202148060305
202148060306
202148060307
202148060308
202148060309
202148060310
202148060311
202148060312
202148060401
202148060402
202148060403
202148060404
202148060405
202148060406
202148060407
202148060408
202148060409
202148060410
202148060411
202148060412
202148060701
202148060702
202148060703
202148060704
202148060705
202148060706
202148060707
202148060708
202148060709
202148060710
202148060711
202148060712
202148061501
202148061502
202148061503
202148061504
202148061505
202148061506
202148061507
202148061508
202148061509
202148061510
202148061511
202148061512
202148061601
202148061602
202148061603
202148061604
202148061605
202148061606
202148061607
202148061608
202148061609
202148061610
202148061611
202148061612
202148061701
202148061702
202148061703
202148061704
202148061705
202148061706
202148061707
202148061708
202148061709
202148061710
202148061711
202148061712
202148061801
202148061802
202148061803
202148061804
202148061805
202148061806
202148061807
202148061808
202148061809
202148061810
202148061811
202148062901
202148062902
202148062903
202148062904
202148062905
202148062906
202148062907
202148062908
202148062909
202148062910
202148062911
202148062912
202148063001
202148063002
202148063003
202148063004
202148063005
202148063006
202148063007
202148063008
202148063009
202148063010
202148063011
202148063012
202150060201
202150060202
202150060203
202150060204
202150060205
202150060206
202150060207
202150060208
202150060209
202150060210
202150060211
202150060212
202150060301
202150060302
202150060303
202150060304
202150060305
202150060306
202150060307
202150060308
202150060309
202150060310
202150060311
202150060312
202150060401
202150060402
202150060403
202150060404
202150060405
202150060406
202150060407
202150060408
202150060409
202150060410
202150060411
202150060412
202150060901
202150060902
202150060903
202150060904
202150060905
202150060906
202150060907
202150060908
202150060909
202150060910
202150060911
202150060912
202150061001
202150061002
202150061003
202150061004
202150061005
202150061006
202150061007
202150061008
202150061009
202150061010
202150061011
202150061012
202150061101
202150061102
202150061103
202150061104
202150061105
202150061106
202150061107
202150061108
202150061109
202150061110
202150061111
202150061112
202150061601
202150061602
202150061603
202150061604
202150061605
202150061606
202150061607
202150061608
202150061609
202150061610
202150061611
202150061612
202150061701
202150061702
202150061703
202150061704
202150061705
202150061706
202150061707
202150061708
202150061709
202150061710
202150061711
202150061712
202150061801
202150061802
202150061803
202150061804
202150061805
202150061806
202150061807
202150061808
202150061809
202150061810
202150061811
202150061812
202150062301
202150062302
202150062303
202150062304
202150062305
202150062306
202150062307
202150062308
202150062309
202150062310
202150062311
202150062312
202150062401
202150062402
202150062403
202150062404
202150062405
202150062406
202150062407
202150062408
202150062409
202150062410
202150062411
202150062412
202150062501
202150062502
202150062503
202150062504
202150062505
202150062506
202150062507
202150062508
202150062509
202150062510
202150062511
202150062512
202150063001
202150063002
202150063003
202150063004
202150063005
202150063006
202150063007
202150063008
202150063009
202150063010
202150063011
202150063012
202154061201
202154061202
202154061203
202154061204
202154061205
202154061206
202154061207
202154061208
202154061209
202154061210
202154061211
202154061212
202154061301
202154061302
202154061303
202154061304
202154061305
202154061306
202154061307
202154061308
202154061309
202154061310
202154061311
202154061312
202154061901
202154061902
202154061903
202154061904
202154061905
202154061906
202154061907
202154061908
202154061909
202154061910
202154061911
202154061912
202154062001
202154062002
202154062003
202154062004
202154062005
202154062006
202154062007
202154062008
202154062009
202154062010
202154062011
202154062012
202154062601
202154062602
202154062603
202154062604
202154062605
202154062606
202154062607
202154062608
202154062609
202154062610
202154062611
202154062612
202154062701
202154062702
202154062703
202154062704
202154062705
202154062706
202154062707
202154062708
202154062709
202154062710
202154062711
202154062712
202155060501
202155060502
202155060503
202155060504
202155060505
202155060506
202155060507
202155060508
202155060509
202155060510
202155060511
202155060601
202155060602
202155060603
202155060604
202155060605
202155060606
202155060607
202155060608
202155060609
202155060610
202155060611
202155061201
202155061202
202155061203
202155061204
202155061205
202155061206
202155061207
202155061208
202155061209
202155061210
202155061211
202155061301
202155061302
202155061303
202155061304
202155061305
202155061306
202155061307
202155061308
202155061309
202155061310
202155061311
202155061401
202155061402
202155061403
202155061404
202155061405
202155061406
202155061407
202155061408
202155061409
202155061410
202155061411
202155061901
202155061902
202155061903
202155061904
202155061905
202155061906
202155061907
202155061908
202155061909
202155061910
202155061911
202155062001
202155062002
202155062003
202155062004
202155062005
202155062006
202155062007
202155062008
202155062009
202155062010
202155062011
202155062501
202155062502
202155062503
202155062504
202155062505
202155062506
202155062507
202155062508
202155062509
202155062510
202155062511
202155062512
202155062601
202155062602
202155062603
202155062604
202155062605
202155062606
202155062607
202155062608
202155062609
202155062610
202155062611
202155062701
202155062702
202155062703
202155062704
202155062705
202155062706
202155062707
202155062708
202155062709
202155062710
202165060501
202165060502
202165060503
202165060504
202165060505
202165060506
202165060507
202165060508
202165060509
202165060510
202165060511
202165060601
202165060602
202165060603
202165060604
202165060605
202165060606
202165060607
202165060608
202165060609
202165060610
202165060611
202165060701
202165060702
202165060703
202165060704
202165060705
202165060706
202165060707
202165060708
202165060709
202165060710
202165060711
202165061201
202165061202
202165061203
202165061204
202165061205
202165061206
202165061207
202165061208
202165061209
202165061210
202165061211
202165061301
202165061302
202165061303
202165061304
202165061305
202165061306
202165061307
202165061308
202165061309
202165061310
202165061311
202165061401
202165061402
202165061403
202165061404
202165061405
202165061406
202165061407
202165061408
202165061409
202165061410
202165061411
202165061412
202165061901
202165061902
202165061903
202165061904
202165061905
202165061906
202165061907
202165061908
202165061909
202165061910
202165061911
202165062001
202165062002
202165062003
202165062004
202165062005
202165062006
202165062007
202165062008
202165062009
202165062010
202165062011
202165062101
202165062102
202165062103
202165062104
202165062105
202165062106
202165062107
202165062108
202165062109
202165062110
202165062111
202165062112
202165062601
202165062602
202165062603
202165062604
202165062605
202165062606
202165062607
202165062608
202165062609
202165062610
202165062611
202165062701
202165062702
202165062703
202165062704
202165062705
202165062706
202165062707
202165062708
202165062709
202165062710
202165062711
202165062801
202165062802
202165062803
202165062804
202165062805
202165062806
202165062807
202165062808
202165062809
202165062810
202165062811
202165062812
