202106020301
202106020302
202106020303
202106020304
202106020305
202106020306
202106020307
202106020308
202106020309
202106020310
202106020311
202106020312
202106020401
202106020402
202106020403
202106020404
202106020405
202106020406
202106020407
202106020408
202106020409
202106020410
202106020411
202106020412
202106020501
202106020502
202106020503
202106020504
202106020505
202106020506
202106020507
202106020508
202106020509
202106020510
202106020511
202106020512
202106020601
202106020602
202106020603
202106020604
202106020605
202106020606
202106020607
202106020608
202106020609
202106020610
202106020611
202106020612
202106020701
202106020702
202106020703
202106020704
202106020705
202106020706
202106020707
202106020708
202106020709
202106020710
202106020711
202106020712
202106020801
202106020802
202106020803
202106020804
202106020805
202106020806
202106020807
202106020808
202106020809
202106020810
202106020811
202106020812
202106030101
202106030102
202106030103
202106030104
202106030105
202106030106
202106030107
202106030108
202106030109
202106030110
202106030111
202106030112
202106030201
202106030202
202106030203
202106030204
202106030205
202106030206
202106030207
202106030208
202106030209
202106030210
202106030211
202106030212
202107020101
202107020102
202107020103
202107020104
202107020105
202107020106
202107020107
202107020108
202107020109
202107020110
202107020111
202107020112
202107020201
202107020202
202107020203
202107020204
202107020205
202107020206
202107020207
202107020208
202107020209
202107020210
202107020211
202107020212
202107020301
202107020302
202107020303
202107020304
202107020305
202107020306
202107020307
202107020308
202107020309
202107020310
202107020311
202107020312
202107020401
202107020402
202107020403
202107020404
202107020405
202107020406
202107020407
202107020408
202107020409
202107020410
202107020411
202107020412
202107020501
202107020502
202107020503
202107020504
202107020505
202107020506
202107020507
202107020508
202107020509
202107020510
202107020511
202107020512
202107020601
202107020602
202107020603
202107020604
202107020605
202107020606
202107020607
202107020608
202107020609
202107020610
202107020611
202107020612
202109010701
202109010702
202109010703
202109010704
202109010705
202109010706
202109010707
202109010708
202109010709
202109010710
202109010711
202109010712
202109010801
202109010802
202109010803
202109010804
202109010805
202109010806
202109010807
202109010808
202109010809
202109010810
202109010811
202109010812
202109010901
202109010902
202109010903
202109010904
202109010905
202109010906
202109010907
202109010908
202109010909
202109010910
202109010911
202109010912
202109011001
202109011002
202109011003
202109011004
202109011005
202109011006
202109011007
202109011008
202109011009
202109011010
202109011011
202109011012
202109011101
202109011102
202109011103
202109011104
202109011105
202109011106
202109011107
202109011108
202109011109
202109011110
202109011111
202109011112
202109011201
202109011202
202109011203
202109011204
202109011205
202109011206
202109011207
202109011208
202109011209
202109011210
202109011211
202109011212
202109020101
202109020102
202109020103
202109020104
202109020105
202109020106
202109020107
202109020108
202109020109
202109020110
202109020111
202109020112
202109020201
202109020202
202109020203
202109020204
202109020205
202109020206
202109020207
202109020208
202109020209
202109020210
202109020211
202109020212
202110020701
202110020702
202110020703
202110020704
202110020705
202110020706
202110020707
202110020708
202110020709
202110020710
202110020711
202110020712
202110020801
202110020802
202110020803
202110020804
202110020805
202110020806
202110020807
202110020808
202110020809
202110020810
202110020811
202110020812
202136031201
202136031202
202136031203
202136031204
202136031205
202136031206
202136031207
202136031208
202136031209
202136031210
202136031211
202136031212
202136031301
202136031302
202136031303
202136031304
202136031305
202136031306
202136031307
202136031308
202136031309
202136031310
202136031311
202136031312
202136031401
202136031402
202136031403
202136031404
202136031405
202136031406
202136031407
202136031408
202136031409
202136031410
202136031411
202136031412
202136031501
202136031502
202136031503
202136031504
202136031505
202136031506
202136031507
202136031508
202136031509
202136031510
202136031511
202136031512
202136032001
202136032002
202136032003
202136032004
202136032005
202136032006
202136032007
202136032008
202136032009
202136032010
202136032011
202136032101
202136032102
202136032103
202136032104
202136032105
202136032106
202136032107
202136032108
202136032109
202136032110
202136032111
202136032201
202136032202
202136032203
202136032204
202136032205
202136032206
202136032207
202136032208
202136032209
202136032210
202136032211
202136032701
202136032702
202136032703
202136032704
202136032705
202136032706
202136032707
202136032708
202136032709
202136032710
202136032711
202136032801
202136032802
202136032803
202136032804
202136032805
202136032806
202136032807
202136032808
202136032809
202136032810
202136032811
202136032901
202136032902
202136032903
202136032904
202136032905
202136032906
202136032907
202136032908
202136032909
202136032910
202136032911
202142032901
202142032902
202142032903
202142032904
202142032905
202142032906
202142032907
202142032908
202142032909
202142032910
202142032911
202142032912
202142033001
202142033002
202142033003
202142033004
202142033005
202142033006
202142033007
202142033008
202142033009
202142033010
202142033011
202142033012
202142033101
202142033102
202142033103
202142033104
202142033105
202142033106
202142033107
202142033108
202142033109
202142033110
202142033111
202142033112
202143031501
202143031502
202143031503
202143031504
202143031505
202143031506
202143031507
202143031508
202143031509
202143031510
202143031511
202143031512
202143031601
202143031602
202143031603
202143031604
202143031605
202143031606
202143031607
202143031608
202143031609
202143031610
202143031611
202143031612
202143031701
202143031702
202143031703
202143031704
202143031705
202143031706
202143031707
202143031708
202143031709
202143031710
202143031711
202143031712
202143031801
202143031802
202143031803
202143031804
202143031805
202143031806
202143031807
202143031808
202143031809
202143031810
202143031811
202143031812
202143031901
202143031902
202143031903
202143031904
202143031905
202143031906
202143031907
202143031908
202143031909
202143031910
202143031911
202143031912
202144030801
202144030802
202144030803
202144030804
202144030805
202144030806
202144030807
202144030808
202144030809
202144030810
202144030811
202144030812
202144030901
202144030902
202144030903
202144030904
202144030905
202144030906
202144030907
202144030908
202144030909
202144030910
202144030911
202144030912
202144031001
202144031002
202144031003
202144031004
202144031005
202144031006
202144031007
202144031008
202144031009
202144031010
202144031011
202144031012
202144031101
202144031102
202144031103
202144031104
202144031105
202144031106
202144031107
202144031108
202144031109
202144031110
202144031111
202144031112
202144031201
202144031202
202144031203
202144031204
202144031205
202144031206
202144031207
202144031208
202144031209
202144031210
202144031211
202144031212
202144032201
202144032202
202144032203
202144032204
202144032205
202144032206
202144032207
202144032208
202144032209
202144032210
202144032211
202144032212
202144032301
202144032302
202144032303
202144032304
202144032305
202144032306
202144032307
202144032308
202144032309
202144032310
202144032311
202144032312
202144032401
202144032402
202144032403
202144032404
202144032405
202144032406
202144032407
202144032408
202144032409
202144032410
202144032411
202144032412
202144032501
202144032502
202144032503
202144032504
202144032505
202144032506
202144032507
202144032508
202144032509
202144032510
202144032511
202144032512
202144032601
202144032602
202144032603
202144032604
202144032605
202144032606
202144032607
202144032608
202144032609
202144032610
202144032611
202144032612
202145030101
202145030102
202145030103
202145030104
202145030105
202145030106
202145030107
202145030108
202145030109
202145030110
202145030111
202145030112
202145030201
202145030202
202145030203
202145030204
202145030205
202145030206
202145030207
202145030208
202145030209
202145030210
202145030211
202145030212
202145030301
202145030302
202145030303
202145030304
202145030305
202145030306
202145030307
202145030308
202145030309
202145030310
202145030311
202145030312
202145030401
202145030402
202145030403
202145030404
202145030405
202145030406
202145030407
202145030408
202145030409
202145030410
202145030411
202145030412
202145030501
202145030502
202145030503
202145030504
202145030505
202145030506
202145030507
202145030508
202145030509
202145030510
202145030511
202145030512
202146031401
202146031402
202146031403
202146031404
202146031405
202146031406
202146031407
202146031408
202146031409
202146031410
202146031411
202146031501
202146031502
202146031503
202146031504
202146031505
202146031506
202146031507
202146031508
202146031509
202146031510
202146031511
202146031512
202146031601
202146031602
202146031603
202146031604
202146031605
202146031606
202146031607
202146031608
202146031609
202146031610
202146031611
202146031612
202146032101
202146032102
202146032103
202146032104
202146032105
202146032106
202146032107
202146032108
202146032109
202146032110
202146032301
202146032302
202146032303
202146032304
202146032305
202146032306
202146032307
202146032308
202146032309
202146032310
202146032801
202146032802
202146032803
202146032804
202146032805
202146032806
202146032807
202146032808
202146032809
202146032810
202146033001
202146033002
202146033003
202146033004
202146033005
202146033006
202146033007
202146033008
202146033009
202146033010
202148030901
202148030902
202148030903
202148030904
202148030905
202148030906
202148030907
202148030908
202148030909
202148030910
202148030911
202148030912
202148031001
202148031002
202148031003
202148031004
202148031005
202148031006
202148031007
202148031008
202148031009
202148031010
202148031011
202148031012
202148031101
202148031102
202148031103
202148031104
202148031105
202148031106
202148031107
202148031108
202148031109
202148031110
202148031111
202148031112
202148031201
202148031202
202148031203
202148031204
202148031205
202148031206
202148031207
202148031208
202148031209
202148031210
202148031211
202148031212
202148032301
202148032302
202148032303
202148032304
202148032305
202148032306
202148032307
202148032308
202148032309
202148032310
202148032311
202148032312
202148032401
202148032402
202148032403
202148032404
202148032405
202148032406
202148032407
202148032408
202148032409
202148032410
202148032411
202148032412
202148032501
202148032502
202148032503
202148032504
202148032505
202148032506
202148032507
202148032508
202148032509
202148032510
202148032511
202148032512
202148032601
202148032602
202148032603
202148032604
202148032605
202148032606
202148032607
202148032608
202148032609
202148032610
202148032611
202148032612
202151030201
202151030202
202151030203
202151030204
202151030205
202151030206
202151030207
202151030208
202151030209
202151030210
202151030211
202151030212
202151030301
202151030302
202151030303
202151030304
202151030305
202151030306
202151030307
202151030308
202151030309
202151030310
202151030311
202151030312
202151030401
202151030402
202151030403
202151030404
202151030405
202151030406
202151030407
202151030408
202151030409
202151030410
202151030411
202151030412
202151030901
202151030902
202151030903
202151030904
202151030905
202151030906
202151030907
202151030908
202151030909
202151030910
202151030911
202151030912
202151031001
202151031002
202151031003
202151031004
202151031005
202151031006
202151031007
202151031008
202151031009
202151031010
202151031011
202151031012
202151031101
202151031102
202151031103
202151031104
202151031105
202151031106
202151031107
202151031108
202151031109
202151031110
202151031111
202151031112
202151031601
202151031602
202151031603
202151031604
202151031605
202151031606
202151031607
202151031608
202151031609
202151031610
202151031611
202151031701
202151031702
202151031703
202151031704
202151031705
202151031706
202151031707
202151031708
202151031709
202151031710
202151031711
202151031712
202151031801
202151031802
202151031803
202151031804
202151031805
202151031806
202151031807
202151031808
202151031809
202151031810
202151031811
202151031812
202151032301
202151032302
202151032303
202151032304
202151032305
202151032306
202151032307
202151032308
202151032309
202151032310
202151032311
202151032401
202151032402
202151032403
202151032404
202151032405
202151032406
202151032407
202151032408
202151032409
202151032410
202151032411
202151032412
202151032501
202151032502
202151032503
202151032504
202151032505
202151032506
202151032507
202151032508
202151032509
202151032510
202151032511
202151033001
202151033002
202151033003
202151033004
202151033005
202151033006
202151033007
202151033008
202151033009
202151033010
202151033011
202151033012
202151033101
202151033102
202151033103
202151033104
202151033105
202151033106
202151033107
202151033108
202151033109
202151033110
202151033111
202151033112
202154030101
202154030102
202154030103
202154030104
202154030105
202154030106
202154030107
202154030108
202154030109
202154030110
202154030111
202154030201
202154030202
202154030203
202154030204
202154030205
202154030206
202154030207
202154030208
202154030209
202154030210
202154030211
202154030701
202154030702
202154030703
202154030704
202154030705
202154030706
202154030707
202154030708
202154030709
202154030710
202154030711
202154030901
202154030902
202154030903
202154030904
202154030905
202154030906
202154030907
202154030908
202154030909
202154030910
202154031001
202154031002
202154031003
202154031004
202154031005
202154031006
202154031007
202154031008
202154031009
202154031010
202154031401
202154031402
202154031403
202154031404
202154031405
202154031406
202154031407
202154031408
202154031409
202154031410
202154031411
202154031601
202154031602
202154031603
202154031604
202154031605
202154031606
202154031607
202154031608
202154031609
202154031610
202154031611
202154031701
202154031702
202154031703
202154031704
202154031705
202154031706
202154031707
202154031708
202154031709
202154031710
202154032101
202154032102
202154032103
202154032104
202154032105
202154032106
202154032107
202154032108
202154032109
202154032110
202154032111
202154032301
202154032302
202154032303
202154032304
202154032305
202154032306
202154032307
202154032308
202154032309
202154032310
202154032311
202154032401
202154032402
202154032403
202154032404
202154032405
202154032406
202154032407
202154032408
202154032409
202154032410
202154032801
202154032802
202154032803
202154032804
202154032805
202154032806
202154032807
202154032808
202154032809
202154032810
202154032811
202154032812
202154033001
202154033002
202154033003
202154033004
202154033005
202154033006
202154033007
202154033008
202154033009
202154033010
202154033011
202154033012
202154033101
202154033102
202154033103
202154033104
202154033105
202154033106
202154033107
202154033108
202154033109
202154033110
202154033111
202154033112
202155030601
202155030602
202155030603
202155030604
202155030605
202155030606
202155030607
202155030608
202155030609
202155030610
202155030611
202155030701
202155030702
202155030703
202155030704
202155030705
202155030706
202155030707
202155030708
202155030709
202155030710
202155030711
202155030801
202155030802
202155030803
202155030804
202155030805
202155030806
202155030807
202155030808
202155030809
202155030810
202155030811
202155031301
202155031302
202155031303
202155031304
202155031305
202155031306
202155031307
202155031308
202155031309
202155031310
202155031311
202155031401
202155031402
202155031403
202155031404
202155031405
202155031406
202155031407
202155031408
202155031409
202155031410
202155031411
202155032001
202155032002
202155032003
202155032004
202155032005
202155032006
202155032007
202155032008
202155032009
202155032010
202155032011
202155032101
202155032102
202155032103
202155032104
202155032105
202155032106
202155032107
202155032108
202155032109
202155032110
202155032111
202155032201
202155032202
202155032203
202155032204
202155032205
202155032206
202155032207
202155032208
202155032209
202155032210
202155032211
202155032701
202155032702
202155032703
202155032704
202155032705
202155032706
202155032707
202155032708
202155032709
202155032710
202155032711
202155032801
202155032802
202155032803
202155032804
202155032805
202155032806
202155032807
202155032808
202155032809
202155032810
202155032811
202165030101
202165030102
202165030103
202165030104
202165030105
202165030106
202165030107
202165030108
202165030109
202165030110
202165030111
202165030112
202165030601
202165030602
202165030603
202165030604
202165030605
202165030606
202165030607
202165030608
202165030609
202165030610
202165030611
202165030701
202165030702
202165030703
202165030704
202165030705
202165030706
202165030707
202165030708
202165030709
202165030710
202165030711
202165030801
202165030802
202165030803
202165030804
202165030805
202165030806
202165030807
202165030808
202165030809
202165030810
202165030811
202165030812
202165031201
202165031202
202165031203
202165031204
202165031205
202165031206
202165031207
202165031208
202165031209
202165031210
202165031211
202165031212
202165031301
202165031302
202165031303
202165031304
202165031305
202165031306
202165031307
202165031308
202165031309
202165031310
202165031311
202165031401
202165031402
202165031403
202165031404
202165031405
202165031406
202165031407
202165031408
202165031409
202165031410
202165031411
202165031801
202165031802
202165031803
202165031804
202165031805
202165031806
202165031807
202165031808
202165031809
202165031810
202165031811
202165031812
202165031901
202165031902
202165031903
202165031904
202165031905
202165031906
202165031907
202165031908
202165031909
202165031910
202165031911
202165031912
202165032001
202165032002
202165032003
202165032004
202165032005
202165032006
202165032007
202165032008
202165032009
202165032010
202165032011
202165032012
202165032101
202165032102
202165032103
202165032104
202165032105
202165032106
202165032107
202165032108
202165032109
202165032110
202165032111
202165032112
