202104010701
202104010702
202104010703
202104010704
202104010705
202104010706
202104010707
202104010708
202104010709
202104010710
202104010711
202104010712
202104010801
202104010802
202104010803
202104010804
202104010805
202104010806
202104010807
202104010808
202104010809
202104010810
202104010811
202104010812
202104020101
202104020102
202104020103
202104020104
202104020105
202104020106
202104020107
202104020108
202104020109
202104020110
202104020111
202104020112
202104020201
202104020202
202104020203
202104020204
202104020205
202104020206
202104020207
202104020208
202104020209
202104020210
202104020211
202104020212
202104020301
202104020302
202104020303
202104020304
202104020305
202104020306
202104020307
202104020308
202104020309
202104020310
202104020311
202104020312
202104020401
202104020402
202104020403
202104020404
202104020405
202104020406
202104020407
202104020408
202104020409
202104020410
202104020411
202104020412
202104020501
202104020502
202104020503
202104020504
202104020505
202104020506
202104020507
202104020508
202104020509
202104020510
202104020511
202104020512
202104020601
202104020602
202104020603
202104020604
202104020605
202104020606
202104020607
202104020608
202104020609
202104020610
202104020611
202104020612
202105020301
202105020302
202105020303
202105020304
202105020305
202105020306
202105020307
202105020308
202105020309
202105020310
202105020311
202105020312
202105020401
202105020402
202105020403
202105020404
202105020405
202105020406
202105020407
202105020408
202105020409
202105020410
202105020411
202105020412
202105020501
202105020502
202105020503
202105020504
202105020505
202105020506
202105020507
202105020508
202105020509
202105020510
202105020511
202105020512
202105020601
202105020602
202105020603
202105020604
202105020605
202105020606
202105020607
202105020608
202105020609
202105020610
202105020611
202105020612
202105020701
202105020702
202105020703
202105020704
202105020705
202105020706
202105020707
202105020708
202105020709
202105020710
202105020711
202105020712
202105020801
202105020802
202105020803
202105020804
202105020805
202105020806
202105020807
202105020808
202105020809
202105020810
202105020811
202105020812
202105020901
202105020902
202105020903
202105020904
202105020905
202105020906
202105020907
202105020908
202105020909
202105020910
202105020911
202105020912
202105021001
202105021002
202105021003
202105021004
202105021005
202105021006
202105021007
202105021008
202105021009
202105021010
202105021011
202105021012
202105021101
202105021102
202105021103
202105021104
202105021105
202105021106
202105021107
202105021108
202105021109
202105021110
202105021111
202105021112
202105021201
202105021202
202105021203
202105021204
202105021205
202105021206
202105021207
202105021208
202105021209
202105021210
202105021211
202105021212
202107030101
202107030102
202107030103
202107030104
202107030105
202107030106
202107030107
202107030108
202107030109
202107030110
202107030111
202107030112
202107030201
202107030202
202107030203
202107030204
202107030205
202107030206
202107030207
202107030208
202107030209
202107030210
202107030211
202107030212
202107030301
202107030302
202107030303
202107030304
202107030305
202107030306
202107030307
202107030308
202107030309
202107030310
202107030311
202107030312
202107030401
202107030402
202107030403
202107030404
202107030405
202107030406
202107030407
202107030408
202107030409
202107030410
202107030411
202107030412
202107030501
202107030502
202107030503
202107030504
202107030505
202107030506
202107030507
202107030508
202107030509
202107030510
202107030511
202107030512
202107030601
202107030602
202107030603
202107030604
202107030605
202107030606
202107030607
202107030608
202107030609
202107030610
202107030611
202107030612
202107030701
202107030702
202107030703
202107030704
202107030705
202107030706
202107030707
202107030708
202107030709
202107030710
202107030711
202107030712
202107030801
202107030802
202107030803
202107030804
202107030805
202107030806
202107030807
202107030808
202107030809
202107030810
202107030811
202107030812
202109021101
202109021102
202109021103
202109021104
202109021105
202109021106
202109021107
202109021108
202109021109
202109021110
202109021111
202109021112
202109021201
202109021202
202109021203
202109021204
202109021205
202109021206
202109021207
202109021208
202109021209
202109021210
202109021211
202109021212
202130050401
202130050402
202130050403
202130050404
202130050405
202130050406
202130050407
202130050408
202130050409
202130050410
202130050411
202130050412
202130050501
202130050502
202130050503
202130050504
202130050505
202130050506
202130050507
202130050508
202130050509
202130050510
202130050511
202130050512
202130051201
202130051202
202130051203
202130051204
202130051205
202130051206
202130051207
202130051208
202130051209
202130051210
202130051211
202130051212
202130051301
202130051302
202130051303
202130051304
202130051305
202130051306
202130051307
202130051308
202130051309
202130051310
202130051311
202130051312
202130051901
202130051902
202130051903
202130051904
202130051905
202130051906
202130051907
202130051908
202130051909
202130051910
202130051911
202130051912
202130052001
202130052002
202130052003
202130052004
202130052005
202130052006
202130052007
202130052008
202130052009
202130052010
202130052011
202130052012
202130052501
202130052502
202130052503
202130052504
202130052505
202130052506
202130052507
202130052508
202130052509
202130052510
202130052511
202130052601
202130052602
202130052603
202130052604
202130052605
202130052606
202130052607
202130052608
202130052609
202130052610
202130052611
202130052612
202130052701
202130052702
202130052703
202130052704
202130052705
202130052706
202130052707
202130052708
202130052709
202130052710
202130052711
202130052712
202136050201
202136050202
202136050203
202136050204
202136050205
202136050206
202136050207
202136050208
202136050209
202136050210
202136050211
202136050301
202136050302
202136050303
202136050304
202136050305
202136050306
202136050307
202136050308
202136050309
202136050310
202136050311
202136050312
202136050501
202136050502
202136050503
202136050504
202136050505
202136050506
202136050507
202136050508
202136050509
202136050510
202136050511
202136050512
202136050901
202136050902
202136050903
202136050904
202136050905
202136050906
202136050907
202136050908
202136050909
202136050910
202136050911
202136051001
202136051002
202136051003
202136051004
202136051005
202136051006
202136051007
202136051008
202136051009
202136051010
202136051011
202136051012
202136051101
202136051102
202136051103
202136051104
202136051105
202136051106
202136051107
202136051108
202136051109
202136051110
202136051111
202136051112
202136051601
202136051602
202136051603
202136051604
202136051605
202136051606
202136051607
202136051608
202136051609
202136051610
202136051611
202136051701
202136051702
202136051703
202136051704
202136051705
202136051706
202136051707
202136051708
202136051709
202136051710
202136051711
202136051712
202136051801
202136051802
202136051803
202136051804
202136051805
202136051806
202136051807
202136051808
202136051809
202136051810
202136051811
202136052301
202136052302
202136052303
202136052304
202136052305
202136052306
202136052307
202136052308
202136052309
202136052310
202136052311
202136052401
202136052402
202136052403
202136052404
202136052405
202136052406
202136052407
202136052408
202136052409
202136052410
202136052411
202136052412
202136052501
202136052502
202136052503
202136052504
202136052505
202136052506
202136052507
202136052508
202136052509
202136052510
202136052511
202136052512
202136053001
202136053002
202136053003
202136053004
202136053005
202136053006
202136053007
202136053008
202136053009
202136053010
202136053011
202136053101
202136053102
202136053103
202136053104
202136053105
202136053106
202136053107
202136053108
202136053109
202136053110
202136053111
202142051001
202142051002
202142051003
202142051004
202142051005
202142051006
202142051007
202142051008
202142051009
202142051010
202142051011
202142051012
202142051101
202142051102
202142051103
202142051104
202142051105
202142051106
202142051107
202142051108
202142051109
202142051110
202142051111
202142051112
202142051201
202142051202
202142051203
202142051204
202142051205
202142051206
202142051207
202142051208
202142051209
202142051210
202142051211
202142051212
202142051301
202142051302
202142051303
202142051304
202142051305
202142051306
202142051307
202142051308
202142051309
202142051310
202142051311
202142051312
202142051401
202142051402
202142051403
202142051404
202142051405
202142051406
202142051407
202142051408
202142051409
202142051410
202142051411
202142051412
202142053101
202142053102
202142053103
202142053104
202142053105
202142053106
202142053107
202142053108
202142053109
202142053110
202142053111
202142053112
202143050301
202143050302
202143050303
202143050304
202143050305
202143050306
202143050307
202143050308
202143050309
202143050310
202143050311
202143050312
202143050401
202143050402
202143050403
202143050404
202143050405
202143050406
202143050407
202143050408
202143050409
202143050410
202143050411
202143050412
202143050501
202143050502
202143050503
202143050504
202143050505
202143050506
202143050507
202143050508
202143050509
202143050510
202143050511
202143050512
202143050601
202143050602
202143050603
202143050604
202143050605
202143050606
202143050607
202143050608
202143050609
202143050610
202143050611
202143050612
202143050701
202143050702
202143050703
202143050704
202143050705
202143050706
202143050707
202143050708
202143050709
202143050710
202143050711
202143050712
202144050101
202144050102
202144050103
202144050104
202144050105
202144050106
202144050107
202144050108
202144051701
202144051702
202144051703
202144051704
202144051705
202144051706
202144051707
202144051708
202144051709
202144051710
202144051711
202144051712
202144051801
202144051802
202144051803
202144051804
202144051805
202144051806
202144051807
202144051808
202144051809
202144051810
202144051811
202144051812
202144051901
202144051902
202144051903
202144051904
202144051905
202144051906
202144051907
202144051908
202144051909
202144051910
202144051911
202144051912
202144052001
202144052002
202144052003
202144052004
202144052005
202144052006
202144052007
202144052008
202144052009
202144052010
202144052011
202144052012
202144052101
202144052102
202144052103
202144052104
202144052105
202144052106
202144052107
202144052108
202144052109
202144052110
202144052111
202144052112
202145052401
202145052402
202145052403
202145052404
202145052405
202145052406
202145052407
202145052408
202145052409
202145052410
202145052411
202145052412
202145052501
202145052502
202145052503
202145052504
202145052505
202145052506
202145052507
202145052508
202145052509
202145052510
202145052511
202145052512
202145052601
202145052602
202145052603
202145052604
202145052605
202145052606
202145052607
202145052608
202145052609
202145052610
202145052611
202145052612
202145052701
202145052702
202145052703
202145052704
202145052705
202145052706
202145052707
202145052708
202145052709
202145052710
202145052711
202145052712
202145052801
202145052802
202145052803
202145052804
202145052805
202145052806
202145052807
202145052808
202145052809
202145052810
202145052811
202145052812
202146050201
202146050202
202146050203
202146050204
202146050205
202146050206
202146050207
202146050208
202146050209
202146050210
202146050211
202146050301
202146050302
202146050303
202146050304
202146050305
202146050306
202146050307
202146050308
202146050309
202146050310
202146050311
202146050401
202146050402
202146050403
202146050404
202146050405
202146050406
202146050407
202146050408
202146050409
202146050410
202146050411
202146050501
202146050502
202146050503
202146050504
202146050505
202146050506
202146050507
202146050508
202146050509
202146050510
202146051001
202146051002
202146051003
202146051004
202146051005
202146051006
202146051007
202146051008
202146051009
202146051010
202146051011
202146051101
202146051102
202146051103
202146051104
202146051105
202146051106
202146051107
202146051108
202146051109
202146051110
202146051111
202146051112
202146051601
202146051602
202146051603
202146051604
202146051605
202146051606
202146051607
202146051608
202146051609
202146051610
202146051611
202146051801
202146051802
202146051803
202146051804
202146051805
202146051806
202146051807
202146051808
202146051809
202146051810
202146051811
202146051812
202146052301
202146052302
202146052303
202146052304
202146052305
202146052306
202146052307
202146052308
202146052309
202146052310
202146052311
202146052501
202146052502
202146052503
202146052504
202146052505
202146052506
202146052507
202146052508
202146052509
202146052510
202146052511
202146052512
202146053001
202146053002
202146053003
202146053004
202146053005
202146053006
202146053007
202146053008
202146053009
202146053010
202146053011
202148050301
202148050302
202148050303
202148050304
202148050305
202148050306
202148050307
202148050308
202148050309
202148050310
202148050311
202148050312
202148050401
202148050402
202148050403
202148050404
202148050405
202148050406
202148050407
202148050408
202148050409
202148050410
202148050411
202148050412
202148050501
202148050502
202148050503
202148050504
202148050505
202148050506
202148050507
202148050508
202148050509
202148050510
202148050511
202148050512
202148050701
202148050702
202148050703
202148050704
202148050705
202148050706
202148050707
202148050708
202148050709
202148050710
202148050711
202148050712
202148051801
202148051802
202148051803
202148051804
202148051805
202148051806
202148051807
202148051808
202148051809
202148051810
202148051811
202148051812
202148051901
202148051902
202148051903
202148051904
202148051905
202148051906
202148051907
202148051908
202148051909
202148051910
202148051911
202148051912
202148052001
202148052002
202148052003
202148052004
202148052005
202148052006
202148052007
202148052008
202148052009
202148052010
202148052011
202148052012
202148052101
202148052102
202148052103
202148052104
202148052105
202148052106
202148052107
202148052108
202148052109
202148052110
202148052111
202148052112
202150050301
202150050302
202150050303
202150050304
202150050305
202150050306
202150050307
202150050308
202150050309
202150050310
202150050311
202150050401
202150050402
202150050403
202150050404
202150050405
202150050406
202150050407
202150050408
202150050409
202150050410
202150050411
202150050412
202150050501
202150050502
202150050503
202150050504
202150050505
202150050506
202150050507
202150050508
202150050509
202150050510
202150050511
202150050512
202150050601
202150050602
202150050603
202150050604
202150050605
202150050606
202150050607
202150050608
202150050609
202150050610
202150050611
202150050612
202150051201
202150051202
202150051203
202150051204
202150051205
202150051206
202150051207
202150051208
202150051209
202150051210
202150051211
202150051212
202150051301
202150051302
202150051303
202150051304
202150051305
202150051306
202150051307
202150051308
202150051309
202150051310
202150051311
202150051312
202150051401
202150051402
202150051403
202150051404
202150051405
202150051406
202150051407
202150051408
202150051409
202150051410
202150051411
202150051412
202150051901
202150051902
202150051903
202150051904
202150051905
202150051906
202150051907
202150051908
202150051909
202150051910
202150051911
202150051912
202150052001
202150052002
202150052003
202150052004
202150052005
202150052006
202150052007
202150052008
202150052009
202150052010
202150052011
202150052012
202150052101
202150052102
202150052103
202150052104
202150052105
202150052106
202150052107
202150052108
202150052109
202150052110
202150052111
202150052112
202150052601
202150052602
202150052603
202150052604
202150052605
202150052606
202150052607
202150052608
202150052609
202150052610
202150052611
202150052612
202150052701
202150052702
202150052703
202150052704
202150052705
202150052706
202150052707
202150052708
202150052709
202150052710
202150052711
202150052712
202150052801
202150052802
202150052803
202150052804
202150052805
202150052806
202150052807
202150052808
202150052809
202150052810
202150052811
202150052812
202154050201
202154050202
202154050203
202154050204
202154050205
202154050206
202154050207
202154050208
202154050209
202154050210
202154050211
202154050212
202154050301
202154050302
202154050303
202154050304
202154050305
202154050306
202154050307
202154050308
202154050309
202154050310
202154050311
202154050312
202154050801
202154050802
202154050803
202154050804
202154050805
202154050806
202154050807
202154050808
202154050809
202154050810
202154050811
202154050812
202154050901
202154050902
202154050903
202154050904
202154050905
202154050906
202154050907
202154050908
202154050909
202154050910
202154050911
202154050912
202154051501
202154051502
202154051503
202154051504
202154051505
202154051506
202154051507
202154051508
202154051509
202154051510
202154051511
202154051512
202154051601
202154051602
202154051603
202154051604
202154051605
202154051606
202154051607
202154051608
202154051609
202154051610
202154051611
202154052201
202154052202
202154052203
202154052204
202154052205
202154052206
202154052207
202154052208
202154052209
202154052210
202154052211
202154052212
202154052301
202154052302
202154052303
202154052304
202154052305
202154052306
202154052307
202154052308
202154052309
202154052310
202154052311
202154052312
202154052901
202154052902
202154052903
202154052904
202154052905
202154052906
202154052907
202154052908
202154052909
202154052910
202154052911
202154052912
202154053001
202154053002
202154053003
202154053004
202154053005
202154053006
202154053007
202154053008
202154053009
202154053010
202154053011
202155050301
202155050302
202155050303
202155050304
202155050305
202155050306
202155050307
202155050308
202155050309
202155050310
202155050311
202155050312
202155050401
202155050402
202155050403
202155050404
202155050405
202155050406
202155050407
202155050408
202155050409
202155050410
202155050411
202155050412
202155050801
202155050802
202155050803
202155050804
202155050805
202155050806
202155050807
202155050808
202155050809
202155050810
202155050811
202155050812
202155050901
202155050902
202155050903
202155050904
202155050905
202155050906
202155050907
202155050908
202155050909
202155050910
202155050911
202155050912
202155051401
202155051402
202155051403
202155051404
202155051405
202155051406
202155051407
202155051408
202155051409
202155051410
202155051411
202155051412
202155051501
202155051502
202155051503
202155051504
202155051505
202155051506
202155051507
202155051508
202155051509
202155051510
202155051511
202155051512
202155052201
202155052202
202155052203
202155052204
202155052205
202155052206
202155052207
202155052208
202155052209
202155052210
202155052211
202155052212
202155052301
202155052302
202155052303
202155052304
202155052305
202155052306
202155052307
202155052308
202155052309
202155052310
202155052311
202155052312
202155052901
202155052902
202155052903
202155052904
202155052905
202155052906
202155052907
202155052908
202155052909
202155052910
202155052911
202155053001
202155053002
202155053003
202155053004
202155053005
202155053006
202155053007
202155053008
202155053009
202155053010
202155053011
202155053101
202155053102
202155053103
202155053104
202155053105
202155053106
202155053107
202155053108
202155053109
202155053110
202155053111
202165050101
202165050102
202165050103
202165050104
202165050105
202165050106
202165050107
202165050108
202165050109
202165050110
202165050111
202165050201
202165050202
202165050203
202165050204
202165050205
202165050206
202165050207
202165050208
202165050209
202165050210
202165050211
202165050301
202165050302
202165050303
202165050304
202165050305
202165050306
202165050307
202165050308
202165050309
202165050310
202165050311
202165050801
202165050802
202165050803
202165050804
202165050805
202165050806
202165050807
202165050808
202165050809
202165050810
202165050811
202165050901
202165050902
202165050903
202165050904
202165050905
202165050906
202165050907
202165050908
202165050909
202165050910
202165050911
202165051001
202165051002
202165051003
202165051004
202165051005
202165051006
202165051007
202165051008
202165051009
202165051010
202165051011
202165051501
202165051502
202165051503
202165051504
202165051505
202165051506
202165051507
202165051508
202165051509
202165051510
202165051511
202165051601
202165051602
202165051603
202165051604
202165051605
202165051606
202165051607
202165051608
202165051609
202165051610
202165051611
202165051701
202165051702
202165051703
202165051704
202165051705
202165051706
202165051707
202165051708
202165051709
202165051710
202165051711
202165052201
202165052202
202165052203
202165052204
202165052205
202165052206
202165052207
202165052208
202165052209
202165052210
202165052211
202165052301
202165052302
202165052303
202165052304
202165052305
202165052306
202165052307
202165052308
202165052309
202165052310
202165052311
202165052401
202165052402
202165052403
202165052404
202165052405
202165052406
202165052407
202165052408
202165052409
202165052410
202165052411
202165052901
202165052902
202165052903
202165052904
202165052905
202165052906
202165052907
202165052908
202165052909
202165052910
202165052911
202165053001
202165053002
202165053003
202165053004
202165053005
202165053006
202165053007
202165053008
202165053009
202165053010
202165053011
202165053101
202165053102
202165053103
202165053104
202165053105
202165053106
202165053107
202165053108
202165053109
202165053110
202165053111
