202103020101
202103020102
202103020103
202103020104
202103020105
202103020106
202103020107
202103020108
202103020109
202103020110
202103020111
202103020112
202103020201
202103020202
202103020203
202103020204
202103020205
202103020206
202103020207
202103020208
202103020209
202103020210
202103020211
202103020212
202103020301
202103020302
202103020303
202103020304
202103020305
202103020306
202103020307
202103020308
202103020309
202103020310
202103020311
202103020312
202103020401
202103020402
202103020403
202103020404
202103020405
202103020406
202103020407
202103020408
202103020409
202103020410
202103020411
202103020412
202103020501
202103020502
202103020503
202103020504
202103020505
202103020506
202103020507
202103020508
202103020509
202103020510
202103020511
202103020512
202103020601
202103020602
202103020603
202103020604
202103020605
202103020606
202103020607
202103020608
202103020609
202103020610
202103020611
202103020612
202105050101
202105050102
202105050103
202105050104
202105050105
202105050106
202105050107
202105050108
202105050109
202105050110
202105050111
202105050112
202105050201
202105050202
202105050203
202105050204
202105050205
202105050206
202105050207
202105050208
202105050209
202105050210
202105050211
202105050212
202105050301
202105050302
202105050303
202105050304
202105050305
202105050306
202105050307
202105050308
202105050309
202105050310
202105050311
202105050312
202105050401
202105050402
202105050403
202105050404
202105050405
202105050406
202105050407
202105050408
202105050409
202105050410
202105050411
202105050412
202105050501
202105050502
202105050503
202105050504
202105050505
202105050506
202105050507
202105050508
202105050509
202105050510
202105050511
202105050512
202105050601
202105050602
202105050603
202105050604
202105050605
202105050606
202105050607
202105050608
202105050609
202105050610
202105050611
202105050612
202105050701
202105050702
202105050703
202105050704
202105050705
202105050706
202105050707
202105050708
202105050709
202105050710
202105050711
202105050712
202105050801
202105050802
202105050803
202105050804
202105050805
202105050806
202105050807
202105050808
202105050809
202105050810
202105050811
202105050812
202109050101
202109050102
202109050103
202109050104
202109050105
202109050106
202109050107
202109050108
202109050109
202109050110
202109050111
202109050112
202109050201
202109050202
202109050203
202109050204
202109050205
202109050206
202109050207
202109050208
202109050209
202109050210
202109050211
202109050212
202109050301
202109050302
202109050303
202109050304
202109050305
202109050306
202109050307
202109050308
202109050309
202109050310
202109050311
202109050312
202109050401
202109050402
202109050403
202109050404
202109050405
202109050406
202109050407
202109050408
202109050409
202109050410
202109050411
202109050412
202109050501
202109050502
202109050503
202109050504
202109050505
202109050506
202109050507
202109050508
202109050509
202109050510
202109050511
202109050512
202109050601
202109050602
202109050603
202109050604
202109050605
202109050606
202109050607
202109050608
202109050609
202109050610
202109050611
202109050612
202109050701
202109050702
202109050703
202109050704
202109050705
202109050706
202109050707
202109050708
202109050709
202109050710
202109050711
202109050712
202109050801
202109050802
202109050803
202109050804
202109050805
202109050806
202109050807
202109050808
202109050809
202109050810
202109050811
202109050812
202130110201
202130110202
202130110203
202130110204
202130110205
202130110206
202130110207
202130110208
202130110209
202130110210
202130110211
202130110212
202130110301
202130110302
202130110303
202130110304
202130110305
202130110306
202130110307
202130110308
202130110309
202130110310
202130110311
202130110312
202130110401
202130110402
202130110403
202130110404
202130110405
202130110406
202130110407
202130110408
202130110409
202130110410
202130110411
202130110412
202135110101
202135110102
202135110103
202135110104
202135110105
202135110106
202135110107
202135110108
202135110109
202135110110
202135110111
202135110112
202135110201
202135110202
202135110203
202135110204
202135110205
202135110206
202135110207
202135110208
202135110209
202135110210
202135110211
202135110701
202135110702
202135110703
202135110704
202135110705
202135110706
202135110707
202135110708
202135110709
202135110710
202135110711
202135110801
202135110802
202135110803
202135110804
202135110805
202135110806
202135110807
202135110808
202135110809
202135110810
202135110811
202135110812
202135110901
202135110902
202135110903
202135110904
202135110905
202135110906
202135110907
202135110908
202135110909
202135110910
202135110911
202135111401
202135111402
202135111403
202135111404
202135111405
202135111406
202135111407
202135111408
202135111409
202135111410
202135111411
202135111501
202135111502
202135111503
202135111504
202135111505
202135111506
202135111507
202135111508
202135111509
202135111510
202135111511
202135111512
202135111601
202135111602
202135111603
202135111604
202135111605
202135111606
202135111607
202135111608
202135111609
202135111610
202135111611
202135112101
202135112102
202135112103
202135112104
202135112105
202135112106
202135112107
202135112108
202135112109
202135112110
202135112111
202135112112
202135112201
202135112202
202135112203
202135112204
202135112205
202135112206
202135112207
202135112208
202135112209
202135112210
202135112211
202135112212
202135112301
202135112302
202135112303
202135112304
202135112305
202135112306
202135112307
202135112308
202135112309
202135112310
202135112311
202135112312
202136112801
202136112802
202136112803
202136112804
202136112805
202136112806
202136112807
202136112808
202136112809
202136112810
202136112811
202136112901
202136112902
202136112903
202136112904
202136112905
202136112906
202136112907
202136112908
202136112909
202136112910
202136112911
202136113001
202136113002
202136113003
202136113004
202136113005
202136113006
202136113007
202136113008
202136113009
202136113010
202136113011
202142112201
202142112202
202142112203
202142112204
202142112205
202142112206
202142112207
202142112208
202142112209
202142112210
202142112211
202142112301
202142112302
202142112303
202142112304
202142112305
202142112306
202142112307
202142112308
202142112309
202142112310
202142112311
202142112401
202142112402
202142112403
202142112404
202142112405
202142112406
202142112407
202142112408
202142112409
202142112410
202142112411
202142112501
202142112502
202142112503
202142112504
202142112505
202142112506
202142112507
202142112508
202142112509
202142112510
202142112511
202142112601
202142112602
202142112603
202142112604
202142112605
202142112606
202142112607
202142112608
202142112609
202142112610
202142112611
202143112901
202143112902
202143112903
202143112904
202143112905
202143112906
202143112907
202143112908
202143112909
202143112910
202143112911
202143112912
202143113001
202143113002
202143113003
202143113004
202143113005
202143113006
202143113007
202143113008
202143113009
202143113010
202143113011
202143113012
202144110101
202144110102
202144110103
202144110104
202144110105
202144110106
202144110107
202144110108
202144110109
202144110110
202144110111
202144110201
202144110202
202144110203
202144110204
202144110205
202144110206
202144110207
202144110208
202144110209
202144110210
202144110211
202144110212
202144110301
202144110302
202144110303
202144110304
202144110305
202144110306
202144110307
202144110308
202144110309
202144110310
202144110311
202144110401
202144110402
202144110403
202144110404
202144110405
202144110406
202144110407
202144110408
202144110409
202144110410
202144110411
202144110412
202144110501
202144110502
202144110503
202144110504
202144110505
202144110506
202144110507
202144110508
202144110509
202144110510
202144110511
202144111501
202144111502
202144111503
202144111504
202144111505
202144111506
202144111507
202144111508
202144111509
202144111510
202144111511
202144111512
202144111601
202144111602
202144111603
202144111604
202144111605
202144111606
202144111607
202144111608
202144111609
202144111610
202144111611
202144111612
202144111701
202144111702
202144111703
202144111704
202144111705
202144111706
202144111707
202144111708
202144111709
202144111710
202144111711
202144111712
202144111801
202144111802
202144111803
202144111804
202144111805
202144111806
202144111807
202144111808
202144111809
202144111810
202144111811
202144111812
202144111901
202144111902
202144111903
202144111904
202144111905
202144111906
202144111907
202144111908
202144111909
202144111910
202144111911
202144111912
202145110801
202145110802
202145110803
202145110804
202145110805
202145110806
202145110807
202145110808
202145110809
202145110810
202145110811
202145110812
202145110901
202145110902
202145110903
202145110904
202145110905
202145110906
202145110907
202145110908
202145110909
202145110910
202145110911
202145110912
202145111001
202145111002
202145111003
202145111004
202145111005
202145111006
202145111007
202145111008
202145111009
202145111010
202145111011
202145111012
202145111101
202145111102
202145111103
202145111104
202145111105
202145111106
202145111107
202145111108
202145111109
202145111110
202145111111
202145111112
202145111201
202145111202
202145111203
202145111204
202145111205
202145111206
202145111207
202145111208
202145111209
202145111210
202145111211
202145111212
202146110101
202146110102
202146110103
202146110104
202146110105
202146110106
202146110107
202146110108
202146110109
202146110110
202146110301
202146110302
202146110303
202146110304
202146110305
202146110306
202146110307
202146110308
202146110309
202146110310
202146110801
202146110802
202146110803
202146110804
202146110805
202146110806
202146110807
202146110808
202146110809
202146110810
202146110901
202146110902
202146110903
202146110904
202146110905
202146110906
202146110907
202146110908
202146110909
202146110910
202146111401
202146111402
202146111403
202146111404
202146111405
202146111406
202146111407
202146111408
202146111409
202146111410
202146111501
202146111502
202146111503
202146111504
202146111505
202146111506
202146111507
202146111508
202146111509
202146111510
202146111601
202146111602
202146111603
202146111604
202146111605
202146111606
202146111607
202146111608
202146111609
202146111610
202146112101
202146112102
202146112103
202146112104
202146112105
202146112106
202146112107
202146112108
202146112109
202146112301
202146112302
202146112303
202146112304
202146112305
202146112306
202146112307
202146112308
202146112309
202146112310
202146112801
202146112802
202146112803
202146112804
202146112805
202146112806
202146112807
202146112808
202146112809
202146112810
202146112901
202146112902
202146112903
202146112904
202146112905
202146112906
202146112907
202146112908
202146112909
202146113001
202146113002
202146113003
202146113004
202146113005
202146113006
202146113007
202146113008
202146113009
202146113010
202147110801
202147110802
202147110803
202147110804
202147110805
202147110806
202147110807
202147110808
202147110809
202147110810
202147111001
202147111002
202147111003
202147111004
202147111005
202147111006
202147111007
202147111008
202147111009
202147111010
202147111011
202147111101
202147111102
202147111103
202147111104
202147111105
202147111106
202147111107
202147111108
202147111109
202147111110
202147111111
202147111201
202147111202
202147111203
202147111204
202147111205
202147111206
202147111207
202147111208
202147111209
202147111210
202147111211
202147112301
202147112302
202147112303
202147112304
202147112305
202147112306
202147112307
202147112308
202147112309
202147112310
202147112311
202147112401
202147112402
202147112403
202147112404
202147112405
202147112406
202147112407
202147112408
202147112409
202147112410
202147112411
202147112501
202147112502
202147112503
202147112504
202147112505
202147112506
202147112507
202147112508
202147112509
202147112510
202147112511
202147112601
202147112602
202147112603
202147112604
202147112605
202147112606
202147112607
202147112608
202147112609
202147112610
202147112611
202148110101
202148110102
202148110103
202148110104
202148110105
202148110106
202148110107
202148110108
202148110109
202148110110
202148110111
202148110112
202148110201
202148110202
202148110203
202148110204
202148110205
202148110206
202148110207
202148110208
202148110209
202148110210
202148110211
202148110212
202148110401
202148110402
202148110403
202148110404
202148110405
202148110406
202148110407
202148110408
202148110409
202148110410
202148110411
202148110412
202148110501
202148110502
202148110503
202148110504
202148110505
202148110506
202148110507
202148110508
202148110509
202148110510
202148110511
202148110512
202148111501
202148111502
202148111503
202148111504
202148111505
202148111506
202148111507
202148111508
202148111509
202148111510
202148111601
202148111602
202148111603
202148111604
202148111605
202148111606
202148111607
202148111608
202148111609
202148111610
202148111701
202148111702
202148111703
202148111704
202148111705
202148111706
202148111707
202148111708
202148111709
202148111710
202148111711
202148111801
202148111802
202148111803
202148111804
202148111805
202148111806
202148111807
202148111808
202148111809
202148111810
202148111811
202148111901
202148111902
202148111903
202148111904
202148111905
202148111906
202148111907
202148111908
202148111909
202148111910
202148111911
202148113001
202148113002
202148113003
202148113004
202148113005
202148113006
202148113007
202148113008
202148113009
202148113010
202148113011
202148113012
202150110201
202150110202
202150110203
202150110204
202150110205
202150110206
202150110207
202150110208
202150110209
202150110210
202150110211
202150110212
202150110301
202150110302
202150110303
202150110304
202150110305
202150110306
202150110307
202150110401
202150110402
202150110403
202150110404
202150110405
202150110406
202150110407
202150110408
202150110409
202150110410
202150110411
202150110412
202150110901
202150110902
202150110903
202150110904
202150110905
202150110906
202150110907
202150110908
202150110909
202150110910
202150110911
202150110912
202150111001
202150111002
202150111003
202150111004
202150111005
202150111006
202150111007
202150111008
202150111009
202150111010
202150111011
202150111012
202150111101
202150111102
202150111103
202150111104
202150111105
202150111106
202150111107
202150111108
202150111109
202150111110
202150111111
202150111112
202150111601
202150111602
202150111603
202150111604
202150111605
202150111606
202150111607
202150111608
202150111609
202150111610
202150111611
202150111612
202150111701
202150111702
202150111703
202150111704
202150111705
202150111706
202150111707
202150111708
202150111709
202150111710
202150111711
202150111712
202150111801
202150111802
202150111803
202150111804
202150111805
202150111806
202150111807
202150111808
202150111809
202150111810
202150111811
202150111812
202150112301
202150112302
202150112303
202150112304
202150112305
202150112306
202150112307
202150112308
202150112309
202150112310
202150112311
202150112312
202150112401
202150112402
202150112403
202150112404
202150112405
202150112406
202150112407
202150112408
202150112409
202150112410
202150112411
202150112412
202150112501
202150112502
202150112503
202150112504
202150112505
202150112506
202150112507
202150112508
202150112509
202150112510
202150112511
202150112512
202150113001
202150113002
202150113003
202150113004
202150113005
202150113006
202150113007
202150113008
202150113009
202150113010
202150113011
202150113012
202154110601
202154110602
202154110603
202154110604
202154110605
202154110606
202154110607
202154110608
202154110609
202154110610
202154110611
202154110701
202154110702
202154110703
202154110704
202154110705
202154110706
202154110707
202154110708
202154110709
202154110710
202154110711
202154111301
202154111302
202154111303
202154111304
202154111305
202154111306
202154111307
202154111308
202154111309
202154111310
202154111311
202154111312
202154111401
202154111402
202154111403
202154111404
202154111405
202154111406
202154111407
202154111408
202154111409
202154111410
202154111411
202154111412
202154112001
202154112002
202154112003
202154112004
202154112005
202154112006
202154112007
202154112008
202154112009
202154112010
202154112011
202154112101
202154112102
202154112103
202154112104
202154112105
202154112106
202154112107
202154112108
202154112109
202154112110
202154112111
202154112701
202154112702
202154112703
202154112704
202154112705
202154112706
202154112707
202154112708
202154112709
202154112710
202154112711
202154112712
202154112801
202154112802
202154112803
202154112804
202154112805
202154112806
202154112807
202154112808
202154112809
202154112810
202154112811
202154112812
202155110501
202155110502
202155110503
202155110504
202155110505
202155110506
202155110507
202155110508
202155110509
202155110510
202155110511
202155110512
202155110601
202155110602
202155110603
202155110604
202155110605
202155110606
202155110607
202155110608
202155110609
202155110610
202155110611
202155110701
202155110702
202155110703
202155110704
202155110705
202155110706
202155110707
202155110708
202155110709
202155110710
202155110711
202155111201
202155111202
202155111203
202155111204
202155111205
202155111206
202155111207
202155111208
202155111209
202155111210
202155111211
202155111212
202155111301
202155111302
202155111303
202155111304
202155111305
202155111306
202155111307
202155111308
202155111309
202155111310
202155111311
202155111401
202155111402
202155111403
202155111404
202155111405
202155111406
202155111407
202155111408
202155111409
202155111410
202155111411
202155112001
202155112002
202155112003
202155112004
202155112005
202155112006
202155112007
202155112008
202155112009
202155112010
202155112011
202155112101
202155112102
202155112103
202155112104
202155112105
202155112106
202155112107
202155112108
202155112109
202155112110
202155112601
202155112602
202155112603
202155112604
202155112605
202155112606
202155112607
202155112608
202155112609
202155112610
202155112611
202155112612
202155112701
202155112702
202155112703
202155112704
202155112705
202155112706
202155112707
202155112708
202155112709
202155112710
202155112711
202155112801
202155112802
202155112803
202155112804
202155112805
202155112806
202155112807
202155112808
202155112809
202155112810
202165110101
202165110102
202165110103
202165110104
202165110105
202165110106
202165110107
202165110108
202165110109
202165110110
202165110111
202165110112
202165110601
202165110602
202165110603
202165110604
202165110605
202165110606
202165110607
202165110608
202165110609
202165110610
202165110611
202165110612
202165110701
202165110702
202165110703
202165110704
202165110705
202165110706
202165110707
202165110708
202165110709
202165110710
202165110711
202165110712
202165110801
202165110802
202165110803
202165110804
202165110805
202165110806
202165110807
202165110808
202165110809
202165110810
202165110811
202165110812
202165111301
202165111302
202165111303
202165111304
202165111305
202165111306
202165111307
202165111308
202165111309
202165111310
202165111311
202165111312
202165111401
202165111402
202165111403
202165111404
202165111405
202165111406
202165111407
202165111408
202165111409
202165111410
202165111411
202165111412
202165111501
202165111502
202165111503
202165111504
202165111505
202165111506
202165111507
202165111508
202165111509
202165111510
202165111511
202165111512
202165112001
202165112002
202165112003
202165112004
202165112005
202165112006
202165112007
202165112008
202165112009
202165112010
202165112011
202165112012
202165112101
202165112102
202165112103
202165112104
202165112105
202165112106
202165112107
202165112108
202165112109
202165112110
202165112111
202165112112
202165112201
202165112202
202165112203
202165112204
202165112205
202165112206
202165112207
202165112208
202165112209
202165112210
202165112211
202165112212
202165112701
202165112702
202165112703
202165112704
202165112705
202165112706
202165112707
202165112708
202165112709
202165112710
202165112711
202165112712
202165112801
202165112802
202165112803
202165112804
202165112805
202165112806
202165112807
202165112808
202165112809
202165112810
202165112811
202165112812
202165112901
202165112902
202165112903
202165112904
202165112905
202165112906
202165112907
202165112908
202165112909
202165112910
202165112911
202165112912
