202104050101
202104050102
202104050103
202104050104
202104050105
202104050106
202104050107
202104050108
202104050109
202104050110
202104050111
202104050112
202104050201
202104050202
202104050203
202104050204
202104050205
202104050206
202104050207
202104050208
202104050209
202104050210
202104050211
202104050212
202104050301
202104050302
202104050303
202104050304
202104050305
202104050306
202104050307
202104050308
202104050309
202104050310
202104050311
202104050312
202104050401
202104050402
202104050403
202104050404
202104050405
202104050406
202104050407
202104050408
202104050409
202104050410
202104050411
202104050412
202104050501
202104050502
202104050503
202104050504
202104050505
202104050506
202104050507
202104050508
202104050509
202104050510
202104050511
202104050512
202104050601
202104050602
202104050603
202104050604
202104050605
202104050606
202104050607
202104050608
202104050609
202104050610
202104050611
202104050612
202104050701
202104050702
202104050703
202104050704
202104050705
202104050706
202104050707
202104050708
202104050709
202104050710
202104050711
202104050712
202104050801
202104050802
202104050803
202104050804
202104050805
202104050806
202104050807
202104050808
202104050809
202104050810
202104050811
202104050812
202105040101
202105040102
202105040103
202105040104
202105040105
202105040106
202105040107
202105040108
202105040109
202105040110
202105040111
202105040112
202105040201
202105040202
202105040203
202105040204
202105040205
202105040206
202105040207
202105040208
202105040209
202105040210
202105040211
202105040212
202105040301
202105040302
202105040303
202105040304
202105040305
202105040306
202105040307
202105040308
202105040309
202105040310
202105040311
202105040312
202105040401
202105040402
202105040403
202105040404
202105040405
202105040406
202105040407
202105040408
202105040409
202105040410
202105040411
202105040412
202105040501
202105040502
202105040503
202105040504
202105040505
202105040506
202105040507
202105040508
202105040509
202105040510
202105040511
202105040512
202105040601
202105040602
202105040603
202105040604
202105040605
202105040606
202105040607
202105040608
202105040609
202105040610
202105040611
202105040612
202105040701
202105040702
202105040703
202105040704
202105040705
202105040706
202105040707
202105040708
202105040709
202105040710
202105040711
202105040712
202105040801
202105040802
202105040803
202105040804
202105040805
202105040806
202105040807
202105040808
202105040809
202105040810
202105040811
202105040812
202106040801
202106040802
202106040803
202106040804
202106040805
202106040806
202106040807
202106040808
202106040809
202106040810
202106040811
202106040812
202106040901
202106040902
202106040903
202106040904
202106040905
202106040906
202106040907
202106040908
202106040909
202106040910
202106040911
202106040912
202107050801
202107050802
202107050803
202107050804
202107050805
202107050806
202107050807
202107050808
202107050809
202107050810
202107050811
202107050812
202107050901
202107050902
202107050903
202107050904
202107050905
202107050906
202107050907
202107050908
202107050909
202107050910
202107050911
202107050912
202109040101
202109040102
202109040103
202109040104
202109040105
202109040106
202109040107
202109040108
202109040109
202109040110
202109040111
202109040112
202109040201
202109040202
202109040203
202109040204
202109040205
202109040206
202109040207
202109040208
202109040209
202109040210
202109040211
202109040212
202109040301
202109040302
202109040303
202109040304
202109040305
202109040306
202109040307
202109040308
202109040309
202109040310
202109040311
202109040312
202109040401
202109040402
202109040403
202109040404
202109040405
202109040406
202109040407
202109040408
202109040409
202109040410
202109040411
202109040412
202109040501
202109040502
202109040503
202109040504
202109040505
202109040506
202109040507
202109040508
202109040509
202109040510
202109040511
202109040512
202109040601
202109040602
202109040603
202109040604
202109040605
202109040606
202109040607
202109040608
202109040609
202109040610
202109040611
202109040612
202109040701
202109040702
202109040703
202109040704
202109040705
202109040706
202109040707
202109040708
202109040709
202109040710
202109040711
202109040712
202109040801
202109040802
202109040803
202109040804
202109040805
202109040806
202109040807
202109040808
202109040809
202109040810
202109040811
202109040812
202130100501
202130100502
202130100503
202130100504
202130100505
202130100506
202130100507
202130100508
202130100509
202130100510
202130100511
202130100512
202130100601
202130100602
202130100603
202130100604
202130100605
202130100606
202130100607
202130100608
202130100609
202130100610
202130100611
202130100612
202130100701
202130100702
202130100703
202130100704
202130100705
202130100706
202130100707
202130100708
202130100709
202130100710
202130100711
202130100712
202130101201
202130101202
202130101203
202130101204
202130101205
202130101206
202130101207
202130101208
202130101209
202130101210
202130101211
202130101212
202130101301
202130101302
202130101303
202130101304
202130101305
202130101306
202130101307
202130101308
202130101309
202130101310
202130101311
202130101312
202130101401
202130101402
202130101403
202130101404
202130101405
202130101406
202130101407
202130101408
202130101409
202130101410
202130101411
202130101412
202130101901
202130101902
202130101903
202130101904
202130101905
202130101906
202130101907
202130101908
202130101909
202130101910
202130101911
202130101912
202130102001
202130102002
202130102003
202130102004
202130102005
202130102006
202130102007
202130102008
202130102009
202130102010
202130102011
202130102012
202130102101
202130102102
202130102103
202130102104
202130102105
202130102106
202130102107
202130102108
202130102109
202130102110
202130102111
202130102112
202130102601
202130102602
202130102603
202130102604
202130102605
202130102606
202130102607
202130102608
202130102609
202130102610
202130102611
202130102612
202130102701
202130102702
202130102703
202130102704
202130102705
202130102706
202130102707
202130102708
202130102709
202130102710
202130102711
202130102712
202130102801
202130102802
202130102803
202130102804
202130102805
202130102806
202130102807
202130102808
202130102809
202130102810
202130102811
202130102812
202135100301
202135100302
202135100303
202135100304
202135100305
202135100306
202135100307
202135100308
202135100309
202135100310
202135100311
202135100401
202135100402
202135100403
202135100404
202135100405
202135100406
202135100407
202135100408
202135100409
202135100410
202135100411
202135100412
202135100501
202135100502
202135100503
202135100504
202135100505
202135100506
202135100507
202135100508
202135100509
202135100510
202135100511
202135101001
202135101002
202135101003
202135101004
202135101005
202135101006
202135101007
202135101008
202135101009
202135101010
202135101011
202135101101
202135101102
202135101103
202135101104
202135101105
202135101106
202135101107
202135101108
202135101109
202135101110
202135101111
202135101112
202135101201
202135101202
202135101203
202135101204
202135101205
202135101206
202135101207
202135101208
202135101209
202135101210
202135101211
202135101212
202135101701
202135101702
202135101703
202135101704
202135101705
202135101706
202135101707
202135101708
202135101709
202135101710
202135101711
202135101801
202135101802
202135101803
202135101804
202135101805
202135101806
202135101807
202135101808
202135101809
202135101810
202135101811
202135101901
202135101902
202135101903
202135101904
202135101905
202135101906
202135101907
202135101908
202135101909
202135101910
202135101911
202135102401
202135102402
202135102403
202135102404
202135102405
202135102406
202135102407
202135102408
202135102409
202135102410
202135102411
202135102412
202135102501
202135102502
202135102503
202135102504
202135102505
202135102506
202135102507
202135102508
202135102509
202135102510
202135102511
202135102512
202135102601
202135102602
202135102603
202135102604
202135102605
202135102606
202135102607
202135102608
202135102609
202135102610
202135102611
202135102612
202135103101
202135103102
202135103103
202135103104
202135103105
202135103106
202135103107
202135103108
202135103109
202135103110
202135103111
202142101801
202142101802
202142101803
202142101804
202142101805
202142101806
202142101807
202142101808
202142101809
202142101810
202142101811
202142101812
202142101901
202142101902
202142101903
202142101904
202142101905
202142101906
202142101907
202142101908
202142101909
202142101910
202142101911
202142101912
202142102001
202142102002
202142102003
202142102004
202142102005
202142102006
202142102007
202142102008
202142102009
202142102010
202142102011
202142102012
202142102101
202142102102
202142102103
202142102104
202142102105
202142102106
202142102107
202142102108
202142102109
202142102110
202142102111
202142102112
202142102201
202142102202
202142102203
202142102204
202142102205
202142102206
202142102207
202142102208
202142102209
202142102210
202142102211
202142102212
202143100101
202143100102
202143100103
202143100104
202143100105
202143100106
202143100107
202143100108
202143100109
202143100110
202143100111
202143100112
202143102501
202143102502
202143102503
202143102504
202143102505
202143102506
202143102507
202143102508
202143102509
202143102510
202143102511
202143102512
202143102601
202143102602
202143102603
202143102604
202143102605
202143102606
202143102607
202143102608
202143102609
202143102610
202143102611
202143102612
202143102701
202143102702
202143102703
202143102704
202143102705
202143102706
202143102707
202143102708
202143102709
202143102710
202143102711
202143102712
202143102801
202143102802
202143102803
202143102804
202143102805
202143102806
202143102807
202143102808
202143102809
202143102810
202143102811
202143102812
202143102901
202143102902
202143102903
202143102904
202143102905
202143102906
202143102907
202143102908
202143102909
202143102910
202143102911
202143102912
202144100401
202144100402
202144100403
202144100404
202144100405
202144100406
202144100407
202144100408
202144100409
202144100410
202144100411
202144100412
202144100501
202144100502
202144100503
202144100504
202144100505
202144100506
202144100507
202144100508
202144100509
202144100510
202144100511
202144100512
202144100601
202144100602
202144100603
202144100604
202144100605
202144100606
202144100607
202144100608
202144100609
202144100610
202144100611
202144100612
202144100701
202144100702
202144100703
202144100704
202144100705
202144100706
202144100707
202144100708
202144100709
202144100710
202144100711
202144100712
202144100801
202144100802
202144100803
202144100804
202144100805
202144100806
202144100807
202144100808
202144100809
202144100810
202144100811
202144100812
202144103101
202144103102
202144103103
202144103104
202144103105
202144103106
202144103107
202144103108
202144103109
202144103110
202145101101
202145101102
202145101103
202145101104
202145101105
202145101106
202145101107
202145101108
202145101109
202145101110
202145101111
202145101112
202145101201
202145101202
202145101203
202145101204
202145101205
202145101206
202145101207
202145101208
202145101209
202145101210
202145101211
202145101301
202145101302
202145101303
202145101304
202145101305
202145101306
202145101307
202145101308
202145101309
202145101310
202145101311
202145101312
202145101401
202145101402
202145101403
202145101404
202145101405
202145101406
202145101407
202145101408
202145101409
202145101410
202145101411
202145101412
202145101501
202145101502
202145101503
202145101504
202145101505
202145101506
202145101507
202145101508
202145101509
202145101510
202145101511
202145101512
202146100401
202146100402
202146100403
202146100404
202146100405
202146100406
202146100407
202146100408
202146100409
202146100410
202146100411
202146100501
202146100502
202146100503
202146100504
202146100505
202146100506
202146100507
202146100508
202146100509
202146100510
202146100511
202146101101
202146101102
202146101103
202146101104
202146101105
202146101106
202146101107
202146101108
202146101109
202146101110
202146101111
202146101112
202146101201
202146101202
202146101203
202146101204
202146101205
202146101206
202146101207
202146101208
202146101209
202146101210
202146101211
202146101212
202146101701
202146101702
202146101703
202146101704
202146101705
202146101706
202146101707
202146101708
202146101709
202146101710
202146101711
202146101901
202146101902
202146101903
202146101904
202146101905
202146101906
202146101907
202146101908
202146101909
202146101910
202146101911
202146101912
202146102401
202146102402
202146102403
202146102404
202146102405
202146102406
202146102407
202146102408
202146102409
202146102410
202146102601
202146102602
202146102603
202146102604
202146102605
202146102606
202146102607
202146102608
202146102609
202146102610
202146103101
202146103102
202146103103
202146103104
202146103105
202146103106
202146103107
202146103108
202146103109
202146103110
202147100501
202147100502
202147100503
202147100504
202147100505
202147100506
202147100507
202147100508
202147100509
202147100510
202147100601
202147100602
202147100603
202147100604
202147100605
202147100606
202147100607
202147100608
202147100609
202147100610
202147100701
202147100702
202147100703
202147100704
202147100705
202147100706
202147100707
202147100708
202147100709
202147100710
202147100711
202147100801
202147100802
202147100803
202147100804
202147100805
202147100806
202147100807
202147100808
202147100809
202147100810
202147100811
202147102601
202147102602
202147102603
202147102604
202147102605
202147102606
202147102607
202147102608
202147102609
202147102610
202147102701
202147102702
202147102703
202147102704
202147102705
202147102706
202147102707
202147102708
202147102709
202147102710
202147102801
202147102802
202147102803
202147102804
202147102805
202147102806
202147102807
202147102808
202147102809
202147102810
202147102811
202147102901
202147102902
202147102903
202147102904
202147102905
202147102906
202147102907
202147102908
202147102909
202147102910
202147102911
202148100101
202148100102
202148100103
202148100104
202148100105
202148100106
202148100107
202148100108
202148100109
202148100110
202148100111
202148100112
202148101101
202148101102
202148101103
202148101104
202148101105
202148101106
202148101107
202148101108
202148101109
202148101110
202148101111
202148101112
202148101301
202148101302
202148101303
202148101304
202148101305
202148101306
202148101307
202148101308
202148101309
202148101310
202148101311
202148101312
202148101401
202148101402
202148101403
202148101404
202148101405
202148101406
202148101407
202148101408
202148101409
202148101410
202148101411
202148101412
202148101501
202148101502
202148101503
202148101504
202148101505
202148101506
202148101507
202148101508
202148101509
202148101510
202148101511
202148101512
202148102001
202148102002
202148102003
202148102004
202148102005
202148102006
202148102007
202148102008
202148102009
202148102010
202148102011
202148102012
202148102101
202148102102
202148102103
202148102104
202148102105
202148102106
202148102107
202148102108
202148102109
202148102110
202148102111
202148102201
202148102202
202148102203
202148102204
202148102205
202148102206
202148102207
202148102208
202148102209
202148102210
202148102211
202148102212
202148102501
202148102502
202148102503
202148102504
202148102505
202148102506
202148102507
202148102508
202148102509
202148102510
202148102511
202148102512
202150100101
202150100102
202150100103
202150100104
202150100105
202150100106
202150100107
202150100108
202150100109
202150100110
202150100111
202150100112
202150100601
202150100602
202150100603
202150100604
202150100605
202150100606
202150100607
202150100608
202150100609
202150100610
202150100611
202150100612
202150100701
202150100702
202150100703
202150100704
202150100705
202150100706
202150100707
202150100708
202150100709
202150100710
202150100711
202150100712
202150100801
202150100802
202150100803
202150100804
202150100805
202150100806
202150100807
202150100808
202150100809
202150100810
202150100811
202150100812
202150101301
202150101302
202150101303
202150101304
202150101305
202150101306
202150101307
202150101308
202150101309
202150101310
202150101311
202150101312
202150101401
202150101402
202150101403
202150101404
202150101405
202150101406
202150101407
202150101408
202150101409
202150101410
202150101411
202150101412
202150101501
202150101502
202150101503
202150101504
202150101505
202150101506
202150101507
202150101508
202150101509
202150101510
202150101511
202150101512
202150102001
202150102002
202150102003
202150102004
202150102005
202150102006
202150102007
202150102008
202150102009
202150102010
202150102011
202150102012
202150102101
202150102102
202150102103
202150102104
202150102105
202150102106
202150102107
202150102108
202150102109
202150102110
202150102111
202150102112
202150102201
202150102202
202150102203
202150102204
202150102205
202150102206
202150102207
202150102208
202150102209
202150102210
202150102211
202150102212
202150102701
202150102702
202150102703
202150102704
202150102705
202150102706
202150102707
202150102708
202150102709
202150102710
202150102711
202150102712
202150102801
202150102802
202150102803
202150102804
202150102805
202150102806
202150102807
202150102808
202150102809
202150102810
202150102811
202150102812
202150102901
202150102902
202150102903
202150102904
202150102905
202150102906
202150102907
202150102908
202150102909
202150102910
202150102911
202150102912
202154100201
202154100202
202154100203
202154100204
202154100205
202154100206
202154100207
202154100208
202154100209
202154100210
202154100211
202154100212
202154100301
202154100302
202154100303
202154100304
202154100305
202154100306
202154100307
202154100308
202154100309
202154100310
202154100311
202154100312
202154100901
202154100902
202154100903
202154100904
202154100905
202154100906
202154100907
202154100908
202154100909
202154100910
202154100911
202154100912
202154101001
202154101002
202154101003
202154101004
202154101005
202154101006
202154101007
202154101008
202154101009
202154101010
202154101011
202154101012
202154101601
202154101602
202154101603
202154101604
202154101605
202154101606
202154101607
202154101608
202154101609
202154101610
202154101611
202154101612
202154101701
202154101702
202154101703
202154101704
202154101705
202154101706
202154101707
202154101708
202154101709
202154101710
202154101711
202154101712
202154102301
202154102302
202154102303
202154102304
202154102305
202154102306
202154102307
202154102308
202154102309
202154102310
202154102311
202154102312
202154102401
202154102402
202154102403
202154102404
202154102405
202154102406
202154102407
202154102408
202154102409
202154102410
202154102411
202154103001
202154103002
202154103003
202154103004
202154103005
202154103006
202154103007
202154103008
202154103009
202154103010
202154103011
202154103012
202154103101
202154103102
202154103103
202154103104
202154103105
202154103106
202154103107
202154103108
202154103109
202154103110
202154103111
202154103112
202155100201
202155100202
202155100203
202155100204
202155100205
202155100206
202155100207
202155100208
202155100209
202155100210
202155100211
202155100301
202155100302
202155100303
202155100304
202155100305
202155100306
202155100307
202155100308
202155100309
202155100310
202155100311
202155100901
202155100902
202155100903
202155100904
202155100905
202155100906
202155100907
202155100908
202155100909
202155100910
202155100911
202155101001
202155101002
202155101003
202155101004
202155101005
202155101006
202155101007
202155101008
202155101009
202155101010
202155101011
202155101101
202155101102
202155101103
202155101104
202155101105
202155101106
202155101107
202155101108
202155101109
202155101110
202155101111
202155101601
202155101602
202155101603
202155101604
202155101605
202155101606
202155101607
202155101608
202155101609
202155101610
202155101611
202155101701
202155101702
202155101703
202155101704
202155101705
202155101706
202155101707
202155101708
202155101709
202155101710
202155101711
202155101801
202155101802
202155101803
202155101804
202155101805
202155101806
202155101807
202155101808
202155101809
202155101810
202155101811
202155102301
202155102302
202155102303
202155102304
202155102305
202155102306
202155102307
202155102308
202155102309
202155102310
202155102311
202155102401
202155102402
202155102403
202155102404
202155102405
202155102406
202155102407
202155102408
202155102409
202155102410
202155102411
202155103001
202155103002
202155103003
202155103004
202155103005
202155103006
202155103007
202155103008
202155103009
202155103010
202155103011
202155103101
202155103102
202155103103
202155103104
202155103105
202155103106
202155103107
202155103108
202155103109
202155103110
202165100201
202165100202
202165100203
202165100204
202165100205
202165100206
202165100207
202165100208
202165100209
202165100210
202165100211
202165100301
202165100302
202165100303
202165100304
202165100305
202165100306
202165100307
202165100308
202165100309
202165100310
202165100311
202165100312
202165100401
202165100402
202165100403
202165100404
202165100405
202165100406
202165100407
202165100408
202165100409
202165100410
202165100411
202165100412
202165100901
202165100902
202165100903
202165100904
202165100905
202165100906
202165100907
202165100908
202165100909
202165100910
202165100911
202165101001
202165101002
202165101003
202165101004
202165101005
202165101006
202165101007
202165101008
202165101009
202165101010
202165101011
202165101012
202165101101
202165101102
202165101103
202165101104
202165101105
202165101106
202165101107
202165101108
202165101109
202165101110
202165101111
202165101112
202165101601
202165101602
202165101603
202165101604
202165101605
202165101606
202165101607
202165101608
202165101609
202165101610
202165101611
202165101612
202165101701
202165101702
202165101703
202165101704
202165101705
202165101706
202165101707
202165101708
202165101709
202165101710
202165101711
202165101712
202165101801
202165101802
202165101803
202165101804
202165101805
202165101806
202165101807
202165101808
202165101809
202165101810
202165101811
202165101812
202165102301
202165102302
202165102303
202165102304
202165102305
202165102306
202165102307
202165102308
202165102309
202165102310
202165102311
202165102312
202165102401
202165102402
202165102403
202165102404
202165102405
202165102406
202165102407
202165102408
202165102409
202165102410
202165102411
202165102412
202165102501
202165102502
202165102503
202165102504
202165102505
202165102506
202165102507
202165102508
202165102509
202165102510
202165102511
202165102512
202165103001
202165103002
202165103003
202165103004
202165103005
202165103006
202165103007
202165103008
202165103009
202165103010
202165103011
202165103012
202165103101
202165103102
202165103103
202165103104
202165103105
202165103106
202165103107
202165103108
202165103109
202165103110
202165103111
202165103112
