198901010101
198901010102
198901010103
198901010104
198901010105
198901010106
198901010107
198901010108
198901010109
198901010110
198901010111
198901010201
198901010202
198901010203
198901010204
198901010205
198901010206
198901010207
198901010208
198901010209
198901010210
198901010301
198901010302
198901010303
198901010304
198901010305
198901010306
198901010307
198901010308
198901010309
198901010310
198901010401
198901010402
198901010403
198901010404
198901010405
198901010406
198901010407
198901010408
198901010409
198901010501
198901010502
198901010503
198901010504
198901010505
198901010506
198901010507
198901010508
198901010601
198901010602
198901010603
198901010604
198901010605
198901010606
198901010607
198901010701
198901010702
198901010703
198901010704
198901010705
198901010706
198901010707
198901010708
198901010709
198901010710
198901010801
198901010802
198901010803
198901010804
198901010805
198901010806
198901010807
198901010808
198901010809