198902010101
198902010102
198902010103
198902010104
198902010105
198902010106
198902010107
198902010108
198902010109
198902010110
198902010111
198902010201
198902010202
198902010203
198902010204
198902010205
198902010206
198902010207
198902010208
198902010209
198902010301
198902010302
198902010303
198902010304
198902010305
198902010306
198902010307
198902010308
198902010309
198902010310
198902010401
198902010402
198902010403
198902010404
198902010405
198902010406
198902010407
198902010408
198902010409
198902010410
198902010501
198902010502
198902010503
198902010504
198902010505
198902010506
198902010507
198902010508
198902010509
198902010601
198902010602
198902010603
198902010604
198902010605
198902010606
198902010607
198902010608
198902010701
198902010702
198902010703
198902010704
198902010705
198902010706
198902010707
198902010708
198902010709
198902010710
198902010711
198902010801
198902010802
198902010803
198902010804
198902010805
198902010806
198902010807
198902010808
198902010809
198902020101
198902020102
198902020103
198902020104
198902020105
198902020106
198902020107
198902020108
198902020109
198902020110
198902020111
198902020201
198902020202
198902020203
198902020204
198902020205
198902020206
198902020207
198902020208
198902020209
198902020210
198902020301
198902020302
198902020303
198902020304
198902020305
198902020306
198902020307
198902020308
198902020309
198902020310
198902020401
198902020402
198902020403
198902020404
198902020405
198902020406
198902020407
198902020408
198902020409
198902020410
198902020501
198902020502
198902020503
198902020504
198902020505
198902020506
198902020507
198902020508
198902020509
198902020510
198902020511
198902020601
198902020602
198902020603
198902020604
198902020605
198902020606
198902020607
198902020608
198902020609
198902020701
198902020702
198902020703
198902020704
198902020705
198902020706
198902020707
198902020708
198902020709
198902020710
198902020801
198902020802
198902020803
198902020804
198902020805
198902020806
198902020807
198902020808
198902030101
198902030102
198902030103
198902030104
198902030105
198902030106
198902030107
198902030108
198902030201
198902030202
198902030203
198902030204
198902030205
198902030206
198902030207
198902030208
198902030209
198902030301
198902030302
198902030303
198902030304
198902030305
198902030306
198902030307
198902030308
198902030401
198902030402
198902030403
198902030404
198902030405
198902030501
198902030502
198902030503
198902030504
198902030505
198902030506
198902030507
198902030601
198902030602
198902030603
198902030604
198902030605
198902030606
198902030607
198902030608
198902030609
198902030701
198902030702
198902030703
198902030704
198902030801
198902030802
198902030803
198902030804
198902030805
198902030806
198902030807
198902030808
198902030809
198902030810