198903010101
198903010102
198903010103
198903010104
198903010201
198903010202
198903010203
198903010204
198903010205
198903010301
198903010302
198903010303
198903010304
198903010305
198903010306
198903010307
198903010308
198903010309
198903010401
198903010402
198903010403
198903010404
198903010405
198903010406
198903010407
198903010408
198903010409
198903010410
198903010501
198903010502
198903010503
198903010601
198903010602
198903010603
198903010604
198903010701
198903010702
198903010703
198903010704
198903010705
198903010706
198903010707
198903010708
198903010709
198903010710
198903010711
198903010712
198903010801
198903010802
198903010803
198903010804
198903010805
198903010806
198903010807
198903010808
198903010809
198903010810
198903010811
198903020101
198903020102
198903020103
198903020104
198903020105
198903020106
198903020107
198903020108
198903020109
198903020110
198903020111
198903020112
198903020201
198903020202
198903020203
198903020204
198903020205
198903020206
198903020207
198903020208
198903020209
198903020210
198903020301
198903020302
198903020303
198903020304
198903020305
198903020306
198903020307
198903020308
198903020309
198903020310
198903020311
198903020312
198903020401
198903020402
198903020403
198903020404
198903020405
198903020406
198903020407
198903020408
198903020409
198903020410
198903020411
198903020412
198903020501
198903020502
198903020503
198903020504
198903020505
198903020506
198903020507
198903020508
198903020509
198903020510
198903020511
198903020512
198903020601
198903020602
198903020603
198903020604
198903020605
198903020606
198903020607
198903020608
198903020609
198903020610
198903020611
198903020701
198903020702
198903020703
198903020704
198903020705
198903020706
198903020707
198903020708
198903020709
198903020710
198903020711
198903020712
198903020801
198903020802
198903020803
198903020804
198903020805
198903020806
198903020807
198903020808
198903020809
198903020810
198903020811
198903020812