198904010101
198904010102
198904010103
198904010104
198904010105
198904010201
198904010202
198904010203
198904010204
198904010205
198904010206
198904010207
198904010208
198904010209
198904010210
198904010211
198904010301
198904010302
198904010303
198904010304
198904010305
198904010306
198904010307
198904010308
198904010309
198904010310
198904010401
198904010402
198904010403
198904010404
198904010405
198904010406
198904010407
198904010408
198904010409
198904010410
198904010501
198904010502
198904010503
198904010701
198904010702
198904010703
198904010704
198904010705
198904010706
198904010801
198904010802
198904010803
198904010804
198904010805
198904010806
198904010807
198904010808
198904010809
198904010810
198904020101
198904020102
198904020103
198904020104
198904020105
198904020106
198904020107
198904020108
198904020109
198904020201
198904020202
198904020203
198904020204
198904020205
198904020206
198904020207
198904020208
198904020301
198904020302
198904020303
198904020304
198904020305
198904020306
198904020307
198904020308
198904020309
198904020310
198904020401
198904020402
198904020403
198904020404
198904020405
198904020406
198904020407
198904020408
198904020409
198904020410
198904020411
198904020501
198904020502
198904020503
198904020504
198904020505
198904020506
198904020507
198904020601
198904020602
198904020603
198904020604
198904020605
198904020606
198904020607
198904020608
198904020609
198904020610
198904020611
198904020701
198904020702
198904020703
198904020704
198904020705
198904020706
198904020707
198904020708
198904020709
198904020801
198904020802
198904020803
198904020804
198904020805
198904020806
198904020807
198904020808
198904020809
198904020810
198904020811
198904020812
198904030101
198904030102
198904030103
198904030104
198904030105
198904030106
198904030107
198904030108
198904030109
198904030110
198904030111
198904030201
198904030202
198904030203
198904030204
198904030205
198904030206
198904030207
198904030208
198904030209
198904030210
198904030211
198904030301
198904030302
198904030303
198904030304
198904030305
198904030306
198904030307
198904030308
198904030309
198904030310
198904030311
198904030312
198904030401
198904030402
198904030403
198904030501
198904030502
198904030503
198904030504
198904030505
198904030506
198904030507
198904030508
198904030601
198904030602
198904030603
198904030604
198904030605
198904030606
198904030607
198904030608
198904030609
198904030610
198904030611
198904030612
198904030701
198904030702
198904030703
198904030704
198904030705
198904030706
198904030707
198904030801
198904030802
198904030803
198904030804
198904030805
198904030806
198904030807
198904030808
198904030809
198904030810
198904030811
198904040101
198904040102
198904040103
198904040104
198904040105
198904040106
198904040107
198904040108
198904040109
198904040110
198904040111
198904040201
198904040202
198904040203
198904040204
198904040205
198904040206
198904040207
198904040208
198904040301
198904040302
198904040303
198904040304
198904040305
198904040306
198904040307
198904040308
198904040401
198904040402
198904040403
198904040404
198904040405
198904040406
198904040501
198904040502
198904040503
198904040504
198904040505
198904040506
198904040507
198904040508
198904040509
198904040701
198904040702
198904040703
198904040704
198904040705
198904040706
198904040707