198906010109
198906010112
198906010202
198906010204
198906010210
198906010211
198906010308
198906010310
198906010311
198906010402
198906010405
198906010409
198906010504
198906010505
198906010509
198906010605
198906010606
198906010609
198906010610
198906010611
198906010612
198906010703
198906010706
198906010709
198906010710
198906010712
198906010807
198906010809
198906010810
198906020103
198906020106
198906020107
198906020111
198906020207
198906020209
198906020211
198906020212
198906020309
198906020310
198906020401
198906020402
198906020406
198906020407
198906020408
198906020409
198906020410
198906020411
198906020412
198906020503
198906020506
198906020510
198906020511
198906020611
198906020703
198906020706
198906020710
198906020711
198906020805
198906020806
198906020808
198906020810
198906020811
198906030104
198906030106
198906030111
198906030112
198906030203
198906030207
198906030210
198906030212
198906030303
198906030304
198906030307
198906030405
198906030407
198906030409
198906030412
198906030507
198906030508
198906030509
198906030511
198906030603
198906030605
198906030609
198906030611
198906030612
198906030703
198906030707
198906030709
198906030805
198906030809
198906040101
198906040103
198906040105
198906040108
198906040203
198906040207
198906040211
198906040212
198906040306
198906040307
198906040310
198906040311
198906040406
198906040411
198906040502
198906040504
198906040505
198906040508
198906040511
198906040610
198906040710
198906040711
198906040712
198906040806
198906040807
198906040809
198906040811
198906050104
198906050107
198906050202
198906050203
198906050209
198906050211
198906050212
198906050301
198906050303
198906050307
198906050310
198906050312
198906050403
198906050405
198906050406
198906050408
198906050410
198906050412
198906050506
198906050508
198906050510
198906050606
198906050609
198906050610
198906050611
198906050703
198906050704
198906050706
198906050707
198906050709
198906050711
198906050802
198906050803
198906050807
198906050808
198906050809