198907010101
198907010102
198907010103
198907010104
198907010105
198907010106
198907010107
198907010108
198907010201
198907010202
198907010203
198907010204
198907010205
198907010206
198907010207
198907010208
198907010209
198907010210
198907010211
198907010212
198907010301
198907010302
198907010303
198907010304
198907010305
198907010306
198907010307
198907010308
198907010309
198907010310
198907010401
198907010402
198907010403
198907010404
198907010405
198907010501
198907010502
198907010503
198907010504
198907010505
198907010506
198907010507
198907010508
198907010509
198907010510
198907010601
198907010602
198907010603
198907010604
198907010605
198907010606
198907010607
198907010608
198907010609
198907010610
198907010611
198907010701
198907010702
198907010703
198907010704
198907010705
198907010706
198907010707
198907010708
198907010709
198907010710
198907010801
198907010802
198907010803
198907010804
198907020101
198907020102
198907020103
198907020104
198907020105
198907020106
198907020107
198907020108
198907020201
198907020202
198907020203
198907020204
198907020205
198907020206
198907020207
198907020208
198907020209
198907020210
198907020211
198907020301
198907020302
198907020303
198907020304
198907020305
198907020306
198907020307
198907020308
198907020309
198907020310
198907020401
198907020402
198907020403
198907020404
198907020405
198907020406
198907020407
198907020408
198907020409
198907020410
198907020411
198907020412
198907020501
198907020502
198907020503
198907020504
198907020505
198907020506
198907020507
198907020508
198907020509
198907020510
198907020511
198907020601
198907020602
198907020603
198907020604
198907020605
198907020606
198907020607
198907020608
198907020609
198907020610
198907020611
198907020612
198907020701
198907020702
198907020703
198907020704
198907020705
198907020706
198907020707
198907020708
198907020709
198907020710
198907020711
198907020712
198907020801
198907020802
198907020803
198907020804
198907020805
198907020806
198907020807
198907020808
198907020809
198907020810
198907020811
198907020812
198907030101
198907030102
198907030103
198907030104
198907030105
198907030106
198907030107
198907030108
198907030109
198907030110
198907030111
198907030201
198907030202
198907030203
198907030204
198907030205
198907030206
198907030207
198907030208
198907030209
198907030210
198907030211
198907030212
198907030301
198907030302
198907030303
198907030304
198907030305
198907030306
198907030307
198907030308
198907030309
198907030310
198907030311
198907030401
198907030402
198907030403
198907030404
198907030405
198907030406
198907030407
198907030408
198907030409
198907030410
198907030501
198907030502
198907030503
198907030504
198907030505
198907030506
198907030507
198907030508
198907030509
198907030601
198907030602
198907030603
198907030604
198907030605
198907030606
198907030607
198907030608
198907030609
198907030610
198907030611
198907030701
198907030702
198907030703
198907030704
198907030705
198907030706
198907030707
198907030708
198907030709
198907030710
198907030801
198907030802
198907030803
198907030804
198907030805
198907030806
198907030807
198907030808
198907030809
198907030810
198907030811