198908010101
198908010102
198908010103
198908010104
198908010105
198908010106
198908010107
198908010108
198908010109
198908010110
198908010111
198908010112
198908010201
198908010202
198908010203
198908010204
198908010205
198908010206
198908010207
198908010208
198908010209
198908010210
198908010211
198908010212
198908010301
198908010302
198908010303
198908010304
198908010305
198908010306
198908010307
198908010308
198908010309
198908010310
198908010311
198908010401
198908010402
198908010403
198908010404
198908010405
198908010406
198908010407
198908010408
198908010409
198908010410
198908010411
198908010501
198908010502
198908010503
198908010504
198908010505
198908010506
198908010507
198908010508
198908010509
198908010510
198908010511
198908010601
198908010602
198908010603
198908010604
198908010605
198908010606
198908010607
198908010608
198908010609
198908010610
198908010611
198908010612
198908010701
198908010702
198908010703
198908010704
198908010705
198908010706
198908010707
198908010708
198908010709
198908010710
198908010711
198908010801
198908010802
198908010803
198908010804
198908010805
198908010806
198908010807
198908010808
198908010809
198908010810
198908020101
198908020102
198908020103
198908020104
198908020105
198908020106
198908020107
198908020108
198908020109
198908020110
198908020111
198908020201
198908020202
198908020203
198908020204
198908020205
198908020206
198908020207
198908020208
198908020209
198908020210
198908020211
198908020301
198908020302
198908020303
198908020304
198908020305
198908020306
198908020307
198908020308
198908020309
198908020310
198908020311
198908020312
198908020401
198908020402
198908020403
198908020404
198908020405
198908020406
198908020407
198908020408
198908020409
198908020410
198908020411
198908020412
198908020501
198908020502
198908020503
198908020504
198908020505
198908020506
198908020507
198908020508
198908020509
198908020510
198908020511
198908020601
198908020602
198908020603
198908020604
198908020605
198908020606
198908020607
198908020608
198908020609
198908020610
198908020611
198908020701
198908020702
198908020703
198908020704
198908020705
198908020706
198908020707
198908020708
198908020709
198908020710
198908020711
198908020712
198908020801
198908020802
198908020803
198908020804
198908020805
198908020806
198908020807
198908020808
198908020809
198908020810
198908020811
198908030101
198908030102
198908030103
198908030104
198908030105
198908030106
198908030107
198908030108
198908030109
198908030201
198908030202
198908030203
198908030204
198908030205
198908030206
198908030207
198908030208
198908030209
198908030210
198908030211
198908030301
198908030302
198908030303
198908030304
198908030305
198908030306
198908030307
198908030308
198908030309
198908030310
198908030311
198908030401
198908030402
198908030403
198908030404
198908030405
198908030406
198908030407
198908030408
198908030409
198908030410
198908030411
198908030501
198908030502
198908030503
198908030504
198908030505
198908030506
198908030507
198908030508
198908030509
198908030510
198908030511
198908030601
198908030602
198908030603
198908030604
198908030605
198908030606
198908030607
198908030608
198908030609
198908030610
198908030611
198908030612
198908030701
198908030702
198908030703
198908030704
198908030705
198908030706
198908030707
198908030708
198908030709
198908030710
198908030711
198908030801
198908030802
198908030803
198908030804
198908030805
198908030806
198908030807
198908030808
198908030809
198908030810
198908030811
198908030812
198908040101
198908040102
198908040103
198908040104
198908040105
198908040106
198908040107
198908040108
198908040109
198908040110
198908040111
198908040112
198908040201
198908040202
198908040203
198908040204
198908040205
198908040206
198908040207
198908040208
198908040209
198908040210
198908040211
198908040301
198908040302
198908040303
198908040304
198908040305
198908040306
198908040307
198908040308
198908040309
198908040310
198908040311
198908040312
198908040401
198908040402
198908040403
198908040404
198908040405
198908040406
198908040407
198908040408
198908040409
198908040410
198908040411
198908040412
198908040501
198908040502
198908040503
198908040504
198908040505
198908040506
198908040507
198908040508
198908040509
198908040601
198908040602
198908040603
198908040604
198908040605
198908040606
198908040607
198908040608
198908040609
198908040610
198908040611
198908040701
198908040702
198908040703
198908040704
198908040705
198908040706
198908040707
198908040708
198908040709
198908040710
198908040711
198908040801
198908040802
198908040803
198908040804
198908040805
198908040806
198908040807
198908040808
198908040809
198908040810
198908040811
198908050101
198908050102
198908050103
198908050104
198908050105
198908050106
198908050107
198908050108
198908050109
198908050110
198908050111
198908050201
198908050202
198908050203
198908050204
198908050205
198908050206
198908050207
198908050208
198908050209
198908050210
198908050301
198908050302
198908050303
198908050304
198908050305
198908050306
198908050307
198908050308
198908050309
198908050310
198908050311
198908050312
198908050401
198908050402
198908050403
198908050404
198908050405
198908050406
198908050407
198908050408
198908050409
198908050410
198908050411
198908050501
198908050502
198908050503
198908050504
198908050505
198908050506
198908050507
198908050508
198908050509
198908050510
198908050511
198908050601
198908050602
198908050603
198908050604
198908050605
198908050606
198908050607
198908050608
198908050609
198908050610
198908050611
198908050701
198908050702
198908050703
198908050704
198908050705
198908050706
198908050707
198908050708
198908050709
198908050710
198908050711
198908050712
198908050801
198908050802
198908050803
198908050804
198908050805
198908050806
198908050807
198908050808
198908050809
198908050810