198909010101
198909010102
198909010103
198909010104
198909010105
198909010106
198909010107
198909010108
198909010201
198909010202
198909010203
198909010204
198909010205
198909010206
198909010207
198909010208
198909010209
198909010210
198909010211
198909010212
198909010301
198909010302
198909010303
198909010304
198909010305
198909010306
198909010307
198909010308
198909010309
198909010310
198909010311
198909010401
198909010402
198909010403
198909010404
198909010405
198909010406
198909010407
198909010408
198909010409
198909010410
198909010501
198909010502
198909010503
198909010504
198909010505
198909010506
198909010507
198909010508
198909010509
198909010510
198909010511
198909010512
198909010601
198909010602
198909010603
198909010604
198909010605
198909010606
198909010607
198909010608
198909010609
198909010610
198909010611
198909010701
198909010702
198909010703
198909010704
198909010705
198909010706
198909010707
198909010708
198909010709
198909010710
198909010711
198909010712
198909010801
198909010802
198909010803
198909010804
198909010805
198909010806
198909010807
198909010808
198909010809
198909010810
198909010811
198909020201
198909020202
198909020203
198909020204
198909020205
198909020206
198909020207
198909020208
198909020209
198909020210
198909020301
198909020302
198909020303
198909020304
198909020305
198909020306
198909020307
198909020308
198909020309
198909020310
198909020311
198909020312
198909020401
198909020402
198909020403
198909020404
198909020405
198909020406
198909020407
198909020408
198909020409
198909020410
198909020411
198909020412
198909020501
198909020502
198909020503
198909020504
198909020505
198909020506
198909020507
198909020508
198909020509
198909020510
198909020511
198909020512
198909020601
198909020602
198909020603
198909020604
198909020605
198909020606
198909020607
198909020608
198909020609
198909020610
198909020701
198909020702
198909020703
198909020704
198909020705
198909020706
198909020707
198909020708
198909020709
198909020801
198909020802
198909020803
198909020804
198909020805
198909020806
198909020807
198909020808
198909020809
198909020810
198909020811
198909020812
198909030101
198909030102
198909030103
198909030104
198909030105
198909030106
198909030107
198909030108
198909030109
198909030110
198909030111
198909030201
198909030202
198909030203
198909030204
198909030205
198909030206
198909030207
198909030208
198909030209
198909030210
198909030211
198909030212
198909030301
198909030302
198909030303
198909030304
198909030305
198909030306
198909030307
198909030308
198909030309
198909030310
198909030311
198909030401
198909030402
198909030403
198909030404
198909030405
198909030406
198909030407
198909030408
198909030409
198909030410
198909030411
198909030412
198909030501
198909030502
198909030503
198909030504
198909030505
198909030506
198909030507
198909030508
198909030509
198909030510
198909030601
198909030602
198909030603
198909030604
198909030605
198909030606
198909030607
198909030608
198909030609
198909030610
198909030611
198909030701
198909030702
198909030703
198909030704
198909030705
198909030706
198909030707
198909030708
198909030709
198909030710
198909030711
198909030801
198909030802
198909030803
198909030804
198909030805
198909030806
198909030807
198909030808
198909030809
198909030810
198909030811
198909040101
198909040102
198909040103
198909040104
198909040105
198909040106
198909040107
198909040108
198909040109
198909040110
198909040111
198909040112
198909040201
198909040202
198909040203
198909040204
198909040205
198909040206
198909040207
198909040208
198909040209
198909040210
198909040211
198909040301
198909040302
198909040303
198909040304
198909040305
198909040306
198909040307
198909040308
198909040309
198909040310
198909040311
198909040401
198909040402
198909040403
198909040404
198909040405
198909040406
198909040407
198909040408
198909040409
198909040410
198909040411
198909040501
198909040502
198909040503
198909040504
198909040505
198909040506
198909040507
198909040508
198909040509
198909040510
198909040601
198909040602
198909040603
198909040604
198909040605
198909040606
198909040607
198909040608
198909040609
198909040610
198909040611
198909040701
198909040702
198909040703
198909040704
198909040705
198909040706
198909040707
198909040708
198909040709
198909040801
198909040802
198909040803
198909040804
198909040805
198909040806
198909040807
198909040808
198909040809
198909040810
198909040811
198909050101
198909050102
198909050103
198909050104
198909050105
198909050106
198909050107
198909050108
198909050109
198909050110
198909050111
198909050201
198909050202
198909050203
198909050204
198909050205
198909050206
198909050207
198909050208
198909050209
198909050301
198909050302
198909050303
198909050304
198909050305
198909050306
198909050307
198909050308
198909050309
198909050310
198909050311
198909050312
198909050401
198909050402
198909050403
198909050404
198909050405
198909050406
198909050407
198909050408
198909050409
198909050410
198909050501
198909050502
198909050503
198909050504
198909050505
198909050506
198909050507
198909050508
198909050509
198909050510
198909050511
198909050601
198909050602
198909050603
198909050604
198909050605
198909050606
198909050607
198909050608
198909050609
198909050610
198909050611
198909050701
198909050702
198909050703
198909050704
198909050705
198909050706
198909050707
198909050708
198909050709
198909050710
198909050801
198909050802
198909050803
198909050804
198909050805
198909050806
198909050807
198909050808
198909050809
198909050810
198909050811