198910010101
198910010102
198910010103
198910010104
198910010105
198910010106
198910010107
198910010108
198910010201
198910010202
198910010203
198910010204
198910010205
198910010206
198910010207
198910010208
198910010209
198910010210
198910010211
198910010301
198910010302
198910010303
198910010304
198910010305
198910010306
198910010307
198910010308
198910010309
198910010310
198910010311
198910010312
198910010401
198910010402
198910010403
198910010404
198910010405
198910010406
198910010407
198910010408
198910010409
198910010410
198910010501
198910010502
198910010503
198910010504
198910010505
198910010506
198910010507
198910010508
198910010509
198910010510
198910010511
198910010512
198910010601
198910010602
198910010603
198910010604
198910010605
198910010606
198910010607
198910010608
198910010609
198910010610
198910010611
198910010701
198910010702
198910010703
198910010704
198910010705
198910010706
198910010707
198910010708
198910010709
198910010710
198910010711
198910010712
198910010801
198910010802
198910010803
198910010804
198910010805
198910010806
198910010807
198910010808
198910010809
198910010810
198910010811
198910020101
198910020102
198910020103
198910020104
198910020105
198910020106
198910020107
198910020108
198910020109
198910020110
198910020201
198910020202
198910020203
198910020204
198910020205
198910020206
198910020207
198910020208
198910020209
198910020210
198910020211
198910020301
198910020302
198910020303
198910020304
198910020305
198910020306
198910020401
198910020402
198910020403
198910020404
198910020405
198910020406
198910020407
198910020408
198910020409
198910020410
198910020411
198910020501
198910020502
198910020503
198910020504
198910020505
198910020506
198910020507
198910020508
198910020509
198910020510
198910020511
198910020601
198910020602
198910020603
198910020604
198910020605
198910020606
198910020607
198910020608
198910020609
198910020610
198910020611
198910020701
198910020702
198910020703
198910020704
198910020705
198910020706
198910020707
198910020708
198910020709
198910020710
198910020801
198910020802
198910020803
198910020804
198910020805
198910020806
198910020807
198910020808
198910020809
198910020810
198910020811
198910030101
198910030102
198910030103
198910030104
198910030105
198910030106
198910030107
198910030108
198910030109
198910030110
198910030201
198910030202
198910030203
198910030204
198910030205
198910030206
198910030207
198910030208
198910030209
198910030210
198910030211
198910030301
198910030302
198910030303
198910030304
198910030305
198910030306
198910030307
198910030308
198910030309
198910030310
198910030311
198910030401
198910030402
198910030403
198910030404
198910030405
198910030406
198910030407
198910030408
198910030409
198910030501
198910030502
198910030503
198910030504
198910030505
198910030506
198910030507
198910030508
198910030509
198910030510
198910030511
198910030601
198910030602
198910030603
198910030604
198910030605
198910030606
198910030607
198910030608
198910030609
198910030610
198910030611
198910030701
198910030702
198910030703
198910030704
198910030705
198910030706
198910030707
198910030708
198910030709
198910030710
198910030711
198910030801
198910030802
198910030803
198910030804
198910030805
198910030806
198910030807
198910030808
198910030809
198910030810
198910030811