201504010101
201504010103
201504010105
201504010106
201504010108
201504010109
201504010110
201504010111
201504010201
201504010205
201504010207
201504010209
201504010210
201504010301
201504010305
201504010307
201504010308
201504010311
201504010312
201504010401
201504010402
201504010404
201504010406
201504010408
201504010409
201504010412
201504010506
201504010507
201504010509
201504010510
201504010511
201504010512
201504010601
201504010604
201504010607
201504010608
201504010611
201504010612
201504010701
201504010702
201504010703
201504010705
201504010706
201504010707
201504010708
201504010709
201504010711
201504010712
201504010801
201504010802
201504010807
201504010808
201504010811
201504010812
201504020101
201504020104
201504020105
201504020106
201504020107
201504020108
201504020109
201504020110
201504020111
201504020112
201504020203
201504020204
201504020205
201504020208
201504020209
201504020210
201504020211
201504020304
201504020307
201504020308
201504020311
201504020312
201504020402
201504020403
201504020404
201504020408
201504020410
201504020412
201504020502
201504020505
201504020506
201504020507
201504020508
201504020509
201504020510
201504020511
201504020512
201504020602
201504020604
201504020607
201504020608
201504020610
201504020611
201504020612
201504020704
201504020706
201504020708
201504020709
201504020711
201504020802
201504020803
201504020804
201504020805
201504020806
201504020811
201504020812
201504020903
201504020906
201504020907
201504020908
201504020909
201504020910
201504020911
201504020912
201504021006
201504021007
201504021008
201504021009
201504021010
201504021102
201504021106
201504021107
201504021108
201504021109
201504021111
201504021201
201504021206
201504021208
201504021210
201504021211
201504021212
201504030101
201504030103
201504030108
201504030111
201504030202
201504030204
201504030207
201504030208
201504030210
201504030211
201504030212
201504030302
201504030306
201504030307
201504030309
201504030312
201504030405
201504030406
201504030407
201504030412