201505010101
201505010104
201505010105
201505010109
201505010111
201505010112
201505010202
201505010205
201505010208
201505010209
201505010210
201505010211
201505010212
201505010302
201505010304
201505010305
201505010307
201505010309
201505010310
201505010311
201505010312
201505010403
201505010404
201505010406
201505010407
201505010408
201505010409
201505010411
201505010412
201505010504
201505010509
201505010510
201505010511
201505010512
201505010601
201505010602
201505010603
201505010604
201505010606
201505010607
201505010608
201505010609
201505010610
201505010611
201505010703
201505010705
201505010707
201505010708
201505010710
201505010711
201505010712
201505010801
201505010804
201505010805
201505010806
201505010808
201505010809
201505010811
201505020101
201505020106
201505020108
201505020112
201505020201
201505020205
201505020209
201505020210
201505020211
201505020212
201505020301
201505020305
201505020307
201505020308
201505020309
201505020310
201505020403
201505020404
201505020409
201505020410
201505020411
201505020501
201505020504
201505020505
201505020506
201505020508
201505020509
201505020510
201505020512
201505020601
201505020602
201505020609
201505020611
201505020704
201505020705
201505020707
201505020708
201505020710
201505020711
201505020712
201505020801
201505020804
201505020807
201505020808
201505020809
201505020811
201505020812
201505020901
201505020908
201505020910
201505020911
201505020912
201505021001
201505021004
201505021007
201505021008
201505021009
201505021010
201505021011
201505021012
201505021101
201505021103
201505021104
201505021106
201505021107
201505021109
201505021110
201505021111
201505021203
201505021204
201505021206
201505021208
201505021209
201505021210
201505021211
201505021212
201505030101
201505030107
201505030109
201505030111
201505030112
201505030204
201505030206
201505030207
201505030208
201505030209
201505030210
201505030211
201505030212
201505030301
201505030304
201505030306
201505030308
201505030312
201505030401
201505030404
201505030405
201505030406
201505030407
201505030408
201505030409
201505030410
201505030411
201505030502
201505030506
201505030508
201505030510
201505030511
201505030601
201505030604
201505030607
201505030609
201505030610
201505030611
201505030612
201505030702
201505030706
201505030707
201505030708
201505030710
201505030711
201505030712
201505030801
201505030802
201505030804
201505030805
201505030807
201505030810
201505030811
201505030812
201505040104
201505040109
201505040110
201505040203
201505040206
201505040209
201505040210
201505040211
201505040212
201505040305
201505040312
201505040402
201505040404
201505040406
201505040408
201505040409
201505040410
201505040411
201505040505
201505040507
201505040508
201505040509
201505040511
201505040512
201505040604
201505040610
201505040611
201505040612
201505040707
201505040708
201505040709
201505040711
201505040712
201505040806
201505040808
201505040809
201505040811
201505040812
201505040902
201505040906
201505040908
201505040909
201505040910
201505040911
201505050103
201505050105
201505050106
201505050107
201505050108
201505050109
201505050112
201505050206
201505050207
201505050208
201505050210
201505050211
201505050212
201505050303
201505050308
201505050310
201505050312
201505050407
201505050410
201505050411
201505050502
201505050506
201505050507
201505050508
201505050510
201505050511
201505050512
201505050603
201505050606
201505050608
201505050610
201505050611
201505050612
201505050704
201505050708
201505050710
201505050802
201505050803
201505050807
201505050808
201505050811
201505050812
201505050901
201505050905
201505050906
201505050909
201505050910
201505050911