201507010103
201507010104
201507010105
201507010106
201507010107
201507010108
201507010109
201507010112
201507010202
201507010203
201507010206
201507010207
201507010209
201507010210
201507010211
201507010212
201507010302
201507010303
201507010304
201507010305
201507010306
201507010307
201507010308
201507010310
201507010311
201507010401
201507010403
201507010404
201507010406
201507010407
201507010409
201507010410
201507010411
201507010412
201507020102
201507020103
201507020107
201507020108
201507020109
201507020110
201507020111
201507020112
201507020203
201507020206
201507020208
201507020211
201507020303
201507020304
201507020306
201507020307
201507020309
201507020310
201507020311
201507020312
201507020401
201507020405
201507020408
201507020410
201507020412
201507020505
201507020506
201507020508
201507020509
201507020512
201507020601
201507020602
201507020603
201507020606
201507020608
201507020609
201507020610
201507020611
201507020612
201507030101
201507030102
201507030103
201507030107
201507030108
201507030110
201507030112
201507030201
201507030202
201507030203
201507030204
201507030206
201507030207
201507030211
201507030212
201507030302
201507030304
201507030307
201507030308
201507030309
201507030310
201507030311
201507030312
201507030402
201507030403
201507030406
201507030407
201507030408
201507030409
201507030410
201507030411
201507030502
201507030506
201507030507
201507030508
201507030509
201507030510
201507030511
201507030601
201507030602
201507030604
201507030607
201507030609
201507030610
201507030611
201507030612
201507030702
201507030705
201507030707
201507030711
201507030712
201507030803
201507030804
201507030805
201507030806
201507030808
201507030810
201507030811
201507030812
201507040101
201507040103
201507040105
201507040106
201507040107
201507040111
201507040112
201507040202
201507040203
201507040205
201507040206
201507040207
201507040208
201507040209
201507040210
201507040211
201507040302
201507040303
201507040305
201507040306
201507040308
201507040309
201507040312
201507040404
201507040406
201507040408
201507040409
201507040411
201507040412
201507040502
201507040505
201507040507
201507040511
201507040602
201507040603
201507040605
201507040608
201507040610
201507040612