201508010101
201508010105
201508010107
201508010110
201508010111
201508010112
201508010202
201508010207
201508010209
201508010210
201508010301
201508010303
201508010305
201508010306
201508010307
201508010308
201508010309
201508010310
201508010405
201508010408
201508010409
201508010410
201508010412
201508010505
201508010506
201508010507
201508010508
201508010509
201508010510
201508010511
201508010512
201508010603
201508010605
201508010607
201508010608
201508010610
201508010611
201508010612
201508010701
201508010705
201508010706
201508010709
201508010710
201508010711
201508010801
201508010803
201508010804
201508010806
201508010809
201508010811
201508010812
201508010901
201508010905
201508010906
201508010911
201508010912
201508020101
201508020103
201508020105
201508020106
201508020110
201508020112
201508020204
201508020207
201508020209
201508020210
201508020211
201508020212
201508020302
201508020303
201508020304
201508020305
201508020307
201508020309
201508020310
201508020401
201508020405
201508020406
201508020407
201508020409
201508020410
201508020412
201508020501
201508020504
201508020505
201508020506
201508020507
201508020509
201508020512
201508020601
201508020606
201508020607
201508020608
201508020611
201508020612
201508020701
201508020703
201508020705
201508020706
201508020707
201508020708
201508020710
201508020711
201508020712
201508020801
201508020805
201508020806
201508020807
201508020808
201508020809
201508020810
201508020811
201508030101
201508030104
201508030105
201508030108
201508030111
201508030112
201508030201
201508030202
201508030204
201508030205
201508030211
201508030212
201508030301
201508030303
201508030304
201508030306
201508030307
201508030308
201508030311
201508030401
201508030403
201508030406
201508030407
201508030408
201508030409
201508030411
201508030412
201508030503
201508030504
201508030507
201508030508
201508030509
201508030601
201508030608
201508030609
201508030611
201508030612
201508030701
201508030702
201508030703
201508030704
201508030707
201508030708
201508030711
201508030802
201508030804
201508030805
201508030807
201508030808
201508030809
201508030810
201508030811
201508030812
201508030901
201508030903
201508030904
201508030906
201508030907
201508030908
201508030909
201508030910
201508030911
201508030912
201508031001
201508031002
201508031003
201508031004
201508031006
201508031007
201508031009
201508031011
201508031012
201508031103
201508031106
201508031110
201508031111
201508031112
201508031201
201508031202
201508031203
201508031204
201508031206
201508031207
201508031210
201508031211
201508031212
201508040103
201508040105
201508040106
201508040107
201508040108
201508040110
201508040112
201508040205
201508040206
201508040209
201508040211
201508040212
201508040304
201508040305
201508040308
201508040309
201508040310
201508040311
201508040407
201508040408
201508040410
201508040411
201508040412
201508040507
201508040510
201508040511
201508040512
201508040601
201508040604
201508040606
201508040609
201508040610
201508040611
201508040706
201508040708
201508040710
201508040712
201508040803
201508040809
201508040810
201508040811
201508040812
201508040904
201508040908
201508040909
201508040910
201508040911
201508040912
201508050104
201508050105
201508050106
201508050108
201508050109
201508050111
201508050112
201508050201
201508050203
201508050207
201508050209
201508050210
201508050211
201508050212
201508050304
201508050306
201508050307
201508050308
201508050309
201508050310
201508050311
201508050401
201508050406
201508050408
201508050410
201508050411
201508050412
201508050503
201508050506
201508050508
201508050510
201508050511
201508050512
201508050601
201508050605
201508050608
201508050610
201508050611
201508050612
201508050701
201508050705
201508050706
201508050711
201508050807
201508050808
201508050810
201508050812
201508050908
201508050910
201508050912