201510010102
201510010104
201510010106
201510010108
201510010109
201510010112
201510010202
201510010207
201510010208
201510010210
201510010211
201510010212
201510010301
201510010305
201510010306
201510010307
201510010309
201510010311
201510010312
201510010401
201510010402
201510010405
201510010408
201510010409
201510010410
201510010411
201510010412
201510010502
201510010503
201510010504
201510010505
201510010506
201510010508
201510010509
201510010511
201510010512
201510010601
201510010602
201510010603
201510010604
201510010605
201510010607
201510010608
201510010611
201510010612
201510010704
201510010705
201510010706
201510010707
201510010710
201510010711
201510010712
201510010801
201510010803
201510010804
201510010805
201510010806
201510010807
201510010809
201510010811
201510010812
201510020103
201510020105
201510020106
201510020107
201510020109
201510020110
201510020111
201510020201
201510020203
201510020204
201510020205
201510020208
201510020209
201510020210
201510020303
201510020304
201510020307
201510020308
201510020309
201510020310
201510020311
201510020403
201510020405
201510020406
201510020410
201510020411
201510020412
201510020502
201510020503
201510020504
201510020506
201510020510
201510020511
201510020601
201510020602
201510020607
201510020608
201510020609
201510020610
201510020611
201510020612
201510020702
201510020703
201510020706
201510020707
201510020708
201510020710
201510020711
201510020712
201510020802
201510020804
201510020809
201510020810
201510020811
201510020904
201510020907
201510020909
201510020910
201510020911
201510020912
201510021001
201510021003
201510021006
201510021007
201510021008
201510021010
201510021011
201510021012
201510021102
201510021105
201510021110
201510021112
201510021202
201510021203
201510021204
201510021206
201510021207
201510021208
201510021210