201536010203
201536010205
201536010403
201536011003
201536011004
201536011007
201536011102
201536011105
201536011108
201536011209
201536032110
201536032302
201536032305
201536032809
201536033009
201536040506
201536040509
201536040603
201536040609
201536041110
201536041303
201536041809
201536041810
201536042005
201536042008
201536042609
201536042611
201536061404
201536061501
201536062108
201536062209
201536062709
201536062805
201536062901
201536070410
201536070510
201536070606
201536070609
201536082210
201536082301
201536082311
201536082405
201536082901
201536083008
201536083010
201536083109
201536083110
201536090605
201536090607
201536090610
201536090706
201536091308
201536091311
201536091409
201536091410
201536111401
201536111406
201536111609
201536111610
201536111611
201536112210
201536112211
201536112305
201536112309
201536112803
201536112808
201536112809
201536112911
201536113005
201536113010
201536120604
201536120605
201536120607
201536120611
201536120702
201536120710
201536121202
201536121210
201536121902
201536121903
201536121910
201536121911
201536122002
201536122009
201536122109
201536122705
201536122709
201536122906
201536123010
201536123102
201536123107
201536123109