201546032206
201546032706
201546032711
201546040406
201546040410
201546040505
201546040704
201546041208
201546041905
201546042105
201546042611
201546050305
201546050507
201546051004
201546051007
201546051703
201546051911
201546052404
201546060206
201546060703
201546060706
201546061404
201546061606
201546061607
201546062805
201546063006
201546063007
201546070509
201546070703
201546071404
201546071907
201546072102
201546080212
201546080407
201546080409
201546081111
201546081803
201546081810
201546082306
201546082307
201546082504
201546090606
201546090607
201546090811
201546091311
201546092007
201546092209
201546092902
201546092905
201546092908
201546100406
201546100409
201546100610
201546101301
201546101302
201546101304
201546101309
201546101806
201546102501
201546102701
201546102702
201546102706
201546102709
201546110801
201546110810
201546111003
201546111510
201546111705
201546112201
201546112208
201546112209
201546112402
201546112907
201546120104
201546120106
201546120601
201546120606
201546120610
201546120809
201546121306
201546121310
201546122001
201546122210
201546122405