201550010206
201550010208
201550010209
201550010302
201550010308
201550010311
201550010702
201550011301
201550011307
201550011410
201550011411
201550011502
201550011503
201550011505
201550011510
201550011603
201550011609
201550011611
201550012005
201550012007
201550012010
201550012108
201550012109
201550012110
201550012202
201550012203
201550012205
201550012208
201550012209
201550012210
201550012705
201550012710
201550012810
201550012908
201550020307
201550020311
201550020403
201550020408
201550020410
201550020502
201550020505
201550020508
201550020510
201550020511
201550021002
201550021008
201550021009
201550021106
201550021209
201550021210
201550021301
201550021306
201550021309
201550021803
201550021805
201550021808
201550021810
201550021906
201550021910
201550021911
201550022410
201550022503
201550022504
201550022506
201550022508
201550022510
201550022602
201550022610
201550030309
201550030407
201550030408
201550030504
201550030505
201550030510
201550031003
201550031110
201550031111
201550031204
201550031209
201550031310
201550031704
201550031706
201550031710
201550031711
201550031806
201550031808
201550031809
201550031810
201550031904
201550031908
201550031909
201550032408
201550032411
201550032505
201550032510
201550032610
201550040106
201550040107
201550040108
201550040109
201550040204
201550040209
201550040210
201550040704
201550040710
201550040807
201550040811
201550040907
201550040911
201550041502
201550041506
201550041511
201550041603
201550041608
201550041610
201550042104
201550042106
201550042111
201550042202
201550042208
201550042301
201550042303
201550042305
201550042311
201550042904
201550042906
201550042909
201550042910
201550042911
201550043010
201550050502
201550050510
201550050511
201550050603
201550050704
201550050705
201550050706
201550051207
201550051208
201550051210
201550051303
201550051404
201550051408
201550051409
201550052003
201550052011
201550052110
201550052111
201550052202
201550052203
201550052205
201550052210
201550052703
201550052704
201550052709
201550052801
201550052807
201550060306
201550060308
201550060310
201550060311
201550060404
201550060408
201550060411
201550060507
201550060510
201550060511
201550061002
201550061007
201550061110
201550061201
201550061210
201550061211
201550061708
201550061804
201550061806
201550061810
201550061910
201550061911
201550062404
201550062409
201550062411
201550062502
201550062507
201550062603
201550062604
201550062610
201550070208
201550070209
201550070310
201550070805
201550070807
201550070808
201550070811
201550070901
201550070908
201550070910
201550071005
201550071010
201550071011
201550071505
201550071604
201550071606
201550071710
201550072209
201550072303
201550072305
201550072311
201550072404
201550072410
201550072905
201550072907
201550072911
201550073007
201550073008
201550073010
201550073108
201550080505
201550080508
201550080511
201550080603
201550080610
201550080704
201550080707
201550081207
201550081301
201550081307
201550081408
201550081410
201550082004
201550082008
201550082010
201550082101
201550082104
201550082110
201550082608
201550082705
201550082706
201550082707
201550082807
201550082810
201550090202
201550090208
201550090310
201550090404
201550090410
201550090905
201550091001
201550091004
201550091005
201550091011
201550091108
201550091607
201550091703
201550091706
201550091707
201550091803
201550091805
201550091810
201550092205
201550092206
201550092303
201550092311
201550092404
201550092406
201550092410
201550093002
201550100102
201550100104
201550100108
201550100206
201550100703
201550100705
201550100802
201550100808
201550100810
201550100902
201550100905
201550100907
201550100909
201550101405
201550101407
201550101508
201550101509
201550101601
201550101605
201550101608
201550101610
201550102102
201550102107
201550102108
201550102110
201550102202
201550102203
201550102303
201550102304
201550102306
201550102307
201550102310
201550102806
201550102904
201550102905
201550102907
201550102909
201550103011
201550110404
201550110405
201550110407
201550110411
201550110505
201550110507
201550110510
201550110603
201550110606
201550110612
201550111002
201550111011
201550111106
201550111110
201550111806
201550111808
201550111811
201550111902
201550111910
201550111911
201550112005
201550112010
201550112405
201550112407
201550112408
201550112508
201550112509
201550112603
201550112604
201550120102
201550120106
201550120110
201550120304
201550120309
201550120311
201550120807
201550120808
201550120811
201550120908
201550120909
201550120910
201550121002
201550121010
201550121505
201550121506
201550121604
201550121607
201550121610
201550121612
201550121708
201550121711
201550122305
201550122310
201550122403
201550122406
201550122410
201550122908
201550123010
201550123011
201550123105
201550123107