201555010209
201555010311
201555011105
201555011207
201555011209
201555011811
201555012409
201555012509
201555020107
201555020108
201555021403
201555021408
201555021510
201555030706
201555030810
201555032110
201555032905
201555032910
201555041208
201555041211
201555042608
201555052410
201555060610
201555070404
201555071108
201555071807
201555072002
201555080105
201555080108
201555081603
201555081609
201555083003
201555083009
201555091307
201555091911
201555092001
201555092601
201555092607
201555092701
201555092709
201555101002
201555101003
201555101008
201555101108
201555101109
201555101802
201555102408
201555102410
201555102501
201555110106
201555110107
201555111401
201555111409
201555111507
201555111509
201555112202
201555112902
201555112909
201555121901
201555121902
201555122008