199402010101
199402010102
199402010103
199402010104
199402010105
199402010106
199402010107
199402010108
199402010109
199402010201
199402010202
199402010203
199402010204
199402010205
199402010206
199402010207
199402010208
199402010209
199402010210
199402010211
199402010212
199402010301
199402010302
199402010303
199402010304
199402010305
199402010306
199402010307
199402010308
199402010309
199402010310
199402010311
199402010401
199402010402
199402010403
199402010404
199402010405
199402010406
199402010407
199402010408
199402010409
199402010410
199402010411
199402010412
199402010501
199402010502
199402010503
199402010504
199402010505
199402010506
199402010507
199402010508
199402010509
199402010510
199402010511
199402010601
199402010602
199402010603
199402010604
199402010605
199402010606
199402010607
199402010608
199402010609
199402010610
199402010701
199402010702
199402010703
199402010704
199402010705
199402010706
199402010707
199402010708
199402010709
199402010710
199402010711
199402010712
199402010801
199402010802
199402010803
199402010804
199402010805
199402010806
199402010807
199402010808
199402010809
199402010810
199402010811
199402010812