199404010103
199404010107
199404010109
199404010110
199404010202
199404010204
199404010205
199404010209
199404010210
199404010211
199404010302
199404010306
199404010401
199404010404
199404010407
199404010408
199404010410
199404010504
199404010510
199404010511
199404010602
199404010604
199404010607
199404010610
199404010611
199404010704
199404010706
199404010707
199404010709
199404010802
199404010803
199404010805
199404010807
199404010809
199404010810
199404020103
199404020104
199404020108
199404020110
199404020111
199404020112
199404020201
199404020204
199404020205
199404020208
199404020211
199404020212
199404020302
199404020303
199404020305
199404020307
199404020308
199404020311
199404020403
199404020406
199404020409
199404020502
199404020505
199404020509
199404020510
199404020512
199404020604
199404020605
199404020607
199404020611
199404020704
199404020706
199404020707
199404020710
199404020711
199404020803
199404020808
199404020810
199404020811
199404020812
199404030104
199404030107
199404030109
199404030112
199404030203
199404030208
199404030209
199404030211
199404030212
199404030305
199404030306
199404030309
199404030311
199404030312
199404030408
199404030409
199404030412
199404030503
199404030504
199404030506
199404030507
199404030509
199404030608
199404030610
199404030611
199404030612
199404030708
199404030709
199404030712
199404030804
199404030807
199404030809
199404030810
199404030811
199404030812