199405010101
199405010102
199405010103
199405010104
199405010105
199405010106
199405010107
199405010108
199405010109
199405010110
199405010111
199405010201
199405010202
199405010203
199405010204
199405010205
199405010206
199405010207
199405010208
199405010209
199405010210
199405010211
199405010301
199405010302
199405010303
199405010304
199405010305
199405010306
199405010307
199405010308
199405010309
199405010310
199405010401
199405010402
199405010403
199405010404
199405010405
199405010406
199405010407
199405010408
199405010409
199405010410
199405010411
199405010412
199405010501
199405010502
199405010503
199405010504
199405010505
199405010506
199405010507
199405010508
199405010509
199405010510
199405010511
199405010512
199405010601
199405010602
199405010603
199405010604
199405010605
199405010606
199405010607
199405010608
199405010609
199405010610
199405010701
199405010702
199405010703
199405010704
199405010705
199405010706
199405010707
199405010708
199405010709
199405010710
199405010711
199405010801
199405010802
199405010803
199405010804
199405010805
199405010806
199405010807
199405010808
199405010809
199405020101
199405020102
199405020103
199405020104
199405020105
199405020106
199405020107
199405020108
199405020109
199405020110
199405020111
199405020201
199405020202
199405020203
199405020204
199405020205
199405020206
199405020207
199405020208
199405020209
199405020210
199405020211
199405020301
199405020302
199405020303
199405020304
199405020305
199405020306
199405020307
199405020308
199405020309
199405020310
199405020311
199405020401
199405020402
199405020403
199405020404
199405020405
199405020406
199405020407
199405020408
199405020409
199405020410
199405020411
199405020412
199405020501
199405020502
199405020503
199405020504
199405020505
199405020506
199405020507
199405020508
199405020509
199405020510
199405020511
199405020601
199405020602
199405020603
199405020604
199405020605
199405020606
199405020607
199405020608
199405020609
199405020610
199405020611
199405020701
199405020702
199405020703
199405020704
199405020705
199405020706
199405020707
199405020708
199405020709
199405020710
199405020711
199405020712
199405020801
199405020802
199405020803
199405020804
199405020805
199405020806
199405020807
199405020808
199405020809
199405020810
199405020811
199405020812
199405030101
199405030102
199405030103
199405030104
199405030105
199405030106
199405030107
199405030108
199405030109
199405030110
199405030111
199405030201
199405030202
199405030203
199405030204
199405030205
199405030206
199405030207
199405030208
199405030209
199405030210
199405030301
199405030302
199405030303
199405030304
199405030305
199405030306
199405030307
199405030308
199405030309
199405030310
199405030401
199405030402
199405030403
199405030404
199405030405
199405030406
199405030407
199405030408
199405030409
199405030410
199405030501
199405030502
199405030503
199405030504
199405030505
199405030506
199405030507
199405030508
199405030509
199405030510
199405030511
199405030601
199405030602
199405030603
199405030604
199405030605
199405030606
199405030607
199405030608
199405030609
199405030610
199405030611
199405030612
199405030701
199405030702
199405030703
199405030704
199405030705
199405030706
199405030707
199405030708
199405030709
199405030710
199405030711
199405030712
199405030801
199405030802
199405030803
199405030804
199405030805
199405030806
199405030807
199405030808
199405030809
199405030810
199405030811
199405040101
199405040102
199405040103
199405040104
199405040105
199405040106
199405040107
199405040108
199405040109
199405040110
199405040201
199405040202
199405040203
199405040204
199405040205
199405040206
199405040207
199405040208
199405040209
199405040210
199405040211
199405040301
199405040302
199405040303
199405040304
199405040305
199405040306
199405040307
199405040308
199405040309
199405040310
199405040311
199405040312
199405040401
199405040402
199405040403
199405040404
199405040405
199405040406
199405040407
199405040408
199405040409
199405040410
199405040411
199405040501
199405040502
199405040503
199405040504
199405040505
199405040506
199405040507
199405040508
199405040509
199405040510
199405040511
199405040512
199405040601
199405040602
199405040603
199405040604
199405040605
199405040606
199405040607
199405040608
199405040609
199405040610
199405040611
199405040701
199405040702
199405040703
199405040704
199405040705
199405040706
199405040707
199405040708
199405040709
199405040710
199405040711
199405040712
199405040801
199405040802
199405040803
199405040804
199405040805
199405040806
199405040807
199405040808
199405040809
199405040810
199405050101
199405050102
199405050103
199405050104
199405050105
199405050106
199405050107
199405050108
199405050109
199405050110
199405050111
199405050112
199405050201
199405050202
199405050203
199405050204
199405050205
199405050206
199405050207
199405050208
199405050209
199405050210
199405050211
199405050212
199405050301
199405050302
199405050303
199405050304
199405050305
199405050306
199405050307
199405050308
199405050309
199405050310
199405050311
199405050401
199405050402
199405050403
199405050404
199405050405
199405050406
199405050407
199405050408
199405050409
199405050410
199405050411
199405050501
199405050502
199405050503
199405050504
199405050505
199405050506
199405050507
199405050508
199405050509
199405050510
199405050601
199405050602
199405050603
199405050604
199405050605
199405050606
199405050607
199405050608
199405050609
199405050610
199405050611
199405050612
199405050701
199405050702
199405050703
199405050704
199405050705
199405050706
199405050707
199405050708
199405050709
199405050710
199405050711
199405050712
199405050801
199405050802
199405050803
199405050804
199405050805
199405050806
199405050807
199405050808
199405050809
199405050810
199405050811