199406010101
199406010103
199406010106
199406010110
199406010112
199406010204
199406010205
199406010206
199406010207
199406010304
199406010308
199406010311
199406010402
199406010404
199406010407
199406010410
199406010411
199406010504
199406010506
199406010507
199406010509
199406010510
199406010511
199406010601
199406010603
199406010604
199406010605
199406010607
199406010611
199406010706
199406010707
199406010711
199406010712
199406010803
199406010806
199406020102
199406020103
199406020104
199406020111
199406020112
199406020202
199406020206
199406020207
199406020209
199406020211
199406020212
199406020301
199406020310
199406020403
199406020406
199406020407
199406020408
199406020410
199406020411
199406020412
199406020501
199406020509
199406020511
199406020608
199406020611
199406020703
199406020705
199406020708
199406020709
199406020710
199406020711
199406020712
199406020801
199406020808
199406020810
199406030102
199406030108
199406030111
199406030112
199406030201
199406030209
199406030210
199406030211
199406030212
199406030302
199406030307
199406030309
199406030310
199406030401
199406030406
199406030407
199406030408
199406030410
199406030411
199406030502
199406030505
199406030508
199406030511
199406030512
199406030601
199406030602
199406030607
199406030611
199406030703
199406030707
199406030711
199406030801
199406030805
199406030809
199406030810
199406040102
199406040106
199406040107
199406040108
199406040109
199406040110
199406040204
199406040206
199406040211
199406040305
199406040308
199406040309
199406040310
199406040311
199406040403
199406040404
199406040409
199406040411
199406040502
199406040503
199406040504
199406040505
199406040506
199406040507
199406040509
199406040511
199406040604
199406040606
199406040610
199406040611
199406040612
199406040701
199406040710
199406040711
199406040802
199406040808
199406040809
199406040811
199406040812
199406050110
199406050111
199406050204
199406050205
199406050207
199406050209
199406050210
199406050211
199406050309
199406050310
199406050311
199406050312
199406050402
199406050405
199406050406
199406050407
199406050409
199406050410
199406050411
199406050412
199406050503
199406050504
199406050505
199406050507
199406050508
199406050510
199406050602
199406050605
199406050606
199406050607
199406050608
199406050609
199406050610
199406050704
199406050707
199406050709
199406050710
199406050711
199406050712
199406050801
199406050804
199406050806
199406050808
199406050809