199407010101
199407010102
199407010103
199407010104
199407010105
199407010106
199407010107
199407010108
199407010109
199407010110
199407010111
199407010112
199407010201
199407010202
199407010203
199407010204
199407010205
199407010206
199407010207
199407010208
199407010209
199407010210
199407010211
199407010301
199407010302
199407010303
199407010304
199407010305
199407010306
199407010307
199407010308
199407010309
199407010310
199407010311
199407010312
199407010401
199407010402
199407010403
199407010404
199407010405
199407010406
199407010407
199407010408
199407010409
199407010410
199407010411
199407010501
199407010502
199407010503
199407010504
199407010505
199407010506
199407010507
199407010508
199407010509
199407010510
199407010511
199407010512
199407010601
199407010602
199407010603
199407010604
199407010605
199407010606
199407010607
199407010608
199407010609
199407010610
199407010701
199407010702
199407010703
199407010704
199407010705
199407010706
199407010707
199407010708
199407010709
199407010710
199407010711
199407010712
199407010801
199407010802
199407010803
199407010804
199407010805
199407010806
199407010807
199407010808
199407010809
199407010810
199407010811
199407010812
199407020101
199407020102
199407020103
199407020104
199407020105
199407020106
199407020107
199407020108
199407020109
199407020110
199407020111
199407020112
199407020201
199407020202
199407020203
199407020204
199407020205
199407020206
199407020207
199407020208
199407020209
199407020210
199407020211
199407020301
199407020302
199407020303
199407020304
199407020305
199407020306
199407020307
199407020308
199407020309
199407020310
199407020311
199407020401
199407020402
199407020403
199407020404
199407020405
199407020406
199407020407
199407020408
199407020409
199407020410
199407020411
199407020412
199407020501
199407020502
199407020503
199407020504
199407020505
199407020506
199407020507
199407020508
199407020509
199407020510
199407020511
199407020601
199407020602
199407020603
199407020604
199407020605
199407020606
199407020607
199407020608
199407020609
199407020610
199407020611
199407020612
199407020701
199407020702
199407020703
199407020704
199407020705
199407020706
199407020707
199407020708
199407020709
199407020710
199407020711
199407020712
199407020801
199407020802
199407020803
199407020804
199407020805
199407020806
199407020807
199407020808
199407020809
199407020810
199407020811
199407030101
199407030102
199407030103
199407030104
199407030105
199407030106
199407030107
199407030108
199407030109
199407030110
199407030111
199407030201
199407030202
199407030203
199407030204
199407030205
199407030206
199407030207
199407030208
199407030209
199407030210
199407030211
199407030212
199407030301
199407030302
199407030303
199407030304
199407030305
199407030306
199407030307
199407030308
199407030309
199407030310
199407030311
199407030312
199407030401
199407030402
199407030403
199407030404
199407030405
199407030406
199407030407
199407030408
199407030409
199407030410
199407030411
199407030412
199407030501
199407030502
199407030503
199407030504
199407030505
199407030506
199407030507
199407030508
199407030509
199407030510
199407030511
199407030601
199407030602
199407030603
199407030604
199407030605
199407030606
199407030607
199407030608
199407030609
199407030610
199407030611
199407030612
199407030701
199407030702
199407030703
199407030704
199407030705
199407030706
199407030707
199407030708
199407030709
199407030710
199407030711
199407030712
199407030801
199407030802
199407030803
199407030804
199407030805
199407030806
199407030807
199407030808
199407030809
199407030810
199407030811
199407040101
199407040102
199407040103
199407040104
199407040105
199407040106
199407040107
199407040108
199407040109
199407040110
199407040111
199407040112
199407040201
199407040202
199407040203
199407040204
199407040205
199407040206
199407040207
199407040208
199407040209
199407040210
199407040211
199407040212
199407040301
199407040302
199407040303
199407040304
199407040305
199407040306
199407040307
199407040308
199407040309
199407040310
199407040311
199407040312
199407040401
199407040402
199407040403
199407040404
199407040405
199407040406
199407040407
199407040408
199407040409
199407040410
199407040411
199407040412
199407040501
199407040502
199407040503
199407040504
199407040505
199407040506
199407040507
199407040508
199407040509
199407040510
199407040511
199407040512
199407040601
199407040602
199407040603
199407040604
199407040605
199407040606
199407040607
199407040608
199407040609
199407040610
199407040611
199407040612
199407040701
199407040702
199407040703
199407040704
199407040705
199407040706
199407040707
199407040708
199407040709
199407040710
199407040711
199407040712
199407040801
199407040802
199407040803
199407040804
199407040805
199407040806
199407040807
199407040808
199407040809
199407040810
199407040811
199407040812