199408010102
199408010103
199408010107
199408010108
199408010110
199408010111
199408010202
199408010203
199408010204
199408010205
199408010206
199408010207
199408010209
199408010210
199408010301
199408010302
199408010303
199408010308
199408010310
199408010311
199408010403
199408010404
199408010406
199408010407
199408010408
199408010409
199408010410
199408010502
199408010503
199408010504
199408010506
199408010507
199408010508
199408010509
199408010511
199408010606
199408010607
199408010608
199408010609
199408010611
199408010612
199408010703
199408010704
199408010707
199408010710
199408010711
199408010805
199408010807
199408010808
199408010809
199408010810
199408010811