199409010101
199409010102
199409010103
199409010104
199409010105
199409010106
199409010107
199409010108
199409010109
199409010110
199409010111
199409010112
199409010201
199409010202
199409010203
199409010204
199409010205
199409010206
199409010207
199409010208
199409010209
199409010210
199409010211
199409010212
199409010301
199409010302
199409010303
199409010304
199409010305
199409010306
199409010307
199409010308
199409010309
199409010310
199409010311
199409010401
199409010402
199409010403
199409010404
199409010405
199409010406
199409010407
199409010408
199409010409
199409010410
199409010411
199409010501
199409010502
199409010503
199409010504
199409010505
199409010506
199409010507
199409010508
199409010509
199409010510
199409010511
199409010601
199409010602
199409010603
199409010604
199409010605
199409010606
199409010607
199409010608
199409010609
199409010610
199409010611
199409010701
199409010702
199409010703
199409010704
199409010705
199409010706
199409010707
199409010708
199409010709
199409010710
199409010711
199409010801
199409010802
199409010803
199409010804
199409010805
199409010806
199409010807
199409010808
199409010809
199409010810
199409010811
199409010812
199409020101
199409020102
199409020103
199409020104
199409020105
199409020106
199409020107
199409020108
199409020109
199409020110
199409020111
199409020112
199409020201
199409020202
199409020203
199409020204
199409020205
199409020206
199409020207
199409020208
199409020209
199409020210
199409020211
199409020301
199409020302
199409020303
199409020304
199409020305
199409020306
199409020307
199409020308
199409020309
199409020310
199409020311
199409020312
199409020401
199409020402
199409020403
199409020404
199409020405
199409020406
199409020407
199409020408
199409020409
199409020501
199409020502
199409020503
199409020504
199409020505
199409020506
199409020507
199409020508
199409020509
199409020510
199409020601
199409020602
199409020603
199409020604
199409020605
199409020606
199409020607
199409020608
199409020609
199409020610
199409020611
199409020701
199409020702
199409020703
199409020704
199409020705
199409020706
199409020707
199409020708
199409020709
199409020710
199409020711
199409020712
199409020801
199409020802
199409020803
199409020804
199409020805
199409020806
199409020807
199409020808
199409020809
199409020810
199409020811
199409030101
199409030102
199409030103
199409030104
199409030105
199409030106
199409030107
199409030108
199409030109
199409030110
199409030111
199409030112
199409030201
199409030202
199409030203
199409030204
199409030205
199409030206
199409030207
199409030208
199409030209
199409030210
199409030211
199409030301
199409030302
199409030303
199409030304
199409030305
199409030306
199409030307
199409030308
199409030309
199409030310
199409030311
199409030312
199409030401
199409030402
199409030403
199409030404
199409030405
199409030406
199409030407
199409030408
199409030409
199409030410
199409030411
199409030501
199409030502
199409030503
199409030504
199409030505
199409030506
199409030507
199409030508
199409030509
199409030510
199409030511
199409030512
199409030601
199409030602
199409030603
199409030604
199409030605
199409030606
199409030607
199409030608
199409030609
199409030610
199409030611
199409030701
199409030702
199409030703
199409030704
199409030705
199409030706
199409030707
199409030708
199409030709
199409030710
199409030711
199409030712
199409030801
199409030802
199409030803
199409030804
199409030805
199409030806
199409030807
199409030808
199409030809
199409030810
199409030811
199409030812
199409040101
199409040102
199409040103
199409040104
199409040105
199409040106
199409040107
199409040108
199409040109
199409040110
199409040201
199409040202
199409040203
199409040204
199409040205
199409040206
199409040207
199409040208
199409040209
199409040210
199409040301
199409040302
199409040303
199409040304
199409040305
199409040306
199409040307
199409040308
199409040309
199409040310
199409040311
199409040312
199409040401
199409040402
199409040403
199409040404
199409040405
199409040406
199409040407
199409040408
199409040409
199409040410
199409040411
199409040501
199409040502
199409040503
199409040504
199409040505
199409040506
199409040507
199409040508
199409040509
199409040510
199409040511
199409040601
199409040602
199409040603
199409040604
199409040605
199409040606
199409040607
199409040608
199409040609
199409040610
199409040611
199409040612
199409040701
199409040702
199409040703
199409040704
199409040705
199409040706
199409040707
199409040708
199409040709
199409040710
199409040711
199409040801
199409040802
199409040803
199409040804
199409040805
199409040806
199409040807
199409040808
199409040809
199409040810
199409040811
199409050101
199409050102
199409050103
199409050104
199409050105
199409050106
199409050107
199409050108
199409050109
199409050110
199409050111
199409050112
199409050201
199409050202
199409050203
199409050204
199409050205
199409050206
199409050207
199409050208
199409050209
199409050210
199409050211
199409050301
199409050302
199409050303
199409050304
199409050305
199409050306
199409050307
199409050308
199409050309
199409050310
199409050401
199409050402
199409050403
199409050404
199409050405
199409050406
199409050407
199409050408
199409050409
199409050410
199409050411
199409050412
199409050501
199409050502
199409050503
199409050504
199409050505
199409050506
199409050507
199409050508
199409050509
199409050510
199409050511
199409050512
199409050601
199409050602
199409050603
199409050604
199409050605
199409050606
199409050607
199409050608
199409050609
199409050610
199409050611
199409050701
199409050702
199409050703
199409050704
199409050705
199409050706
199409050707
199409050708
199409050709
199409050710
199409050711
199409050801
199409050802
199409050803
199409050804
199409050805
199409050806
199409050807
199409050808
199409050809
199409050810
199409060101
199409060102
199409060103
199409060104
199409060105
199409060106
199409060107
199409060108
199409060109
199409060110
199409060111
199409060201
199409060202
199409060203
199409060204
199409060205
199409060206
199409060207
199409060208
199409060209
199409060210
199409060211
199409060301
199409060302
199409060303
199409060304
199409060305
199409060306
199409060307
199409060308
199409060309
199409060310
199409060311
199409060401
199409060402
199409060403
199409060404
199409060405
199409060406
199409060407
199409060408
199409060409
199409060410
199409060411
199409060501
199409060502
199409060503
199409060504
199409060505
199409060506
199409060507
199409060508
199409060509
199409060510
199409060511
199409060601
199409060602
199409060603
199409060604
199409060605
199409060606
199409060607
199409060608
199409060609
199409060610
199409060611
199409060612
199409060701
199409060702
199409060703
199409060704
199409060705
199409060706
199409060707
199409060708
199409060709
199409060710
199409060711
199409060712
199409060801
199409060802
199409060803
199409060804
199409060805
199409060806
199409060807
199409060808
199409060809
199409060810
199409060811
199409070101
199409070102
199409070103
199409070104
199409070105
199409070106
199409070107
199409070108
199409070109
199409070110
199409070111
199409070201
199409070202
199409070203
199409070204
199409070205
199409070206
199409070207
199409070208
199409070209
199409070210
199409070211
199409070301
199409070302
199409070303
199409070304
199409070305
199409070306
199409070307
199409070308
199409070309
199409070310
199409070311
199409070312
199409070401
199409070402
199409070403
199409070404
199409070405
199409070406
199409070407
199409070408
199409070409
199409070410
199409070411
199409070412
199409070501
199409070502
199409070503
199409070504
199409070505
199409070506
199409070507
199409070508
199409070509
199409070510
199409070511
199409070601
199409070602
199409070603
199409070604
199409070605
199409070606
199409070607
199409070608
199409070609
199409070610
199409070611
199409070701
199409070702
199409070703
199409070704
199409070705
199409070706
199409070707
199409070708
199409070709
199409070710
199409070711
199409070801
199409070802
199409070803
199409070804
199409070805
199409070806
199409070807
199409070808
199409070809
199409070810
199409070811
199409070812