00106
00110
00119
00131
00138
00180
00198
00201
00202
00203
00208
00216
00221
00224
00244
00261
00289
00297
00301
00311
00331
00337
00338
00339
00341
00343
00345
00346
00347
00348
00349
00350
00353
00355
00356
00357
00358
00359
00361
00362
00364
00365
00368
00369
00370
00375
00377
00378
00379
00380
00383
00385
00386
00387
00388
00389
00390
00392
00393
00395
00396
00397
00398
00399
00400
00401
00402
00404
00405
00406
00407
00408
00409
00410
00411
00412
00413
00414
00415
00416
00417
00419
00420
00421
00422
00423
00425
00426
00427
00428
00429
00430
00431
00433
00434
00435
00436
00437
00438
00807
00823
00844
00857
00862
00874
00886
00943
00965
00985