05005
05006
05029
05033
05049
05055
05061
05062
05071
05076
05079
05087
05093
05094
05105
05106
05108
05111
05113
05127
05128
05160
05171
05177
05192
05193
05204
05208
05214
05222
05228
05233
05235
05237
05242
05254
05257
05258
05266
05272
05287
05289
05301
05307
05311
05315
05329
05331
05346
05347
05352
05370
05387
05388
05392
05395
05417
05423
05429
05433
05435
05436
05439
05450
05452
05453
05464
05465
05466
05479
05480
05481
05486
05489
05509
05518
05527
05528
05530
05559
05566
05567
05569
05571
05574
05575
05576
05577
05578
05580
05586
05590
05592
05593
05601
05604
05606
05607
05609
05611
05615
05622
05625
05628
05629
05630
05632
05637
05638
05639
05643
05646
05647
05648
05649
05650
05651
05654
05655
05658
05659
05660
05661
05662
05663
05664
05665
05666
05667
05668
05669
05670
05671
05672
05673
05674
05675
05676
05677
05678
05679
05680
05681
05682
05683
05684
05685
05686
05687
05688
05689
05691
05694
05695
05696
05697
05698
05699
05700
05701
05702
05703
05704
05705
05706
05707
05708
05709
05710
05711
05712
05713
05714
05715
05716
05717
05718
05719
05721
05722
05724
05726
05727
05728
05729
05730
05731
05732
05733
05734
05735
05740
05741
05742
05743
05744
05745
05746
05747
05748
05749
05750