199644011608
199644011610
199644011709
199644011811
199644013110
199644021909
199644032510
199644032708
199644032810
199644042809
199644042909
199644051309
199644051710
199644060409
199644060810
199644061710
199644061810
199644061909
199644061910
199644070406
199644070509
199644072110
199644080609
199644080809
199644080909
199644082209
199644082310
199644082510
199644091009
199644092409
199644092609
199644092710
199644100909
199644101009
199644101406
199644102710
199644103107
199644111410
199644120810
199644121008
199644122610
199644122809