199632042401
199632042402
199632042403
199632042404
199632042501
199632042502
199632042503
199632042504
199632042505
199632042506
199632042507
199632042508
199632042509
199632042510
199632042511
199632042512
199632050601
199632050602
199632050603
199632050604
199632050605
199632050606
199632050607
199632050608
199632050609
199632050610
199632050611
199632051301
199632051302
199632052701
199632052702
199632052703
199632052801
199632052802
199632052803
199632052804
199632052805
199632052806
199632052807
199632052808
199632052809
199632052810
199632052811
199632060501
199632060502
199632060503
199632060504
199632060505
199632060506
199632060507