199634070401
199634070402
199634070403
199634070404
199634070405
199634070406
199634070407
199634070408
199634070409
199634070410
199634070411
199634071801
199634071802
199634071803
199634071804
199634071805
199634071806
199634071807
199634071808
199634071809
199634071810
199634071811
199634080101
199634080102
199634080103
199634080104
199634080105
199634080106
199634080107
199634080108
199634080109
199634080110
199634080801
199634080802
199634080803
199634081501
199634081502
199634081503
199634081504
199634081505
199634081506
199634081507
199634081508
199634081509
199634081510
199634081511
199634082201
199634082202
199634082203
199634082204
199634082205
199634090501
199634090502
199634090503
199634090504
199634091201
199634091202
199634091203
199634091204
199634091205
199634091206
199634091207
199634091208
199634091209
199634091210
199634091211
199634091801
199634091802
199634091803
199634091804
199634091805
199634091806
199634091807