199635040601
199635040602
199635040603
199635040604
199635040605
199635040606
199635040607
199635040608
199635040609
199635070701
199635070702
199635070703
199635070704
199635070705
199635070706
199635072201
199635072202
199635072203
199635072204
199635072205
199635072206
199635072207
199635080501
199635080502
199635080503
199635080504
199635080505
199635080506
199635080507
199635081201
199635081301
199635081302
199635081303
199635081304
199635081305
199635081306
199635081307
199635081308
199635081309
199635081310
199635081601
199635081602
199635081603
199635081604
199635081605
199635081606
199635081607
199635081608
199635081609
199635101001
199635101002
199635101003
199635101004
199635101005
199635101006
199635101007
199635101008
199635101009
199635101010
199635110401
199635110402
199635110403
199635110404
199635110405
199635110406
199635110407
199635112301
199635112302
199635112303
199635112304
199635112305
199635112306
199635112307
199635112308
199635112309
199635112310