199636060801
199636060802
199636060803
199636060804
199636060805
199636060806
199636060807
199636060808
199636060809
199636083101
199636083102
199636090901
199636090902
199636090903
199636090904
199636090905
199636090906
199636090907
199636120201
199636120202
199636120203
199636120204
199636120205
199636120801
199636120802
199636120803
199636120804
199636120805
199636120806
199636120807
199636120808
199636120809
199636121401
199636121402
199636121403
199636121404
199636121405
199636121406
199636122101
199636122102
199636122103
199636122104
199636122105
199636122106