199637062301
199637062302
199637062303
199637062304
199637062305
199637062306
199637062307
199637062308
199637062309
199637062310
199637082001
199637082002
199637082003
199637090301
199637090302
199637090303
199637090304
199637090305
199637090306
199637090307
199637090308
199637091501
199637091502
199637091503
199637091504
199637091505
199637091506
199637091507
199637091508
199637091509
199637091510
199637101501
199637101502
199637101503
199637101504
199637101505
199637101506
199637102801
199637102802
199637102803
199637102804
199637102805
199637102806
199637111201
199637111202
199637111203
199637111204
199637111205
199637111206
199637112501
199637112502
199637112503
199637112504
199637112505
199637112506