199638040401
199638040402
199638040403
199638040404
199638040405
199638040406
199638040407
199638040408
199638040409
199638040410
199638042901
199638042902
199638042903
199638042904
199638042905
199638042906
199638042907
199638042908
199638042909
199638042910
199638042911
199638042912
199638050101
199638050102
199638050103
199638050104
199638050105
199638050106
199638050107
199638050108
199638050109
199638050110
199638071801
199638071802
199638071803
199638071804
199638071805
199638071806
199638071807
199638071808
199638071809
199638101701
199638101702
199638101703
199638101704
199638101705
199638110401
199638110402
199638110403
199638110404
199638110405
199638110406
199638110407
199638110408
199638110501
199638110502
199638110503
199638110504
199638110505