199640010901
199640010902
199640010903
199640010904
199640010905
199640010906
199640010907
199640010908
199640010909
199640012301
199640012302
199640012303
199640012304
199640012305
199640012306
199640012307
199640012308
199640012309
199640012310
199640021901
199640021902
199640021903
199640021904
199640021905
199640021906
199640021907
199640021908
199640021909
199640021910
199640021911
199640031601
199640031602
199640031603
199640031604
199640031605
199640031606
199640031607
199640031608
199640031609
199640031610
199640032601
199640032602
199640032603
199640032604
199640032605
199640032606
199640032607
199640032608
199640032609
199640032610
199640040601
199640040602
199640040603
199640040604
199640040605
199640040606
199640040607
199640040608
199640040609
199640040610
199640040611
199640041401
199640041402
199640041403
199640041404
199640041405
199640041406
199640041407
199640041408
199640041409
199640041410
199640041411
199640050601
199640050602
199640050603
199640050604
199640050605
199640050606
199640050607
199640050608
199640050609
199640050610
199640052001
199640052002
199640052003
199640052004
199640052005
199640052006
199640052007
199640052008
199640052009
199640062601
199640062602
199640062603
199640062604
199640062605
199640062606
199640062607
199640062608
199640062609
199640062610
199640062611
199640080101
199640080102
199640080103
199640080104
199640080105
199640080106
199640080107
199640080108
199640080109
199640080110
199640081301
199640081302
199640081303
199640081304
199640081305
199640081306
199640081307
199640081308
199640082901
199640082902
199640082903
199640082904
199640082905
199640082906
199640082907
199640082908
199640082909
199640082910
199640092601
199640092602
199640092603
199640092604
199640092605
199640092606
199640092607
199640092608
199640092609
199640092610
199640102701
199640102702
199640102703
199640102704
199640102705
199640102706
199640102707
199640102708
199640102709
199640102710