199641022201
199641022202
199641022203
199641022204
199641022205
199641022206
199641022207
199641032801
199641032802
199641032803
199641032804
199641032805
199641032806
199641032807
199641032808
199641032809
199641100801
199641100802
199641100803
199641100804
199641111401
199641111402
199641111403
199641111404
199641111405
199641111406
199641111407
199641111408
199641111409
199641111410
199641121201
199641121202
199641121203
199641121204
199641121205
199641121206
199641121207
199641121208
199641121209
199641121210