199643012801
199643012802
199643012803
199643012804
199643012805
199643012806
199643012807
199643012808
199643012809
199643032001
199643032002
199643032003
199643032004
199643032005
199643032006
199643032007
199643032008
199643032009
199643032010
199643032101
199643032102
199643032103
199643032104
199643032105
199643032106
199643032107
199643032108
199643032109
199643032110
199643032111
199643041701
199643041702
199643041703
199643041704
199643041705
199643041706
199643041707
199643041708
199643041709
199643041710
199643052901
199643052902
199643052903
199643052904
199643052905
199643052906
199643052907
199643052908
199643052909
199643062501
199643062502
199643062503
199643062504
199643062505
199643062506
199643062701
199643062702
199643062801
199643062802
199643062803
199643071701
199643071702
199643071703
199643071704
199643071801
199643071802
199643071803
199643071804
199643071805
199643071806
199643071807
199643071808
199643071809
199643071901
199643071902
199643071903
199643071904
199643071905
199643071906
199643071907
199643071908
199643080101
199643080102
199643080103
199643080104
199643080105
199643080401
199643080402
199643082701
199643082702
199643082703
199643082704
199643082705
199643082706
199643082707
199643083001
199643083002
199643083003
199643083004
199643091801
199643091802
199643091803
199643091804
199643091805
199643091806
199643091807
199643091808
199643091809
199643092001
199643092002
199643092003
199643092004
199643092005
199643092006
199643092007
199643092008
199643102201
199643102202
199643102203
199643102204
199643102205
199643102206
199643102207
199643102208
199643102209
199643102301
199643102302
199643102303
199643102304
199643102305
199643102306
199643102307
199643102308
199643102309
199643102310
199643102311
199643102401
199643102402
199643102403
199643102404
199643102405
199643112001
199643112101
199643112102
199643112103
199643112104
199643112105
199643112201
199643112202
199643112203
199643112204
199643112205
199643112206
199643112207
199643112208
199643112209
199643112210
199643122301
199643122302
199643122401
199643122402
199643122403
199643122404
199643122405
199643122406
199643122501
199643122502
199643122503
199643122504
199643122505
199643122506
199643122507
199643122508
199643122509
199643122510
199643123101
199643123102
199643123103
199643123104
199643123105
199643123106
199643123107
199643123108