199644011601
199644011602
199644011603
199644011604
199644011605
199644011606
199644011607
199644011608
199644011609
199644011610
199644011701
199644011702
199644011703
199644011704
199644011705
199644011706
199644011707
199644011708
199644011709
199644011801
199644011802
199644011803
199644011804
199644011805
199644011806
199644011807
199644011808
199644011809
199644011810
199644011811
199644013101
199644013102
199644013103
199644013104
199644013105
199644013106
199644013107
199644013108
199644013109
199644013110
199644021901
199644021902
199644021903
199644021904
199644021905
199644021906
199644021907
199644021908
199644021909
199644032501
199644032502
199644032503
199644032504
199644032505
199644032506
199644032507
199644032508
199644032509
199644032510
199644032701
199644032702
199644032703
199644032704
199644032705
199644032706
199644032707
199644032708
199644032801
199644032802
199644032803
199644032804
199644032805
199644032806
199644032807
199644032808
199644032809
199644032810
199644042801
199644042802
199644042803
199644042804
199644042805
199644042806
199644042807
199644042808
199644042809
199644042901
199644042902
199644042903
199644042904
199644042905
199644042906
199644042907
199644042908
199644042909
199644051301
199644051302
199644051303
199644051304
199644051305
199644051306
199644051307
199644051308
199644051309
199644051701
199644051702
199644051703
199644051704
199644051705
199644051706
199644051707
199644051708
199644051709
199644051710
199644060401
199644060402
199644060403
199644060404
199644060405
199644060406
199644060407
199644060408
199644060409
199644060801
199644060802
199644060803
199644060804
199644060805
199644060806
199644060807
199644060808
199644060809
199644060810
199644061701
199644061702
199644061703
199644061704
199644061705
199644061706
199644061707
199644061708
199644061709
199644061710
199644061801
199644061802
199644061803
199644061804
199644061805
199644061806
199644061807
199644061808
199644061809
199644061810
199644061901
199644061902
199644061903
199644061904
199644061905
199644061906
199644061907
199644061908
199644061909
199644061910
199644070401
199644070402
199644070403
199644070404
199644070405
199644070406
199644070501
199644070502
199644070503
199644070504
199644070505
199644070506
199644070507
199644070508
199644070509
199644072101
199644072102
199644072103
199644072104
199644072105
199644072106
199644072107
199644072108
199644072109
199644072110
199644080601
199644080602
199644080603
199644080604
199644080605
199644080606
199644080607
199644080608
199644080609
199644080801
199644080802
199644080803
199644080804
199644080805
199644080806
199644080807
199644080808
199644080809
199644080901
199644080902
199644080903
199644080904
199644080905
199644080906
199644080907
199644080908
199644080909
199644082201
199644082202
199644082203
199644082204
199644082205
199644082206
199644082207
199644082208
199644082209
199644082301
199644082302
199644082303
199644082304
199644082305
199644082306
199644082307
199644082308
199644082309
199644082310
199644082501
199644082502
199644082503
199644082504
199644082505
199644082506
199644082507
199644082508
199644082509
199644082510
199644091001
199644091002
199644091003
199644091004
199644091005
199644091006
199644091007
199644091008
199644091009
199644092401
199644092402
199644092403
199644092404
199644092405
199644092406
199644092407
199644092408
199644092409
199644092601
199644092602
199644092603
199644092604
199644092605
199644092606
199644092607
199644092608
199644092609
199644092701
199644092702
199644092703
199644092704
199644092705
199644092706
199644092707
199644092708
199644092709
199644092710
199644100901
199644100902
199644100903
199644100904
199644100905
199644100906
199644100907
199644100908
199644100909
199644101001
199644101002
199644101003
199644101004
199644101005
199644101006
199644101007
199644101008
199644101009
199644101401
199644101402
199644101403
199644101404
199644101405
199644101406
199644102701
199644102702
199644102703
199644102704
199644102705
199644102706
199644102707
199644102708
199644102709
199644102710
199644103101
199644103102
199644103103
199644103104
199644103105
199644103106
199644103107
199644111401
199644111402
199644111403
199644111404
199644111405
199644111406
199644111407
199644111408
199644111409
199644111410
199644120801
199644120802
199644120803
199644120804
199644120805
199644120806
199644120807
199644120808
199644120809
199644120810
199644121001
199644121002
199644121003
199644121004
199644121005
199644121006
199644121007
199644121008
199644122601
199644122602
199644122603
199644122604
199644122605
199644122606
199644122607
199644122608
199644122609
199644122610
199644122801
199644122802
199644122803
199644122804
199644122805
199644122806
199644122807
199644122808
199644122809