199645012201
199645012202
199645012203
199645012204
199645012205
199645012206
199645012207
199645012208
199645012209
199645012210
199645012211
199645012301
199645012302
199645012303
199645012304
199645012305
199645012306
199645012307
199645012308
199645012309
199645012310
199645012311
199645012312
199645012401
199645012402
199645012403
199645012404
199645012405
199645012406
199645012407
199645012408
199645012409
199645012410
199645012411
199645021401
199645021402
199645021403
199645021404
199645021405
199645021406
199645021407
199645021408
199645042401
199645042402
199645042403
199645042404
199645042405
199645042406
199645042407
199645042408
199645042409
199645050201
199645050202
199645050203
199645050204
199645050205
199645050206
199645050207
199645050208
199645050209
199645050210
199645050601
199645050602
199645050603
199645050604
199645050605
199645050606
199645050607
199645050608
199645050609
199645062401
199645062402
199645062403
199645062404
199645062405
199645062406
199645062407
199645062408
199645062409
199645062410
199645071401
199645071402
199645071403
199645071404
199645071405
199645071406
199645071407
199645071408
199645071409
199645071501
199645071502
199645071503
199645071504
199645071505
199645071506
199645071507
199645071508
199645071509
199645073001
199645073002
199645073003
199645073004
199645073005
199645073006
199645073007
199645073008
199645073009
199645081301
199645081302
199645081303
199645081304
199645081305
199645081306
199645081307
199645081308
199645081309
199645100401
199645100402
199645100403
199645100404
199645100405
199645100406
199645100407
199645100408
199645100409
199645100410
199645111301
199645111302
199645111303
199645111304
199645111305
199645111306
199645111307
199645111308
199645111309
199645111310
199645112801
199645112802
199645112803
199645112804
199645112805
199645112806
199645112807
199645112808
199645112809
199645122001
199645122002
199645122003
199645122004
199645122005
199645122006
199645122007
199645122008
199645122009
199645122010