199647021101
199647021102
199647021103
199647021104
199647021105
199647021106
199647021107
199647021108
199647021109
199647021110
199647021201
199647021202
199647021203
199647021204
199647021205
199647021206
199647021207
199647021208
199647021209
199647021210
199647021211
199647071501
199647071502
199647071503
199647071504
199647071505
199647071506
199647071507
199647071508
199647071509
199647071510
199647081501
199647081502
199647081503
199647081504
199647081505
199647081506
199647081507
199647081508
199647083101
199647083102
199647083103
199647083104
199647083105
199647083106
199647083107
199647083108
199647083109
199647083110
199647083111
199647091101
199647091102
199647091103
199647091104
199647091105
199647091106
199647100101
199647100102
199647100103
199647100104
199647100105
199647100106
199647100107
199647100108
199647100109
199647100110
199647110501
199647110502
199647110503
199647110504
199647110505
199647110506
199647110507
199647110508
199647110509
199647110510
199647110601
199647110602
199647110603
199647110604
199647110605
199647110606
199647110607
199647110608
199647111001
199647111002
199647111003
199647111004
199647111005
199647111006
199647111007
199647111008
199647111009
199647111010
199647112001
199647112002
199647112003
199647112004
199647112005
199647112006
199647112007
199647112008
199647112009
199647112010
199647112201
199647112202
199647112203
199647112204
199647112205
199647112206
199647112207
199647112208
199647112209
199647112210
199647112601
199647112602
199647121201
199647121202
199647121203
199647121204
199647121205
199647121206
199647121207
199647121208
199647121209
199647121210
199647121301
199647121302
199647121303
199647121304
199647121305
199647121306
199647121307
199647121501
199647121502
199647121601
199647121602
199647121603
199647121604
199647121605
199647121606
199647121607
199647121608
199647121609
199647121610
199647121611
199647122701
199647122702
199647122703
199647122704
199647122705
199647122706
199647122707
199647122708
199647122709
199647122710
199647122711
199647122901
199647122902
199647122903
199647122904
199647122905
199647122906
199647122907
199647122908
199647122909
199647123001
199647123002
199647123003
199647123004
199647123005
199647123006
199647123007