199660010201
199660010202
199660010203
199660041201
199660041202
199660041203
199660041204
199660041205
199660041206
199660041207
199660041208
199660041209
199660041210
199660052001
199660052002
199660052003
199660052004
199660052005
199660052006
199660052601
199660052602
199660052603
199660052604
199660052605
199660052606
199660052607
199660052608
199660052609
199660060901
199660060902
199660060903
199660060904
199660060905
199660060906
199660060907
199660060908
199660060909
199660060910
199660060911
199660062301
199660062302
199660062303
199660062304
199660062305
199660062306
199660062307
199660062308
199660062309
199660062310
199660070501
199660070502
199660070503
199660070504
199660070505
199660070506
199660070507
199660070508
199660081501
199660081502
199660081503
199660081504
199660081505
199660081506
199660081507
199660081801
199660081802
199660081803
199660081804
199660081805
199660081806
199660081807
199660091801
199660091802
199660091803
199660091804
199660112401
199660112402
199660112403
199660112404
199660112405