200401010102
200401010106
200401010109
200401010110
200401010111
200401010112
200401010203
200401010204
200401010205
200401010206
200401010207
200401010208
200401010209
200401010211
200401010212
200401010301
200401010302
200401010304
200401010306
200401010308
200401010309
200401010310
200401010311
200401010312
200401010401
200401010402
200401010404
200401010405
200401010406
200401010408
200401010409
200401010410
200401010412
200401010501
200401010503
200401010505
200401010506
200401010508
200401010510
200401010511
200401010512
200401010604
200401010606
200401010607
200401010608
200401010609
200401010610
200401010611
200401010612
200401010704
200401010705
200401010706
200401010707
200401010708
200401010709
200401010711
200401010712
200401010801
200401010803
200401010804
200401010805
200401010808
200401010809
200401010810
200401010811
200401010812
200401020101
200401020102
200401020104
200401020105
200401020106
200401020107
200401020110
200401020111
200401020112
200401020204
200401020206
200401020207
200401020210
200401020212
200401020301
200401020302
200401020303
200401020304
200401020307
200401020308
200401020311
200401020312
200401020401
200401020403
200401020404
200401020406
200401020408
200401020409
200401020410
200401020412
200401020504
200401020505
200401020506
200401020507
200401020508
200401020509
200401020511
200401020512
200401020604
200401020606
200401020608
200401020610
200401020611
200401020612
200401020701
200401020702
200401020703
200401020705
200401020706
200401020707
200401020709
200401020710
200401020711
200401020712
200401020801
200401020802
200401020804
200401020805
200401020806
200401020808
200401020810
200401020811
200401020812