200405010102
200405010104
200405010105
200405010106
200405010107
200405010108
200405010109
200405010110
200405010111
200405010112
200405010201
200405010202
200405010206
200405010207
200405010209
200405010210
200405010211
200405010212
200405010301
200405010302
200405010307
200405010309
200405010310
200405010311
200405010312
200405010402
200405010404
200405010407
200405010409
200405010410
200405010411
200405010412
200405010501
200405010502
200405010504
200405010506
200405010511
200405010512
200405010601
200405010602
200405010603
200405010604
200405010606
200405010607
200405010608
200405010610
200405010702
200405010703
200405010704
200405010706
200405010707
200405010708
200405010709
200405010710
200405010711
200405010712
200405010801
200405010802
200405010803
200405010804
200405010805
200405010806
200405010807
200405010808
200405010809
200405010810
200405010811
200405010812
200405020104
200405020106
200405020107
200405020109
200405020111
200405020112
200405020203
200405020206
200405020209
200405020210
200405020211
200405020212
200405020302
200405020303
200405020304
200405020307
200405020311
200405020312
200405020403
200405020404
200405020406
200405020407
200405020408
200405020409
200405020410
200405020411
200405020412
200405020502
200405020503
200405020507
200405020512
200405020604
200405020605
200405020607
200405020611
200405020703
200405020704
200405020705
200405020707
200405020710
200405020711
200405020712
200405020802
200405020803
200405020804
200405020806
200405020807
200405020809
200405020810
200405020811
200405020812
200405030101
200405030102
200405030103
200405030106
200405030107
200405030108
200405030109
200405030110
200405030112
200405030201
200405030203
200405030204
200405030205
200405030207
200405030208
200405030209
200405030210
200405030211
200405030212
200405030301
200405030303
200405030304
200405030307
200405030309
200405030310
200405030312
200405030401
200405030403
200405030404
200405030406
200405030407
200405030408
200405030410
200405030411
200405030501
200405030504
200405030506
200405030509
200405030510
200405030511
200405030512
200405030605
200405030607
200405030608
200405030610
200405030611
200405030701
200405030702
200405030703
200405030704
200405030705
200405030706
200405030707
200405030708
200405030710
200405030711
200405030712
200405030802
200405030803
200405030804
200405030805
200405030806
200405030808
200405030809
200405030810
200405030811
200405030812
200405040101
200405040103
200405040104
200405040106
200405040107
200405040110
200405040111
200405040112
200405040202
200405040203
200405040205
200405040206
200405040208
200405040209
200405040211
200405040212
200405040301
200405040304
200405040305
200405040306
200405040307
200405040311
200405040312
200405040404
200405040406
200405040408
200405040409
200405040411
200405040412
200405040502
200405040505
200405040506
200405040508
200405040511
200405040512
200405040601
200405040602
200405040603
200405040607
200405040608
200405040609
200405040611
200405040612
200405040703
200405040705
200405040706
200405040711
200405040712
200405040801
200405040802
200405040804
200405040807
200405040809
200405040810
200405040811
200405040812
200405050104
200405050105
200405050107
200405050111
200405050112
200405050202
200405050208
200405050210
200405050211
200405050212
200405050302
200405050307
200405050308
200405050312
200405050402
200405050404
200405050405
200405050407
200405050408
200405050409
200405050410
200405050411
200405050412
200405050502
200405050503
200405050505
200405050506
200405050507
200405050508
200405050510
200405050512
200405050601
200405050607
200405050608
200405050609
200405050610
200405050611
200405050701
200405050702
200405050705
200405050707
200405050708
200405050709
200405050710
200405050711
200405050712
200405050802
200405050803
200405050804
200405050805
200405050806
200405050807
200405050808
200405050809
200405050810
200405050811