200406010101
200406010104
200406010106
200406010107
200406010108
200406010110
200406010111
200406010112
200406010201
200406010204
200406010205
200406010206
200406010208
200406010209
200406010212
200406010301
200406010303
200406010304
200406010306
200406010307
200406010308
200406010309
200406010310
200406010311
200406010312
200406010401
200406010404
200406010406
200406010408
200406010411
200406010412
200406010501
200406010503
200406010504
200406010506
200406010507
200406010508
200406010509
200406010511
200406010512
200406010601
200406010606
200406010607
200406010610
200406010611
200406010704
200406010707
200406010709
200406010711
200406010712
200406010802
200406010807
200406010808
200406010809
200406010810
200406010812
200406020102
200406020104
200406020106
200406020107
200406020108
200406020109
200406020110
200406020112
200406020203
200406020205
200406020206
200406020207
200406020209
200406020211
200406020212
200406020302
200406020306
200406020307
200406020310
200406020311
200406020312
200406020401
200406020402
200406020404
200406020405
200406020406
200406020407
200406020408
200406020409
200406020411
200406020501
200406020502
200406020506
200406020507
200406020508
200406020509
200406020510
200406020511
200406020512
200406020601
200406020602
200406020603
200406020606
200406020607
200406020608
200406020609
200406020610
200406020611
200406020612
200406020702
200406020705
200406020706
200406020707
200406020708
200406020710
200406020711
200406020712
200406020802
200406020804
200406020806
200406020807
200406020809
200406020811
200406030101
200406030105
200406030106
200406030107
200406030110
200406030111
200406030201
200406030202
200406030207
200406030210
200406030302
200406030303
200406030304
200406030305
200406030306
200406030309
200406030312
200406030401
200406030402
200406030404
200406030407
200406030408
200406030409
200406030410
200406030411
200406030412
200406030501
200406030504
200406030507
200406030508
200406030510
200406030511
200406030512
200406030601
200406030606
200406030610
200406030612
200406030701
200406030704
200406030706
200406030707
200406030708
200406030709
200406030710
200406030801
200406030803
200406030804
200406030808
200406030809
200406030810
200406030811
200406030812
200406040101
200406040102
200406040103
200406040105
200406040107
200406040108
200406040109
200406040110
200406040111
200406040112
200406040203
200406040205
200406040206
200406040207
200406040208
200406040209
200406040210
200406040211
200406040212
200406040303
200406040305
200406040306
200406040308
200406040309
200406040310
200406040311
200406040401
200406040402
200406040403
200406040405
200406040407
200406040408
200406040409
200406040412
200406040502
200406040503
200406040505
200406040506
200406040507
200406040508
200406040509
200406040510
200406040511
200406040512
200406040602
200406040603
200406040605
200406040606
200406040607
200406040608
200406040609
200406040610
200406040611
200406040706
200406040708
200406040710
200406040712
200406040803
200406040805
200406040806
200406040807
200406040810
200406040811
200406050101
200406050102
200406050104
200406050105
200406050107
200406050108
200406050110
200406050112
200406050201
200406050203
200406050204
200406050205
200406050208
200406050210
200406050211
200406050303
200406050304
200406050306
200406050310
200406050311
200406050312
200406050403
200406050405
200406050407
200406050408
200406050411
200406050412
200406050502
200406050506
200406050507
200406050508
200406050510
200406050512
200406050603
200406050605
200406050606
200406050607
200406050608
200406050610
200406050611
200406050701
200406050702
200406050703
200406050705
200406050706
200406050707
200406050711
200406050802
200406050804
200406050806
200406050807
200406050808
200406050809