200435051010
200435051606
200435051703
200435051707
200435052310
200435052406
200435052904
200435053108
200435060508
200435060605
200435060610
200435061203
200435071807
200435072405
200435080107
200435080210
200435080910
200435081310
200435081708
200435091901
200435091910
200435092010
200435092511
200435092610
200435092702
200435100206
200435101005
200435101010
200435101102
200435101107
200435101110
200435101705
200435101709
200435101805
200435102306
200435102309
200435110105
200435110107
200435110608
200435110702