200444010606
200444010702
200444010812
200444011002
200444011007
200444012004
200444012104
200444012107
200444012110
200444012111
200444012211
200444012309
200444012311
200444021210
200444021302
200444021310
200444021603
200444021608
200444021701
200444021710
200444021711
200444021805
200444030206
200444030401
200444030508
200444030509
200444031509
200444031606
200444031801
200444031907
200444031909
200444040909
200444041008
200444041206
200444041208
200444041903
200444042209
200444042304
200444052110
200444052301
200444052302
200444052406
200444052409
200444052410
200444060310
200444060402
200444060408
200444061009
200444061207
200444061208
200444061302
200444061404
200444061410
200444062702
200444062710
200444062808
200444062901
200444062906
200444063003
200444063009
200444063010
200444070706
200444070710
200444070802
200444070804
200444070808
200444070810
200444070906
200444071001
200444072408
200444072604
200444072606
200444072610
200444080204
200444080404
200444080410
200444080509
200444080601
200444080707
200444080708
200444081801
200444081810
200444081901
200444081902
200444081907
200444081908
200444091305
200444091410
200444091509
200444091601
200444091702
200444091804
200444091806
200444092604
200444092709
200444092801
200444092806
200444092902
200444092909
200444092910
200444093001
200444093007
200444101407
200444101409
200444101410
200444101504
200444101508
200444101511
200444101705
200444101801
200444101803
200444101808
200444102901
200444102907
200444103005
200444103010
200444103108
200444110102
200444110204
200444110309
200444110310
200444110311
200444111008
200444111208
200444111304
200444111308
200444111408
200444111409
200444111504
200444111508
200444111510
200444120609
200444120610
200444120703
200444120709
200444120804
200444120909
200444121003
200444122708
200444122805
200444122811
200444122909
200444123009
200444123104
200444123105
200444123111