200446010406
200446010409
200446032806
200446032809
200446041809
200446041905
200446041908
200446052506
200446052510
200446061407
200446061507
200446062712
200446071208
200446071306
200446072602
200446072708
200446080803
200446080908
200446081009
200446082402
200446082409
200446091402
200446092703
200446092803
200446101010
200446101106
200446101209
200446102404
200446102410
200446102609
200446110709
200446110803
200446110904
200446110905
200446112105
200446112207
200446112208
200446112306
200446113006
200446120510
200446120602
200446120609
200446121405
200446121909
200446122608