200448010108
200448010205
200448010210
200448010303
200448010306
200448010310
200448010409
200448011808
200448011810
200448012004
200448012011
200448012103
200448012110
200448012208
200448012301
200448012304
200448012309
200448012310
200448012706
200448012711
200448012802
200448012803
200448012808
200448012911
200448013004
200448020812
200448021004
200448021009
200448021111
200448021201
200448021209
200448021210
200448021305
200448021306
200448022404
200448022408
200448022607
200448022611
200448022711
200448031005
200448031205
200448031210
200448031506
200448031511
200448032503
200448032505
200448032607
200448032912
200448033012
200448041211
200448041405
200448041407
200448041911
200448042104
200448042105
200448042205
200448042208
200448042301
200448050310
200448050506
200448050601
200448050610
200448050702
200448052508
200448052601
200448052608
200448052611
200448052711
200448052803
200448052809
200448060803
200448060908
200448060910
200448061007
200448061104
200448061402
200448061511
200448061707
200448061711
200448061805
200448070206
200448070210
200448070211
200448070606
200448070702
200448070710
200448071904
200448071906
200448072007
200448072010
200448072208
200448072209
200448072210
200448080906
200448081110
200448081308
200448082306
200448082409
200448082508
200448082606
200448082607
200448082608
200448090602
200448090608
200448090610
200448090808
200448090809
200448090811
200448090909
200448091010
200448092106
200448092108
200448092212
200448092307
200448092407
200448092410
200448100407
200448100408
200448100411
200448100707
200448100709
200448101806
200448101808
200448101911
200448102009
200448102011
200448102110
200448102503
200448102511
200448102706
200448102710
200448102807
200448102811
200448110806
200448110809
200448110810
200448111110
200448111206
200448111211
200448112905
200448112908
200448112910
200448113011
200448120210
200448120304
200448120305
200448120306
200448120308
200448122011
200448122103
200448122104
200448122111
200448122208
200448122307