200451022401
200451022410
200451022506
200451022607
200451022608
200451030202
200451030207
200451030311
200451030407
200451030901
200451031005
200451031006
200451031008
200451031009
200451031011
200451031106
200451031107
200451031110
200451031210
200451031810
200451031901
200451031907
200451032310
200451032403
200451032406
200451032501
200451032504
200451032505
200451032510
200451082502
200451082507
200451082508
200451082510
200451082609
200451090110
200451090810
200451090907
200451090909
200451090910
200451091408
200451091409
200451091503
200451091506
200451091610