199302010103
199302010110
199302010202
199302010204
199302010205
199302010207
199302010208
199302010210
199302010211
199302010212
199302010305
199302010308
199302010310
199302010311
199302010403
199302010405
199302010411
199302010412
199302010508
199302010511
199302010512
199302010604
199302010605
199302010606
199302010607
199302010609
199302010610
199302010611
199302010703
199302010709
199302010712
199302010802
199302010803
199302010805
199302010807
199302010809
199302010811
199302020104
199302020105
199302020109
199302020110
199302020203
199302020206
199302020208
199302020209
199302020210
199302020211
199302020305
199302020308
199302020309
199302020310
199302020402
199302020405
199302020409
199302020502
199302020506
199302020507
199302020508
199302020510
199302020605
199302020606
199302020607
199302020609
199302020704
199302020709
199302020710
199302020802
199302020803
199302020805
199302020806
199302020810