198801010101
198801010102
198801010103
198801010104
198801010105
198801010106
198801010107
198801010108
198801010109
198801010110
198801010201
198801010202
198801010203
198801010204
198801010205
198801010206
198801010207
198801010208
198801010301
198801010302
198801010303
198801010304
198801010305
198801010306
198801010307
198801010401
198801010402
198801010403
198801010404
198801010405
198801010406
198801010407
198801010408
198801010409
198801010501
198801010502
198801010503
198801010504
198801010505
198801010506
198801010507
198801010508
198801010601
198801010602
198801010603
198801010604
198801010605
198801010606
198801010607
198801010608
198801010609
198801010610
198801010701
198801010702
198801010703
198801010704
198801010705
198801010706
198801010707
198801010708
198801010801
198801010802
198801010803
198801010804
198801010805
198801010806
198801010807
198801010808
198801020101
198801020102
198801020103
198801020104
198801020105
198801020106
198801020107
198801020108
198801020109
198801020110
198801020111
198801020201
198801020202
198801020203
198801020204
198801020205
198801020206
198801020207
198801020208
198801020209
198801020210
198801020211
198801020212
198801020301
198801020302
198801020303
198801020304
198801020305
198801020306
198801020307
198801020308
198801020309
198801020310
198801020401
198801020402
198801020403
198801020404
198801020405
198801020406
198801020407
198801020408
198801020409
198801020410
198801020411
198801020501
198801020502
198801020503
198801020504
198801020505
198801020506
198801020507
198801020508
198801020509
198801020510
198801020601
198801020602
198801020603
198801020604
198801020605
198801020606
198801020607
198801020608
198801020609
198801020610
198801020701
198801020702
198801020703
198801020704
198801020705
198801020706
198801020707
198801020708
198801020709
198801020801
198801020802
198801020803
198801020804
198801020805
198801020806
198801020807
198801020808
198801020809
198801020810
198801020811