198802010101
198802010102
198802010103
198802010104
198802010105
198802010106
198802010107
198802010108
198802010109
198802010110
198802010201
198802010202
198802010203
198802010204
198802010205
198802010206
198802010207
198802010208
198802010209
198802010210
198802010301
198802010302
198802010303
198802010304
198802010305
198802010306
198802010307
198802010308
198802010309
198802010310
198802010401
198802010402
198802010403
198802010404
198802010405
198802010406
198802010407
198802010408
198802010409
198802010410
198802010501
198802010502
198802010503
198802010504
198802010505
198802010506
198802010507
198802010508
198802010601
198802010602
198802010603
198802010604
198802010605
198802010606
198802010607
198802010608
198802010609
198802010610
198802010701
198802010702
198802010703
198802010704
198802010705
198802010706
198802010707
198802010708
198802010709
198802010710
198802010711
198802010801
198802010802
198802010803
198802010804
198802010805
198802010806
198802010807
198802010808
198802010809
198802020101
198802020102
198802020103
198802020104
198802020105
198802020106
198802020107
198802020108
198802020109
198802020201
198802020202
198802020203
198802020204
198802020205
198802020206
198802020207
198802020208
198802020301
198802020302
198802020303
198802020304
198802020305
198802020306
198802020307
198802020401
198802020402
198802020403
198802020404
198802020405
198802020406
198802020407
198802020408
198802020409
198802020501
198802020502
198802020503
198802020504
198802020505
198802020506
198802020507
198802020508
198802020601
198802020602
198802020603
198802020604
198802020605
198802020606
198802020607
198802020608
198802020609
198802020701
198802020702
198802020801
198802020802
198802020803
198802020804
198802020805
198802020806
198802020807
198802020808
198802020809