198803010101
198803010102
198803010103
198803010104
198803010105
198803010106
198803010107
198803010108
198803010109
198803010110
198803010111
198803010112
198803010201
198803010202
198803010203
198803010204
198803010205
198803010206
198803010207
198803010208
198803010209
198803010210
198803010301
198803010302
198803010303
198803010304
198803010305
198803010306
198803010307
198803010308
198803010309
198803010310
198803010401
198803010402
198803010403
198803010404
198803010405
198803010406
198803010407
198803010408
198803010409
198803010410
198803010411
198803010412
198803010501
198803010502
198803010503
198803010504
198803010505
198803010506
198803010507
198803010508
198803010509
198803010510
198803010511
198803010601
198803010602
198803010603
198803010604
198803010605
198803010606
198803010607
198803010608
198803010701
198803010702
198803010703
198803010704
198803010705
198803010706
198803010707
198803010708
198803010709
198803010710
198803010801
198803010802
198803010803
198803010804
198803010805
198803010806
198803010807
198803010808
198803010809
198803010810
198803010811
198803020101
198803020102
198803020103
198803020104
198803020105
198803020106
198803020107
198803020108
198803020109
198803020110
198803020201
198803020202
198803020203
198803020204
198803020205
198803020206
198803020207
198803020208
198803020209
198803020210
198803020211
198803020212
198803020301
198803020302
198803020303
198803020304
198803020305
198803020306
198803020307
198803020308
198803020309
198803020310
198803020401
198803020402
198803020403
198803020404
198803020405
198803020406
198803020407
198803020408
198803020409
198803020410
198803020411
198803020412
198803020501
198803020502
198803020503
198803020504
198803020505
198803020506
198803020507
198803020508
198803020509
198803020510
198803020601
198803020602
198803020603
198803020604
198803020605
198803020606
198803020607
198803020608
198803020609
198803020701
198803020702
198803020703
198803020704
198803020705
198803020706
198803020707
198803020708
198803020801
198803020802
198803020803
198803020804
198803020805
198803020806
198803020807
198803020808
198803020809
198803030101
198803030102
198803030103
198803030104
198803030105
198803030106
198803030107
198803030108
198803030201
198803030202
198803030203
198803030204
198803030205
198803030206
198803030207
198803030208
198803030301
198803030302
198803030303
198803030304
198803030305
198803030306
198803030307
198803030308
198803030309
198803030401
198803030402
198803030403
198803030404
198803030405
198803030406
198803030407
198803030408
198803030409
198803030410
198803030411
198803030501
198803030502
198803030503
198803030504
198803030505
198803030506
198803030507
198803030601
198803030602
198803030603
198803030604
198803030605
198803030606
198803030607
198803030608
198803030609
198803030610
198803030701
198803030702
198803030703
198803030704
198803030705
198803030706
198803030707
198803030708
198803030709
198803030801
198803030802
198803030803
198803030804
198803030805
198803030806
198803030807
198803030808
198803030809
198803030810
198803030811
198803040101
198803040102
198803040103
198803040201
198803040202
198803040203
198803040204
198803040205
198803040206
198803040207
198803040208
198803040209
198803040210
198803040301
198803040302
198803040303
198803040304
198803040305
198803040306
198803040307
198803040308
198803040309
198803040310
198803040311
198803040312
198803040401
198803040402
198803040403
198803040404
198803040405
198803040406
198803040407
198803040408
198803040409
198803040410
198803040411
198803040412
198803040501
198803040502
198803040503
198803040504
198803040505
198803040506
198803040507
198803040508
198803040509
198803040510
198803040511
198803040512
198803040601
198803040602
198803040603
198803040604
198803040605
198803040606
198803040607
198803040608
198803040609
198803040610
198803040611
198803040701
198803040702
198803040703
198803040704
198803040705
198803040706
198803040707
198803040708
198803040709
198803040710
198803040711
198803040801
198803040802
198803040803
198803040804
198803040805
198803040806
198803040807
198803040808
198803040809
198803040810
198803040811