198804010101
198804010102
198804010103
198804010104
198804010105
198804010106
198804010107
198804010108
198804010109
198804010110
198804010111
198804010112
198804010201
198804010202
198804010203
198804010204
198804010205
198804010206
198804010207
198804010208
198804010209
198804010210
198804010301
198804010302
198804010303
198804010304
198804010305
198804010306
198804010307
198804010308
198804010309
198804010310
198804010501
198804010502
198804010503
198804010504
198804010505
198804010506
198804010507
198804010601
198804010602
198804010603
198804010604
198804010701
198804010702
198804010703
198804010704
198804010705
198804010706
198804010707
198804010708
198804010709
198804010801
198804010802
198804010803
198804010804
198804010805
198804010806
198804010807
198804010808
198804010809
198804010810
198804020101
198804020102
198804020103
198804020104
198804020105
198804020106
198804020107
198804020108
198804020109
198804020110
198804020201
198804020202
198804020203
198804020204
198804020205
198804020206
198804020207
198804020208
198804020209
198804020210
198804020211
198804020212
198804020301
198804020302
198804020303
198804020304
198804020305
198804020306
198804020307
198804020401
198804020402
198804020403
198804020404
198804020405
198804020406
198804020407
198804020501
198804020502
198804020503
198804020504
198804020505
198804020506
198804020507
198804020508
198804020509
198804020510
198804020601
198804020602
198804020603
198804020604
198804020605
198804020606
198804020607
198804020701
198804020702
198804020703
198804020704
198804020705
198804020706
198804020707
198804020801
198804020802
198804020803
198804020804
198804020805
198804020806
198804020807
198804020808
198804020809
198804020810
198804020811
198804030101
198804030102
198804030103
198804030104
198804030105
198804030106
198804030107
198804030108
198804030109
198804030110
198804030201
198804030202
198804030203
198804030204
198804030205
198804030206
198804030207
198804030208
198804030209
198804030210
198804030211
198804030301
198804030302
198804030303
198804030304
198804030305
198804030306
198804030307
198804030308
198804030309
198804030401
198804030402
198804030403
198804030404
198804030405
198804030406
198804030407
198804030408
198804030409
198804030410
198804030411
198804030501
198804030502
198804030503
198804030504
198804030505
198804030506
198804030601
198804030602
198804030603
198804030604
198804030605
198804030606
198804030607
198804030608
198804030609
198804030701
198804030702
198804030703
198804030704
198804030705
198804030706
198804030707
198804030708
198804030709
198804030801
198804030802
198804030803
198804030804
198804030805
198804030806
198804030807
198804030808
198804030809
198804030810