198805010103
198805010107
198805010112
198805010205
198805010207
198805010211
198805010309
198805010311
198805010406
198805010411
198805010412
198805010511
198805010609
198805010610
198805010611
198805010705
198805010707
198805010709
198805010809
198805010810
198805010812
198805020104
198805020109
198805020110
198805020206
198805020207
198805020209
198805020210
198805020211
198805020401
198805020407
198805020410
198805020411
198805020507
198805020510
198805020511
198805020608
198805020611
198805020612
198805020704
198805020711
198805020808
198805020811
198805030101
198805030108
198805030109
198805030206
198805030210
198805030211
198805030312
198805030408
198805030412
198805030502
198805030507
198805030508
198805030509
198805030510
198805030511
198805030606
198805030610
198805030612
198805030706
198805030710
198805030807
198805030811
198805040101
198805040109
198805040110
198805040112
198805040201
198805040210
198805040211
198805040212
198805040303
198805040305
198805040308
198805040312
198805040409
198805040410
198805040411
198805040510
198805040512
198805040601
198805040605
198805040606
198805040609
198805040611
198805040612
198805040708
198805040710
198805040711
198805040712
198805040803
198805040804
198805040810
198805050103
198805050106
198805050109
198805050111
198805050209
198805050210
198805050211
198805050308
198805050403
198805050404
198805050409
198805050410
198805050411
198805050511
198805050607
198805050608
198805050610
198805050702
198805050704
198805050705
198805050707
198805050710
198805050711
198805050806
198805050809
198805050811
198805050812
198805060105
198805060106
198805060108
198805060201
198805060203
198805060207
198805060210
198805060305
198805060306
198805060308
198805060309
198805060408
198805060410
198805060411
198805060501
198805060505
198805060506
198805060507
198805060509
198805060602
198805060607
198805060701
198805060712
198805060806
198805060807
198805060810
198805070103
198805070104
198805070107
198805070110
198805070111
198805070203
198805070205
198805070211
198805070305
198805070306
198805070307
198805070308
198805070310
198805070311
198805070312
198805070403
198805070406
198805070408
198805070409
198805070411
198805070505
198805070507
198805070607
198805070608
198805070610
198805070701
198805070706
198805070707
198805070708
198805070710
198805070801
198805070802
198805070804
198805070805
198805070807
198805070810
198805070811