198806010101
198806010102
198806010103
198806010104
198806010105
198806010106
198806010107
198806010201
198806010202
198806010203
198806010204
198806010205
198806010206
198806010207
198806010208
198806010209
198806010210
198806010211
198806010301
198806010302
198806010303
198806010304
198806010305
198806010306
198806010307
198806010308
198806010309
198806010310
198806010311
198806010312
198806010401
198806010402
198806010403
198806010404
198806010405
198806010406
198806010407
198806010501
198806010502
198806010503
198806010504
198806010505
198806010506
198806010507
198806010508
198806010509
198806010510
198806010511
198806010601
198806010602
198806010603
198806010604
198806010605
198806010606
198806010607
198806010608
198806010609
198806010610
198806010611
198806010701
198806010702
198806010703
198806010704
198806010705
198806010706
198806010707
198806010708
198806010709
198806010710
198806010711
198806010801
198806010802
198806010803
198806010804
198806010805
198806010806
198806010807
198806010808
198806010809
198806010810
198806020101
198806020102
198806020103
198806020104
198806020105
198806020106
198806020107
198806020108
198806020109
198806020110
198806020111
198806020112
198806020201
198806020202
198806020203
198806020204
198806020205
198806020206
198806020207
198806020208
198806020209
198806020210
198806020211
198806020301
198806020302
198806020303
198806020304
198806020305
198806020306
198806020307
198806020308
198806020309
198806020310
198806020311
198806020312
198806020401
198806020402
198806020403
198806020404
198806020405
198806020406
198806020407
198806020408
198806020409
198806020410
198806020411
198806020412
198806020501
198806020502
198806020503
198806020504
198806020505
198806020506
198806020507
198806020508
198806020509
198806020510
198806020511
198806020512
198806020601
198806020602
198806020603
198806020604
198806020605
198806020606
198806020607
198806020608
198806020609
198806020610
198806020701
198806020702
198806020703
198806020704
198806020705
198806020706
198806020707
198806020708
198806020709
198806020710
198806020711
198806020712
198806020801
198806020802
198806020803
198806020804
198806020805
198806020806
198806020807
198806020808
198806020809