198807010101
198807010102
198807010103
198807010104
198807010105
198807010106
198807010107
198807010108
198807010109
198807010110
198807010201
198807010202
198807010203
198807010204
198807010205
198807010206
198807010207
198807010208
198807010209
198807010210
198807010211
198807010212
198807010301
198807010302
198807010303
198807010304
198807010305
198807010306
198807010307
198807010308
198807010309
198807010310
198807010401
198807010402
198807010403
198807010404
198807010405
198807010406
198807010407
198807010408
198807010409
198807010501
198807010502
198807010503
198807010504
198807010505
198807010506
198807010507
198807010508
198807010509
198807010601
198807010602
198807010603
198807010604
198807010605
198807010606
198807010607
198807010608
198807010609
198807010701
198807010702
198807010703
198807010704
198807010705
198807010706
198807010707
198807010708
198807010709
198807010710
198807010801
198807010802
198807010803
198807010804
198807010805
198807010806
198807010807
198807010808
198807010809
198807010810
198807010811
198807020101
198807020102
198807020103
198807020104
198807020105
198807020106
198807020107
198807020108
198807020109
198807020110
198807020111
198807020112
198807020201
198807020202
198807020203
198807020204
198807020205
198807020206
198807020207
198807020208
198807020209
198807020210
198807020211
198807020301
198807020302
198807020303
198807020304
198807020305
198807020306
198807020307
198807020308
198807020401
198807020402
198807020403
198807020404
198807020405
198807020406
198807020407
198807020408
198807020409
198807020410
198807020411
198807020412
198807020501
198807020502
198807020503
198807020504
198807020505
198807020506
198807020601
198807020602
198807020603
198807020604
198807020605
198807020606
198807020607
198807020608
198807020609
198807020610
198807020611
198807020701
198807020702
198807020703
198807020704
198807020705
198807020706
198807020707
198807020708
198807020801
198807020802
198807020803
198807020804
198807020805
198807020806
198807020807
198807020808
198807020809
198807020810
198807020811
198807020812
198807030101
198807030102
198807030103
198807030104
198807030105
198807030106
198807030107
198807030108
198807030109
198807030110
198807030111
198807030201
198807030202
198807030203
198807030204
198807030205
198807030206
198807030207
198807030208
198807030209
198807030210
198807030211
198807030212
198807030301
198807030302
198807030303
198807030304
198807030305
198807030306
198807030307
198807030308
198807030309
198807030401
198807030402
198807030403
198807030404
198807030405
198807030406
198807030407
198807030408
198807030409
198807030410
198807030411
198807030501
198807030502
198807030503
198807030504
198807030505
198807030506
198807030507
198807030508
198807030509
198807030510
198807030511
198807030512
198807030601
198807030602
198807030603
198807030604
198807030605
198807030606
198807030607
198807030608
198807030609
198807030610
198807030611
198807030701
198807030702
198807030703
198807030704
198807030705
198807030706
198807030707
198807030708
198807030709
198807030710
198807030711
198807030801
198807030802
198807030803
198807030804
198807030805
198807030806
198807030807
198807030808
198807030809
198807030810
198807030811