198808010101
198808010102
198808010103
198808010104
198808010105
198808010106
198808010107
198808010108
198808010109
198808010110
198808010111
198808010112
198808010201
198808010202
198808010203
198808010204
198808010205
198808010206
198808010207
198808010208
198808010209
198808010210
198808010211
198808010212
198808010301
198808010302
198808010303
198808010304
198808010305
198808010306
198808010307
198808010308
198808010309
198808010310
198808010311
198808010312
198808010401
198808010402
198808010403
198808010404
198808010405
198808010406
198808010407
198808010408
198808010409
198808010410
198808010411
198808010501
198808010502
198808010503
198808010504
198808010505
198808010506
198808010507
198808010508
198808010509
198808010510
198808010511
198808010512
198808010601
198808010602
198808010603
198808010604
198808010605
198808010606
198808010607
198808010608
198808010609
198808010701
198808010702
198808010703
198808010704
198808010705
198808010706
198808010707
198808010708
198808010709
198808010710
198808010711
198808010712
198808010801
198808010802
198808010803
198808010804
198808010805
198808010806
198808010807
198808010808
198808010809
198808010810
198808010811
198808010812
198808020101
198808020102
198808020103
198808020104
198808020105
198808020106
198808020107
198808020108
198808020109
198808020110
198808020201
198808020202
198808020203
198808020204
198808020205
198808020206
198808020207
198808020208
198808020209
198808020210
198808020211
198808020212
198808020301
198808020302
198808020303
198808020304
198808020305
198808020306
198808020307
198808020308
198808020309
198808020310
198808020401
198808020402
198808020403
198808020404
198808020405
198808020406
198808020407
198808020408
198808020409
198808020410
198808020411
198808020501
198808020502
198808020503
198808020504
198808020505
198808020506
198808020507
198808020508
198808020509
198808020510
198808020511
198808020512
198808020601
198808020602
198808020603
198808020604
198808020605
198808020606
198808020607
198808020608
198808020609
198808020610
198808020611
198808020701
198808020702
198808020703
198808020704
198808020705
198808020706
198808020707
198808020708
198808020709
198808020710
198808020801
198808020802
198808020803
198808020804
198808020805
198808020806
198808020807
198808020808
198808020809
198808020810
198808030101
198808030102
198808030103
198808030104
198808030105
198808030106
198808030107
198808030108
198808030109
198808030110
198808030111
198808030112
198808030201
198808030202
198808030203
198808030204
198808030205
198808030206
198808030207
198808030208
198808030209
198808030210
198808030211
198808030301
198808030302
198808030303
198808030304
198808030305
198808030306
198808030307
198808030308
198808030309
198808030310
198808030401
198808030402
198808030403
198808030404
198808030405
198808030406
198808030407
198808030408
198808030409
198808030410
198808030411
198808030412
198808030501
198808030502
198808030503
198808030504
198808030505
198808030506
198808030507
198808030508
198808030509
198808030510
198808030601
198808030602
198808030603
198808030604
198808030605
198808030606
198808030607
198808030608
198808030609
198808030610
198808030611
198808030612
198808030701
198808030702
198808030703
198808030704
198808030705
198808030706
198808030707
198808030708
198808030709
198808030710
198808030711
198808030801
198808030802
198808030803
198808030804
198808030805
198808030806
198808030807
198808030808
198808030809
198808030810
198808030811
198808030812
198808040101
198808040102
198808040103
198808040104
198808040105
198808040106
198808040107
198808040108
198808040109
198808040110
198808040111
198808040201
198808040202
198808040203
198808040204
198808040205
198808040206
198808040207
198808040208
198808040209
198808040210
198808040211
198808040301
198808040302
198808040303
198808040304
198808040305
198808040306
198808040307
198808040308
198808040309
198808040310
198808040311
198808040312
198808040401
198808040402
198808040403
198808040404
198808040405
198808040406
198808040407
198808040408
198808040409
198808040410
198808040411
198808040412
198808040501
198808040502
198808040503
198808040504
198808040505
198808040506
198808040507
198808040508
198808040509
198808040510
198808040511
198808040512
198808040601
198808040602
198808040603
198808040604
198808040605
198808040606
198808040607
198808040608
198808040609
198808040610
198808040611
198808040612
198808040701
198808040702
198808040703
198808040704
198808040705
198808040706
198808040707
198808040708
198808040709
198808040710
198808040711
198808040801
198808040802
198808040803
198808040804
198808040805
198808040806
198808040807
198808040808
198808040809
198808040810
198808040811
198808050101
198808050102
198808050103
198808050104
198808050105
198808050106
198808050107
198808050108
198808050109
198808050110
198808050111
198808050112
198808050201
198808050202
198808050203
198808050204
198808050205
198808050206
198808050207
198808050208
198808050209
198808050210
198808050211
198808050301
198808050302
198808050303
198808050304
198808050305
198808050306
198808050307
198808050308
198808050309
198808050310
198808050311
198808050312
198808050401
198808050402
198808050403
198808050404
198808050405
198808050406
198808050407
198808050408
198808050409
198808050410
198808050411
198808050501
198808050502
198808050503
198808050504
198808050505
198808050506
198808050507
198808050508
198808050509
198808050510
198808050511
198808050601
198808050602
198808050603
198808050604
198808050605
198808050606
198808050607
198808050608
198808050609
198808050610
198808050611
198808050701
198808050702
198808050703
198808050704
198808050705
198808050706
198808050707
198808050708
198808050709
198808050710
198808050711
198808050801
198808050802
198808050803
198808050804
198808050805
198808050806
198808050807
198808050808
198808050809
198808050810
198808050811