198809010101
198809010102
198809010103
198809010104
198809010105
198809010106
198809010107
198809010108
198809010109
198809010110
198809010111
198809010112
198809010201
198809010202
198809010203
198809010204
198809010205
198809010206
198809010207
198809010208
198809010209
198809010210
198809010211
198809010212
198809010301
198809010302
198809010303
198809010304
198809010305
198809010306
198809010307
198809010308
198809010309
198809010310
198809010311
198809010401
198809010402
198809010403
198809010404
198809010405
198809010406
198809010407
198809010408
198809010409
198809010410
198809010411
198809010501
198809010502
198809010503
198809010504
198809010505
198809010506
198809010507
198809010508
198809010509
198809010510
198809010511
198809010512
198809010601
198809010602
198809010603
198809010604
198809010605
198809010606
198809010607
198809010608
198809010609
198809010610
198809010611
198809010701
198809010702
198809010703
198809010704
198809010705
198809010706
198809010707
198809010708
198809010709
198809010710
198809010711
198809010712
198809010801
198809010802
198809010803
198809010804
198809010805
198809010806
198809010807
198809010808
198809010809
198809010810
198809010811
198809020101
198809020102
198809020103
198809020104
198809020105
198809020106
198809020107
198809020108
198809020201
198809020202
198809020203
198809020204
198809020205
198809020206
198809020207
198809020208
198809020209
198809020210
198809020211
198809020212
198809020301
198809020302
198809020303
198809020304
198809020305
198809020306
198809020307
198809020308
198809020309
198809020310
198809020311
198809020312
198809020401
198809020402
198809020403
198809020404
198809020405
198809020406
198809020407
198809020408
198809020409
198809020410
198809020411
198809020412
198809020501
198809020502
198809020503
198809020504
198809020505
198809020506
198809020507
198809020508
198809020509
198809020510
198809020511
198809020512
198809020601
198809020602
198809020603
198809020604
198809020605
198809020606
198809020607
198809020608
198809020609
198809020610
198809020701
198809020702
198809020703
198809020704
198809020705
198809020706
198809020707
198809020708
198809020709
198809020801
198809020802
198809020803
198809020804
198809020805
198809020806
198809020807
198809020808
198809020809
198809020810
198809020811
198809030101
198809030102
198809030103
198809030104
198809030105
198809030106
198809030107
198809030108
198809030109
198809030110
198809030111
198809030201
198809030202
198809030203
198809030204
198809030205
198809030206
198809030207
198809030208
198809030209
198809030210
198809030211
198809030301
198809030302
198809030303
198809030304
198809030305
198809030306
198809030307
198809030308
198809030309
198809030401
198809030402
198809030403
198809030404
198809030405
198809030406
198809030407
198809030408
198809030409
198809030410
198809030411
198809030412
198809030501
198809030502
198809030503
198809030504
198809030505
198809030506
198809030507
198809030508
198809030509
198809030510
198809030511
198809030601
198809030602
198809030603
198809030604
198809030605
198809030606
198809030607
198809030608
198809030609
198809030610
198809030611
198809030612
198809030701
198809030702
198809030703
198809030704
198809030705
198809030706
198809030707
198809030708
198809030709
198809030710
198809030711
198809030712
198809030801
198809030802
198809030803
198809030804
198809030805
198809030806
198809030807
198809030808
198809030809
198809030810
198809030811
198809040101
198809040102
198809040103
198809040104
198809040105
198809040106
198809040107
198809040108
198809040109
198809040110
198809040111
198809040201
198809040202
198809040203
198809040204
198809040205
198809040206
198809040207
198809040208
198809040209
198809040210
198809040211
198809040212
198809040301
198809040302
198809040303
198809040304
198809040305
198809040306
198809040307
198809040308
198809040309
198809040310
198809040401
198809040402
198809040403
198809040404
198809040405
198809040406
198809040407
198809040408
198809040409
198809040410
198809040411
198809040501
198809040502
198809040503
198809040504
198809040505
198809040506
198809040507
198809040508
198809040509
198809040510
198809040511
198809040601
198809040602
198809040603
198809040604
198809040605
198809040606
198809040607
198809040608
198809040609
198809040610
198809040611
198809040701
198809040702
198809040703
198809040704
198809040705
198809040706
198809040707
198809040708
198809040709
198809040710
198809040801
198809040802
198809040803
198809040804
198809040805
198809040806
198809040807
198809040808
198809040809
198809040810
198809040811
198809050101
198809050102
198809050103
198809050104
198809050105
198809050106
198809050107
198809050108
198809050109
198809050110
198809050111
198809050112
198809050201
198809050202
198809050203
198809050204
198809050205
198809050206
198809050207
198809050208
198809050209
198809050210
198809050211
198809050301
198809050302
198809050303
198809050304
198809050305
198809050306
198809050307
198809050308
198809050309
198809050310
198809050311
198809050401
198809050402
198809050403
198809050404
198809050405
198809050406
198809050407
198809050408
198809050409
198809050410
198809050411
198809050501
198809050502
198809050503
198809050504
198809050505
198809050506
198809050507
198809050508
198809050509
198809050510
198809050511
198809050601
198809050602
198809050603
198809050604
198809050605
198809050606
198809050607
198809050608
198809050609
198809050610
198809050611
198809050701
198809050702
198809050703
198809050704
198809050705
198809050706
198809050707
198809050708
198809050709
198809050710
198809050711
198809050712
198809050801
198809050802
198809050803
198809050804
198809050805
198809050806
198809050807
198809050808
198809050809
198809050810
198809050811