198810010105
198810010108
198810010112
198810010211
198810010303
198810010308
198810010404
198810010406
198810010410
198810010411
198810010503
198810010611
198810010705
198810010808
198810010810
198810010811
198810020102
198810020108
198810020110
198810020204
198810020207
198810020209
198810020210
198810020212
198810020304
198810020309
198810020310
198810020311
198810020411
198810020509
198810020510
198810020606
198810020607
198810020608
198810020609
198810020611
198810020708
198810020711
198810020801
198810020802
198810020803
198810020809
198810020812
198810030106
198810030107
198810030111
198810030112
198810030206
198810030208
198810030211
198810030302
198810030307
198810030310
198810030311
198810030404
198810030406
198810030407
198810030505
198810030510
198810030608
198810030703
198810030705
198810030707
198810030708
198810030710
198810030805
198810030807