201530042211
201530042302
201530042306
201530042307
201530042308
201530042310
201530042311
201530042901
201530042909
201530050503
201530050506
201530050509
201530050511
201530050606
201530050607
201530050609
201530051305
201530051307
201530051309
201530051310
201530051409
201530052010
201530052012
201530052102
201530052104
201530052106
201530052109
201530052111
201530052703
201530052704
201530052710
201530052711
201530052803
201530060207
201530060209
201530060303
201530060307
201530060309
201530060310
201530060407
201530061008
201530061009
201530061010
201530061104
201530061108
201530061111
201530061608
201530061610
201530061711
201530061801
201530061803
201530061806
201530061808
201530062409
201530062506
201530062509
201530063008
201530063010
201530063011
201530070105
201530070108
201530070109
201530070110
201530070111
201530070203
201530070204
201530070208
201530070211
201530070809
201530070905
201530070910
201530070911
201530071410
201530071602
201530071603
201530071610
201530072103
201530072206
201530072208
201530072209
201530072211
201530072309
201530072907
201530072909
201530072911
201530073001
201530073004
201530073007
201530073008
201530080409
201530080412
201530080506
201530080511
201530080604
201530080611
201530081102
201530081108
201530081110
201530081112
201530081205
201530081211
201530081212
201530081301
201530081308
201530081309
201530081310
201530081812
201530081908
201530082010
201530082011
201530082012
201530082505
201530082508
201530082510
201530082511
201530082601
201530082602
201530082606
201530082610
201530082711
201530082712
201530090110
201530090112
201530090205
201530090206
201530090310
201530090809
201530090810
201530090909
201530091003
201530091004
201530091005
201530091010
201530091011
201530091509
201530091511
201530091610
201530091708
201530091711
201530092203
201530092209
201530092210
201530092212
201530092301
201530092303
201530092304
201530092305
201530092312
201530092403
201530092411
201530092412
201530092905
201530092907
201530092908
201530092910
201530093012
201530100108
201530100109
201530100110
201530100111
201530100112
201530100603
201530100606
201530100609
201530100610
201530100711
201530100806
201530100807
201530100808
201530100810
201530101304
201530101305
201530101402
201530101408
201530101410
201530101411
201530101412
201530101504
201530101507
201530101509
201530101510
201530101511
201530101512
201530102008
201530102010
201530102011
201530102104
201530102109
201530102112
201530102204
201530102205
201530102206
201530102208
201530102211
201530102702
201530102708
201530102709
201530102710
201530102711
201530102712
201530102803
201530102812
201530102903
201530102909
201530102910
201530110305
201530110311
201530110402
201530110404
201530110409
201530110505
201530110511
201530111003
201530111006
201530111008
201530111009
201530111011
201530111107
201530111109
201530111111
201530111112
201530111201
201530111204
201530111205
201530111210