201535050301
201535050302
201535050303
201535050304
201535050305
201535050306
201535050307
201535050308
201535050309
201535050310
201535050311
201535050401
201535050402
201535050403
201535050404
201535050405
201535050406
201535050407
201535050408
201535050409
201535050501
201535050502
201535050503
201535050504
201535050505
201535050506
201535051701
201535051702
201535051703
201535051704
201535051705
201535051801
201535051802
201535051803
201535051804
201535051805
201535051806
201535051807
201535051808
201535051809
201535051810
201535052301
201535052302
201535052303
201535052304
201535052305
201535052306
201535052307
201535052308
201535052309
201535052310
201535052501
201535052502
201535052503
201535052504
201535053001
201535053002
201535053003
201535053004
201535053005
201535053006
201535053007
201535053008
201535053009
201535053101
201535053102
201535053103
201535053104
201535053105
201535053106
201535053107
201535053108
201535053109
201535060701
201535060702
201535060703
201535060704
201535060705
201535060706
201535060707
201535060708
201535060709
201535060710
201535060711
201535060712
201535060801
201535060802
201535060803
201535060804
201535071801
201535071802
201535071803
201535071804
201535071805
201535071806
201535071807
201535071808
201535071809
201535071810
201535071901
201535071902
201535071903
201535071904
201535071905
201535071906
201535071907
201535071908
201535071909
201535072001
201535072002
201535072003
201535072004
201535072005
201535072006
201535072007
201535072008
201535072009
201535072010
201535072011
201535072012
201535072701
201535072702
201535080301
201535080302
201535080303
201535080304
201535080305
201535080306
201535080307
201535080308
201535080309
201535080310
201535080311
201535080801
201535080802
201535080803
201535080804
201535080805
201535080806
201535080807
201535080901
201535080902
201535080903
201535080904
201535080905
201535080906
201535080907
201535081201
201535081202
201535081203
201535081204
201535081205
201535081206
201535081207
201535081208
201535081209
201535081210
201535081211
201535081212
201535081601
201535081602
201535081603
201535081604
201535081701
201535081702
201535081703
201535081704
201535081705
201535081706
201535081707
201535081708
201535081709
201535081710
201535081711
201535091901
201535091902
201535091903
201535091904
201535091905
201535091906
201535091907
201535091908
201535091909
201535091910
201535092101
201535092102
201535092103
201535092104
201535092105
201535092106
201535092107
201535092108
201535092109
201535092110
201535092111
201535092112
201535092601
201535092602
201535092603
201535092604
201535092605
201535092606
201535092607
201535092608
201535092609
201535092701
201535092702
201535092703
201535092704
201535092705
201535092706
201535092707
201535092708
201535092801
201535092802
201535092803
201535092804
201535092805
201535092806
201535092807
201535092808
201535092809
201535092810
201535092811
201535092812
201535100301
201535100302
201535100303
201535100304
201535100305
201535100306
201535100307
201535100308
201535100309
201535100401
201535100402
201535100403
201535100404
201535100405
201535100406
201535100407
201535100408
201535100409
201535100410
201535100411
201535100501
201535100502
201535100503
201535100504
201535100505
201535100506
201535100507
201535100508
201535100509
201535100510
201535100511
201535101001
201535101002
201535101003
201535101004
201535101005
201535101006
201535101007
201535101008
201535101009
201535101101
201535101102
201535101103
201535101104
201535101105
201535101106
201535101107
201535101108
201535101109
201535101110
201535101201
201535101202
201535101203
201535101204
201535101205
201535101206
201535101207
201535101208
201535101209
201535101210
201535101211
201535101701
201535101702
201535101703
201535101801
201535101802
201535101803
201535101804
201535101805
201535101806
201535101807
201535101808
201535101809
201535101810
201535101811
201535101901
201535101902
201535101903
201535101904
201535101905
201535101906
201535101907
201535101908
201535101909
201535102401
201535102402
201535102403
201535102404
201535102405
201535102406
201535102407
201535102408
201535102409
201535102410
201535102501
201535102502
201535102503
201535102504
201535102505
201535102506
201535102507
201535102508
201535102509
201535103101
201535103102
201535103103
201535103104
201535103105
201535103106
201535103107
201535103108
201535103109
201535103110
201535103111
201535110201
201535110202
201535110203
201535110204
201535110205
201535110206
201535110207
201535110208
201535110209
201535110210
201535110211
201535110701
201535110702
201535110703
201535110704
201535110705
201535110706
201535110707
201535110708
201535110709
201535110710
201535110711
201535110801
201535110802
201535110803
201535110804
201535110805
201535110806
201535110807
201535110808
201535110809
201535110810