201536010201
201536010202
201536010203
201536010204
201536010205
201536010401
201536010402
201536010403
201536011001
201536011002
201536011003
201536011004
201536011005
201536011006
201536011007
201536011101
201536011102
201536011103
201536011104
201536011105
201536011106
201536011107
201536011108
201536011201
201536011202
201536011203
201536011204
201536011205
201536011206
201536011207
201536011208
201536011209
201536032101
201536032102
201536032103
201536032104
201536032105
201536032106
201536032107
201536032108
201536032109
201536032110
201536032301
201536032302
201536032303
201536032304
201536032305
201536032801
201536032802
201536032803
201536032804
201536032805
201536032806
201536032807
201536032808
201536032809
201536033001
201536033002
201536033003
201536033004
201536033005
201536033006
201536033007
201536033008
201536033009
201536040501
201536040502
201536040503
201536040504
201536040505
201536040506
201536040507
201536040508
201536040509
201536040601
201536040602
201536040603
201536040604
201536040605
201536040606
201536040607
201536040608
201536040609
201536041101
201536041102
201536041103
201536041104
201536041105
201536041106
201536041107
201536041108
201536041109
201536041110
201536041301
201536041302
201536041303
201536041801
201536041802
201536041803
201536041804
201536041805
201536041806
201536041807
201536041808
201536041809
201536041810
201536042001
201536042002
201536042003
201536042004
201536042005
201536042006
201536042007
201536042008
201536042601
201536042602
201536042603
201536042604
201536042605
201536042606
201536042607
201536042608
201536042609
201536042610
201536042611
201536061401
201536061402
201536061403
201536061404
201536061501
201536062101
201536062102
201536062103
201536062104
201536062105
201536062106
201536062107
201536062108
201536062201
201536062202
201536062203
201536062204
201536062205
201536062206
201536062207
201536062208
201536062209
201536062701
201536062702
201536062703
201536062704
201536062705
201536062706
201536062707
201536062708
201536062709
201536062801
201536062802
201536062803
201536062804
201536062805
201536062901
201536070401
201536070402
201536070403
201536070404
201536070405
201536070406
201536070407
201536070408
201536070409
201536070410
201536070501
201536070502
201536070503
201536070504
201536070505
201536070506
201536070507
201536070508
201536070509
201536070510
201536070601
201536070602
201536070603
201536070604
201536070605
201536070606
201536070607
201536070608
201536070609
201536082201
201536082202
201536082203
201536082204
201536082205
201536082206
201536082207
201536082208
201536082209
201536082210
201536082301
201536082302
201536082303
201536082304
201536082305
201536082306
201536082307
201536082308
201536082309
201536082310
201536082311
201536082401
201536082402
201536082403
201536082404
201536082405
201536082901
201536083001
201536083002
201536083003
201536083004
201536083005
201536083006
201536083007
201536083008
201536083009
201536083010
201536083101
201536083102
201536083103
201536083104
201536083105
201536083106
201536083107
201536083108
201536083109
201536083110
201536090601
201536090602
201536090603
201536090604
201536090605
201536090606
201536090607
201536090608
201536090609
201536090610
201536090701
201536090702
201536090703
201536090704
201536090705
201536090706
201536091301
201536091302
201536091303
201536091304
201536091305
201536091306
201536091307
201536091308
201536091309
201536091310
201536091311
201536091401
201536091402
201536091403
201536091404
201536091405
201536091406
201536091407
201536091408
201536091409
201536091410
201536111401
201536111402
201536111403
201536111404
201536111405
201536111406
201536111601
201536111602
201536111603
201536111604
201536111605
201536111606
201536111607
201536111608
201536111609
201536111610
201536111611
201536112201
201536112202
201536112203
201536112204
201536112205
201536112206
201536112207
201536112208
201536112209
201536112210
201536112211
201536112301
201536112302
201536112303
201536112304
201536112305
201536112306
201536112307
201536112308
201536112309
201536112801
201536112802
201536112803
201536112804
201536112805
201536112806
201536112807
201536112808
201536112809
201536112901
201536112902
201536112903
201536112904
201536112905
201536112906
201536112907
201536112908
201536112909
201536112910
201536112911
201536113001
201536113002
201536113003
201536113004
201536113005
201536113006
201536113007
201536113008
201536113009
201536113010
201536120601
201536120602
201536120603
201536120604
201536120605
201536120606
201536120607
201536120608
201536120609
201536120610
201536120611
201536120701
201536120702
201536120703
201536120704
201536120705
201536120706
201536120707
201536120708
201536120709
201536120710
201536121201
201536121202
201536121203
201536121204
201536121205
201536121206
201536121207
201536121208
201536121209
201536121210
201536121901
201536121902
201536121903
201536121904
201536121905
201536121906
201536121907
201536121908
201536121909
201536121910
201536121911
201536122001
201536122002
201536122003
201536122004
201536122005
201536122006
201536122007
201536122008
201536122009
201536122101
201536122102
201536122103
201536122104
201536122105
201536122106
201536122107
201536122108
201536122109
201536122701
201536122702
201536122703
201536122704
201536122705
201536122706
201536122707
201536122708
201536122709
201536122901
201536122902
201536122903
201536122904
201536122905
201536122906
201536123001
201536123002
201536123003
201536123004
201536123005
201536123006
201536123007
201536123008
201536123009
201536123010
201536123101
201536123102
201536123103
201536123104
201536123105
201536123106
201536123107
201536123108
201536123109