201542010711
201542010809
201542010810
201542010909
201542010911
201542021807
201542021809
201542032302
201542032305
201542032310
201542032411
201542032509
201542032602
201542032605
201542032606
201542032609
201542042801
201542042803
201542042807
201542042810
201542042904
201542042909
201542042911
201542050108
201542050111
201542052602
201542052604
201542052606
201542052609
201542052703
201542052709
201542052711
201542052810
201542052910
201542071407
201542071410
201542071501
201542071607
201542071608
201542071609
201542080611
201542081002
201542090106
201542090110
201542090203
201542092211
201542092212
201542092302
201542092304
201542092311
201542092410
201542092503
201542102607
201542102611
201542102805
201542102903
201542102908
201542102909
201542103004
201542113007
201542113010
201542120103
201542120311
201542120403
201542120405
201542121809
201542122111
201542122203
201542122208
201542122210