201543011304
201543011305
201543011311
201543011403
201543011409
201543011410
201543011411
201543011412
201543011505
201543011507
201543011509
201543011603
201543011604
201543011607
201543011611
201543020907
201543020909
201543021004
201543021006
201543021010
201543021105
201543021106
201543021109
201543021110
201543021112
201543021203
201543021204
201543021208
201543021209
201543021211
201543021303
201543021305
201543021307
201543030908
201543030909
201543031003
201543031008
201543031009
201543031105
201543031108
201543031110
201543031111
201543031201
201543031205
201543031206
201543031208
201543031209
201543031210
201543031306
201543031308
201543031310
201543041309
201543041311
201543041404
201543041409
201543041410
201543041505
201543041507
201543041511
201543041604
201543041609
201543041708
201543041709
201543041710
201543050406
201543050410
201543050507
201543050511
201543050512
201543050604
201543050701
201543050708
201543050711
201543050808
201543061507
201543061509
201543061705
201543061709
201543061807
201543061810
201543061904
201543061907
201543061909
201543071702
201543071711
201543072011
201543072103
201543072105
201543080304
201543080307
201543080311
201543080312
201543080408
201543080411
201543080504
201543080505
201543080508
201543080512
201543090911
201543091006
201543091010
201543091107
201543091111
201543100504
201543100511
201543100604
201543100607
201543100612
201543100703
201543100707
201543100709
201543100710
201543100809
201543100810
201543100906
201543100912
201543110904
201543110907
201543111005
201543111008
201543111011
201543111012
201543111104
201543111108
201543111202
201543111204
201543111211
201543111212
201543111304
201543120709
201543120810
201543120812
201543120904
201543120906
201543120907
201543120911
201543121002
201543121008
201543121011
201543121108
201543121110
201543121111