201544011901
201544011906
201544011908
201544011912
201544012008
201544012009
201544012010
201544012104
201544012108
201544012111
201544012201
201544012203
201544012205
201544012211
201544012212
201544012301
201544012305
201544012307
201544012309
201544012310
201544012311
201544020205
201544020207
201544020209
201544020212
201544020305
201544020309
201544020311
201544020403
201544020404
201544020405
201544020410
201544020501
201544020504
201544020505
201544020509
201544020512
201544020605
201544020606
201544020608
201544020612
201544022301
201544022305
201544022307
201544022309
201544022310
201544022312
201544022405
201544022411
201544022412
201544022501
201544022503
201544022504
201544022509
201544022512
201544022601
201544022605
201544022606
201544022607
201544022608
201544022610
201544022611
201544022612
201544022704
201544022709
201544022711
201544031603
201544031608
201544031703
201544031706
201544031711
201544031803
201544031804
201544031805
201544031806
201544031808
201544031902
201544031906
201544031909
201544031910
201544031912
201544032001
201544032009
201544032011
201544040603
201544040607
201544040612
201544040703
201544040712
201544040801
201544040802
201544040807
201544040808
201544040811
201544040812
201544040902
201544040905
201544040906
201544040908
201544040910
201544041009
201544041012
201544042007
201544042011
201544042104
201544042112
201544042205
201544042208
201544042210
201544042302
201544042304
201544042305
201544042307
201544042310
201544042311
201544042312
201544042403
201544042412
201544051804
201544051806
201544051901
201544052002
201544052005
201544052007
201544052012
201544052102
201544052103
201544052110
201544052204
201544052210
201544052211
201544060107
201544060111
201544060202
201544060208
201544060210
201544060211
201544060301
201544060304
201544060306
201544060308
201544060310
201544060404
201544060405
201544060410
201544062201
201544062206
201544062208
201544062302
201544062308
201544062311
201544062405
201544062410
201544062411
201544062412
201544062502
201544062512
201544062603
201544062607
201544062610
201544062611
201544070602
201544070611
201544070706
201544070803
201544070807
201544070809
201544070812
201544070911
201544071002
201544071006
201544071007
201544071011
201544071012
201544072703
201544072705
201544072707
201544072711
201544072712
201544072809
201544072811
201544072907
201544073006
201544073010
201544073011
201544073102
201544073108
201544073111
201544081104
201544081106
201544081111
201544081112
201544081205
201544081206
201544081208
201544081210
201544081308
201544081311
201544081411
201544081412
201544081502
201544082404
201544082411
201544082512
201544082611
201544082706
201544082708
201544082712
201544082802
201544082810
201544082811
201544091403
201544091406
201544091510
201544091512
201544091606
201544091608
201544091706
201544091707
201544091809
201544091810
201544092805
201544092809
201544092811
201544092912
201544093004
201544093005
201544093011
201544093012
201544100105
201544100111
201544100210
201544101206
201544101211
201544101212
201544101311
201544101412
201544101510
201544101607
201544101612
201544110105
201544110106
201544110107
201544110206
201544110307
201544110308
201544110309
201544110310
201544110411
201544110412
201544110510
201544110511
201544110608
201544110610
201544112312
201544112408
201544112412
201544112503
201544112504
201544112509
201544112510
201544112611
201544112709
201544122407
201544122409
201544122410
201544122509
201544122510
201544122804
201544122805
201544122806
201544122904
201544122907
201544122908
201544122910
201544123005
201544123006
201544123010
201544123101
201544123111