201545010101
201545010102
201545010103
201545010104
201545010105
201545010106
201545010107
201545010108
201545010109
201545010110
201545010111
201545010112
201545010201
201545010202
201545010203
201545010204
201545010205
201545010206
201545010207
201545010208
201545010209
201545010210
201545010211
201545010212
201545010301
201545010302
201545010303
201545010304
201545010305
201545010306
201545010307
201545010308
201545010309
201545010310
201545010311
201545010312
201545010601
201545010602
201545010603
201545010604
201545010605
201545010606
201545010607
201545010608
201545010609
201545010610
201545010611
201545012601
201545012602
201545012603
201545012604
201545012605
201545012606
201545012607
201545012608
201545012609
201545012610
201545012611
201545012612
201545012701
201545012702
201545012703
201545012704
201545012705
201545012706
201545012707
201545012708
201545012709
201545012710
201545012711
201545012712
201545012801
201545012802
201545012803
201545012804
201545012805
201545012806
201545012807
201545012808
201545012809
201545012810
201545012811
201545012812
201545012901
201545012902
201545012903
201545012904
201545012905
201545012906
201545012907
201545012908
201545012909
201545012910
201545012911
201545012912
201545013001
201545013002
201545013003
201545013004
201545013005
201545013006
201545013007
201545013008
201545013009
201545013010
201545013011
201545013012
201545030201
201545030202
201545030203
201545030204
201545030205
201545030206
201545030207
201545030208
201545030209
201545030210
201545030301
201545030302
201545030303
201545030304
201545030305
201545030306
201545030307
201545030308
201545030309
201545030310
201545030401
201545030402
201545030403
201545030404
201545030405
201545030406
201545030407
201545030408
201545030409
201545030410
201545030411
201545030412
201545030501
201545030502
201545030503
201545030504
201545030505
201545030506
201545030507
201545030508
201545030509
201545030510
201545030511
201545030601
201545030602
201545030603
201545030604
201545030605
201545030606
201545030607
201545030608
201545030609
201545030610
201545033001
201545033002
201545033003
201545033004
201545033005
201545033006
201545033007
201545033008
201545033009
201545033010
201545033101
201545033102
201545033103
201545033104
201545033105
201545033106
201545033107
201545033108
201545033109
201545040101
201545040102
201545040103
201545040104
201545040105
201545040106
201545040107
201545040108
201545040109
201545040110
201545040111
201545040112
201545040201
201545040202
201545040203
201545040204
201545040205
201545040206
201545040207
201545040208
201545040209
201545040210
201545040301
201545040302
201545040303
201545040304
201545040305
201545040306
201545040307
201545040308
201545040309
201545040310
201545040311
201545051101
201545051102
201545051103
201545051104
201545051105
201545051106
201545051107
201545051108
201545051109
201545051110
201545051201
201545051202
201545051203
201545051204
201545051205
201545051206
201545051207
201545051208
201545051209
201545051210
201545051211
201545051301
201545051302
201545051303
201545051304
201545051305
201545051306
201545051307
201545051308
201545051309
201545051310
201545051311
201545051401
201545051402
201545051403
201545051404
201545051405
201545051406
201545051407
201545051408
201545051409
201545051410
201545051501
201545051502
201545051503
201545051504
201545051505
201545051506
201545051507
201545051508
201545051509
201545051510
201545060801
201545060802
201545060803
201545060804
201545060805
201545060806
201545060807
201545060808
201545060809
201545060810
201545060901
201545060902
201545060903
201545060904
201545060905
201545060906
201545060907
201545060908
201545060909
201545060910
201545060911
201545061001
201545061002
201545061003
201545061004
201545061005
201545061006
201545061007
201545061008
201545061009
201545061010
201545061011
201545061012
201545061101
201545061102
201545061103
201545061104
201545061105
201545061106
201545061107
201545061108
201545061109
201545061110
201545061111
201545061201
201545061202
201545061203
201545061204
201545061205
201545061206
201545061207
201545061208
201545061209
201545061210
201545061211
201545062901
201545062902
201545062903
201545062904
201545062905
201545062906
201545062907
201545062908
201545062909
201545062910
201545063001
201545063002
201545063003
201545063004
201545063005
201545063006
201545063007
201545063008
201545063009
201545063010
201545063011
201545063012
201545070101
201545070102
201545070103
201545070104
201545070105
201545070106
201545070107
201545070108
201545070109
201545070110
201545070111
201545070112
201545070201
201545070202
201545070203
201545070204
201545070205
201545070206
201545070207
201545070208
201545070209
201545070210
201545070211
201545070301
201545070302
201545070303
201545070304
201545070305
201545070306
201545070307
201545070308
201545070309
201545070310
201545070311
201545072201
201545072202
201545072203
201545072204
201545072205
201545072206
201545072207
201545072208
201545072209
201545072210
201545072211
201545072212
201545072301
201545072302
201545072303
201545072304
201545072305
201545072306
201545072307
201545072308
201545072309
201545072310
201545072311
201545072312
201545072401
201545072402
201545072403
201545072404
201545072405
201545072406
201545072407
201545072408
201545072409
201545072410
201545072411
201545072412
201545072501
201545072502
201545072503
201545072504
201545072505
201545072506
201545072507
201545072508
201545081701
201545081702
201545081703
201545081704
201545081705
201545081706
201545081707
201545081708
201545081709
201545081710
201545081801
201545081802
201545081803
201545081804
201545081805
201545081806
201545081807
201545081808
201545081809
201545081810
201545081811
201545081812
201545081901
201545081902
201545081903
201545081904
201545081905
201545081906
201545081907
201545081908
201545081909
201545081910
201545081911
201545081912
201545082001
201545082002
201545082003
201545082004
201545082005
201545082006
201545082007
201545082008
201545082009
201545082101
201545082102
201545082103
201545082104
201545082105
201545082106
201545082107
201545082108
201545082109
201545082110
201545082111
201545090301
201545090302
201545090303
201545090304
201545090305
201545090306
201545090307
201545090308
201545090309
201545090310
201545090401
201545090402
201545090403
201545090404
201545090405
201545090406
201545090407
201545090408
201545090409
201545090410
201545090411
201545090701
201545090702
201545090703
201545090704
201545090705
201545090706
201545090707
201545090708
201545090709
201545090710
201545090711
201545090801
201545090802
201545090803
201545090804
201545090805
201545090806
201545090807
201545090808
201545090809
201545090810
201545090811
201545090812
201545101901
201545101902
201545101903
201545101904
201545101905
201545101906
201545101907
201545101908
201545101909
201545101910
201545102001
201545102002
201545102003
201545102004
201545102005
201545102006
201545102007
201545102008
201545102009
201545102010
201545102011
201545102012
201545102101
201545102102
201545102103
201545102104
201545102105
201545102106
201545102107
201545102108
201545102109
201545102110
201545102111
201545102112
201545102201
201545102202
201545102203
201545102204
201545102205
201545102206
201545102207
201545102208
201545102209
201545102210
201545102211
201545102301
201545102302
201545102303
201545102304
201545102305
201545102306
201545102307
201545102308
201545102309
201545102310
201545111601
201545111602
201545111603
201545111604
201545111605
201545111606
201545111607
201545111608
201545111609
201545111610
201545111701
201545111702
201545111703
201545111704
201545111705
201545111706
201545111707
201545111708
201545111709
201545111710
201545111711
201545111712
201545111801
201545111802
201545111803
201545111804
201545111805
201545111806
201545111807
201545111808
201545111809
201545111810
201545111811
201545111812
201545111901
201545111902
201545111903
201545111904
201545111905
201545111906
201545111907
201545111908
201545111909
201545111910
201545112001
201545112002
201545112003
201545112004
201545112005
201545112006
201545112007
201545112008
201545112009
201545112010
201545112011
201545121401
201545121402
201545121403
201545121404
201545121405
201545121406
201545121407
201545121408
201545121409
201545121410
201545121411
201545121412
201545121501
201545121502
201545121503
201545121504
201545121505
201545121506
201545121507
201545121508
201545121509
201545121510
201545121511
201545121512
201545121601
201545121602
201545121603
201545121604
201545121605
201545121606
201545121607
201545121608
201545121609
201545121610
201545121611
201545121701
201545121702
201545121703
201545121704
201545121705
201545121706
201545121707
201545121708
201545121709
201545121710
201545121711
201545121712