201546032201
201546032202
201546032203
201546032204
201546032205
201546032206
201546032701
201546032702
201546032703
201546032704
201546032705
201546032706
201546032707
201546032708
201546032709
201546032710
201546032711
201546040401
201546040402
201546040403
201546040404
201546040405
201546040406
201546040407
201546040408
201546040409
201546040410
201546040501
201546040502
201546040503
201546040504
201546040505
201546040701
201546040702
201546040703
201546040704
201546041201
201546041202
201546041203
201546041204
201546041205
201546041206
201546041207
201546041208
201546041901
201546041902
201546041903
201546041904
201546041905
201546042101
201546042102
201546042103
201546042104
201546042105
201546042601
201546042602
201546042603
201546042604
201546042605
201546042606
201546042607
201546042608
201546042609
201546042610
201546042611
201546050301
201546050302
201546050303
201546050304
201546050305
201546050501
201546050502
201546050503
201546050504
201546050505
201546050506
201546050507
201546051001
201546051002
201546051003
201546051004
201546051005
201546051006
201546051007
201546051701
201546051702
201546051703
201546051901
201546051902
201546051903
201546051904
201546051905
201546051906
201546051907
201546051908
201546051909
201546051910
201546051911
201546052401
201546052402
201546052403
201546052404
201546060201
201546060202
201546060203
201546060204
201546060205
201546060206
201546060701
201546060702
201546060703
201546060704
201546060705
201546060706
201546061401
201546061402
201546061403
201546061404
201546061601
201546061602
201546061603
201546061604
201546061605
201546061606
201546061607
201546062801
201546062802
201546062803
201546062804
201546062805
201546063001
201546063002
201546063003
201546063004
201546063005
201546063006
201546063007
201546070501
201546070502
201546070503
201546070504
201546070505
201546070506
201546070507
201546070508
201546070509
201546070701
201546070702
201546070703
201546071401
201546071402
201546071403
201546071404
201546071901
201546071902
201546071903
201546071904
201546071905
201546071906
201546071907
201546072101
201546072102
201546080201
201546080202
201546080203
201546080204
201546080205
201546080206
201546080207
201546080208
201546080209
201546080210
201546080211
201546080212
201546080401
201546080402
201546080403
201546080404
201546080405
201546080406
201546080407
201546080408
201546080409
201546081101
201546081102
201546081103
201546081104
201546081105
201546081106
201546081107
201546081108
201546081109
201546081110
201546081111
201546081801
201546081802
201546081803
201546081804
201546081805
201546081806
201546081807
201546081808
201546081809
201546081810
201546082301
201546082302
201546082303
201546082304
201546082305
201546082306
201546082307
201546082501
201546082502
201546082503
201546082504
201546090601
201546090602
201546090603
201546090604
201546090605
201546090606
201546090607
201546090801
201546090802
201546090803
201546090804
201546090805
201546090806
201546090807
201546090808
201546090809
201546090810
201546090811
201546091301
201546091302
201546091303
201546091304
201546091305
201546091306
201546091307
201546091308
201546091309
201546091310
201546091311
201546092001
201546092002
201546092003
201546092004
201546092005
201546092006
201546092007
201546092201
201546092202
201546092203
201546092204
201546092205
201546092206
201546092207
201546092208
201546092209
201546092901
201546092902
201546092903
201546092904
201546092905
201546092906
201546092907
201546092908
201546100401
201546100402
201546100403
201546100404
201546100405
201546100406
201546100407
201546100408
201546100409
201546100601
201546100602
201546100603
201546100604
201546100605
201546100606
201546100607
201546100608
201546100609
201546100610
201546101301
201546101302
201546101303
201546101304
201546101305
201546101306
201546101307
201546101308
201546101309
201546101801
201546101802
201546101803
201546101804
201546101805
201546101806
201546102501
201546102701
201546102702
201546102703
201546102704
201546102705
201546102706
201546102707
201546102708
201546102709
201546110801
201546110802
201546110803
201546110804
201546110805
201546110806
201546110807
201546110808
201546110809
201546110810
201546111001
201546111002
201546111003
201546111501
201546111502
201546111503
201546111504
201546111505
201546111506
201546111507
201546111508
201546111509
201546111510
201546111701
201546111702
201546111703
201546111704
201546111705
201546112201
201546112202
201546112203
201546112204
201546112205
201546112206
201546112207
201546112208
201546112209
201546112401
201546112402
201546112901
201546112902
201546112903
201546112904
201546112905
201546112906
201546112907
201546120101
201546120102
201546120103
201546120104
201546120105
201546120106
201546120601
201546120602
201546120603
201546120604
201546120605
201546120606
201546120607
201546120608
201546120609
201546120610
201546120801
201546120802
201546120803
201546120804
201546120805
201546120806
201546120807
201546120808
201546120809
201546121301
201546121302
201546121303
201546121304
201546121305
201546121306
201546121307
201546121308
201546121309
201546121310
201546122001
201546122201
201546122202
201546122203
201546122204
201546122205
201546122206
201546122207
201546122208
201546122209
201546122210
201546122401
201546122402
201546122403
201546122404
201546122405