201547010806
201547010809
201547010902
201547010905
201547010910
201547010911
201547011207
201547011210
201547011906
201547012006
201547012104
201547012205
201547012206
201547012210
201547012211
201547012304
201547012310
201547012311
201547020301
201547020304
201547020306
201547020310
201547020404
201547020408
201547020610
201547020611
201547021708
201547021808
201547021809
201547021810
201547021906
201547021910
201547030310
201547030403
201547030408
201547030410
201547030607
201547030611
201547031606
201547031703
201547031708
201547031710
201547031809
201547032009
201547032010
201547040108
201547040204
201547040304
201547040311
201547041603
201547041607
201547041706
201547042710
201547043006
201547043009
201547043011
201547050105
201547051307
201547051308
201547051309
201547051401
201547051409
201547052701
201547052708
201547052710
201547052810
201547052910
201547052911
201547061702
201547061807
201547061907
201547061910
201547070106
201547070207
201547070209
201547070210
201547070311
201547072407
201547072411
201547072909
201547073009
201547081206
201547081207
201547081209
201547081210
201547081310
201547081410
201547090108
201547090207
201547090209
201547090309
201547091610
201547091706
201547091708
201547091803
201547100105
201547101310
201547101407
201547101408
201547101409
201547101502
201547101606
201547101611
201547102610
201547102806
201547102807
201547102808
201547103006
201547111006
201547111101
201547111102
201547111107
201547111109
201547111110
201547112406
201547112410
201547112508
201547112509
201547112511
201547112607
201547112609
201547112611
201547121504
201547121505
201547121612
201547121803
201547121807
201547121809
201547122803
201547122804
201547122810
201547122901