201548010101
201548010102
201548010103
201548010104
201548010105
201548010106
201548010107
201548010108
201548010301
201548010302
201548010303
201548010304
201548010305
201548010306
201548010307
201548010308
201548010309
201548010310
201548010311
201548010601
201548010602
201548010603
201548010604
201548010605
201548010606
201548010607
201548010608
201548010609
201548011301
201548011302
201548011303
201548011304
201548011401
201548011402
201548011403
201548011404
201548011405
201548011406
201548011407
201548011408
201548011409
201548011410
201548011411
201548011501
201548011502
201548011503
201548011504
201548011505
201548011506
201548011507
201548011508
201548011509
201548011510
201548011601
201548011602
201548011603
201548011604
201548011605
201548011606
201548011607
201548011608
201548011609
201548011610
201548012701
201548012702
201548012703
201548012704
201548012705
201548012706
201548012707
201548012708
201548012709
201548012801
201548012901
201548012902
201548012903
201548012904
201548012905
201548012906
201548012907
201548012908
201548012909
201548020901
201548020902
201548020903
201548020904
201548020905
201548020906
201548020907
201548020908
201548020909
201548020910
201548021101
201548021102
201548021103
201548021104
201548021105
201548021106
201548021107
201548021108
201548021109
201548021201
201548021202
201548021203
201548021204
201548021205
201548021206
201548021207
201548021208
201548021209
201548021210
201548022301
201548022302
201548022303
201548022304
201548022305
201548022306
201548022307
201548022401
201548022402
201548022403
201548022404
201548022405
201548022406
201548022501
201548022502
201548022503
201548022504
201548022505
201548022506
201548022507
201548022508
201548022509
201548022510
201548022701
201548022702
201548022703
201548022704
201548022705
201548022706
201548022707
201548022708
201548022709
201548031001
201548031002
201548031101
201548031102
201548031103
201548031104
201548031105
201548031106
201548031107
201548031108
201548031109
201548031201
201548031202
201548031203
201548031204
201548031205
201548031206
201548031207
201548031208
201548031209
201548032401
201548032402
201548032403
201548032404
201548032405
201548032406
201548032407
201548032408
201548032409
201548032410
201548032501
201548032502
201548032503
201548032504
201548032505
201548032506
201548032507
201548032601
201548032602
201548032603
201548032604
201548032605
201548032606
201548032607
201548032608
201548032609
201548032610
201548033101
201548033102
201548033103
201548033104
201548033105
201548033106
201548033107
201548033108
201548033109
201548033110
201548033111
201548033112
201548040701
201548040702
201548040703
201548040704
201548040705
201548040706
201548040707
201548040708
201548040709
201548040801
201548040802
201548040803
201548040804
201548040805
201548040806
201548040807
201548040808
201548040809
201548040901
201548040902
201548040903
201548040904
201548040905
201548041001
201548041002
201548041003
201548041004
201548041005
201548041006
201548041007
201548041008
201548041009
201548041010
201548041011
201548042101
201548042102
201548042103
201548042104
201548042105
201548042106
201548042107
201548042108
201548042109
201548042110
201548042201
201548042202
201548042203
201548042204
201548042205
201548042206
201548042207
201548042208
201548042209
201548042210
201548042301
201548042302
201548042303
201548042304
201548042305
201548042401
201548042402
201548042403
201548042404
201548042405
201548042406
201548042407
201548042408
201548042409
201548042410
201548050501
201548050502
201548050503
201548050504
201548050505
201548050506
201548050507
201548050508
201548050509
201548050510
201548050601
201548050602
201548050603
201548050604
201548050605
201548050801
201548050802
201548050803
201548050804
201548050805
201548050806
201548050807
201548050808
201548050809
201548050810
201548052101
201548052102
201548052103
201548052104
201548052105
201548052106
201548052107
201548052108
201548052109
201548052110
201548052201
201548052202
201548052203
201548052204
201548052205
201548052206
201548052207
201548052208
201548052209
201548060401
201548060402
201548060403
201548060404
201548060405
201548060406
201548060407
201548060408
201548060409
201548060410
201548060501
201548060502
201548060503
201548060504
201548060505
201548060506
201548060507
201548060508
201548060509
201548060510
201548060511
201548061101
201548061102
201548061103
201548061104
201548061105
201548061106
201548061107
201548061108
201548061109
201548061110
201548061201
201548061202
201548061203
201548061204
201548061205
201548061206
201548061207
201548061208
201548061209
201548062401
201548062402
201548062403
201548062404
201548062405
201548062406
201548062407
201548062408
201548062409
201548062410
201548062501
201548062502
201548062503
201548062504
201548062505
201548062506
201548062507
201548062508
201548062601
201548062602
201548062603
201548062604
201548062605
201548062606
201548062607
201548062608
201548062609
201548062610
201548062611
201548070701
201548070702
201548070703
201548070704
201548070705
201548070706
201548070707
201548070901
201548070902
201548070903
201548070904
201548070905
201548070906
201548070907
201548070908
201548070909
201548070910
201548070911
201548071001
201548071002
201548071003
201548071004
201548071005
201548071006
201548071501
201548071502
201548071503
201548071504
201548071505
201548071506
201548071507
201548071508
201548071701
201548071702
201548071703
201548071704
201548071705
201548071706
201548071707
201548071708
201548071709
201548071710
201548072001
201548072002
201548072003
201548072004
201548072005
201548072006
201548072007
201548072008
201548072009
201548072010
201548072011
201548072012
201548081901
201548081902
201548081903
201548081904
201548081905
201548081906
201548081907
201548081908
201548081909
201548081910
201548081911
201548082001
201548082002
201548082003
201548082101
201548082102
201548082103
201548082104
201548082105
201548082106
201548082107
201548082108
201548082109
201548082110
201548082111
201548082601
201548082602
201548082603
201548082604
201548082605
201548082606
201548082607
201548082608
201548082609
201548082701
201548082702
201548082703
201548082704
201548082705
201548082706
201548082707
201548082801
201548082802
201548082803
201548082804
201548082805
201548082806
201548082807
201548083101
201548083102
201548083103
201548083104
201548083105
201548083106
201548083107
201548083108
201548083109
201548083110
201548083111
201548090801
201548090802
201548090803
201548090804
201548090805
201548090901
201548090902
201548090903
201548090904
201548090905
201548090906
201548090907
201548090908
201548090909
201548091001
201548091002
201548091003
201548091004
201548091005
201548091006
201548091007
201548091008
201548091009
201548091010
201548091011
201548091101
201548091102
201548091103
201548091104
201548091105
201548091106
201548091107
201548091108
201548091109
201548091110
201548091111
201548091112
201548092301
201548092302
201548092303
201548092304
201548092305
201548092306
201548092307
201548092308
201548092309
201548092901
201548092902
201548092903
201548092904
201548092905
201548092906
201548092907
201548092908
201548092909
201548092910
201548092911
201548092912
201548093001
201548093002
201548093003
201548093004
201548093005
201548093006
201548093007
201548093008
201548100601
201548100602
201548100603
201548100604
201548100605
201548100606
201548100607
201548100608
201548100609
201548100701
201548100702
201548100703
201548100704
201548100705
201548100706
201548100707
201548100708
201548100801
201548100802
201548100803
201548100804
201548100805
201548100806
201548100807
201548100808
201548100809
201548100810
201548100811
201548100901
201548100902
201548100903
201548100904
201548102001
201548102002
201548102003
201548102004
201548102005
201548102006
201548102007
201548102008
201548102101
201548102102
201548102103
201548102104
201548102201
201548102202
201548102203
201548102301
201548102302
201548102303
201548102304
201548102305
201548102306
201548102307
201548102308
201548102309
201548110201
201548110202
201548110203
201548110204
201548110205
201548110206
201548110207
201548110208
201548110209
201548110401
201548110402
201548110403
201548110404
201548110405
201548110406
201548110407
201548110408
201548110409
201548110410
201548110411
201548110501
201548110502
201548110601
201548110602
201548110603
201548110604
201548110605
201548110606
201548110607
201548110608
201548110609
201548111601
201548111602
201548111603
201548111604
201548111605
201548111801
201548111802
201548111803
201548111804
201548111805
201548111806
201548111901
201548111902
201548111903
201548111904
201548111905
201548111906
201548111907
201548111908
201548111909
201548112001
201548112002
201548112003
201548113001
201548113002
201548113003
201548113004
201548113005
201548113006
201548113007
201548113008
201548113009
201548120201
201548120401
201548120701
201548120702
201548120703
201548120704
201548120901
201548120902
201548120903
201548120904
201548120905
201548121001
201548121002
201548121003
201548121004
201548121005
201548121006
201548121007
201548121008
201548121009
201548121010
201548121011
201548121101
201548121102
201548121103
201548121104
201548121105
201548121106
201548121107
201548122201
201548122202
201548122203
201548122204
201548122205
201548122206
201548122207
201548122208
201548122209
201548122301
201548122302
201548122303
201548122304
201548122305
201548122306
201548122307
201548122308
201548122309
201548122310
201548122401
201548122402
201548122403
201548122404
201548122405
201548122501
201548122502
201548122503
201548122504
201548122505
201548122506
201548122507
201548122508
201548122509
201548122510
201548122511
201548122512