201550010201
201550010202
201550010203
201550010204
201550010205
201550010206
201550010207
201550010208
201550010209
201550010210
201550010211
201550010212
201550010301
201550010302
201550010303
201550010304
201550010305
201550010306
201550010307
201550010308
201550010309
201550010310
201550010311
201550010312
201550010701
201550010702
201550010703
201550010704
201550010705
201550010706
201550010707
201550010708
201550010709
201550010710
201550010711
201550010801
201550010802
201550010803
201550010804
201550010805
201550010806
201550010807
201550010808
201550010809
201550010810
201550010811
201550011301
201550011302
201550011303
201550011304
201550011305
201550011306
201550011307
201550011308
201550011309
201550011310
201550011311
201550011401
201550011402
201550011403
201550011404
201550011405
201550011406
201550011407
201550011408
201550011409
201550011410
201550011411
201550011501
201550011502
201550011503
201550011504
201550011505
201550011506
201550011507
201550011508
201550011509
201550011510
201550011511
201550011601
201550011602
201550011603
201550011604
201550011605
201550011606
201550011607
201550011608
201550011609
201550011610
201550011611
201550012001
201550012002
201550012003
201550012004
201550012005
201550012006
201550012007
201550012008
201550012009
201550012010
201550012011
201550012101
201550012102
201550012103
201550012104
201550012105
201550012106
201550012107
201550012108
201550012109
201550012110
201550012111
201550012201
201550012202
201550012203
201550012204
201550012205
201550012206
201550012207
201550012208
201550012209
201550012210
201550012211
201550012701
201550012702
201550012703
201550012704
201550012705
201550012706
201550012707
201550012708
201550012709
201550012710
201550012711
201550012801
201550012802
201550012803
201550012804
201550012805
201550012806
201550012807
201550012808
201550012809
201550012810
201550012811
201550012901
201550012902
201550012903
201550012904
201550012905
201550012906
201550012907
201550012908
201550012909
201550012910
201550012911
201550020301
201550020302
201550020303
201550020304
201550020305
201550020306
201550020307
201550020308
201550020309
201550020310
201550020311
201550020401
201550020402
201550020403
201550020404
201550020405
201550020406
201550020407
201550020408
201550020409
201550020410
201550020411
201550020501
201550020502
201550020503
201550020504
201550020505
201550020506
201550020507
201550020508
201550020509
201550020510
201550020511
201550021001
201550021002
201550021003
201550021004
201550021005
201550021006
201550021007
201550021008
201550021009
201550021010
201550021011
201550021101
201550021102
201550021103
201550021104
201550021105
201550021106
201550021107
201550021108
201550021109
201550021110
201550021111
201550021201
201550021202
201550021203
201550021204
201550021205
201550021206
201550021207
201550021208
201550021209
201550021210
201550021211
201550021301
201550021302
201550021303
201550021304
201550021305
201550021306
201550021307
201550021308
201550021309
201550021310
201550021701
201550021702
201550021703
201550021704
201550021705
201550021706
201550021707
201550021708
201550021709
201550021710
201550021711
201550021801
201550021802
201550021803
201550021804
201550021805
201550021806
201550021807
201550021808
201550021809
201550021810
201550021811
201550021901
201550021902
201550021903
201550021904
201550021905
201550021906
201550021907
201550021908
201550021909
201550021910
201550021911
201550022401
201550022402
201550022403
201550022404
201550022405
201550022406
201550022407
201550022408
201550022409
201550022410
201550022411
201550022412
201550022501
201550022502
201550022503
201550022504
201550022505
201550022506
201550022507
201550022508
201550022509
201550022510
201550022511
201550022601
201550022602
201550022603
201550022604
201550022605
201550022606
201550022607
201550022608
201550022609
201550022610
201550022611
201550030301
201550030302
201550030303
201550030304
201550030305
201550030306
201550030307
201550030308
201550030309
201550030310
201550030311
201550030401
201550030402
201550030403
201550030404
201550030405
201550030406
201550030407
201550030408
201550030409
201550030410
201550030411
201550030501
201550030502
201550030503
201550030504
201550030505
201550030506
201550030507
201550030508
201550030509
201550030510
201550030511
201550031001
201550031002
201550031003
201550031004
201550031005
201550031006
201550031007
201550031008
201550031009
201550031010
201550031011
201550031101
201550031102
201550031103
201550031104
201550031105
201550031106
201550031107
201550031108
201550031109
201550031110
201550031111
201550031201
201550031202
201550031203
201550031204
201550031205
201550031206
201550031207
201550031208
201550031209
201550031210
201550031211
201550031301
201550031302
201550031303
201550031304
201550031305
201550031306
201550031307
201550031308
201550031309
201550031310
201550031701
201550031702
201550031703
201550031704
201550031705
201550031706
201550031707
201550031708
201550031709
201550031710
201550031711
201550031801
201550031802
201550031803
201550031804
201550031805
201550031806
201550031807
201550031808
201550031809
201550031810
201550031811
201550031901
201550031902
201550031903
201550031904
201550031905
201550031906
201550031907
201550031908
201550031909
201550031910
201550032401
201550032402
201550032403
201550032404
201550032405
201550032406
201550032407
201550032408
201550032409
201550032410
201550032411
201550032501
201550032502
201550032503
201550032504
201550032505
201550032506
201550032507
201550032508
201550032509
201550032510
201550032511
201550032601
201550032602
201550032603
201550032604
201550032605
201550032606
201550032607
201550032608
201550032609
201550032610
201550032611
201550040101
201550040102
201550040103
201550040104
201550040105
201550040106
201550040107
201550040108
201550040109
201550040110
201550040111
201550040201
201550040202
201550040203
201550040204
201550040205
201550040206
201550040207
201550040208
201550040209
201550040210
201550040211
201550040212
201550040701
201550040702
201550040703
201550040704
201550040705
201550040706
201550040707
201550040708
201550040709
201550040710
201550040711
201550040801
201550040802
201550040803
201550040804
201550040805
201550040806
201550040807
201550040808
201550040809
201550040810
201550040811
201550040901
201550040902
201550040903
201550040904
201550040905
201550040906
201550040907
201550040908
201550040909
201550040910
201550040911
201550040912
201550041401
201550041402
201550041403
201550041404
201550041405
201550041406
201550041407
201550041408
201550041409
201550041410
201550041411
201550041501
201550041502
201550041503
201550041504
201550041505
201550041506
201550041507
201550041508
201550041509
201550041510
201550041511
201550041601
201550041602
201550041603
201550041604
201550041605
201550041606
201550041607
201550041608
201550041609
201550041610
201550041611
201550042101
201550042102
201550042103
201550042104
201550042105
201550042106
201550042107
201550042108
201550042109
201550042110
201550042111
201550042201
201550042202
201550042203
201550042204
201550042205
201550042206
201550042207
201550042208
201550042209
201550042210
201550042211
201550042212
201550042301
201550042302
201550042303
201550042304
201550042305
201550042306
201550042307
201550042308
201550042309
201550042310
201550042311
201550042801
201550042802
201550042803
201550042804
201550042805
201550042806
201550042807
201550042808
201550042809
201550042810
201550042901
201550042902
201550042903
201550042904
201550042905
201550042906
201550042907
201550042908
201550042909
201550042910
201550042911
201550043001
201550043002
201550043003
201550043004
201550043005
201550043006
201550043007
201550043008
201550043009
201550043010
201550050401
201550050402
201550050403
201550050404
201550050405
201550050406
201550050407
201550050408
201550050409
201550050410
201550050411
201550050501
201550050502
201550050503
201550050504
201550050505
201550050506
201550050507
201550050508
201550050509
201550050510
201550050511
201550050601
201550050602
201550050603
201550050604
201550050605
201550050606
201550050607
201550050608
201550050609
201550050610
201550050611
201550050701
201550050702
201550050703
201550050704
201550050705
201550050706
201550050707
201550050708
201550050709
201550050710
201550051201
201550051202
201550051203
201550051204
201550051205
201550051206
201550051207
201550051208
201550051209
201550051210
201550051211
201550051301
201550051302
201550051303
201550051304
201550051305
201550051306
201550051307
201550051308
201550051309
201550051310
201550051401
201550051402
201550051403
201550051404
201550051405
201550051406
201550051407
201550051408
201550051409
201550051410
201550052001
201550052002
201550052003
201550052004
201550052005
201550052006
201550052007
201550052008
201550052009
201550052010
201550052011
201550052101
201550052102
201550052103
201550052104
201550052105
201550052106
201550052107
201550052108
201550052109
201550052110
201550052111
201550052201
201550052202
201550052203
201550052204
201550052205
201550052206
201550052207
201550052208
201550052209
201550052210
201550052211
201550052701
201550052702
201550052703
201550052704
201550052705
201550052706
201550052707
201550052708
201550052709
201550052710
201550052711
201550052801
201550052802
201550052803
201550052804
201550052805
201550052806
201550052807
201550052808
201550052809
201550052810
201550052811
201550052901
201550052902
201550052903
201550052904
201550052905
201550052906
201550052907
201550052908
201550052909
201550052910
201550052911
201550060301
201550060302
201550060303
201550060304
201550060305
201550060306
201550060307
201550060308
201550060309
201550060310
201550060311
201550060401
201550060402
201550060403
201550060404
201550060405
201550060406
201550060407
201550060408
201550060409
201550060410
201550060411
201550060501
201550060502
201550060503
201550060504
201550060505
201550060506
201550060507
201550060508
201550060509
201550060510
201550060511
201550061001
201550061002
201550061003
201550061004
201550061005
201550061006
201550061007
201550061008
201550061009
201550061010
201550061011
201550061101
201550061102
201550061103
201550061104
201550061105
201550061106
201550061107
201550061108
201550061109
201550061110
201550061111
201550061201
201550061202
201550061203
201550061204
201550061205
201550061206
201550061207
201550061208
201550061209
201550061210
201550061211
201550061701
201550061702
201550061703
201550061704
201550061705
201550061706
201550061707
201550061708
201550061709
201550061710
201550061711
201550061801
201550061802
201550061803
201550061804
201550061805
201550061806
201550061807
201550061808
201550061809
201550061810
201550061811
201550061901
201550061902
201550061903
201550061904
201550061905
201550061906
201550061907
201550061908
201550061909
201550061910
201550061911
201550062401
201550062402
201550062403
201550062404
201550062405
201550062406
201550062407
201550062408
201550062409
201550062410
201550062411
201550062501
201550062502
201550062503
201550062504
201550062505
201550062506
201550062507
201550062508
201550062509
201550062510
201550062511
201550062601
201550062602
201550062603
201550062604
201550062605
201550062606
201550062607
201550062608
201550062609
201550062610
201550062611
201550070101
201550070102
201550070103
201550070104
201550070105
201550070106
201550070107
201550070108
201550070109
201550070110
201550070111
201550070201
201550070202
201550070203
201550070204
201550070205
201550070206
201550070207
201550070208
201550070209
201550070210
201550070211
201550070301
201550070302
201550070303
201550070304
201550070305
201550070306
201550070307
201550070308
201550070309
201550070310
201550070311
201550070801
201550070802
201550070803
201550070804
201550070805
201550070806
201550070807
201550070808
201550070809
201550070810
201550070811
201550070901
201550070902
201550070903
201550070904
201550070905
201550070906
201550070907
201550070908
201550070909
201550070910
201550070911
201550071001
201550071002
201550071003
201550071004
201550071005
201550071006
201550071007
201550071008
201550071009
201550071010
201550071011
201550071501
201550071502
201550071503
201550071504
201550071505
201550071506
201550071507
201550071508
201550071509
201550071510
201550071511
201550071601
201550071602
201550071603
201550071604
201550071605
201550071606
201550071607
201550071608
201550071609
201550071610
201550071611
201550071701
201550071702
201550071703
201550071704
201550071705
201550071706
201550071707
201550071708
201550071709
201550071710
201550071711
201550072201
201550072202
201550072203
201550072204
201550072205
201550072206
201550072207
201550072208
201550072209
201550072210
201550072211
201550072301
201550072302
201550072303
201550072304
201550072305
201550072306
201550072307
201550072308
201550072309
201550072310
201550072311
201550072401
201550072402
201550072403
201550072404
201550072405
201550072406
201550072407
201550072408
201550072409
201550072410
201550072411
201550072901
201550072902
201550072903
201550072904
201550072905
201550072906
201550072907
201550072908
201550072909
201550072910
201550072911
201550073001
201550073002
201550073003
201550073004
201550073005
201550073006
201550073007
201550073008
201550073009
201550073010
201550073011
201550073101
201550073102
201550073103
201550073104
201550073105
201550073106
201550073107
201550073108
201550073109
201550073110
201550073111
201550080501
201550080502
201550080503
201550080504
201550080505
201550080506
201550080507
201550080508
201550080509
201550080510
201550080511
201550080601
201550080602
201550080603
201550080604
201550080605
201550080606
201550080607
201550080608
201550080609
201550080610
201550080611
201550080701
201550080702
201550080703
201550080704
201550080705
201550080706
201550080707
201550080708
201550080709
201550080710
201550080711
201550081201
201550081202
201550081203
201550081204
201550081205
201550081206
201550081207
201550081208
201550081209
201550081210
201550081211
201550081301
201550081302
201550081303
201550081304
201550081305
201550081306
201550081307
201550081308
201550081309
201550081310
201550081311
201550081401
201550081402
201550081403
201550081404
201550081405
201550081406
201550081407
201550081408
201550081409
201550081410
201550081411
201550081901
201550081902
201550081903
201550081904
201550081905
201550081906
201550081907
201550081908
201550081909
201550081910
201550081911
201550082001
201550082002
201550082003
201550082004
201550082005
201550082006
201550082007
201550082008
201550082009
201550082010
201550082011
201550082101
201550082102
201550082103
201550082104
201550082105
201550082106
201550082107
201550082108
201550082109
201550082110
201550082111
201550082601
201550082602
201550082603
201550082604
201550082605
201550082606
201550082607
201550082608
201550082609
201550082610
201550082611
201550082701
201550082702
201550082703
201550082704
201550082705
201550082706
201550082707
201550082708
201550082709
201550082710
201550082711
201550082801
201550082802
201550082803
201550082804
201550082805
201550082806
201550082807
201550082808
201550082809
201550082810
201550082811
201550090201
201550090202
201550090203
201550090204
201550090205
201550090206
201550090207
201550090208
201550090209
201550090210
201550090301
201550090302
201550090303
201550090304
201550090305
201550090306
201550090307
201550090308
201550090309
201550090310
201550090311
201550090401
201550090402
201550090403
201550090404
201550090405
201550090406
201550090407
201550090408
201550090409
201550090410
201550090411
201550090901
201550090902
201550090903
201550090904
201550090905
201550090906
201550090907
201550090908
201550090909
201550090910
201550090911
201550091001
201550091002
201550091003
201550091004
201550091005
201550091006
201550091007
201550091008
201550091009
201550091010
201550091011
201550091101
201550091102
201550091103
201550091104
201550091105
201550091106
201550091107
201550091108
201550091109
201550091110
201550091111
201550091601
201550091602
201550091603
201550091604
201550091605
201550091606
201550091607
201550091608
201550091609
201550091610
201550091611
201550091701
201550091702
201550091703
201550091704
201550091705
201550091706
201550091707
201550091708
201550091709
201550091710
201550091711
201550091801
201550091802
201550091803
201550091804
201550091805
201550091806
201550091807
201550091808
201550091809
201550091810
201550091811
201550092201
201550092202
201550092203
201550092204
201550092205
201550092206
201550092207
201550092208
201550092209
201550092210
201550092211
201550092301
201550092302
201550092303
201550092304
201550092305
201550092306
201550092307
201550092308
201550092309
201550092310
201550092311
201550092401
201550092402
201550092403
201550092404
201550092405
201550092406
201550092407
201550092408
201550092409
201550092410
201550092501
201550092502
201550092503
201550092504
201550092505
201550092506
201550092507
201550092508
201550092509
201550092510
201550093001
201550093002
201550093003
201550093004
201550093005
201550093006
201550093007
201550093008
201550093009
201550093010
201550093011
201550100101
201550100102
201550100103
201550100104
201550100105
201550100106
201550100107
201550100108
201550100109
201550100110
201550100111
201550100201
201550100202
201550100203
201550100204
201550100205
201550100206
201550100207
201550100208
201550100209
201550100210
201550100701
201550100702
201550100703
201550100704
201550100705
201550100706
201550100707
201550100708
201550100709
201550100710
201550100711
201550100801
201550100802
201550100803
201550100804
201550100805
201550100806
201550100807
201550100808
201550100809
201550100810
201550100811
201550100901
201550100902
201550100903
201550100904
201550100905
201550100906
201550100907
201550100908
201550100909
201550100910
201550100911
201550101401
201550101402
201550101403
201550101404
201550101405
201550101406
201550101407
201550101408
201550101409
201550101410
201550101411
201550101501
201550101502
201550101503
201550101504
201550101505
201550101506
201550101507
201550101508
201550101509
201550101510
201550101511
201550101601
201550101602
201550101603
201550101604
201550101605
201550101606
201550101607
201550101608
201550101609
201550101610
201550101611
201550102101
201550102102
201550102103
201550102104
201550102105
201550102106
201550102107
201550102108
201550102109
201550102110
201550102111
201550102201
201550102202
201550102203
201550102204
201550102205
201550102206
201550102207
201550102208
201550102209
201550102210
201550102211
201550102301
201550102302
201550102303
201550102304
201550102305
201550102306
201550102307
201550102308
201550102309
201550102310
201550102311
201550102801
201550102802
201550102803
201550102804
201550102805
201550102806
201550102807
201550102808
201550102809
201550102810
201550102811
201550102901
201550102902
201550102903
201550102904
201550102905
201550102906
201550102907
201550102908
201550102909
201550102910
201550102911
201550103001
201550103002
201550103003
201550103004
201550103005
201550103006
201550103007
201550103008
201550103009
201550103010
201550103011
201550103012
201550110401
201550110402
201550110403
201550110404
201550110405
201550110406
201550110407
201550110408
201550110409
201550110410
201550110411
201550110501
201550110502
201550110503
201550110504
201550110505
201550110506
201550110507
201550110508
201550110509
201550110510
201550110511
201550110601
201550110602
201550110603
201550110604
201550110605
201550110606
201550110607
201550110608
201550110609
201550110610
201550110611
201550110612
201550111001
201550111002
201550111003
201550111004
201550111005
201550111006
201550111007
201550111008
201550111009
201550111010
201550111011
201550111101
201550111102
201550111103
201550111104
201550111105
201550111106
201550111107
201550111108
201550111109
201550111110
201550111111
201550111201
201550111202
201550111203
201550111204
201550111205
201550111206
201550111207
201550111208
201550111209
201550111210
201550111211
201550111701
201550111702
201550111703
201550111704
201550111705
201550111706
201550111707
201550111708
201550111709
201550111710
201550111711
201550111801
201550111802
201550111803
201550111804
201550111805
201550111806
201550111807
201550111808
201550111809
201550111810
201550111811
201550111901
201550111902
201550111903
201550111904
201550111905
201550111906
201550111907
201550111908
201550111909
201550111910
201550111911
201550112001
201550112002
201550112003
201550112004
201550112005
201550112006
201550112007
201550112008
201550112009
201550112010
201550112401
201550112402
201550112403
201550112404
201550112405
201550112406
201550112407
201550112408
201550112409
201550112410
201550112411
201550112501
201550112502
201550112503
201550112504
201550112505
201550112506
201550112507
201550112508
201550112509
201550112510
201550112511
201550112601
201550112602
201550112603
201550112604
201550112605
201550112606
201550112607
201550112608
201550112609
201550112610
201550112611
201550120101
201550120102
201550120103
201550120104
201550120105
201550120106
201550120107
201550120108
201550120109
201550120110
201550120111
201550120201
201550120202
201550120203
201550120204
201550120205
201550120206
201550120207
201550120208
201550120209
201550120210
201550120211
201550120212
201550120301
201550120302
201550120303
201550120304
201550120305
201550120306
201550120307
201550120308
201550120309
201550120310
201550120311
201550120312
201550120801
201550120802
201550120803
201550120804
201550120805
201550120806
201550120807
201550120808
201550120809
201550120810
201550120811
201550120901
201550120902
201550120903
201550120904
201550120905
201550120906
201550120907
201550120908
201550120909
201550120910
201550120911
201550120912
201550121001
201550121002
201550121003
201550121004
201550121005
201550121006
201550121007
201550121008
201550121009
201550121010
201550121011
201550121501
201550121502
201550121503
201550121504
201550121505
201550121506
201550121507
201550121508
201550121509
201550121510
201550121511
201550121601
201550121602
201550121603
201550121604
201550121605
201550121606
201550121607
201550121608
201550121609
201550121610
201550121611
201550121612
201550121701
201550121702
201550121703
201550121704
201550121705
201550121706
201550121707
201550121708
201550121709
201550121710
201550121711
201550121712
201550122301
201550122302
201550122303
201550122304
201550122305
201550122306
201550122307
201550122308
201550122309
201550122310
201550122311
201550122401
201550122402
201550122403
201550122404
201550122405
201550122406
201550122407
201550122408
201550122409
201550122410
201550122411
201550122901
201550122902
201550122903
201550122904
201550122905
201550122906
201550122907
201550122908
201550122909
201550122910
201550122911
201550123001
201550123002
201550123003
201550123004
201550123005
201550123006
201550123007
201550123008
201550123009
201550123010
201550123011
201550123101
201550123102
201550123103
201550123104
201550123105
201550123106
201550123107
201550123108
201550123109
201550123110
201550123111