202136010201
202136010202
202136010203
202136010204
202136010205
202136010206
202136010207
202136010208
202136010209
202136010301
202136010302
202136010303
202136010304
202136010305
202136010306
202136010307
202136010308
202136010309
202136010310
202136010901
202136010902
202136010903
202136010904
202136010905
202136010906
202136010907
202136010908
202136010909
202136010910
202136011001
202136011002
202136011003
202136011004
202136011005
202136011006
202136011007
202136011008
202136011009
202136011010
202136011101
202136011102
202136011103
202136011104
202136011105
202136011106
202136011107
202136011108
202136011109
202136011110
202136031201
202136031202
202136031203
202136031204
202136031205
202136031206
202136031207
202136031208
202136031209
202136031210
202136031211
202136031212
202136031301
202136031302
202136031303
202136031304
202136031305
202136031306
202136031307
202136031308
202136031309
202136031310
202136031311
202136031312
202136031401
202136031402
202136031403
202136031404
202136031405
202136031406
202136031407
202136031408
202136031409
202136031410
202136031411
202136031412
202136031501
202136031502
202136031503
202136031504
202136031505
202136031506
202136031507
202136031508
202136031509
202136031510
202136031511
202136031512
202136032001
202136032002
202136032003
202136032004
202136032005
202136032006
202136032007
202136032008
202136032009
202136032010
202136032011
202136032101
202136032102
202136032103
202136032104
202136032105
202136032106
202136032107
202136032108
202136032109
202136032110
202136032111
202136032201
202136032202
202136032203
202136032204
202136032205
202136032206
202136032207
202136032208
202136032209
202136032210
202136032211
202136032701
202136032702
202136032703
202136032704
202136032705
202136032706
202136032707
202136032708
202136032709
202136032710
202136032711
202136032801
202136032802
202136032803
202136032804
202136032805
202136032806
202136032807
202136032808
202136032809
202136032810
202136032811
202136032901
202136032902
202136032903
202136032904
202136032905
202136032906
202136032907
202136032908
202136032909
202136032910
202136032911
202136040401
202136040402
202136040403
202136040404
202136040405
202136040406
202136040407
202136040408
202136040409
202136040410
202136040411
202136040501
202136040502
202136040503
202136040504
202136040505
202136040506
202136040507
202136040508
202136040509
202136040510
202136040511
202136040601
202136040602
202136040603
202136040604
202136040605
202136040606
202136040607
202136040608
202136040609
202136040610
202136040611
202136041101
202136041102
202136041103
202136041104
202136041105
202136041106
202136041107
202136041108
202136041109
202136041110
202136041111
202136041201
202136041202
202136041203
202136041204
202136041205
202136041206
202136041207
202136041208
202136041209
202136041210
202136041211
202136041212
202136041301
202136041302
202136041303
202136041304
202136041305
202136041306
202136041307
202136041308
202136041309
202136041310
202136041311
202136041312
202136041801
202136041802
202136041803
202136041804
202136041805
202136041806
202136041807
202136041808
202136041809
202136041810
202136041811
202136041901
202136041902
202136041903
202136041904
202136041905
202136041906
202136041907
202136041908
202136041909
202136041910
202136041911
202136041912
202136042001
202136042002
202136042003
202136042004
202136042005
202136042006
202136042007
202136042008
202136042009
202136042010
202136042011
202136042501
202136042502
202136042503
202136042504
202136042505
202136042506
202136042507
202136042508
202136042509
202136042510
202136042511
202136042601
202136042602
202136042603
202136042604
202136042605
202136042606
202136042607
202136042608
202136042609
202136042610
202136042611
202136042612
202136042701
202136042702
202136042703
202136042704
202136042705
202136042706
202136042707
202136042708
202136042709
202136042710
202136042711
202136050201
202136050202
202136050203
202136050204
202136050205
202136050206
202136050207
202136050208
202136050209
202136050210
202136050211
202136050301
202136050302
202136050303
202136050304
202136050305
202136050306
202136050307
202136050308
202136050309
202136050310
202136050311
202136050312
202136050501
202136050502
202136050503
202136050504
202136050505
202136050506
202136050507
202136050508
202136050509
202136050510
202136050511
202136050512
202136050901
202136050902
202136050903
202136050904
202136050905
202136050906
202136050907
202136050908
202136050909
202136050910
202136050911
202136051001
202136051002
202136051003
202136051004
202136051005
202136051006
202136051007
202136051008
202136051009
202136051010
202136051011
202136051012
202136051101
202136051102
202136051103
202136051104
202136051105
202136051106
202136051107
202136051108
202136051109
202136051110
202136051111
202136051112
202136051601
202136051602
202136051603
202136051604
202136051605
202136051606
202136051607
202136051608
202136051609
202136051610
202136051611
202136051701
202136051702
202136051703
202136051704
202136051705
202136051706
202136051707
202136051708
202136051709
202136051710
202136051711
202136051712
202136051801
202136051802
202136051803
202136051804
202136051805
202136051806
202136051807
202136051808
202136051809
202136051810
202136051811
202136052301
202136052302
202136052303
202136052304
202136052305
202136052306
202136052307
202136052308
202136052309
202136052310
202136052311
202136052401
202136052402
202136052403
202136052404
202136052405
202136052406
202136052407
202136052408
202136052409
202136052410
202136052411
202136052412
202136052501
202136052502
202136052503
202136052504
202136052505
202136052506
202136052507
202136052508
202136052509
202136052510
202136052511
202136052512
202136053001
202136053002
202136053003
202136053004
202136053005
202136053006
202136053007
202136053008
202136053009
202136053010
202136053011
202136053101
202136053102
202136053103
202136053104
202136053105
202136053106
202136053107
202136053108
202136053109
202136053110
202136053111
202136060101
202136060102
202136060103
202136060104
202136060105
202136060106
202136060107
202136060108
202136060109
202136060110
202136060111
202136060112
202136060601
202136060602
202136060603
202136060604
202136060605
202136060606
202136060607
202136060608
202136060609
202136060610
202136060611
202136060701
202136060702
202136060703
202136060704
202136060705
202136060706
202136060707
202136060708
202136060709
202136060710
202136060711
202136060712
202136060801
202136060802
202136060803
202136060804
202136060805
202136060806
202136060807
202136060808
202136060809
202136060810
202136060811
202136060812
202136061301
202136061302
202136061303
202136061304
202136061305
202136061306
202136061307
202136061308
202136061309
202136061310
202136061401
202136061402
202136061403
202136061404
202136061405
202136061406
202136061407
202136061408
202136061409
202136061410
202136061411
202136061412
202136061501
202136061502
202136061503
202136061504
202136061505
202136061506
202136061507
202136061508
202136061509
202136061510
202136061511
202136061512
202136062001
202136062002
202136062003
202136062004
202136062005
202136062006
202136062007
202136062008
202136062009
202136062010
202136062011
202136062101
202136062102
202136062103
202136062104
202136062105
202136062106
202136062107
202136062108
202136062109
202136062110
202136062111
202136062112
202136062201
202136062202
202136062203
202136062204
202136062205
202136062206
202136062207
202136062208
202136062209
202136062210
202136062211
202136062212