202142010602
202142010604
202142010605
202142010606
202142010607
202142010608
202142010609
202142010610
202142010611
202142010612
202142010702
202142010703
202142010704
202142010705
202142010706
202142010707
202142010708
202142010709
202142010710
202142010711
202142010712
202142010802
202142010804
202142010805
202142010806
202142010807
202142010808
202142010809
202142010810
202142010811
202142010812
202142020101
202142020102
202142020105
202142020106
202142020107
202142020108
202142020109
202142020110
202142020111
202142020112
202142020201
202142020203
202142020204
202142020205
202142020206
202142020207
202142020208
202142020209
202142020210
202142020211
202142020212
202142020302
202142020303
202142020304
202142020305
202142020306
202142020307
202142020308
202142020309
202142020310
202142020311
202142020312
202142020402
202142020403
202142020404
202142020405
202142020406
202142020407
202142020408
202142020409
202142020410
202142020411
202142020412
202142020503
202142020504
202142020505
202142020506
202142020507
202142020508
202142020509
202142020510
202142020511
202142020512
202142022201
202142022204
202142022205
202142022206
202142022207
202142022208
202142022209
202142022210
202142022211
202142022212
202142022301
202142022303
202142022305
202142022306
202142022307
202142022308
202142022309
202142022310
202142022311
202142022312
202142022401
202142022404
202142022405
202142022406
202142022407
202142022408
202142022409
202142022410
202142022411
202142022412
202142022502
202142022503
202142022504
202142022505
202142022506
202142022507
202142022508
202142022509
202142022510
202142022511
202142022512
202142022602
202142022605
202142022606
202142022607
202142022608
202142022609
202142022610
202142022611
202142022612
202142032903
202142032904
202142032905
202142032906
202142032907
202142032908
202142032909
202142032910
202142032911
202142032912
202142033001
202142033004
202142033005
202142033006
202142033007
202142033008
202142033009
202142033010
202142033011
202142033012
202142033101
202142033102
202142033103
202142033104
202142033105
202142033106
202142033107
202142033108
202142033109
202142033110
202142033111
202142033112
202142040102
202142040103
202142040104
202142040105
202142040106
202142040107
202142040108
202142040109
202142040110
202142040111
202142040112
202142040201
202142040202
202142040204
202142040205
202142040206
202142040207
202142040208
202142040209
202142040210
202142040211
202142040212
202142051001
202142051002
202142051003
202142051007
202142051008
202142051009
202142051010
202142051011
202142051012
202142051102
202142051103
202142051104
202142051105
202142051106
202142051107
202142051108
202142051109
202142051110
202142051111
202142051112
202142051202
202142051203
202142051204
202142051205
202142051207
202142051208
202142051209
202142051210
202142051211
202142051212
202142051302
202142051303
202142051304
202142051305
202142051306
202142051307
202142051308
202142051309
202142051310
202142051311
202142051312
202142051402
202142051403
202142051406
202142051407
202142051408
202142051409
202142051410
202142051411
202142051412
202142053102
202142053103
202142053105
202142053107
202142053108
202142053109
202142053110
202142053111
202142053112
202142060101
202142060102
202142060104
202142060105
202142060106
202142060107
202142060108
202142060109
202142060110
202142060112
202142060201
202142060202
202142060203
202142060204
202142060205
202142060206
202142060207
202142060208
202142060209
202142060210
202142060211
202142060212
202142060301
202142060302
202142060303
202142060304
202142060305
202142060306
202142060308
202142060309
202142060310
202142060311
202142060312
202142060405
202142060406
202142060407
202142060408
202142060409
202142060410
202142060411
202142060412
202142062801
202142062803
202142062804
202142062806
202142062807
202142062808
202142062809
202142062810
202142062811
202142062812
202142070102
202142070104
202142070105
202142070107
202142070108
202142070109
202142070110
202142070111
202142070112
202142070204
202142070207
202142070208
202142070209
202142070210
202142070211
202142070212