202143011103
202143011107
202143011108
202143011109
202143011110
202143011111
202143011112
202143011202
202143011203
202143011204
202143011205
202143011207
202143011208
202143011209
202143011210
202143011211
202143011212
202143011301
202143011303
202143011304
202143011305
202143011306
202143011307
202143011308
202143011309
202143011310
202143011311
202143011312
202143011403
202143011404
202143011405
202143011406
202143011407
202143011408
202143011409
202143011410
202143011412
202143011503
202143011504
202143011505
202143011506
202143011508
202143011509
202143011510
202143011511
202143011512
202143020802
202143020803
202143020805
202143020806
202143020807
202143020809
202143020810
202143020811
202143020812
202143020901
202143020902
202143020903
202143020904
202143020905
202143020906
202143020908
202143020909
202143020910
202143020911
202143020912
202143021002
202143021003
202143021004
202143021005
202143021006
202143021007
202143021008
202143021009
202143021010
202143021011
202143021012
202143021103
202143021104
202143021105
202143021106
202143021107
202143021108
202143021109
202143021110
202143021204
202143021205
202143021206
202143021207
202143021208
202143021209
202143021210
202143021211
202143021212
202143031502
202143031503
202143031504
202143031505
202143031506
202143031507
202143031508
202143031509
202143031510
202143031511
202143031512
202143031603
202143031604
202143031605
202143031606
202143031607
202143031608
202143031609
202143031610
202143031612
202143031702
202143031703
202143031704
202143031705
202143031706
202143031707
202143031708
202143031709
202143031710
202143031711
202143031712
202143031803
202143031804
202143031805
202143031806
202143031807
202143031808
202143031810
202143031811
202143031812
202143031904
202143031905
202143031906
202143031907
202143031908
202143031909
202143031910
202143031911
202143031912
202143040501
202143040502
202143040503
202143040504
202143040505
202143040506
202143040508
202143040509
202143040510
202143040511
202143040512
202143040601
202143040602
202143040603
202143040604
202143040605
202143040606
202143040607
202143040608
202143040609
202143040610
202143040612
202143040703
202143040704
202143040705
202143040706
202143040707
202143040709
202143040710
202143040711
202143040712
202143040802
202143040803
202143040804
202143040805
202143040806
202143040807
202143040808
202143040809
202143040810
202143040811
202143040812
202143040902
202143040903
202143040904
202143040905
202143040906
202143040907
202143040908
202143040909
202143040910
202143040911
202143040912
202143050302
202143050303
202143050304
202143050305
202143050306
202143050307
202143050308
202143050309
202143050310
202143050311
202143050312
202143050402
202143050403
202143050404
202143050405
202143050406
202143050407
202143050408
202143050409
202143050410
202143050412
202143050501
202143050502
202143050504
202143050505
202143050506
202143050507
202143050508
202143050509
202143050510
202143050511
202143050512
202143050604
202143050605
202143050606
202143050607
202143050608
202143050609
202143050610
202143050611
202143050612
202143050702
202143050705
202143050707
202143050708
202143050709
202143050710
202143050712
202143062101
202143062103
202143062104
202143062106
202143062107
202143062108
202143062109
202143062110
202143062111
202143062112
202143062202
202143062203
202143062204
202143062205
202143062206
202143062207
202143062208
202143062209
202143062210
202143062211
202143062212
202143062302
202143062303
202143062305
202143062306
202143062307
202143062308
202143062309
202143062310
202143062311
202143062312
202143062401
202143062402
202143062406
202143062407
202143062408
202143062409
202143062410
202143062412
202143062505
202143062506
202143062507
202143062508
202143062509
202143062510
202143062511
202143062512
202143071705
202143071706
202143071707
202143071708
202143071709
202143071710
202143071711
202143071712
202143071803
202143071804
202143071805
202143071807
202143071809
202143071810
202143071811
202143071812
202143071905
202143071906
202143071907
202143071908
202143071909
202143071910
202143071911
202143071912
202143072001
202143072006
202143072007
202143072008
202143072009
202143072011
202143072101
202143072104
202143072108
202143072109
202143072110
202143072111
202143072112