202145010101
202145010102
202145010103
202145010104
202145010105
202145010106
202145010107
202145010108
202145010109
202145010110
202145010111
202145010112
202145010201
202145010202
202145010203
202145010204
202145010205
202145010206
202145010207
202145010208
202145010209
202145010210
202145010211
202145010212
202145010301
202145010302
202145010303
202145010304
202145010305
202145010306
202145010307
202145010308
202145010309
202145010310
202145010311
202145010312
202145010401
202145010402
202145010403
202145010404
202145010405
202145010406
202145010407
202145010408
202145010409
202145010410
202145010411
202145010412
202145012501
202145012502
202145012503
202145012504
202145012505
202145012506
202145012507
202145012508
202145012509
202145012510
202145012511
202145012512
202145012601
202145012602
202145012603
202145012604
202145012605
202145012606
202145012607
202145012608
202145012609
202145012610
202145012611
202145012612
202145012701
202145012702
202145012703
202145012704
202145012705
202145012706
202145012707
202145012708
202145012709
202145012710
202145012711
202145012712
202145012801
202145012802
202145012803
202145012804
202145012805
202145012806
202145012807
202145012808
202145012809
202145012810
202145012811
202145012812
202145012901
202145012902
202145012903
202145012904
202145012905
202145012906
202145012907
202145012908
202145012909
202145012910
202145012911
202145012912
202145030101
202145030102
202145030103
202145030104
202145030105
202145030106
202145030107
202145030108
202145030109
202145030110
202145030111
202145030112
202145030201
202145030202
202145030203
202145030204
202145030205
202145030206
202145030207
202145030208
202145030209
202145030210
202145030211
202145030212
202145030301
202145030302
202145030303
202145030304
202145030305
202145030306
202145030307
202145030308
202145030309
202145030310
202145030311
202145030312
202145030401
202145030402
202145030403
202145030404
202145030405
202145030406
202145030407
202145030408
202145030409
202145030410
202145030411
202145030412
202145030501
202145030502
202145030503
202145030504
202145030505
202145030506
202145030507
202145030508
202145030509
202145030510
202145030511
202145030512
202145041901
202145041902
202145041903
202145041904
202145041905
202145041906
202145041907
202145041908
202145041909
202145041910
202145041911
202145041912
202145042001
202145042002
202145042003
202145042004
202145042005
202145042006
202145042007
202145042008
202145042009
202145042010
202145042011
202145042012
202145042101
202145042102
202145042103
202145042104
202145042105
202145042106
202145042107
202145042108
202145042109
202145042110
202145042111
202145042112
202145042201
202145042202
202145042203
202145042204
202145042205
202145042206
202145042207
202145042208
202145042209
202145042210
202145042211
202145042212
202145042301
202145042302
202145042303
202145042304
202145042305
202145042306
202145042307
202145042308
202145042309
202145042310
202145042311
202145042312
202145052401
202145052402
202145052403
202145052404
202145052405
202145052406
202145052407
202145052408
202145052409
202145052410
202145052411
202145052412
202145052501
202145052502
202145052503
202145052504
202145052505
202145052506
202145052507
202145052508
202145052509
202145052510
202145052511
202145052512
202145052601
202145052602
202145052603
202145052604
202145052605
202145052606
202145052607
202145052608
202145052609
202145052610
202145052611
202145052612
202145052701
202145052702
202145052703
202145052704
202145052705
202145052706
202145052707
202145052708
202145052709
202145052710
202145052711
202145052712
202145052801
202145052802
202145052803
202145052804
202145052805
202145052806
202145052807
202145052808
202145052809
202145052810
202145052811
202145052812
202145061401
202145061402
202145061403
202145061404
202145061405
202145061406
202145061407
202145061408
202145061409
202145061410
202145061411
202145061412
202145061501
202145061502
202145061503
202145061504
202145061505
202145061506
202145061507
202145061508
202145061509
202145061510
202145061511
202145061512
202145061601
202145061602
202145061603
202145061604
202145061605
202145061606
202145061607
202145061608
202145061609
202145061610
202145061611
202145061612
202145061701
202145061702
202145061703
202145061704
202145061705
202145061706
202145061707
202145061708
202145061709
202145061710
202145061711
202145061712
202145061801
202145061802
202145061803
202145061804
202145061805
202145061806
202145061807
202145061808
202145061809
202145061810
202145061811
202145061812
202145070501
202145070502
202145070503
202145070504
202145070505
202145070506
202145070507
202145070508
202145070509
202145070510
202145070511
202145070512
202145070601
202145070602
202145070603
202145070604
202145070605
202145070606
202145070607
202145070608
202145070609
202145070610
202145070611
202145070612
202145070701
202145070702
202145070703
202145070704
202145070705
202145070706
202145070707
202145070708
202145070709
202145070710
202145070711
202145070712
202145070801
202145070802
202145070803
202145070804
202145070805
202145070806
202145070807
202145070808
202145070809
202145070810
202145070811
202145070812
202145070901
202145070902
202145070903
202145070904
202145070905
202145070906
202145070907
202145070908
202145070909
202145070910
202145070911
202145070912
202145073001
202145073002
202145073003
202145073004
202145073005
202145073006