202146031401
202146031402
202146031403
202146031404
202146031405
202146031406
202146031407
202146031408
202146031409
202146031410
202146031411
202146031501
202146031502
202146031503
202146031504
202146031505
202146031506
202146031507
202146031508
202146031509
202146031510
202146031511
202146031512
202146031601
202146031602
202146031603
202146031604
202146031605
202146031606
202146031607
202146031608
202146031609
202146031610
202146031611
202146031612
202146032101
202146032102
202146032103
202146032104
202146032105
202146032106
202146032107
202146032108
202146032109
202146032110
202146032301
202146032302
202146032303
202146032304
202146032305
202146032306
202146032307
202146032308
202146032309
202146032801
202146032802
202146032803
202146032804
202146032805
202146032806
202146032807
202146032808
202146032809
202146032810
202146033001
202146033002
202146033003
202146033004
202146033005
202146033006
202146033007
202146033008
202146033009
202146033010
202146040401
202146040402
202146040403
202146040404
202146040405
202146040406
202146040407
202146040408
202146040409
202146040410
202146040601
202146040602
202146040603
202146040604
202146040605
202146040606
202146040607
202146040608
202146040609
202146040610
202146040611
202146041101
202146041102
202146041103
202146041104
202146041105
202146041106
202146041107
202146041108
202146041109
202146041110
202146041301
202146041302
202146041303
202146041304
202146041305
202146041306
202146041307
202146041308
202146041309
202146041310
202146041311
202146041801
202146041802
202146041803
202146041804
202146041805
202146041806
202146041807
202146041808
202146041809
202146041810
202146041811
202146042001
202146042002
202146042003
202146042004
202146042005
202146042006
202146042007
202146042008
202146042009
202146042010
202146042011
202146042501
202146042502
202146042503
202146042504
202146042505
202146042506
202146042507
202146042508
202146042509
202146042510
202146042511
202146042701
202146042702
202146042703
202146042704
202146042705
202146042706
202146042707
202146042708
202146042709
202146042710
202146042711
202146050201
202146050202
202146050203
202146050204
202146050205
202146050206
202146050207
202146050208
202146050209
202146050210
202146050301
202146050302
202146050303
202146050304
202146050305
202146050306
202146050307
202146050308
202146050309
202146050310
202146050311
202146050401
202146050402
202146050403
202146050404
202146050405
202146050406
202146050407
202146050408
202146050409
202146050410
202146050411
202146050501
202146050502
202146050503
202146050504
202146050505
202146050506
202146050507
202146050508
202146050509
202146050510
202146051001
202146051002
202146051003
202146051004
202146051005
202146051006
202146051007
202146051008
202146051009
202146051010
202146051011
202146051101
202146051102
202146051103
202146051104
202146051105
202146051106
202146051107
202146051108
202146051109
202146051110
202146051111
202146051112
202146051601
202146051602
202146051603
202146051604
202146051605
202146051606
202146051607
202146051608
202146051609
202146051610
202146051611
202146051801
202146051802
202146051803
202146051804
202146051805
202146051806
202146051807
202146051808
202146051809
202146051810
202146051811
202146051812
202146052301
202146052302
202146052303
202146052304
202146052305
202146052306
202146052307
202146052308
202146052309
202146052310
202146052311
202146052501
202146052502
202146052503
202146052504
202146052505
202146052506
202146052507
202146052508
202146052509
202146052510
202146052511
202146052512
202146053001
202146053002
202146053003
202146053004
202146053005
202146053006
202146053007
202146053008
202146053009
202146053010
202146053011
202146060101
202146060102
202146060103
202146060104
202146060105
202146060106
202146060107
202146060108
202146060109
202146060110
202146060111
202146060112
202146060601
202146060602
202146060603
202146060604
202146060605
202146060606
202146060607
202146060608
202146060609
202146060610
202146060611
202146060801
202146060802
202146060803
202146060804
202146060805
202146060806
202146060807
202146060808
202146060809
202146060810
202146060811
202146060812
202146061301
202146061302
202146061303
202146061304
202146061305
202146061306
202146061307
202146061308
202146061309
202146061310
202146061311
202146061501
202146061502
202146061503
202146061504
202146061505
202146061506
202146061507
202146061508
202146061509
202146061510
202146061511
202146061512
202146062001
202146062002
202146062003
202146062004
202146062005
202146062006
202146062007
202146062008
202146062009
202146062010
202146062011
202146062201
202146062202
202146062203
202146062204
202146062205
202146062206
202146062207
202146062208
202146062209
202146062210
202146062211
202146062212
202146062701
202146062702
202146062703
202146062704
202146062705
202146062706
202146062707
202146062708
202146062709
202146062710
202146062711
202146062901
202146062902
202146062903
202146062904
202146062905
202146062906
202146062907
202146062908
202146062909
202146062910
202146062911
202146062912
202146070401
202146070402
202146070403
202146070404
202146070405
202146070406
202146070407
202146070408
202146070409
202146070410
202146070411
202146070601
202146070602
202146070603
202146070604
202146070605
202146070606
202146070607
202146070608
202146070609
202146070610
202146070611
202146071101
202146071102
202146071103
202146071104
202146071105
202146071106
202146071107
202146071108
202146071109
202146071110
202146071111
202146071301
202146071302
202146071303
202146071304
202146071305
202146071306
202146071307
202146071308
202146071309
202146071310
202146071311
202146071312
202146071801
202146071802
202146071803
202146071804
202146071805
202146071806
202146071807
202146071808
202146071809
202146071810
202146071811
202146072001
202146072002
202146072003
202146072004
202146072005
202146072006
202146072007
202146072008
202146072009
202146072010
202146072011
202146072012
202146072501
202146072502
202146072503
202146072504
202146072505
202146072506
202146072507
202146072508
202146072509
202146072510
202146072511
202146072701
202146072702
202146072703
202146072704
202146072705
202146072706
202146072707
202146072708
202146072709
202146072710
202146072711
202146072712
202146080101
202146080102
202146080103
202146080104
202146080105
202146080106
202146080107
202146080108
202146080109
202146080110