202148010101
202148010102
202148010103
202148010104
202148010105
202148010106
202148010107
202148010108
202148010109
202148010110
202148010111
202148010112
202148010201
202148010202
202148010203
202148010204
202148010205
202148010206
202148010207
202148010208
202148010209
202148010210
202148010211
202148010212
202148010301
202148010302
202148010303
202148010304
202148010305
202148010306
202148010307
202148010308
202148010309
202148010310
202148010311
202148010312
202148010401
202148010402
202148010403
202148010404
202148010405
202148010406
202148010407
202148010408
202148010409
202148010410
202148010411
202148010412
202148011301
202148011302
202148011303
202148011304
202148011305
202148011306
202148011307
202148011308
202148011309
202148011310
202148011311
202148011401
202148011402
202148011403
202148011404
202148011405
202148011406
202148011407
202148011408
202148011409
202148011410
202148011411
202148011412
202148011501
202148011502
202148011503
202148011504
202148011505
202148011506
202148011507
202148011508
202148011509
202148011510
202148011511
202148011512
202148011801
202148011802
202148011803
202148011804
202148011805
202148011806
202148011807
202148011808
202148011809
202148011810
202148011811
202148011812
202148012601
202148012602
202148012603
202148012604
202148012605
202148012606
202148012607
202148012608
202148012609
202148012610
202148012611
202148012612
202148012701
202148012702
202148012703
202148012704
202148012705
202148012706
202148012707
202148012708
202148012709
202148012710
202148012711
202148012712
202148012801
202148012802
202148012803
202148012804
202148012805
202148012806
202148012807
202148012808
202148012809
202148012810
202148012811
202148012812
202148012901
202148012902
202148012903
202148012904
202148012905
202148012906
202148012907
202148012908
202148012909
202148012910
202148012911
202148012912
202148020801
202148020802
202148020803
202148020804
202148020805
202148020806
202148020807
202148020808
202148020809
202148020810
202148020901
202148020902
202148020903
202148020904
202148020905
202148020906
202148020907
202148020908
202148020909
202148020910
202148021001
202148021002
202148021003
202148021004
202148021005
202148021006
202148021007
202148021008
202148021009
202148021010
202148021101
202148021102
202148021103
202148021104
202148021105
202148021106
202148021107
202148021108
202148021109
202148021110
202148021111
202148021201
202148021202
202148021203
202148021204
202148021205
202148021206
202148021207
202148021208
202148021209
202148021210
202148021211
202148022201
202148022202
202148022203
202148022204
202148022205
202148022206
202148022207
202148022208
202148022209
202148022210
202148022301
202148022302
202148022303
202148022304
202148022305
202148022306
202148022307
202148022308
202148022309
202148022310
202148022401
202148022402
202148022403
202148022404
202148022405
202148022406
202148022407
202148022408
202148022409
202148022501
202148022502
202148022503
202148022504
202148022505
202148022506
202148022507
202148022508
202148022509
202148022510
202148022511
202148022601
202148022602
202148022603
202148022604
202148022605
202148022606
202148022607
202148022608
202148022609
202148022610
202148022611
202148030901
202148030902
202148030903
202148030904
202148030905
202148030906
202148030907
202148030908
202148030909
202148030910
202148030911
202148030912
202148031001
202148031002
202148031003
202148031004
202148031005
202148031006
202148031007
202148031008
202148031009
202148031010
202148031011
202148031012
202148031101
202148031102
202148031103
202148031104
202148031105
202148031106
202148031107
202148031108
202148031109
202148031110
202148031111
202148031112
202148031201
202148031202
202148031203
202148031204
202148031205
202148031206
202148031207
202148031208
202148031209
202148031210
202148031211
202148031212
202148032301
202148032302
202148032303
202148032304
202148032305
202148032306
202148032307
202148032308
202148032309
202148032310
202148032311
202148032312
202148032401
202148032402
202148032403
202148032404
202148032405
202148032406
202148032407
202148032408
202148032409
202148032410
202148032411
202148032412
202148032501
202148032502
202148032503
202148032504
202148032505
202148032506
202148032507
202148032508
202148032509
202148032510
202148032511
202148032512
202148032601
202148032602
202148032603
202148032604
202148032605
202148032606
202148032607
202148032608
202148032609
202148032610
202148032611
202148032612
202148040501
202148040502
202148040503
202148040504
202148040505
202148040506
202148040507
202148040508
202148040509
202148040510
202148040511
202148040512
202148040701
202148040702
202148040703
202148040704
202148040705
202148040706
202148040707
202148040708
202148040709
202148040710
202148040711
202148040712
202148040801
202148040802
202148040803
202148040804
202148040805
202148040806
202148040807
202148040808
202148040809
202148040810
202148040811
202148040812
202148040901
202148040902
202148040903
202148040904
202148040905
202148040906
202148040907
202148040908
202148040909
202148040910
202148040911
202148040912
202148041901
202148041902
202148041903
202148041904
202148041905
202148041906
202148041907
202148041908
202148041909
202148041910
202148041911
202148041912
202148042101
202148042102
202148042103
202148042104
202148042105
202148042106
202148042107
202148042108
202148042109
202148042110
202148042111
202148042112
202148042201
202148042202
202148042203
202148042204
202148042205
202148042206
202148042207
202148042208
202148042209
202148042210
202148042211
202148042212
202148042301
202148042302
202148042303
202148042304
202148042305
202148042306
202148042307
202148042308
202148042309
202148042310
202148042311
202148042312
202148050301
202148050302
202148050303
202148050304
202148050305
202148050306
202148050307
202148050308
202148050309
202148050310
202148050311
202148050312
202148050401
202148050402
202148050403
202148050404
202148050405
202148050406
202148050407
202148050408
202148050409
202148050410
202148050411
202148050412
202148050501
202148050502
202148050503
202148050504
202148050505
202148050506
202148050507
202148050508
202148050509
202148050510
202148050511
202148050512
202148050701
202148050702
202148050703
202148050704
202148050705
202148050706
202148050707
202148050708
202148050709
202148050710
202148050711
202148050712
202148051801
202148051802
202148051803
202148051804
202148051805
202148051806
202148051807
202148051808
202148051809
202148051810
202148051811
202148051812
202148051901
202148051902
202148051903
202148051904
202148051905
202148051906
202148051907
202148051908
202148051909
202148051910
202148051911
202148051912
202148052001
202148052002
202148052003
202148052004
202148052005
202148052006
202148052007
202148052008
202148052009
202148052010
202148052011
202148052012
202148052101
202148052102
202148052103
202148052104
202148052105
202148052106
202148052107
202148052108
202148052109
202148052110
202148052111
202148052112
202148060201
202148060202
202148060203
202148060204
202148060205
202148060206
202148060207
202148060208
202148060209
202148060210
202148060211
202148060212
202148060301
202148060302
202148060303
202148060304
202148060305
202148060306
202148060307
202148060308
202148060309
202148060310
202148060311
202148060312
202148060401
202148060402
202148060403
202148060404
202148060405
202148060406
202148060407
202148060408
202148060409
202148060410
202148060411
202148060412
202148060701
202148060702
202148060703
202148060704
202148060705
202148060706
202148060707
202148060708
202148060709
202148060710
202148060711
202148060712
202148061501
202148061502
202148061503
202148061504
202148061505
202148061506
202148061507
202148061508
202148061509
202148061510
202148061511
202148061512
202148061601
202148061602
202148061603
202148061604
202148061605
202148061606
202148061607
202148061608
202148061609
202148061610
202148061611
202148061612
202148061701
202148061702
202148061703
202148061704
202148061705
202148061706
202148061707
202148061708
202148061709
202148061710
202148061711
202148061712
202148061801
202148061802
202148061803
202148061804
202148061805
202148061806
202148061807
202148061808
202148061809
202148061810
202148061811
202148062901
202148062902
202148062903
202148062904
202148062905
202148062906
202148062907
202148062908
202148062909
202148062910
202148062911
202148062912
202148063001
202148063002
202148063003
202148063004
202148063005
202148063006
202148063007
202148063008
202148063009
202148063010
202148063011
202148063012
202148070101
202148070102
202148070103
202148070104
202148070105
202148070106
202148070107
202148070108
202148070109
202148070110
202148070111
202148070112
202148070201
202148070202
202148070203
202148070204
202148070205
202148070206
202148070207
202148070208
202148070209
202148070210
202148070211
202148070212
202148070701
202148070702
202148070703
202148070704
202148070705
202148070706
202148070707
202148070708
202148070709
202148070710
202148070711
202148070712
202148070801
202148070802
202148070803
202148070804
202148070805
202148070806
202148070807
202148070808
202148070809
202148070810
202148070811
202148070812
202148070901
202148070902
202148070903
202148070904
202148070905
202148070906
202148070907
202148070908
202148070909
202148070910
202148070911
202148070912
202148071201
202148071202
202148071203
202148071204
202148071205
202148071206
202148071207
202148071208
202148071209
202148071210
202148071211
202148071212
202148072001
202148072002
202148072003
202148072004
202148072005
202148072006
202148072007
202148072008
202148072009
202148072010
202148072011
202148072101
202148072102
202148072103
202148072104
202148072105
202148072106
202148072107
202148072108
202148072109
202148072110
202148072111
202148072201
202148072202
202148072203
202148072204
202148072205
202148072206
202148072207
202148072208
202148072209
202148072210
202148072211
202148072212
202148072301
202148072302
202148072303
202148072304
202148072305
202148072306
202148072307
202148072308
202148072309
202148072310
202148072311