202150010201
202150010202
202150010203
202150010204
202150010205
202150010206
202150010207
202150010208
202150010209
202150010210
202150010211
202150010301
202150010302
202150010303
202150010304
202150010305
202150010306
202150010307
202150010308
202150010309
202150010310
202150010311
202150010312
202150010601
202150010602
202150010603
202150010604
202150010605
202150010606
202150010607
202150010608
202150010609
202150010610
202150010611
202150010612
202150010701
202150010702
202150010703
202150010704
202150010705
202150010706
202150010707
202150010708
202150010709
202150010710
202150010711
202150010712
202150041301
202150041302
202150041303
202150041304
202150041305
202150041306
202150041307
202150041308
202150041309
202150041310
202150041311
202150041401
202150041402
202150041403
202150041404
202150041405
202150041406
202150041407
202150041408
202150041409
202150041410
202150041411
202150041501
202150041502
202150041503
202150041504
202150041505
202150041506
202150041507
202150041508
202150041509
202150041510
202150041511
202150041512
202150041601
202150041602
202150041603
202150041604
202150041605
202150041606
202150041607
202150041608
202150041609
202150041610
202150041611
202150041612
202150042001
202150042002
202150042003
202150042004
202150042005
202150042006
202150042007
202150042008
202150042009
202150042010
202150042011
202150042101
202150042102
202150042103
202150042104
202150042105
202150042106
202150042107
202150042108
202150042109
202150042110
202150042111
202150042112
202150042201
202150042202
202150042203
202150042204
202150042205
202150042206
202150042207
202150042208
202150042209
202150042210
202150042211
202150042212
202150042701
202150042702
202150042703
202150042704
202150042705
202150042706
202150042707
202150042708
202150042709
202150042710
202150042711
202150042712
202150042801
202150042802
202150042803
202150042804
202150042805
202150042806
202150042807
202150042808
202150042809
202150042810
202150042811
202150042812
202150042901
202150042902
202150042903
202150042904
202150042905
202150042906
202150042907
202150042908
202150042909
202150042910
202150042911
202150042912
202150050301
202150050302
202150050303
202150050304
202150050305
202150050306
202150050307
202150050308
202150050309
202150050310
202150050311
202150050401
202150050402
202150050403
202150050404
202150050405
202150050406
202150050407
202150050408
202150050409
202150050410
202150050411
202150050412
202150050501
202150050502
202150050503
202150050504
202150050505
202150050506
202150050507
202150050508
202150050509
202150050510
202150050511
202150050512
202150050601
202150050602
202150050603
202150050604
202150050605
202150050606
202150050607
202150050608
202150050609
202150050610
202150050611
202150050612
202150051201
202150051202
202150051203
202150051204
202150051205
202150051206
202150051207
202150051208
202150051209
202150051210
202150051211
202150051212
202150051301
202150051302
202150051303
202150051304
202150051305
202150051306
202150051307
202150051308
202150051309
202150051310
202150051311
202150051312
202150051401
202150051402
202150051403
202150051404
202150051405
202150051406
202150051407
202150051408
202150051409
202150051410
202150051411
202150051412
202150051901
202150051902
202150051903
202150051904
202150051905
202150051906
202150051907
202150051908
202150051909
202150051910
202150051911
202150051912
202150052001
202150052002
202150052003
202150052004
202150052005
202150052006
202150052007
202150052008
202150052009
202150052010
202150052011
202150052012
202150052101
202150052102
202150052103
202150052104
202150052105
202150052106
202150052107
202150052108
202150052109
202150052110
202150052111
202150052112
202150052601
202150052602
202150052603
202150052604
202150052605
202150052606
202150052607
202150052608
202150052609
202150052610
202150052611
202150052612
202150052701
202150052702
202150052703
202150052704
202150052705
202150052706
202150052707
202150052708
202150052709
202150052710
202150052711
202150052712
202150052801
202150052802
202150052803
202150052804
202150052805
202150052806
202150052807
202150052808
202150052809
202150052810
202150052811
202150052812
202150060201
202150060202
202150060203
202150060204
202150060205
202150060206
202150060207
202150060208
202150060209
202150060210
202150060211
202150060212
202150060301
202150060302
202150060303
202150060304
202150060305
202150060306
202150060307
202150060308
202150060309
202150060310
202150060311
202150060312
202150060401
202150060402
202150060403
202150060404
202150060405
202150060406
202150060407
202150060408
202150060409
202150060410
202150060411
202150060412
202150060901
202150060902
202150060903
202150060904
202150060905
202150060906
202150060907
202150060908
202150060909
202150060910
202150060911
202150060912
202150061001
202150061002
202150061003
202150061004
202150061005
202150061006
202150061007
202150061008
202150061009
202150061010
202150061011
202150061012
202150061101
202150061102
202150061103
202150061104
202150061105
202150061106
202150061107
202150061108
202150061109
202150061110
202150061111
202150061112
202150061601
202150061602
202150061603
202150061604
202150061605
202150061606
202150061607
202150061608
202150061609
202150061610
202150061611
202150061612
202150061701
202150061702
202150061703
202150061704
202150061705
202150061706
202150061707
202150061708
202150061709
202150061710
202150061711
202150061712
202150061801
202150061802
202150061803
202150061804
202150061805
202150061806
202150061807
202150061808
202150061809
202150061810
202150061811
202150061812
202150062301
202150062302
202150062303
202150062304
202150062305
202150062306
202150062307
202150062308
202150062309
202150062310
202150062311
202150062312
202150062401
202150062402
202150062403
202150062404
202150062405
202150062406
202150062407
202150062408
202150062409
202150062410
202150062411
202150062412
202150062501
202150062502
202150062503
202150062504
202150062505
202150062506
202150062507
202150062508
202150062509
202150062510
202150062511
202150062512
202150063001
202150063002
202150063003
202150063004
202150063005
202150063006
202150063007
202150063008
202150063009
202150063010
202150063011
202150063012
202150070101
202150070102
202150070103
202150070104
202150070105
202150070106
202150070107
202150070108
202150070109
202150070110
202150070111
202150070112
202150070201
202150070202
202150070203
202150070204
202150070205
202150070206
202150070207
202150070208
202150070209
202150070210
202150070211
202150070212
202150070701
202150070702
202150070703
202150070704
202150070705
202150070706
202150070707
202150070708
202150070709
202150070710
202150070711
202150070712
202150070801
202150070802
202150070803
202150070804
202150070805
202150070806
202150070807
202150070808
202150070809
202150070810
202150070811
202150070812
202150070901
202150070902
202150070903
202150070904
202150070905
202150070906
202150070907
202150070908
202150070909
202150070910
202150070911
202150070912
202150071401
202150071402
202150071403
202150071404
202150071405
202150071406
202150071407
202150071408
202150071409
202150071410
202150071411
202150071412
202150071501
202150071502
202150071503
202150071504
202150071505
202150071506
202150071507
202150071508
202150071509
202150071510
202150071511
202150071512
202150071601
202150071602
202150071603
202150071604
202150071605
202150071606
202150071607
202150071608
202150071609
202150071610
202150071611
202150071612
202150072101
202150072102
202150072103
202150072104
202150072105
202150072106
202150072107
202150072108
202150072109
202150072110
202150072111