202151011301
202151011302
202151011303
202151011304
202151011305
202151011306
202151011307
202151011308
202151011309
202151011310
202151011311
202151011312
202151011401
202151011402
202151011403
202151011404
202151011405
202151011406
202151011407
202151011408
202151011409
202151011410
202151011411
202151011412
202151011501
202151011502
202151011503
202151011504
202151011505
202151011506
202151011507
202151011508
202151011509
202151011510
202151011511
202151011512
202151011901
202151011902
202151011903
202151011904
202151011905
202151011906
202151011907
202151011908
202151011909
202151011910
202151011911
202151011912
202151012001
202151012002
202151012003
202151012004
202151012005
202151012006
202151012007
202151012008
202151012009
202151012010
202151012011
202151012012
202151012101
202151012102
202151012103
202151012104
202151012105
202151012106
202151012107
202151012108
202151012109
202151012110
202151012111
202151012112
202151012601
202151012602
202151012603
202151012604
202151012605
202151012606
202151012607
202151012608
202151012609
202151012610
202151012611
202151012612
202151012701
202151012702
202151012703
202151012704
202151012705
202151012706
202151012707
202151012708
202151012709
202151012710
202151012711
202151012712
202151012801
202151012802
202151012803
202151012804
202151012805
202151012806
202151012807
202151012808
202151012809
202151012810
202151012811
202151012812
202151020201
202151020202
202151020203
202151020204
202151020205
202151020206
202151020207
202151020208
202151020209
202151020210
202151020211
202151020212
202151020301
202151020302
202151020303
202151020304
202151020305
202151020306
202151020307
202151020308
202151020309
202151020310
202151020311
202151020312
202151020401
202151020402
202151020403
202151020404
202151020405
202151020406
202151020407
202151020408
202151020409
202151020410
202151020411
202151020412
202151020901
202151020902
202151020903
202151020904
202151020905
202151020906
202151020907
202151020908
202151020909
202151020910
202151020911
202151020912
202151021001
202151021002
202151021003
202151021004
202151021005
202151021006
202151021007
202151021008
202151021009
202151021010
202151021011
202151021012
202151021101
202151021102
202151021103
202151021104
202151021105
202151021106
202151021107
202151021108
202151021109
202151021110
202151021111
202151021112
202151021601
202151021602
202151021603
202151021604
202151021605
202151021606
202151021607
202151021608
202151021609
202151021610
202151021611
202151021612
202151021701
202151021702
202151021703
202151021704
202151021705
202151021706
202151021707
202151021708
202151021709
202151021710
202151021711
202151021712
202151021801
202151021802
202151021803
202151021804
202151021805
202151021806
202151021807
202151021808
202151021809
202151021810
202151021811
202151021812
202151022301
202151022302
202151022303
202151022304
202151022305
202151022306
202151022307
202151022308
202151022309
202151022310
202151022311
202151022312
202151022401
202151022402
202151022403
202151022404
202151022405
202151022406
202151022407
202151022408
202151022409
202151022410
202151022411
202151022412
202151022501
202151022502
202151022503
202151022504
202151022505
202151022506
202151022507
202151022508
202151022509
202151022510
202151022511
202151022512
202151030201
202151030202
202151030203
202151030204
202151030205
202151030206
202151030207
202151030208
202151030209
202151030210
202151030211
202151030212
202151030301
202151030302
202151030303
202151030304
202151030305
202151030306
202151030307
202151030308
202151030309
202151030310
202151030311
202151030312
202151030401
202151030402
202151030403
202151030404
202151030405
202151030406
202151030407
202151030408
202151030409
202151030410
202151030411
202151030412
202151030901
202151030902
202151030903
202151030904
202151030905
202151030906
202151030907
202151030908
202151030909
202151030910
202151030911
202151030912
202151031001
202151031002
202151031003
202151031004
202151031005
202151031006
202151031007
202151031008
202151031009
202151031010
202151031011
202151031012
202151031101
202151031102
202151031103
202151031104
202151031105
202151031106
202151031107
202151031108
202151031109
202151031110
202151031111
202151031112
202151031601
202151031602
202151031603
202151031604
202151031605
202151031606
202151031607
202151031608
202151031609
202151031610
202151031611
202151031701
202151031702
202151031703
202151031704
202151031705
202151031706
202151031707
202151031708
202151031709
202151031710
202151031711
202151031712
202151031801
202151031802
202151031803
202151031804
202151031805
202151031806
202151031807
202151031808
202151031809
202151031810
202151031811
202151031812
202151032301
202151032302
202151032303
202151032304
202151032305
202151032306
202151032307
202151032308
202151032309
202151032310
202151032311
202151032401
202151032402
202151032403
202151032404
202151032405
202151032406
202151032407
202151032408
202151032409
202151032410
202151032411
202151032412
202151032501
202151032502
202151032503
202151032504
202151032505
202151032506
202151032507
202151032508
202151032509
202151032510
202151032511
202151033001
202151033002
202151033003
202151033004
202151033005
202151033006
202151033007
202151033008
202151033009
202151033010
202151033011
202151033012
202151033101
202151033102
202151033103
202151033104
202151033105
202151033106
202151033107
202151033108
202151033109
202151033110
202151033111
202151033112
202151040101
202151040102
202151040103
202151040104
202151040105
202151040106
202151040107
202151040108
202151040109
202151040110
202151040111
202151040112
202151040601
202151040602
202151040603
202151040604
202151040605
202151040606
202151040607
202151040608
202151040609
202151040610
202151040611
202151040612
202151040701
202151040702
202151040703
202151040704
202151040705
202151040706
202151040707
202151040708
202151040709
202151040710
202151040711
202151040801
202151040802
202151040803
202151040804
202151040805
202151040806
202151040807
202151040808
202151040809
202151040810
202151040811