202154010101
202154010102
202154010103
202154010104
202154010105
202154010106
202154010107
202154010108
202154010109
202154010110
202154010111
202154010112
202154010901
202154010902
202154010903
202154010904
202154010906
202154010907
202154010908
202154010909
202154010911
202154011001
202154011002
202154011003
202154011004
202154011005
202154011006
202154011007
202154011008
202154011009
202154011010
202154011011
202154011012
202154011101
202154011102
202154011103
202154011104
202154011105
202154011106
202154011107
202154011108
202154011109
202154011110
202154011111
202154011112
202154011201
202154011202
202154011203
202154011204
202154011205
202154011206
202154011207
202154011208
202154011209
202154011210
202154011701
202154011702
202154011703
202154011704
202154011705
202154011706
202154011707
202154011708
202154011709
202154011710
202154011711
202154011901
202154011902
202154011903
202154011904
202154011905
202154011906
202154011907
202154011908
202154011909
202154011910
202154011911
202154011912
202154012001
202154012002
202154012003
202154012004
202154012005
202154012006
202154012007
202154012008
202154012009
202154012010
202154012011
202154012012
202154012401
202154012402
202154012403
202154012404
202154012405
202154012406
202154012407
202154012408
202154012409
202154012410
202154012411
202154012412
202154012601
202154012602
202154012603
202154012604
202154012605
202154012606
202154012607
202154012608
202154012609
202154012610
202154012611
202154012701
202154012702
202154012703
202154012704
202154012705
202154012706
202154012707
202154012708
202154012709
202154012710
202154012711
202154013101
202154013102
202154013103
202154013104
202154013105
202154013106
202154013107
202154013108
202154013109
202154013110
202154013111
202154013112
202154020201
202154020202
202154020203
202154020204
202154020205
202154020206
202154020207
202154020208
202154020209
202154020210
202154020211
202154020301
202154020302
202154020303
202154020304
202154020305
202154020306
202154020307
202154020308
202154020309
202154020310
202154020311
202154020701
202154020702
202154020703
202154020704
202154020705
202154020706
202154020707
202154020708
202154020709
202154020710
202154020712
202154020901
202154020902
202154020903
202154020904
202154020905
202154020906
202154020907
202154020908
202154020909
202154020910
202154020911
202154021001
202154021002
202154021003
202154021004
202154021005
202154021006
202154021007
202154021008
202154021009
202154021010
202154021011
202154021401
202154021402
202154021403
202154021404
202154021405
202154021406
202154021407
202154021408
202154021409
202154021410
202154021412
202154021601
202154021602
202154021603
202154021604
202154021605
202154021607
202154021608
202154021609
202154021610
202154021611
202154021701
202154021702
202154021703
202154021704
202154021705
202154021706
202154021707
202154021708
202154021709
202154021710
202154022101
202154022102
202154022103
202154022104
202154022105
202154022106
202154022107
202154022108
202154022109
202154022110
202154022111
202154022112
202154022301
202154022302
202154022303
202154022304
202154022305
202154022306
202154022307
202154022308
202154022309
202154022310
202154022311
202154022401
202154022402
202154022403
202154022404
202154022405
202154022406
202154022407
202154022408
202154022409
202154022410
202154022411
202154022801
202154022802
202154022803
202154022804
202154022805
202154022806
202154022807
202154022808
202154022809
202154022810
202154030101
202154030102
202154030103
202154030104
202154030105
202154030106
202154030107
202154030108
202154030109
202154030110
202154030111
202154030201
202154030202
202154030203
202154030204
202154030205
202154030206
202154030207
202154030208
202154030209
202154030210
202154030211
202154030701
202154030702
202154030703
202154030704
202154030705
202154030706
202154030707
202154030708
202154030709
202154030710
202154030711
202154030901
202154030902
202154030903
202154030904
202154030905
202154030906
202154030907
202154030908
202154030909
202154030910
202154031001
202154031002
202154031003
202154031004
202154031005
202154031006
202154031007
202154031008
202154031009
202154031010
202154031401
202154031402
202154031403
202154031404
202154031405
202154031406
202154031407
202154031408
202154031409
202154031410
202154031411
202154031601
202154031602
202154031603
202154031604
202154031605
202154031606
202154031607
202154031608
202154031609
202154031610
202154031611
202154031701
202154031702
202154031703
202154031704
202154031705
202154031706
202154031707
202154031708
202154031709
202154031710
202154032101
202154032102
202154032103
202154032104
202154032106
202154032107
202154032108
202154032109
202154032110
202154032111
202154032301
202154032302
202154032303
202154032304
202154032305
202154032306
202154032307
202154032308
202154032309
202154032310
202154032311
202154032401
202154032402
202154032403
202154032404
202154032405
202154032406
202154032407
202154032408
202154032410
202154032801
202154032802
202154032803
202154032804
202154032805
202154032806
202154032807
202154032808
202154032809
202154032810
202154032811
202154032812
202154033001
202154033002
202154033003
202154033004
202154033005
202154033006
202154033007
202154033008
202154033009
202154033010
202154033011
202154033012
202154033101
202154033102
202154033103
202154033104
202154033105
202154033106
202154033107
202154033108
202154033109
202154033110
202154033111
202154033112
202154041001
202154041002
202154041003
202154041004
202154041005
202154041006
202154041007
202154041008
202154041009
202154041010
202154041011
202154041012
202154041101
202154041102
202154041103
202154041104
202154041105
202154041106
202154041107
202154041108
202154041109
202154041110
202154041111
202154041112
202154041701
202154041702
202154041703
202154041704
202154041705
202154041706
202154041707
202154041708
202154041709
202154041710
202154041711
202154041712
202154041801
202154041802
202154041803
202154041804
202154041805
202154041806
202154041807
202154041808
202154041809
202154041810
202154041811
202154042401
202154042402
202154042403
202154042404
202154042405
202154042406
202154042407
202154042408
202154042409
202154042410
202154042411
202154042412
202154042501
202154042502
202154042503
202154042504
202154042505
202154042506
202154042507
202154042508
202154042509
202154042510
202154042511
202154042512
202154050201
202154050202
202154050203
202154050204
202154050205
202154050206
202154050207
202154050208
202154050209
202154050210
202154050211
202154050212
202154050301
202154050302
202154050303
202154050304
202154050305
202154050306
202154050307
202154050308
202154050309
202154050310
202154050311
202154050312
202154050801
202154050802
202154050803
202154050804
202154050805
202154050806
202154050807
202154050808
202154050809
202154050810
202154050811
202154050812
202154050901
202154050902
202154050903
202154050904
202154050905
202154050906
202154050907
202154050908
202154050909
202154050910
202154050911
202154050912
202154051501
202154051502
202154051503
202154051504
202154051505
202154051506
202154051507
202154051508
202154051509
202154051510
202154051511
202154051512
202154051601
202154051602
202154051603
202154051604
202154051605
202154051606
202154051607
202154051608
202154051609
202154051610
202154051611
202154052201
202154052202
202154052203
202154052204
202154052205
202154052206
202154052207
202154052208
202154052209
202154052210
202154052211
202154052212
202154052301
202154052302
202154052303
202154052304
202154052305
202154052306
202154052307
202154052308
202154052309
202154052310
202154052311
202154052312
202154052901
202154052902
202154052903
202154052904
202154052905
202154052906
202154052907
202154052908
202154052909
202154052910
202154052911
202154052912
202154053001
202154053002
202154053003
202154053004
202154053005
202154053006
202154053007
202154053008
202154053009
202154053010
202154053011
202154061201
202154061202
202154061203
202154061204
202154061205
202154061206
202154061207
202154061208
202154061209
202154061210
202154061211
202154061212
202154061301
202154061302
202154061303
202154061304
202154061305
202154061306
202154061307
202154061308
202154061309
202154061310
202154061311
202154061312
202154061901
202154061902
202154061903
202154061904
202154061905
202154061906
202154061907
202154061908
202154061909
202154061910
202154061911
202154061912
202154062002
202154062003
202154062004
202154062005
202154062006
202154062007
202154062008
202154062009
202154062010
202154062011
202154062012
202154062601
202154062602
202154062603
202154062604
202154062605
202154062606
202154062607
202154062608
202154062609
202154062610
202154062611
202154062612
202154062701
202154062702
202154062703
202154062704
202154062705
202154062706
202154062707
202154062708
202154062709
202154062710
202154062711
202154062712
202154070301
202154070302
202154070303
202154070304
202154070305
202154070306
202154070307
202154070308
202154070309
202154070310
202154070311
202154070312
202154070403
202154070404
202154070405
202154070406
202154070407
202154070408
202154070409
202154070410
202154070411
202154071001
202154071002
202154071003
202154071004
202154071005
202154071006
202154071007
202154071008
202154071009
202154071010
202154071011
202154071012
202154071101
202154071102
202154071103
202154071104
202154071105
202154071106
202154071107
202154071108
202154071109
202154071110
202154071111
202154071112
202154071701
202154071702
202154071704
202154071706
202154071707
202154071708
202154071709
202154071710
202154071711
202154071712
202154071807
202154071808
202154071809
202154071810
202154071811
202154071812