197601010201
197601010202
197601010203
197601010204
197601010205
197601010206
197601010207
197601010208
197601010209
197601010301
197601010302
197601010501
197601010502
197601010503
197601010504
197601010505
197601010506
197601010507
197601010601
197601010602
197601010603
197601010604
197601010605
197601010801
197601020201
197601020202
197601020203
197601020204
197601020205
197601020206
197601020207
197601020208
197601020209
197601020401
197601020402
197601020403
197601020404
197601020405
197601020406
197601020407
197601020408
197601020409
197601020601
197601020602
197601020603
197601020801
197601020802
197601020803
197601020804
197601020805
197601020806
197601020807
197601020808
197601020809