197605010101
197605010102
197605010103
197605010104
197605010105
197605010106
197605010107
197605010108
197605010301
197605010302
197605010303
197605010304
197605010305
197605010306
197605010307
197605010308
197605010401
197605010402
197605010403
197605010404
197605010405
197605010406
197605010501
197605010502
197605010503
197605010504
197605010505
197605010506
197605010507
197605010508
197605010509
197605010510
197605010601
197605010602
197605010603
197605010604
197605010605
197605020101
197605020102
197605020103
197605020104
197605020105
197605020106
197605020201
197605020202
197605020203
197605020204
197605020205
197605020206
197605020207
197605020208
197605020209
197605020210
197605020211
197605020301
197605020302
197605020303
197605020304
197605020305
197605020306
197605020307
197605020401
197605020402
197605020403
197605020404
197605020405
197605020406
197605020407
197605020408
197605020409
197605020410
197605020411
197605020501
197605020502
197605020503
197605020504
197605020505
197605020601
197605020602
197605020603
197605020604
197605020605
197605020606
197605020607
197605020608
197605020609
197605020610
197605020701
197605020702
197605020703
197605020704
197605020705
197605020706
197605020707
197605020708
197605020709
197605020710
197605020711
197605020712
197605020801
197605020802
197605020803
197605020804
197605020805
197605020806
197605020807
197605020808
197605020809
197605020810
197605030201
197605030202
197605030203
197605030204
197605030205
197605030206
197605030207
197605030208
197605030601
197605030602
197605030603
197605030604
197605030605
197605030606
197605030607
197605030608
197605030609
197605030610
197605030611
197605040101
197605040102
197605040103
197605040104
197605040105
197605040106
197605040107
197605040108
197605040109
197605040110
197605040111
197605040201
197605040202
197605040203
197605040204
197605040205
197605040206
197605040207
197605040208
197605040501
197605040502
197605040503
197605040504
197605040505
197605040506
197605040507
197605040508
197605040509
197605040601
197605040602
197605040603
197605040604
197605040605
197605040606
197605040801
197605040802
197605040803
197605040804
197605040805
197605040806
197605040807
197605040808
197605050601
197605050602
197605050603
197605050604
197605050605
197605050606
197605060201
197605060202
197605060203
197605060204
197605060205
197605060206
197605060207
197605060208
197605060209
197605060401
197605060601
197605060602
197605060603
197605060801
197605060802
197605060803
197605060804
197605060805
197605060806
197605060807
197605060808
197605060809