197607010501
197607010502
197607010503
197607010504
197607010505
197607010506
197607020701
197607020702
197607020703
197607020704
197607020705
197607040101
197607040102
197607040103
197607040104
197607040105
197607040106
197607040301
197607040302
197607040303
197607040304
197607040305
197607040306
197607040307
197607040308
197607040701
197607040702
197607040703
197607040704
197607040705
197607040706
197607040707
197607040708
197607040801
197607040802
197607040803
197607040804
197607040805
197607040806