197802010101
197802010102
197802010103
197802010104
197802010105
197802010106
197802010107
197802010108
197802010109
197802010110
197802010201
197802010202
197802010203
197802010204
197802010205
197802010206
197802010207
197802010208
197802010209
197802010210
197802010301
197802010302
197802010303
197802010304
197802010305
197802010306
197802010401
197802010402
197802010403
197802010404
197802010405
197802010406
197802010407
197802010408
197802010409
197802010410
197802010601
197802010602
197802010603
197802010604
197802010701
197802010702
197802010703
197802010704
197802010705
197802010706
197802010707
197802010708
197802010709
197802010801
197802010802
197802010803
197802010804
197802010805
197802010806
197802010807
197802010808
197802010809
197802020101
197802020102
197802020301
197802020302
197802020303
197802020401
197802020402
197802020403
197802020404
197802020405
197802020406
197802020407
197802020408
197802020601
197802020602
197802020603
197802020604
197802020605
197802020606
197802020607
197802020608
197802020801
197802020802
197802020803
197802020804
197802020805
197802020806
197802020807