197803010801
197803010802
197803010803
197803010804
197803010805
197803010806
197803010807
197803010808
197803010809
197803020101
197803020102
197803020103
197803020104
197803020105
197803020106
197803020107
197803020201
197803020202
197803020203
197803020204
197803020205
197803020206
197803020207
197803020208
197803020209
197803020210
197803020401
197803020402
197803020403
197803020404
197803020405
197803020406
197803020407
197803020408
197803020409
197803020410
197803020501
197803020502
197803020503
197803020504
197803020505
197803020506
197803020507
197803020508
197803020509
197803020601
197803020602
197803020603
197803020604
197803020605
197803020606
197803020607
197803020608
197803020701
197803020702
197803020703
197803020704
197803020705
197803020706
197803020707
197803020708
197803020709
197803020710
197803020801
197803020802
197803020803
197803020804
197803020805
197803020806
197803020807
197803020808
197803020809