197805010301
197805010501
197805010502
197805010503
197805010504
197805010505
197805010506
197805010507
197805010508
197805010509
197805010510
197805010511
197805020201
197805020202
197805020203
197805020204
197805020205
197805020206
197805020207
197805020208
197805020401
197805020402
197805020403
197805020404
197805020405
197805020406
197805020407
197805020408
197805020409
197805020410
197805020501
197805020502
197805020503
197805020504
197805020505
197805020506
197805020507
197805020508
197805020509
197805020510
197805020511
197805020512
197805020701
197805020702
197805020703
197805020704
197805020705
197805020706
197805020707
197805020708
197805020709
197805030201
197805030202
197805030203
197805030204
197805030205
197805030206
197805030207
197805030208
197805030801
197805030802
197805030803
197805030804
197805030805
197805030806
197805030807
197805030808
197805030809
197805030810
197805040501
197805040801
197805040802
197805040803
197805040804
197805040805
197805040806
197805040807
197805040808
197805040809
197805050101
197805050102
197805050103
197805050201
197805050202
197805050203
197805050204
197805050205
197805050501
197805050502
197805050503
197805050504
197805050505
197805050701
197805050702
197805050703
197805050704
197805060301
197805060302
197805060303
197805060304
197805060401
197805060402
197805060403
197805060404
197805060405
197805060406
197805060407
197805060408
197805060601
197805060602
197805060603
197805060604
197805060605
197805060606
197805060607
197805060608
197805060609
197805060801
197805060802
197805060803
197805060804
197805060805
197805060806
197805060807
197805060808
197805060809