197806010601
197806010602
197806010603
197806010604
197806010605
197806010606
197806010607
197806010608
197806010609
197806010610
197806010801
197806010802
197806010803
197806010804
197806010805
197806010806
197806010807
197806010808
197806010809
197806010810
197806010811
197806030101
197806030102
197806030103
197806030104
197806030105
197806030106
197806030107
197806030108
197806030109
197806030701
197806030702
197806030703
197806040201
197806040202
197806040203
197806040204
197806040205
197806040206
197806040207
197806040208
197806040209
197806040401
197806040402
197806040403
197806040404
197806040405
197806040406
197806040407
197806040408
197806040501
197806040502
197806040503
197806040504
197806040505
197806040701
197806040702
197806040703
197806040704
197806040705
197806040706
197806040707
197806040708
197806040709
197806040710
197806040711
197806040801
197806040802
197806040803
197806040804
197806040805
197806040806
197806040807
197806040808
197806040809
197806050101
197806050102
197806050103
197806050104
197806050201
197806050202
197806050203
197806050204
197806050205
197806050206
197806050207
197806050208
197806050209
197806050210
197806050301
197806050302
197806050303
197806050304
197806050305
197806050306
197806050307
197806050308
197806050309
197806050401
197806050402
197806050403
197806050404
197806050405
197806050406
197806050407
197806050408
197806050409
197806050410
197806050411
197806050601
197806050602
197806050603
197806050604
197806050605
197806050606
197806050607
197806050608
197806050609
197806050610
197806050701
197806050702
197806050703
197806050704
197806050705
197806050706
197806050707
197806050708
197806050709
197806050801
197806050802
197806050803
197806050804
197806050805
197806050806
197806050807
197806050808