197808010101
197808010102
197808010103
197808010104
197808010105
197808010106
197808010107
197808010108
197808010601
197808010602
197808010603
197808010604
197808010605
197808010606
197808010607
197808010608
197808020301
197808020801
197808020802
197808020803
197808020804
197808020805
197808020806
197808020807
197808030101
197808030102
197808030103
197808030104
197808030105
197808030106
197808030107
197808030108
197808030109
197808030110
197808030201
197808030202
197808030203
197808030204
197808030205
197808030206
197808030207
197808030208
197808030209
197808030210
197808030211
197808030401
197808030402
197808030403
197808030404
197808030405
197808030406
197808030407
197808030408
197808030409
197808030410
197808030411
197808030412
197808030501
197808030502
197808030503
197808030504
197808030505
197808030506
197808030507
197808030508
197808030509
197808030601
197808030602
197808030603
197808030604
197808030605
197808030606
197808030607
197808030608
197808030609
197808030610
197808030611
197808030612
197808040101
197808040102
197808040103
197808040104
197808040201
197808040202
197808040203
197808040204
197808040205
197808040206
197808040207
197808040208
197808040301
197808040302
197808040303
197808040304
197808040305
197808040306
197808040307
197808040601
197808040602
197808040603
197808040604
197808040605
197808040606
197808040607
197808050101
197808050102
197808050103
197808050104
197808050201
197808050202
197808050203
197808050204
197808050205
197808050206
197808050207
197808050501
197808050502
197808050503
197808050504
197808050505
197808050506
197808050507
197808050508
197808050509
197808050510
197808050511