197809010501
197809010502
197809010503
197809010504
197809010505
197809010506
197809010507
197809010508
197809010509
197809010510
197809010511
197809010512
197809010801
197809010802
197809010803
197809010804
197809010805
197809010806
197809010807
197809010808
197809010809
197809010810
197809010811
197809010812
197809020301
197809020302
197809020401
197809020402
197809020403
197809020404
197809020405
197809020406
197809020407
197809020408
197809020409
197809020601
197809020602
197809020603
197809020604
197809020605
197809020606
197809020607
197809020608
197809020609
197809020701
197809020702
197809020703
197809020704
197809020705
197809020706
197809020707
197809020708
197809020709
197809020710
197809030101
197809030102
197809030103
197809030104
197809030105
197809030106
197809030107
197809030108
197809030301
197809030302
197809030303
197809030304
197809030305
197809030306
197809030307
197809030308
197809030309
197809030310
197809040301
197809040302
197809040303
197809040401
197809040402
197809040403
197809040404
197809040405
197809040406
197809040501
197809040502
197809040503
197809040504
197809040601
197809040602
197809040603
197809040604
197809040605
197809040606
197809040607
197809040608
197809040609
197809040610
197809040701
197809040702
197809040703
197809040704
197809050301
197809050302
197809050303
197809050304
197809050305
197809050306
197809050307
197809050308
197809050309
197809050310
197809050401
197809050402
197809050601
197809050602
197809050603
197809050604
197809050605
197809050606
197809050607
197809050801
197809050802
197809050803
197809050804
197809050805
197809050806
197809050807
197809050808
197809050809
197809050810