201401010101
201401010102
201401010103
201401010104
201401010105
201401010106
201401010107
201401010108
201401010109
201401010110
201401010111
201401010112
201401010201
201401010202
201401010203
201401010204
201401010205
201401010206
201401010207
201401010208
201401010209
201401010210
201401010211
201401010212
201401010301
201401010302
201401010303
201401010304
201401010305
201401010306
201401010307
201401010308
201401010309
201401010310
201401010311
201401010312
201401010401
201401010402
201401010403
201401010404
201401010405
201401010406
201401010407
201401010408
201401010409
201401010410
201401010411
201401010412
201401010501
201401010502
201401010503
201401010504
201401010505
201401010506
201401010507
201401010508
201401010509
201401010510
201401010511
201401010512
201401010601
201401010602
201401010603
201401010604
201401010605
201401010606
201401010607
201401010608
201401010609
201401010610
201401010611
201401010701
201401010702
201401010703
201401010704
201401010705
201401010706
201401010707
201401010708
201401010709
201401010710
201401010711
201401010712
201401010801
201401010802
201401010803
201401010804
201401010805
201401010806
201401010807
201401010808
201401010809
201401010810
201401010811
201401020101
201401020102
201401020103
201401020104
201401020105
201401020106
201401020107
201401020108
201401020109
201401020110
201401020111
201401020112
201401020201
201401020202
201401020203
201401020204
201401020205
201401020206
201401020207
201401020208
201401020209
201401020210
201401020211
201401020212
201401020301
201401020302
201401020303
201401020304
201401020305
201401020306
201401020307
201401020308
201401020309
201401020310
201401020311
201401020312
201401020401
201401020402
201401020403
201401020404
201401020405
201401020406
201401020407
201401020408
201401020409
201401020410
201401020411
201401020412
201401020501
201401020502
201401020503
201401020504
201401020505
201401020506
201401020507
201401020508
201401020509
201401020510
201401020511
201401020512
201401020601
201401020602
201401020603
201401020604
201401020605
201401020606
201401020607
201401020608
201401020609
201401020610