201406010101
201406010103
201406010104
201406010105
201406010106
201406010107
201406010108
201406010110
201406010111
201406010112
201406010201
201406010202
201406010203
201406010205
201406010206
201406010208
201406010209
201406010210
201406010211
201406010302
201406010304
201406010305
201406010306
201406010309
201406010310
201406010311
201406010312
201406010403
201406010404
201406010406
201406010407
201406010408
201406010409
201406010411
201406010412
201406010505
201406010506
201406010508
201406010509
201406010511
201406010603
201406010605
201406010606
201406010608
201406010609
201406010610
201406010612
201406010702
201406010703
201406010706
201406010707
201406010708
201406010710
201406010711
201406010712
201406010801
201406010803
201406010804
201406010805
201406010807
201406010809
201406010810
201406010811
201406010812
201406010903
201406010905
201406010906
201406010908
201406010909
201406010910
201406010911
201406010912
201406020102
201406020103
201406020104
201406020105
201406020107
201406020108
201406020110
201406020111
201406020112
201406020202
201406020205
201406020206
201406020207
201406020208
201406020209
201406020210
201406020211
201406020212
201406020301
201406020304
201406020305
201406020307
201406020308
201406020309
201406020310
201406020311
201406020312
201406020401
201406020404
201406020405
201406020406
201406020407
201406020408
201406020409
201406020410
201406020411
201406020412
201406020501
201406020502
201406020506
201406020507
201406020508
201406020510
201406020511
201406020512
201406020604
201406020607
201406020608
201406020609
201406020610
201406020611
201406020612
201406020701
201406020703
201406020704
201406020705
201406020706
201406020707
201406020709
201406020710
201406020711
201406020712
201406020801
201406020803
201406020804
201406020806
201406020807
201406020809
201406020810
201406020811
201406020812
201406030101
201406030102
201406030104
201406030106
201406030108
201406030109
201406030110
201406030111
201406030112
201406030201
201406030203
201406030205
201406030206
201406030207
201406030209
201406030210
201406030211
201406030212
201406030301
201406030302
201406030305
201406030306
201406030307
201406030310
201406030311
201406030312
201406030401
201406030404
201406030406
201406030407
201406030408
201406030409
201406030410
201406030411
201406030501
201406030506
201406030509
201406030510
201406030511
201406030601
201406030602
201406030603
201406030605
201406030606
201406030607
201406030608
201406030609
201406030610
201406030611
201406030612
201406030701
201406030706
201406030707
201406030708
201406030712
201406030801
201406030803
201406030804
201406030805
201406030806
201406030808
201406030809
201406030810
201406030811
201406030812
201406040103
201406040106
201406040107
201406040108
201406040110
201406040111
201406040112
201406040206
201406040207
201406040208
201406040209
201406040210
201406040211
201406040212
201406040304
201406040305
201406040306
201406040307
201406040310
201406040311
201406040312
201406040404
201406040406
201406040408
201406040409
201406040410
201406040411
201406040412
201406040503
201406040504
201406040506
201406040507
201406040508
201406040509
201406040510
201406040512
201406040601
201406040603
201406040604
201406040605
201406040606
201406040607
201406040608
201406040609
201406040610
201406040611
201406040612
201406040703
201406040706
201406040708
201406040710
201406040711
201406040712
201406040801
201406040802
201406040803
201406040804
201406040805
201406040806
201406040807
201406040809
201406040810
201406040811