199433060901
199433060902
199433060903
199433060904
199433060905
199433060906
199433060907
199433060908
199433062201
199433062202
199433062203
199433062204
199433062205
199433062206
199433062207
199433062208
199433062209
199433062210
199433062301
199433062302
199433062303
199433062304
199433062305
199433062306
199433070601
199433070602
199433070603
199433070604
199433070605
199433070606
199433070607
199433070608
199433070609
199433070610
199433070611
199433102001
199433102002
199433102003
199433102004
199433102005
199433102701
199433102702
199433102703
199433102704
199433102705
199433102706
199433102707
199433102708
199433102709
199433110301
199433110302
199433110303