199438040401
199438040402
199438040403
199438040404
199438040405
199438040406
199438040407
199438040408
199438040409
199438040410
199438041701
199438041702
199438041703
199438041704
199438041705
199438041706
199438041707
199438041708
199438041709
199438041710
199438042901
199438042902
199438042903
199438042904
199438042905
199438042906
199438042907
199438042908
199438042909
199438042910
199438042911
199438042912
199438070301
199438070302
199438070303
199438070304
199438070305
199438070306
199438070307
199438070308
199438070309