199440010901
199440010902
199440010903
199440010904
199440010905
199440010906
199440010907
199440010908
199440010909
199440010910
199440011001
199440011002
199440011003
199440011004
199440011005
199440011006
199440011007
199440011008
199440020901
199440020902
199440020903
199440020904
199440020905
199440020906
199440020907
199440020908
199440020909
199440020910
199440022301
199440022302
199440022303
199440022304
199440022305
199440022306
199440022307
199440022308
199440032101
199440032102
199440032103
199440032104
199440032105
199440032106
199440032107
199440032108
199440032109
199440032110
199440050401
199440050402
199440050403
199440050404
199440050405
199440050406
199440050407
199440050408
199440050409
199440050410
199440062601
199440062602
199440062603
199440062604
199440062605
199440062606
199440062607
199440062608
199440062609
199440062610