199442011101
199442011102
199442011103
199442011104
199442011105
199442011106
199442011107
199442011108
199442011109
199442011110
199442011201
199442011202
199442011203
199442011204
199442011205
199442011206
199442011207
199442011208
199442011209
199442011210
199442011211
199442020901
199442020902
199442020903
199442020904
199442020905
199442020906
199442020907
199442020908
199442020909
199442020910
199442021001
199442021002
199442021003
199442021004
199442021005
199442021006
199442021007
199442021008
199442021009
199442032901
199442032902
199442032903
199442032904
199442032905
199442032906
199442032907
199442032908
199442032909
199442032910
199442042001
199442042002
199442042003
199442042004
199442042005
199442042006
199442042007
199442042008
199442042009
199442042010
199442042011
199442042101
199442042102
199442042103
199442042104
199442042105
199442042106
199442042107
199442042108
199442042109
199442042110
199442052301
199442052302
199442052303
199442052304
199442052305
199442052306
199442052307
199442052308
199442052309
199442091601
199442091602
199442110201
199442110202
199442110203
199442110204
199442110205
199442110206
199442110207
199442110208
199442110209
199442110210