199448010301
199448010302
199448010303
199448010304
199448010305
199448010306
199448010307
199448010308
199448010309
199448010310
199448011601
199448011602
199448011603
199448011604
199448011605
199448011606
199448011607
199448011608
199448011609
199448020201
199448020202
199448020203
199448020204
199448020205
199448020206
199448020207
199448020208
199448020209
199448020210
199448030201
199448030202
199448030203
199448030204
199448030205
199448030206
199448030207
199448030208
199448030209
199448030210
199448041801
199448041802
199448041803
199448041804
199448041805
199448041806
199448041807
199448041808
199448041809
199448050901
199448050902
199448050903
199448050904
199448050905
199448050906
199448052601
199448052602
199448052603
199448052604
199448052605
199448052606
199448052607
199448052608
199448052609
199448052610
199448060901
199448060902
199448060903
199448060904
199448060905
199448060906
199448060907
199448060908
199448061501
199448061502
199448061503
199448061504
199448061505
199448061506
199448061507
199448061508
199448061509
199448062701
199448062702
199448062703
199448062704
199448062705
199448062706
199448062707
199448070601
199448070602
199448070603
199448070604
199448070605
199448070606
199448070607
199448072001
199448072002
199448072003
199448072004
199448072005
199448072006
199448072007
199448080801
199448080802
199448080803
199448080804
199448080805
199448080806
199448080807
199448080808
199448082101
199448082102
199448082103
199448082104
199448082105
199448082106
199448082107
199448082108
199448082109
199448090501
199448090502
199448090503
199448090504
199448090505
199448090506
199448090507
199448090508
199448090509
199448090701
199448090702
199448090703
199448090704
199448090705
199448090706
199448090707
199448090708
199448090709
199448090710
199448091901
199448091902
199448091903
199448091904
199448091905
199448091906
199448091907
199448091908
199448092301
199448092302
199448092303
199448092304
199448092305
199448092306
199448092307
199448092308
199448092309
199448092310
199448092701
199448092702
199448092703
199448092704
199448092705
199448092706
199448092707
199448092708
199448092709
199448092710
199448092711
199448092801
199448092802
199448092803
199448092804
199448092805
199448092806
199448092807
199448092808
199448092809
199448092810
199448101001
199448101002
199448101003
199448101004
199448101005
199448101006
199448101007
199448101008
199448101009
199448101010
199448101601
199448101602
199448101603
199448101604
199448101605
199448101606
199448101607
199448101608
199448103101
199448103102
199448103103
199448103104
199448103105
199448103106
199448103107
199448103108
199448103109
199448103110
199448110301
199448110302
199448110303
199448110304
199448110305
199448110306
199448110307
199448110308
199448110309
199448110310
199448111601
199448111602
199448111603
199448111604
199448111605
199448111606
199448111607
199448111608
199448111609
199448111610
199448111611
199448120701
199448120702
199448120703
199448120704
199448120705
199448120706
199448120707
199448120708
199448120709
199448120710
199448120801
199448120802
199448120803
199448120804
199448120805
199448120806
199448120807
199448120808
199448120809
199448120810
199448121901
199448121902
199448121903
199448121904
199448121905
199448121906
199448121907
199448121908
199448121909
199448121910
199448121911
199448122101
199448122102
199448122103
199448122104
199448122105
199448122106
199448122107
199448122108
199448122109
199448122110
199448122111