199455010901
199455010902
199455010903
199455010904
199455010905
199455010906
199455010907
199455010908
199455010909
199455060501
199455060502
199455060503
199455060504
199455060505
199455060506
199455060507
199455060508
199455060509
199455082101
199455090301
199455090302
199455101701
199455101702
199455101703
199455101704
199455102901
199455102902
199455102903
199455102904
199455110601
199455110602
199455110603
199455110604
199455110605
199455110606
199455110607
199455110608
199455111301
199455111302
199455111303
199455111304
199455111305
199455111306
199455111307
199455111308
199455111309
199455112701
199455112702
199455112703
199455112704
199455112705
199455112706
199455112707
199455112708