199101010101
199101010102
199101010103
199101010104
199101010105
199101010106
199101010107
199101010201
199101010202
199101010203
199101010204
199101010205
199101010206
199101010207
199101010208
199101010209
199101010210
199101010301
199101010302
199101010303
199101010304
199101010305
199101010306
199101010307
199101010308
199101010401
199101010402
199101010403
199101010404
199101010405
199101010406
199101010407
199101010408
199101010409
199101010410
199101010501
199101010502
199101010503
199101010504
199101010505
199101010506
199101010507
199101010508
199101010509
199101010601
199101010602
199101010603
199101010604
199101010605
199101010606
199101010607
199101010608
199101010609
199101010610
199101010701
199101010702
199101010703
199101010704
199101010705
199101010706
199101010707
199101010708
199101010709
199101010801
199101010802
199101010803
199101010804
199101010805
199101010806
199101010807
199101010808
199101010809
199101010810
199101010811
199101020101
199101020102
199101020103
199101020104
199101020105
199101020106
199101020107
199101020108
199101020109
199101020110
199101020111
199101020112
199101020201
199101020202
199101020203
199101020204
199101020205
199101020206
199101020207
199101020208
199101020209
199101020210
199101020211
199101020212
199101020301
199101020302
199101020303
199101020304
199101020305
199101020306
199101020307
199101020308
199101020309
199101020401
199101020402
199101020403
199101020404
199101020405
199101020406
199101020407
199101020408
199101020409
199101020410
199101020411
199101020501
199101020502
199101020503
199101020504
199101020505
199101020506
199101020507
199101020508
199101020509
199101020510
199101020601
199101020602
199101020603
199101020604
199101020605
199101020606
199101020607
199101020608
199101020609
199101020610
199101020701
199101020702
199101020703
199101020704
199101020705
199101020706
199101020707
199101020708
199101020709
199101020710
199101020711
199101020712
199101020801
199101020802
199101020803
199101020804
199101020805
199101020806
199101020807
199101020808
199101020809
199101020810
199101020811