199102010101
199102010102
199102010103
199102010104
199102010105
199102010106
199102010107
199102010108
199102010109
199102010110
199102010111
199102010201
199102010202
199102010203
199102010204
199102010205
199102010206
199102010207
199102010208
199102010209
199102010210
199102010301
199102010302
199102010303
199102010304
199102010305
199102010306
199102010307
199102010308
199102010309
199102010310
199102010401
199102010402
199102010403
199102010404
199102010405
199102010406
199102010407
199102010408
199102010409
199102010410
199102010501
199102010502
199102010503
199102010504
199102010505
199102010506
199102010507
199102010508
199102010509
199102010510
199102010511
199102010601
199102010602
199102010603
199102010604
199102010605
199102010606
199102010607
199102010608
199102010609
199102010610
199102010701
199102010702
199102010703
199102010704
199102010705
199102010706
199102010707
199102010708
199102010709
199102010710
199102010801
199102010802
199102010803
199102010804
199102010805
199102010806
199102010807
199102010808
199102010809
199102010810
199102020101
199102020102
199102020103
199102020104
199102020105
199102020106
199102020107
199102020108
199102020109
199102020110
199102020201
199102020202
199102020203
199102020204
199102020205
199102020206
199102020207
199102020208
199102020301
199102020302
199102020303
199102020304
199102020305
199102020306
199102020307
199102020308
199102020309
199102020310
199102020401
199102020402
199102020403
199102020404
199102020405
199102020406
199102020407
199102020408
199102020409
199102020501
199102020502
199102020503
199102020504
199102020505
199102020506
199102020507
199102020508
199102020509
199102020601
199102020602
199102020603
199102020604
199102020605
199102020606
199102020607
199102020608
199102020609
199102020701
199102020702
199102020703
199102020704
199102020705
199102020706
199102020707
199102020801
199102020802
199102020803
199102020804
199102020805
199102020806
199102020807
199102020808
199102020809
199102020810