199105010106
199105010109
199105010112
199105010206
199105010210
199105010211
199105010212
199105010303
199105010306
199105010309
199105010311
199105010401
199105010402
199105010404
199105010405
199105010406
199105010407
199105010408
199105010411
199105010505
199105010507
199105010509
199105010511
199105010601
199105010603
199105010609
199105010701
199105010705
199105010706
199105010707
199105010708
199105010709
199105010711
199105010802
199105010804
199105010808
199105010810
199105010811
199105020110
199105020111
199105020112
199105020201
199105020203
199105020204
199105020207
199105020208
199105020209
199105020210
199105020211
199105020303
199105020308
199105020311
199105020402
199105020405
199105020407
199105020408
199105020411
199105020412
199105020504
199105020507
199105020508
199105020512
199105020606
199105020608
199105020609
199105020610
199105020704
199105020708
199105020709
199105020710
199105020711
199105020805
199105020807
199105020810
199105030101
199105030103
199105030104
199105030111
199105030204
199105030205
199105030207
199105030208
199105030209
199105030210
199105030301
199105030304
199105030308
199105030310
199105030312
199105030403
199105030404
199105030405
199105030406
199105030408
199105030409
199105030410
199105030507
199105030508
199105030510
199105030511
199105030603
199105030604
199105030608
199105030611
199105030612
199105030702
199105030706
199105030707
199105030711
199105030802
199105030806
199105030810
199105030812
199105040108
199105040110
199105040201
199105040203
199105040204
199105040207
199105040210
199105040211
199105040212
199105040305
199105040307
199105040309
199105040310
199105040311
199105040402
199105040403
199105040405
199105040409
199105040410
199105040503
199105040504
199105040508
199105040603
199105040608
199105040609
199105040701
199105040710
199105040712
199105040801
199105040804
199105040806
199105040810
199105050104
199105050106
199105050107
199105050109
199105050111
199105050203
199105050205
199105050210
199105050211
199105050212
199105050307
199105050308
199105050309
199105050311
199105050312
199105050401
199105050402
199105050405
199105050509
199105050510
199105050512
199105050601
199105050603
199105050605
199105050606
199105050607
199105050608
199105050610
199105050611
199105050702
199105050705
199105050707
199105050708
199105050709
199105050710
199105050712
199105050802
199105050803
199105050804
199105050808
199105050810