199107010101
199107010102
199107010103
199107010104
199107010105
199107010106
199107010201
199107010202
199107010203
199107010204
199107010205
199107010206
199107010207
199107010208
199107010209
199107010210
199107010211
199107010301
199107010302
199107010303
199107010304
199107010305
199107010306
199107010307
199107010308
199107010309
199107010310
199107010311
199107010401
199107010402
199107010403
199107010404
199107010405
199107010406
199107010407
199107010408
199107010409
199107010410
199107010411
199107010412
199107010501
199107010502
199107010503
199107010504
199107010505
199107010506
199107010507
199107010508
199107010509
199107010510
199107010601
199107010602
199107010603
199107010604
199107010605
199107010606
199107010607
199107010608
199107010609
199107010610
199107010611
199107010701
199107010702
199107010703
199107010704
199107010705
199107010706
199107010707
199107010708
199107010709
199107010710
199107010711
199107010801
199107010802
199107010803
199107010804
199107010805
199107010806
199107010807
199107010808
199107010809
199107010810
199107010811
199107020101
199107020102
199107020103
199107020104
199107020105
199107020106
199107020107
199107020108
199107020109
199107020110
199107020111
199107020201
199107020202
199107020203
199107020204
199107020205
199107020206
199107020207
199107020208
199107020209
199107020210
199107020211
199107020301
199107020302
199107020303
199107020304
199107020305
199107020306
199107020307
199107020308
199107020309
199107020310
199107020311
199107020312
199107020401
199107020402
199107020403
199107020404
199107020405
199107020406
199107020407
199107020408
199107020409
199107020410
199107020411
199107020501
199107020502
199107020503
199107020504
199107020505
199107020506
199107020507
199107020508
199107020509
199107020510
199107020601
199107020602
199107020603
199107020604
199107020605
199107020606
199107020607
199107020608
199107020609
199107020610
199107020701
199107020702
199107020703
199107020704
199107020705
199107020706
199107020707
199107020708
199107020709
199107020710
199107020711
199107020801
199107020802
199107020803
199107020804
199107020805
199107020806
199107020807
199107020808
199107020809
199107020810
199107020811
199107030101
199107030102
199107030103
199107030104
199107030105
199107030106
199107030107
199107030108
199107030109
199107030110
199107030111
199107030112
199107030201
199107030202
199107030203
199107030204
199107030205
199107030206
199107030207
199107030208
199107030209
199107030210
199107030211
199107030301
199107030302
199107030303
199107030304
199107030305
199107030306
199107030307
199107030308
199107030309
199107030310
199107030311
199107030401
199107030402
199107030403
199107030404
199107030405
199107030406
199107030407
199107030408
199107030409
199107030410
199107030411
199107030412
199107030501
199107030502
199107030503
199107030504
199107030505
199107030506
199107030507
199107030508
199107030509
199107030510
199107030511
199107030512
199107030601
199107030602
199107030603
199107030604
199107030605
199107030606
199107030607
199107030608
199107030609
199107030610
199107030611
199107030612
199107030701
199107030702
199107030703
199107030704
199107030705
199107030706
199107030707
199107030708
199107030709
199107030710
199107030711
199107030712
199107030801
199107030802
199107030803
199107030804
199107030805
199107030806
199107030807
199107030808
199107030809
199107030810
199107030811
199107030812
199107040101
199107040102
199107040103
199107040104
199107040105
199107040106
199107040107
199107040108
199107040109
199107040110
199107040111
199107040201
199107040202
199107040203
199107040204
199107040205
199107040206
199107040207
199107040208
199107040209
199107040210
199107040211
199107040301
199107040302
199107040303
199107040304
199107040305
199107040306
199107040307
199107040308
199107040309
199107040310
199107040311
199107040312
199107040401
199107040402
199107040403
199107040404
199107040405
199107040406
199107040407
199107040408
199107040409
199107040410
199107040501
199107040502
199107040503
199107040504
199107040505
199107040506
199107040507
199107040508
199107040509
199107040510
199107040511
199107040512
199107040601
199107040602
199107040603
199107040604
199107040605
199107040606
199107040607
199107040608
199107040609
199107040610
199107040611
199107040701
199107040702
199107040703
199107040704
199107040705
199107040706
199107040707
199107040708
199107040709
199107040710
199107040711
199107040801
199107040802
199107040803
199107040804
199107040805
199107040806
199107040807
199107040808
199107040809
199107040810
199107040811