199109010101
199109010102
199109010103
199109010104
199109010105
199109010106
199109010107
199109010108
199109010109
199109010110
199109010111
199109010112
199109010201
199109010202
199109010203
199109010204
199109010205
199109010206
199109010207
199109010208
199109010209
199109010210
199109010211
199109010212
199109010301
199109010302
199109010303
199109010304
199109010305
199109010306
199109010307
199109010308
199109010309
199109010310
199109010311
199109010312
199109010401
199109010402
199109010403
199109010404
199109010405
199109010406
199109010407
199109010408
199109010409
199109010410
199109010411
199109010412
199109010501
199109010502
199109010503
199109010504
199109010505
199109010506
199109010507
199109010508
199109010509
199109010510
199109010511
199109010512
199109010601
199109010602
199109010603
199109010604
199109010605
199109010606
199109010607
199109010608
199109010609
199109010610
199109010611
199109010701
199109010702
199109010703
199109010704
199109010705
199109010706
199109010707
199109010708
199109010709
199109010710
199109010711
199109010712
199109010801
199109010802
199109010803
199109010804
199109010805
199109010806
199109010807
199109010808
199109010809
199109010810
199109010811
199109010812