201902010101
201902010102
201902010103
201902010104
201902010105
201902010106
201902010107
201902010108
201902010109
201902010110
201902010111
201902010112
201902010201
201902010202
201902010203
201902010204
201902010205
201902010206
201902010207
201902010208
201902010209
201902010210
201902010211
201902010212
201902010301
201902010302
201902010303
201902010304
201902010305
201902010306
201902010307
201902010308
201902010309
201902010310
201902010311
201902010312
201902010401
201902010402
201902010403
201902010404
201902010405
201902010406
201902010407
201902010408
201902010409
201902010410
201902010411
201902010412
201902010501
201902010502
201902010503
201902010504
201902010505
201902010506
201902010507
201902010508
201902010509
201902010510
201902010511
201902010512
201902010601
201902010602
201902010603
201902010604
201902010605
201902010606
201902010607
201902010608
201902010609
201902010610
201902010611
201902010612
201902020101
201902020102
201902020103
201902020104
201902020105
201902020106
201902020107
201902020108
201902020109
201902020110
201902020111
201902020112
201902020201
201902020202
201902020203
201902020204
201902020205
201902020206
201902020207
201902020208
201902020209
201902020210
201902020212
201902020301
201902020302
201902020303
201902020304
201902020305
201902020306
201902020307
201902020308
201902020309
201902020310
201902020311
201902020312
201902020401
201902020402
201902020403
201902020404
201902020405
201902020406
201902020407
201902020408
201902020409
201902020410
201902020411
201902020412
201902020501
201902020502
201902020503
201902020504
201902020505
201902020506
201902020507
201902020508
201902020509
201902020510
201902020511
201902020512
201902020601
201902020602
201902020603
201902020604
201902020605
201902020606
201902020607
201902020608
201902020609
201902020610
201902020611
201902020612