201904010102
201904010103
201904010104
201904010105
201904010106
201904010107
201904010108
201904010109
201904010110
201904010111
201904010112
201904010201
201904010202
201904010203
201904010205
201904010206
201904010207
201904010208
201904010209
201904010210
201904010212
201904010301
201904010302
201904010303
201904010304
201904010305
201904010306
201904010307
201904010308
201904010310
201904010311
201904010312
201904010401
201904010402
201904010403
201904010404
201904010405
201904010406
201904010407
201904010408
201904010409
201904010410
201904010411
201904010412
201904010501
201904010502
201904010503
201904010504
201904010505
201904010506
201904010507
201904010508
201904010509
201904010510
201904010511
201904010512
201904010601
201904010602
201904010603
201904010604
201904010605
201904010606
201904010607
201904010608
201904010609
201904010610
201904010611
201904010612
201904010701
201904010702
201904010703
201904010704
201904010705
201904010706
201904010707
201904010708
201904010709
201904010710
201904010711
201904010712
201904010801
201904010802
201904010803
201904010804
201904010805
201904010806
201904010807
201904010808
201904010809
201904010811
201904010812
201904020101
201904020102
201904020103
201904020104
201904020105
201904020106
201904020107
201904020108
201904020109
201904020110
201904020111
201904020112
201904020201
201904020202
201904020203
201904020204
201904020205
201904020206
201904020207
201904020208
201904020209
201904020210
201904020211
201904020212
201904020301
201904020302
201904020303
201904020304
201904020305
201904020306
201904020307
201904020308
201904020309
201904020310
201904020311
201904020312
201904020401
201904020402
201904020403
201904020404
201904020405
201904020406
201904020407
201904020408
201904020409
201904020410
201904020411
201904020412
201904020502
201904020503
201904020504
201904020505
201904020506
201904020507
201904020508
201904020509
201904020510
201904020511
201904020512
201904020601
201904020602
201904020603
201904020604
201904020605
201904020606
201904020607
201904020608
201904020609
201904020610
201904020611
201904020612
201904020701
201904020702
201904020703
201904020704
201904020705
201904020706
201904020707
201904020708
201904020709
201904020710
201904020712
201904020801
201904020802
201904020803
201904020804
201904020805
201904020806
201904020807
201904020808
201904020809
201904020810
201904020812
201904020901
201904020902
201904020903
201904020904
201904020905
201904020906
201904020907
201904020909
201904020910
201904020912
201904021001
201904021002
201904021003
201904021004
201904021005
201904021006
201904021007
201904021008
201904021009
201904021011
201904021012
201904021101
201904021102
201904021103
201904021104
201904021105
201904021106
201904021107
201904021108
201904021109
201904021110
201904021111
201904021112
201904021201
201904021202
201904021203
201904021204
201904021205
201904021206
201904021207
201904021208
201904021209
201904021211
201904021212
201904030101
201904030102
201904030103
201904030104
201904030105
201904030106
201904030107
201904030108
201904030109
201904030110
201904030111
201904030112
201904030201
201904030202
201904030203
201904030204
201904030205
201904030206
201904030207
201904030208
201904030209
201904030210
201904030211
201904030212
201904030301
201904030302
201904030303
201904030304
201904030305
201904030306
201904030307
201904030308
201904030309
201904030310
201904030311
201904030312
201904030401
201904030402
201904030403
201904030404
201904030405
201904030406
201904030407
201904030408
201904030409
201904030410
201904030411
201904030412
201904030501
201904030502
201904030503
201904030504
201904030505
201904030506
201904030507
201904030508
201904030509
201904030510
201904030511
201904030512
201904030601
201904030602
201904030603
201904030604
201904030605
201904030606
201904030607
201904030608
201904030609
201904030610
201904030611
201904030612