201944012103
201944012106
201944012107
201944012108
201944012109
201944012110
201944012112
201944012202
201944012203
201944012204
201944012205
201944012206
201944012207
201944012208
201944012211
201944012212
201944012302
201944012303
201944012305
201944012306
201944012307
201944012308
201944012310
201944012403
201944012406
201944012407
201944012408
201944012409
201944012501
201944012502
201944012504
201944012505
201944012506
201944012507
201944012509
201944012510
201944012512
201944020404
201944020405
201944020406
201944020407
201944020408
201944020409
201944020411
201944020412
201944020501
201944020504
201944020505
201944020506
201944020507
201944020508
201944020509
201944020510
201944020511
201944020601
201944020603
201944020605
201944020606
201944020607
201944020608
201944020610
201944020612
201944020701
201944020703
201944020705
201944020707
201944020708
201944020709
201944020710
201944020711
201944020801
201944020802
201944020803
201944020804
201944020805
201944020807
201944020808
201944020809
201944020810
201944020811
201944020812
201944030403
201944030405
201944030406
201944030408
201944030409
201944030411
201944030412
201944030501
201944030503
201944030504
201944030505
201944030506
201944030507
201944030508
201944030509
201944030511
201944030512
201944030603
201944030605
201944030606
201944030607
201944030608
201944030609
201944030611
201944030612
201944030701
201944030703
201944030705
201944030706
201944030707
201944030708
201944030709
201944030710
201944030711
201944030801
201944030802
201944030803
201944030805
201944030806
201944030807
201944030809
201944030810
201944030812
201944031804
201944031805
201944031806
201944031807
201944031808
201944031809
201944031810
201944031812
201944031903
201944031905
201944031906
201944031907
201944031908
201944031910
201944031911
201944031912
201944032001
201944032003
201944032004
201944032005
201944032006
201944032008
201944032009
201944032010
201944032011
201944032012
201944032101
201944032102
201944032103
201944032105
201944032106
201944032107
201944032108
201944032110
201944032111
201944032112
201944032201
201944032202
201944032205
201944032206
201944032207
201944032211
201944032212
201944040802
201944040805
201944040807
201944040808
201944040811
201944040812
201944040902
201944040903
201944040904
201944040906
201944040907
201944040908
201944040910
201944040912
201944041006
201944041007
201944041008
201944041009
201944041010
201944041011
201944041012
201944041101
201944041104
201944041105
201944041106
201944041107
201944041112
201944041202
201944041203
201944041204
201944041206
201944041207
201944041208
201944041209
201944041212
201944042201
201944042204
201944042206
201944042207
201944042208
201944042209
201944042210
201944042303
201944042305
201944042306
201944042308
201944042310
201944042311
201944042312
201944042401
201944042404
201944042405
201944042406
201944042407
201944042408
201944042409
201944042410
201944042411
201944042412
201944042501
201944042502
201944042504
201944042505
201944042506
201944042507
201944042508
201944042509
201944042511
201944042601
201944042602
201944042603
201944042604
201944042605
201944042607
201944042608
201944042609
201944042610
201944052007
201944052012
201944052103
201944052104
201944052105
201944052106
201944052107
201944052109
201944052111
201944052112
201944052201
201944052203
201944052204
201944052205
201944052206
201944052207
201944052208
201944052209
201944052210
201944052301
201944052302
201944052305
201944052306
201944052307
201944052308
201944052309
201944052310
201944052311
201944052401
201944052403
201944052404
201944052406
201944052407
201944052408
201944052412
201944060304
201944060306
201944060307
201944060308
201944060309
201944060310
201944060312
201944060404
201944060405
201944060409
201944060410
201944060411
201944060412
201944060505
201944060506
201944060508
201944060510
201944060511
201944060601
201944060602
201944060603
201944060604
201944060605
201944060606
201944060607
201944060608
201944060610
201944060612
201944060701
201944060702
201944060705
201944060707
201944060709
201944060710
201944060712
201944062405
201944062406
201944062407
201944062408
201944062409
201944062411
201944062501
201944062505
201944062506
201944062508
201944062509
201944062511
201944062601
201944062605
201944062606
201944062607
201944062608
201944062609
201944062610
201944062612
201944062701
201944062707
201944062710
201944062803
201944062804
201944062805
201944062806
201944062807
201944062808
201944062809
201944062810
201944062812
201944070803
201944070806
201944070807
201944070808
201944070809
201944070810
201944070811
201944070901
201944070905
201944070906
201944070907
201944070909
201944070910
201944070911
201944070912
201944071001
201944071003
201944071004
201944071005
201944071006
201944071007
201944071009
201944071010
201944071011
201944071101
201944071102
201944071103
201944071106
201944071108
201944071109
201944071110
201944071111
201944071112
201944071201
201944071204
201944071205
201944071206
201944071207
201944071208
201944071210
201944071212
201944072803
201944072807
201944072808
201944072809
201944072810
201944072812
201944072901
201944072902
201944072904
201944072905
201944072906
201944072907
201944072908
201944072909
201944072910
201944072911
201944073001
201944073002
201944073005
201944073006
201944073007
201944073008
201944073009
201944073010
201944073012
201944073102
201944073105
201944073106
201944073107
201944073108
201944073110
201944080101
201944080103
201944080105
201944080106
201944080107
201944080108
201944080109
201944080110
201944080111
201944080112
201944081101
201944081105
201944081106
201944081107
201944081109
201944081110
201944081203
201944081208
201944081209
201944081210
201944081211
201944081302
201944081308
201944081309
201944081311
201944081401
201944081402
201944081403
201944081405
201944081406
201944081407
201944081409
201944081410
201944081411
201944081412
201944081501
201944081504
201944081505
201944081508
201944081510
201944081511
201944081602
201944081603
201944081604
201944081605
201944081608
201944081610
201944082501
201944082502
201944082507
201944082509
201944082510
201944082511
201944082512
201944082601
201944082602
201944082605
201944082606
201944082607
201944082608
201944082609
201944082610
201944082611
201944082612
201944082701
201944082702
201944082703
201944082705
201944082707
201944082708
201944082709
201944082710
201944082712
201944082801
201944082802
201944082803
201944082804
201944082806
201944082807
201944082808
201944082809
201944082811
201944082812
201944091605
201944091606
201944091607
201944091608
201944091609
201944091610
201944091612
201944091703
201944091704
201944091707
201944091708
201944091709
201944091710
201944091712
201944091801
201944091803
201944091804
201944091805
201944091806
201944091807
201944091808
201944091810
201944091812
201944091901
201944091903
201944091904
201944091906
201944091907
201944091908
201944091909
201944091910
201944091912
201944092001
201944092002
201944092003
201944092005
201944092006
201944092007
201944092008
201944092009
201944092010
201944092011
201944092012
201944093004
201944093005
201944093006
201944093008
201944093009
201944093011
201944093012
201944100101
201944100102
201944100103
201944100106
201944100107
201944100108
201944100109
201944100112
201944100202
201944100203
201944100204
201944100205
201944100206
201944100207
201944100208
201944100209
201944100210
201944100211
201944100212
201944100303
201944100304
201944100305
201944100307
201944100308
201944100309
201944100310
201944100311
201944100312
201944100403
201944100404
201944100405
201944100406
201944100407
201944100408
201944100409
201944100410
201944100412
201944101405
201944101406
201944101407
201944101408
201944101409
201944101410
201944101411
201944101502
201944101504
201944101505
201944101507
201944101508
201944101509
201944101510
201944101511
201944101512
201944101602
201944101604
201944101605
201944101606
201944101607
201944101608
201944101609
201944101612
201944101703
201944101704
201944101705
201944101706
201944101707
201944101708
201944101709
201944101710
201944101711
201944101712
201944101803
201944101804
201944101805
201944101806
201944101807
201944101808
201944101809
201944101810
201944101811
201944101812
201944111101
201944111102
201944111105
201944111106
201944111107
201944111108
201944111109
201944111110
201944111111
201944111112
201944111204
201944111205
201944111206
201944111207
201944111208
201944111209
201944111210
201944111211
201944111212
201944111303
201944111304
201944111305
201944111306
201944111307
201944111308
201944111310
201944111401
201944111403
201944111404
201944111405
201944111406
201944111407
201944111408
201944111409
201944111410
201944111411
201944111412
201944111501
201944111502
201944111505
201944111506
201944111507
201944111508
201944111509
201944111510
201944111511
201944111512
201944120202
201944120203
201944120206
201944120207
201944120208
201944120209
201944120210
201944120211
201944120212
201944120304
201944120305
201944120306
201944120307
201944120308
201944120309
201944120310
201944120311
201944120312
201944120403
201944120404
201944120405
201944120406
201944120407
201944120408
201944120409
201944120410
201944120411
201944120412
201944120503
201944120504
201944120505
201944120506
201944120507
201944120508
201944120509
201944120510
201944120511
201944120512
201944120601
201944120602
201944120604
201944120605
201944120606
201944120607
201944120608
201944120609
201944120610
201944120611
201944120612
201944122505
201944122506
201944122507
201944122508
201944122509
201944122603
201944122604
201944122608
201944122609
201944122610
201944122612
201944122701
201944122703
201944122704
201944122705
201944122706
201944122707
201944122708
201944122709
201944122712
201944122903
201944122904
201944122905
201944122907
201944122908
201944122909
201944122910
201944122911
201944122912
201944123001
201944123002
201944123004
201944123005
201944123006
201944123007
201944123008
201944123009
201944123010
201944123011
201944123012
201944123103
201944123104
201944123105
201944123106
201944123107
201944123108
201944123109
201944123110
201944123111
201944123112