201954010101
201954010102
201954010103
201954010104
201954010106
201954010109
201954010111
201954010604
201954010608
201954010609
201954010610
201954010801
201954010802
201954010803
201954010804
201954010805
201954010806
201954010810
201954010812
201954010901
201954010902
201954010903
201954010904
201954010905
201954010906
201954010907
201954011301
201954011302
201954011303
201954011309
201954011401
201954011402
201954011403
201954011404
201954011405
201954011406
201954011601
201954011602
201954011603
201954011604
201954011606
201954011607
201954011611
201954011612
201954012002
201954012007
201954012010
201954012012
201954012201
201954012202
201954012203
201954012206
201954012207
201954012209
201954012210
201954012212
201954012301
201954012302
201954012303
201954012304
201954012305
201954012306
201954012307
201954012309
201954012311
201954012701
201954012705
201954012707
201954012902
201954012903
201954012904
201954012905
201954012906
201954012907
201954012908
201954012909
201954012910
201954013001
201954013002
201954013003
201954013004
201954013005
201954013006
201954013008
201954013012
201954020301
201954020302
201954020303
201954020304
201954020307
201954020309
201954020501
201954020502
201954020503
201954020504
201954020505
201954020506
201954020507
201954020509
201954020511
201954020601
201954020602
201954020605
201954020607
201954020608
201954020610
201954021001
201954021004
201954021007
201954021010
201954021101
201954021102
201954021103
201954021104
201954021108
201954021109
201954021301
201954021302
201954021303
201954021304
201954021305
201954021307
201954021308
201954021311
201954021701
201954021702
201954021703
201954021706
201954021709
201954021901
201954021902
201954021903
201954021904
201954021908
201954021909
201954021910
201954022001
201954022002
201954022003
201954022004
201954022005
201954022006
201954022007
201954022010
201954022401
201954022402
201954022404
201954022405
201954022406
201954022601
201954022602
201954022603
201954022604
201954022605
201954022608
201954022609
201954022701
201954022702
201954022703
201954022711
201954030301
201954030302
201954030303
201954030309
201954030310
201954030311
201954030402
201954030404
201954030405
201954030406
201954030407
201954030408
201954030410
201954030501
201954030504
201954030505
201954030506
201954030509
201954031001
201954031002
201954031003
201954031004
201954031005
201954031006
201954031007
201954031009
201954031010
201954031102
201954031108
201954031110
201954031201
201954031202
201954031208
201954031209
201954031210
201954031701
201954031702
201954031703
201954031704
201954031705
201954031706
201954031707
201954031708
201954031710
201954031711
201954031712
201954032001
201954032002
201954032004
201954032005
201954032006
201954032010
201954032104
201954032111
201954032701
201954032702
201954032703
201954032704
201954032705
201954032706
201954032707
201954032709
201954032710
201954032711
201954032801
201954032802
201954032803
201954032804
201954032806
201954032807
201954032808
201954032809
201954032812
201954033101
201954033105
201954033106
201954033110
201954033112
201954041301
201954041303
201954041304
201954041305
201954041306
201954041307
201954041309
201954041401
201954041402
201954041403
201954041404
201954041405
201954041407
201954041408
201954041410
201954041411
201954041412
201954042001
201954042003
201954042004
201954042007
201954042008
201954042009
201954042012
201954042101
201954042102
201954042103
201954042104
201954042105
201954042106
201954042108
201954042111
201954042112
201954042802
201954042803
201954042804
201954042805
201954042806
201954042807
201954042808
201954042809
201954042810
201954042901
201954042902
201954042903
201954042904
201954042906
201954042907
201954042909
201954042910
201954042911
201954050201
201954050202
201954050205
201954050206
201954050207
201954050208
201954050211
201954050301
201954050302
201954050303
201954050304
201954050305
201954050306
201954050307
201954050308
201954050312
201954051101
201954051103
201954051104
201954051105
201954051107
201954051108
201954051110
201954051111
201954051201
201954051202
201954051203
201954051204
201954051208
201954051210
201954051211
201954051212
201954051801
201954051802
201954051803
201954051804
201954051806
201954051807
201954051808
201954051809
201954051810
201954051812
201954051901
201954051902
201954051903
201954051904
201954051905
201954051906
201954051907
201954051911
201954051912
201954052501
201954052502
201954052504
201954052505
201954052506
201954052507
201954052508
201954052509
201954052511
201954052601
201954052602
201954052603
201954052607
201954052608
201954052610
201954052611
201954060801
201954060802
201954060803
201954060804
201954060806
201954060807
201954060808
201954060810
201954060901
201954060902
201954060903
201954060904
201954060910
201954060912
201954061501
201954061503
201954061504
201954061505
201954061506
201954061508
201954061509
201954061601
201954061602
201954061603
201954061605
201954061606
201954061607
201954061608
201954061610
201954061611
201954061612
201954062201
201954062202
201954062203
201954062204
201954062206
201954062208
201954062210
201954062212
201954062301
201954062302
201954062303
201954062304
201954062305
201954062306
201954062307
201954062310
201954062312
201954062901
201954062902
201954062903
201954062904
201954062905
201954062906
201954062908
201954062909
201954062910
201954062911
201954062912
201954063002
201954063003
201954063004
201954063005
201954063008
201954063010
201954063011
201954063012
201954070601
201954070602
201954070603
201954070604
201954070605
201954070606
201954070607
201954070609
201954070612
201954070701
201954070702
201954070703
201954070704
201954070705
201954070706
201954070708
201954070709
201954070711
201954070712
201954071401
201954071402
201954071403
201954071405
201954071406
201954071409
201954071410
201954071411
201954071502
201954071503
201954071504
201954071505
201954071506
201954071507
201954071508
201954071509
201954071510
201954071511
201954071512
201954072001
201954072002
201954072003
201954072004
201954072005
201954072006
201954072007
201954072012
201954072102
201954072103
201954072104
201954072105
201954072106
201954072107
201954072108
201954072112
201954072701
201954072702
201954072703
201954072704
201954072705
201954072707
201954072709
201954072710
201954072712
201954072801
201954072802
201954072803
201954072805
201954072807
201954072808
201954072809
201954072810
201954072811
201954080301
201954080302
201954080303
201954080304
201954080305
201954080306
201954080307
201954080308
201954080309
201954080312
201954080402
201954080404
201954080405
201954080406
201954080407
201954080408
201954080411
201954080412
201954081701
201954081702
201954081703
201954081704
201954081705
201954081707
201954081708
201954081709
201954081710
201954081711
201954081712
201954081801
201954081802
201954081803
201954081804
201954081806
201954081808
201954081809
201954081810
201954081811
201954081812
201954082401
201954082402
201954082403
201954082404
201954082406
201954082407
201954082408
201954082409
201954082410
201954082412
201954082503
201954082504
201954082505
201954082506
201954082508
201954082511
201954082512
201954083101
201954083102
201954083103
201954083104
201954083106
201954083108
201954083110
201954083111
201954083112
201954090101
201954090102
201954090103
201954090104
201954090105
201954090107
201954090109
201954090110
201954090111
201954090112
201954090701
201954090702
201954090703
201954090704
201954090705
201954090706
201954090707
201954090708
201954090710
201954090712
201954090803
201954090804
201954090805
201954090806
201954090807
201954090808
201954090809
201954090810
201954090812
201954091501
201954091502
201954091503
201954091504
201954091505
201954091506
201954091507
201954091508
201954091509
201954091510
201954091511
201954091512
201954091601
201954091604
201954091607
201954091608
201954091609
201954091610
201954091611
201954091612
201954092201
201954092202
201954092203
201954092204
201954092205
201954092206
201954092207
201954092208
201954092209
201954092212
201954092303
201954092304
201954092305
201954092306
201954092307
201954092308
201954092310
201954092312
201954100501
201954100502
201954100503
201954100505
201954100506
201954100507
201954100508
201954100509
201954100510
201954100511
201954100512
201954100601
201954100603
201954100605
201954100606
201954100607
201954100609
201954100610
201954100611
201954100612
201954101201
201954101202
201954101203
201954101204
201954101205
201954101206
201954101207
201954101208
201954101209
201954101210
201954101211
201954101212
201954101303
201954101304
201954101306
201954101307
201954101308
201954101309
201954101310
201954101311
201954101312
201954101901
201954101902
201954101903
201954101904
201954101905
201954101906
201954101907
201954101908
201954101909
201954101910
201954101911
201954101912
201954102001
201954102002
201954102005
201954102006
201954102007
201954102009
201954102011
201954102012
201954102601
201954102602
201954102603
201954102604
201954102605
201954102606
201954102607
201954102608
201954102609
201954102610
201954102612
201954102701
201954102703
201954102704
201954102705
201954102706
201954102707
201954102709
201954102710
201954102711
201954102712
201954110301
201954110302
201954110304
201954110305
201954110306
201954110307
201954110308
201954110309
201954110310
201954110311
201954110312
201954110401
201954110402
201954110403
201954110404
201954110405
201954110406
201954110407
201954110408
201954110409
201954110410
201954110412
201954110901
201954110902
201954110903
201954110904
201954110906
201954110907
201954110908
201954110909
201954110911
201954110912
201954111001
201954111002
201954111003
201954111004
201954111005
201954111006
201954111008
201954111011
201954111012
201954111601
201954111602
201954111603
201954111605
201954111607
201954111608
201954111610
201954111611
201954111612
201954111701
201954111702
201954111703
201954111704
201954111705
201954111706
201954111707
201954111708
201954111709
201954111710
201954112301
201954112302
201954112303
201954112304
201954112305
201954112306
201954112307
201954112308
201954112309
201954112310
201954112312
201954112401
201954112402
201954112403
201954112404
201954112405
201954112406
201954112408
201954112409
201954112410
201954112412
201954113001
201954113002
201954113003
201954113004
201954113005
201954113007
201954113008
201954113009
201954113010
201954113012
201954120101
201954120103
201954120104
201954120105
201954120106
201954120107
201954120109
201954120110
201954120111
201954120112
201954120701
201954120702
201954120703
201954120704
201954120705
201954120706
201954120708
201954120709
201954120710
201954120711
201954120712
201954120801
201954120802
201954120803
201954120804
201954120805
201954120806
201954120807
201954120808
201954120809
201954120810
201954120811
201954120812
201954121401
201954121402
201954121403
201954121404
201954121405
201954121406
201954121408
201954121409
201954121411
201954121412
201954121501
201954121502
201954121503
201954121504
201954121505
201954121506
201954121507
201954121510
201954121511
201954121512
201954122101
201954122102
201954122103
201954122104
201954122105
201954122107
201954122108
201954122109
201954122110
201954122111
201954122112
201954122201
201954122202
201954122203
201954122204
201954122205
201954122206
201954122207
201954122208
201954122209
201954122210
201954122211
201954122212
201954122801
201954122802
201954122803
201954122804
201954122805
201954122806
201954122807
201954122808
201954122810
201954122811
201954122812
201954122901
201954122902
201954122903
201954122904
201954122905
201954122906
201954122907
201954122908
201954122909
201954122910
201954122911
201954123101
201954123102
201954123103
201954123104
201954123105
201954123107
201954123108
201954123110
201954123111