201955010201
201955010202
201955010203
201955010204
201955010206
201955010207
201955010208
201955010210
201955010302
201955010303
201955010304
201955010305
201955010306
201955010307
201955010308
201955010309
201955010310
201955010311
201955010502
201955010503
201955010504
201955010505
201955010506
201955010510
201955010511
201955010602
201955010603
201955010604
201955010605
201955010606
201955010607
201955010608
201955010609
201955010610
201955010701
201955010702
201955010703
201955010704
201955010705
201955010706
201955010707
201955010708
201955010710
201955010711
201955011302
201955011303
201955011304
201955011306
201955011307
201955011308
201955011309
201955011310
201955011311
201955011312
201955011401
201955011402
201955011404
201955011405
201955011406
201955011407
201955011408
201955011409
201955011410
201955011411
201955011412
201955011901
201955011902
201955011903
201955011904
201955011905
201955011906
201955011907
201955011908
201955011910
201955011911
201955011912
201955012001
201955012002
201955012003
201955012004
201955012005
201955012006
201955012007
201955012008
201955012010
201955012011
201955012012
201955012601
201955012602
201955012603
201955012604
201955012605
201955012607
201955012609
201955012611
201955012612
201955012702
201955012703
201955012704
201955012705
201955012707
201955012708
201955012709
201955012711
201955020202
201955020203
201955020205
201955020206
201955020207
201955020208
201955020209
201955020210
201955020302
201955020303
201955020304
201955020305
201955020306
201955020307
201955020308
201955020309
201955020501
201955020502
201955020503
201955020504
201955020505
201955020506
201955020509
201955020510
201955020901
201955020902
201955020903
201955020904
201955020905
201955020907
201955020910
201955021001
201955021002
201955021003
201955021004
201955021005
201955021006
201955021007
201955021009
201955021010
201955021101
201955021103
201955021104
201955021105
201955021106
201955021107
201955021108
201955021109
201955021110
201955021601
201955021602
201955021603
201955021604
201955021605
201955021606
201955021608
201955021609
201955021611
201955021612
201955021701
201955021702
201955021703
201955021704
201955021705
201955021706
201955021707
201955021709
201955021711
201955021712
201955021901
201955021902
201955021903
201955021904
201955021906
201955021907
201955021910
201955022301
201955022302
201955022303
201955022304
201955022305
201955022306
201955022307
201955022309
201955022311
201955022312
201955022401
201955022402
201955022403
201955022404
201955022405
201955022406
201955022407
201955022408
201955022409
201955022410
201955022411
201955022412
201955030201
201955030202
201955030203
201955030204
201955030205
201955030206
201955030207
201955030209
201955030210
201955030211
201955030212
201955030301
201955030303
201955030304
201955030305
201955030306
201955030307
201955030308
201955030309
201955030310
201955030901
201955030902
201955030903
201955030904
201955030905
201955030906
201955030908
201955030909
201955030910
201955030911
201955031001
201955031002
201955031003
201955031004
201955031005
201955031006
201955031007
201955031009
201955031010
201955031011
201955031601
201955031602
201955031603
201955031604
201955031605
201955031606
201955031607
201955031608
201955031609
201955031611
201955031612
201955031701
201955031702
201955031703
201955031705
201955031706
201955031707
201955031708
201955031709
201955031711
201955031712
201955032302
201955032303
201955032304
201955032305
201955032306
201955032307
201955032308
201955032309
201955032310
201955032401
201955032402
201955032404
201955032405
201955032407
201955032408
201955032411
201955032601
201955032602
201955032603
201955032605
201955032607
201955032608
201955032609
201955032611
201955032612
201955033001
201955033002
201955033003
201955033004
201955033005
201955033006
201955033007
201955033008
201955033009
201955033011
201955033012
201955033101
201955033102
201955033103
201955033104
201955033105
201955033107
201955033108
201955033109
201955033110
201955033111
201955033112
201955040601
201955040602
201955040603
201955040604
201955040605
201955040606
201955040607
201955040608
201955040609
201955040610
201955040612
201955040701
201955040702
201955040703
201955040706
201955040707
201955040709
201955040710
201955040711
201955040712
201955041301
201955041302
201955041303
201955041304
201955041305
201955041306
201955041307
201955041308
201955041309
201955041311
201955041312
201955041401
201955041402
201955041403
201955041404
201955041405
201955041406
201955041408
201955041409
201955041410
201955041411
201955042001
201955042002
201955042003
201955042005
201955042007
201955042008
201955042009
201955042010
201955042011
201955042012
201955042101
201955042102
201955042103
201955042104
201955042105
201955042106
201955042107
201955042108
201955042109
201955042110
201955042111
201955042112
201955042701
201955042702
201955042703
201955042704
201955042705
201955042706
201955042709
201955042711
201955042712
201955042801
201955042803
201955042804
201955042805
201955042806
201955042807
201955042808
201955042809
201955042811
201955042902
201955042903
201955042904
201955042905
201955042907
201955042909
201955042910
201955042911
201955042912
201955050401
201955050402
201955050403
201955050404
201955050405
201955050406
201955050407
201955050408
201955050409
201955050411
201955050501
201955050502
201955050503
201955050504
201955050505
201955050506
201955050508
201955050509
201955050510
201955050511
201955050602
201955050603
201955050604
201955050605
201955050606
201955050608
201955050609
201955050610
201955050611
201955051101
201955051102
201955051103
201955051104
201955051106
201955051110
201955051111
201955051201
201955051202
201955051203
201955051204
201955051205
201955051207
201955051208
201955051209
201955051210
201955051211
201955051801
201955051803
201955051804
201955051805
201955051806
201955051807
201955051808
201955051809
201955051811
201955051812
201955051901
201955051902
201955051904
201955051905
201955051906
201955051908
201955051909
201955051911
201955051912
201955052501
201955052502
201955052503
201955052506
201955052507
201955052508
201955052509
201955052510
201955052511
201955052512
201955052601
201955052602
201955052603
201955052604
201955052605
201955052606
201955052607
201955052608
201955052609
201955052611
201955052612
201955060101
201955060102
201955060104
201955060105
201955060106
201955060107
201955060108
201955060109
201955060111
201955060112
201955060201
201955060202
201955060203
201955060204
201955060205
201955060207
201955060208
201955060209
201955060210
201955060211
201955060801
201955060802
201955060803
201955060805
201955060806
201955060807
201955060808
201955060809
201955060810
201955060811
201955060812
201955060901
201955060902
201955060903
201955060904
201955060906
201955060907
201955060908
201955060909
201955060910
201955060912
201955061503
201955061504
201955061505
201955061506
201955061507
201955061508
201955061509
201955061511
201955061602
201955061603
201955061604
201955061605
201955061607
201955061608
201955061609
201955061610
201955061611
201955061612
201955062201
201955062202
201955062204
201955062205
201955062206
201955062207
201955062208
201955062209
201955062210
201955062211
201955062212
201955062301
201955062302
201955062304
201955062305
201955062306
201955062307
201955062308
201955062309
201955062310
201955062311
201955062312
201955062902
201955062903
201955062904
201955062905
201955062906
201955062907
201955062908
201955062909
201955062910
201955062911
201955062912
201955063001
201955063004
201955063006
201955063007
201955063008
201955063010
201955063011
201955063012
201955070401
201955070402
201955070404
201955070405
201955070406
201955070407
201955070408
201955070409
201955070410
201955070411
201955070701
201955070702
201955070703
201955070704
201955070705
201955070706
201955070707
201955070708
201955070709
201955070710
201955070711
201955070712
201955071302
201955071303
201955071305
201955071306
201955071307
201955071308
201955071309
201955071310
201955071311
201955071312
201955071501
201955071502
201955071503
201955071504
201955071506
201955071507
201955071508
201955071509
201955071511
201955071512
201955072001
201955072002
201955072003
201955072004
201955072005
201955072006
201955072007
201955072008
201955072009
201955072011
201955072101
201955072102
201955072103
201955072105
201955072106
201955072107
201955072109
201955072111
201955072112
201955072702
201955072705
201955072706
201955072707
201955072708
201955072709
201955072710
201955072711
201955072712
201955073001
201955073003
201955073005
201955073006
201955073007
201955073008
201955073009
201955073010
201955073011
201955073012
201955080301
201955080302
201955080303
201955080304
201955080305
201955080306
201955080307
201955080308
201955080309
201955080310
201955080312
201955080401
201955080402
201955080403
201955080404
201955080405
201955080406
201955080407
201955080409
201955080410
201955081101
201955081103
201955081104
201955081105
201955081106
201955081107
201955081108
201955081109
201955081110
201955081111
201955081112
201955081203
201955081204
201955081206
201955081208
201955081209
201955081210
201955081211
201955081212
201955081401
201955081402
201955081403
201955081404
201955081405
201955081406
201955081407
201955081408
201955081409
201955081411
201955081801
201955081802
201955081803
201955081804
201955081805
201955081806
201955081807
201955081808
201955081809
201955081810
201955081811
201955082402
201955082403
201955082405
201955082406
201955082407
201955082409
201955082410
201955082411
201955082412
201955082501
201955082502
201955082503
201955082504
201955082505
201955082507
201955082508
201955082509
201955082510
201955082511
201955082512
201955083101
201955083102
201955083103
201955083104
201955083105
201955083106
201955083107
201955083108
201955083109
201955083111
201955083112
201955090101
201955090102
201955090103
201955090104
201955090105
201955090106
201955090107
201955090108
201955090109
201955090110
201955090112
201955090702
201955090703
201955090704
201955090705
201955090706
201955090707
201955090708
201955090709
201955090710
201955090711
201955090712
201955090801
201955090802
201955090803
201955090805
201955090807
201955090808
201955090809
201955090810
201955090811
201955090812
201955091401
201955091402
201955091403
201955091404
201955091406
201955091407
201955091408
201955091409
201955091412
201955091501
201955091502
201955091503
201955091505
201955091506
201955091507
201955091508
201955091509
201955091511
201955091512
201955092202
201955092203
201955092204
201955092205
201955092206
201955092207
201955092208
201955092209
201955092210
201955092211
201955092212
201955092301
201955092302
201955092303
201955092304
201955092305
201955092306
201955092307
201955092308
201955092309
201955092311
201955092312
201955092801
201955092802
201955092803
201955092804
201955092805
201955092806
201955092807
201955092808
201955092809
201955092811
201955092812
201955092901
201955092902
201955092903
201955092904
201955092905
201955092907
201955092908
201955092909
201955092910
201955092911
201955100501
201955100502
201955100503
201955100504
201955100505
201955100506
201955100507
201955100508
201955100509
201955100511
201955100601
201955100602
201955100603
201955100604
201955100605
201955100606
201955100607
201955100608
201955100609
201955101302
201955101303
201955101304
201955101305
201955101306
201955101307
201955101308
201955101309
201955101310
201955101311
201955101401
201955101402
201955101403
201955101404
201955101406
201955101408
201955101409
201955101410
201955101411
201955101901
201955101902
201955101903
201955101904
201955101905
201955101906
201955101907
201955101908
201955101910
201955101911
201955102001
201955102002
201955102003
201955102004
201955102005
201955102006
201955102007
201955102008
201955102009
201955102010
201955102601
201955102602
201955102603
201955102604
201955102605
201955102606
201955102607
201955102608
201955102609
201955102610
201955102611
201955102701
201955102702
201955102703
201955102704
201955102705
201955102706
201955102707
201955102708
201955102709
201955102710
201955102711
201955110201
201955110202
201955110203
201955110204
201955110206
201955110208
201955110210
201955110211
201955110302
201955110303
201955110304
201955110305
201955110306
201955110307
201955110308
201955110309
201955110310
201955110901
201955110902
201955110903
201955110904
201955110905
201955110906
201955110907
201955110908
201955110909
201955110910
201955110911
201955111001
201955111002
201955111003
201955111004
201955111005
201955111006
201955111007
201955111008
201955111009
201955111010
201955111011
201955111601
201955111602
201955111603
201955111605
201955111606
201955111607
201955111608
201955111609
201955111610
201955111611
201955111612
201955112302
201955112303
201955112304
201955112306
201955112307
201955112308
201955112309
201955112311
201955112312
201955112401
201955112402
201955112403
201955112404
201955112405
201955112406
201955112407
201955112408
201955112411
201955112412
201955113001
201955113002
201955113003
201955113004
201955113005
201955113006
201955113007
201955113008
201955113009
201955113010
201955113011
201955113012
201955120101
201955120102
201955120103
201955120104
201955120105
201955120106
201955120107
201955120108
201955120109
201955120110
201955120112
201955120701
201955120702
201955120703
201955120704
201955120705
201955120706
201955120707
201955120708
201955120709
201955120710
201955120711
201955120712
201955120801
201955120802
201955120803
201955120804
201955120805
201955120806
201955120807
201955120808
201955120809
201955120811
201955120812
201955121501
201955121502
201955121503
201955121504
201955121505
201955121506
201955121507
201955121508
201955121509
201955121510
201955121511
201955121701
201955121702
201955121703
201955121704
201955121705
201955121707
201955121708
201955121709
201955121710
201955121711
201955121712
201955122103
201955122104
201955122105
201955122106
201955122107
201955122108
201955122109
201955122110
201955122111
201955122112
201955122201
201955122202
201955122203
201955122204
201955122205
201955122206
201955122207
201955122208
201955122209
201955122210
201955122212