05022
05033
05039
05041
05053
05054
05064
05073
05074
05086
05089
05091
05096
05098
05099
05101
05115
05135
05161
05171
05199
05203
05212
05217
05223
05228
05229
05230
05243
05259
05268
05269
05271
05282
05284
05286
05299
05301
05306
05309
05321
05328
05329
05336
05337
05339
05342
05350
05352
05364
05365
05366
05370
05374
05376
05377
05380
05383
05386
05389
05390
05392
05393
05396
05404
05405
05408
05411
05416
05420
05427
05429
05435
05438
05443
05444
05445
05447
05451
05454
05455
05457
05460
05464
05469
05470
05471
05472
05473
05474
05475
05476
05477
05478
05479
05480
05481
05482
05483
05484
05485
05486
05487
05488
05489
05490
05492
05493
05494
05495
05496
05497
05498
05499
05500
05501
05502
05503
05504
05505
05506
05507
05508
05509
05510
05511
05512
05513
05514
05516
05517
05519
05521
05522
05523
05524
05525
05526
05527
05528
05529
05530
05531
05532
05533
05534
05535
05536
05537
05538
05539
05540
05541
05542
05543
05544
05545
05546
05547
05548
05549
05550
05551
05552
05553
05554
05555
05556
05557
05558
05563
05566
05568
05569
05570
05572
05573
05574
05575
05576
05577
05578
05579
05580
05581
05583
05584
05585
05586
05588
05589
05594
05595
05596
05597
05598
05599
05600
05601
05602