197701010101
197701010102
197701010103
197701010104
197701010105
197701010106
197701010501
197701010502
197701010503
197701010504
197701010505
197701010506
197701010507
197701010508
197701010509
197701010801
197701010802
197701010803
197701010804
197701010805
197701010806
197701010807
197701010808
197701010809
197701020401
197701020402
197701020403
197701020404
197701020405
197701020406
197701020501
197701020502
197701020503
197701020504
197701020505
197701020506
197701020507
197701020508
197701020701
197701020702
197701020703
197701020704