197703010201
197703010202
197703010203
197703010204
197703010205
197703010206
197703010401
197703010402
197703010403
197703010404
197703010405
197703010406
197703010407
197703010408
197703010501
197703010502
197703010503
197703010504
197703010505
197703010601
197703010602
197703010701
197703010702
197703010703
197703010704
197703010705
197703010801
197703010802
197703010803
197703010804
197703010805
197703010806
197703010807
197703010808
197703010809
197703010810
197703010811
197703020301
197703020302
197703020303
197703020701
197703020702
197703020703
197703020704
197703020705
197703030401
197703030402
197703030403
197703030404
197703030405
197703030406
197703030407
197703030408
197703030409
197703030410
197703030801
197703030802
197703030803
197703030804
197703030805
197703030806
197703030807
197703030808
197703030809
197703030810