197705010101
197705010102
197705010103
197705010104
197705010105
197705010601
197705010602
197705010603
197705010604
197705010605
197705010606
197705010701
197705010702
197705010703
197705010704
197705010705
197705010706
197705010707
197705010708
197705010709
197705010801
197705010802
197705010803
197705010804
197705010805
197705010806
197705010807
197705010808
197705010809
197705010810
197705020201
197705020202
197705020203
197705020204
197705020205
197705020206
197705020501
197705020502
197705020503
197705020504
197705020505
197705020506
197705020507
197705020508
197705020509
197705030101
197705030102
197705030103
197705030104
197705030105
197705030601
197705030801
197705030802
197705030803
197705030804
197705030805
197705030806
197705030807
197705030808
197705030809
197705030810
197705030811
197705040601
197705040602
197705040603
197705040604
197705040605
197705040801
197705040802
197705040803
197705040804
197705040805
197705040806
197705040807
197705040808
197705050501
197705050502
197705050503
197705050504
197705050505
197705050506
197705060101
197705060102
197705060103
197705060104
197705060105
197705060106
197705060107
197705060108
197705060501
197705060502
197705060503
197705060504
197705060505
197705060506
197705060801
197705060802
197705060803
197705060804
197705060805
197705060806
197705060807
197705060808
197705060809