197707010101
197707010102
197707010103
197707010104
197707010105
197707010201
197707010202
197707010203
197707010204
197707010601
197707010602
197707010603
197707010604
197707010605
197707010606
197707010607
197707010801
197707010802
197707010803
197707010804
197707010805
197707010806
197707020101
197707020102
197707020103
197707020104
197707020105
197707020106
197707020107
197707020201
197707020202
197707020401
197707020402
197707020403
197707020404
197707020601
197707020602
197707020603
197707020801
197707020802
197707020803
197707020804
197707020805
197707020806
197707020807
197707030401
197707030402
197707030403
197707030404
197707030405
197707030406
197707030407
197707030408
197707030409
197707030410
197707040201
197707040202
197707040203
197707040204
197707040205
197707040206
197707040207
197707040208