197708010201
197708010202
197708010203
197708010204
197708010205
197708010206
197708010207
197708010208
197708010209
197708010401
197708010402
197708010403
197708010404
197708010405
197708010406
197708010407
197708010408
197708010501
197708010502
197708010503
197708010504
197708010505
197708010506
197708010507
197708010508
197708010509
197708010510
197708010511
197708010601
197708010602
197708010603
197708010604
197708010605
197708010606
197708010607
197708010701
197708010702
197708010703
197708010704
197708010705
197708010706
197708010707
197708010708
197708010709
197708010710
197708010711
197708010801
197708010802
197708010803
197708010804
197708010805
197708010806
197708010807
197708010808
197708010809
197708020101
197708020501
197708020502
197708020503
197708020504
197708020601
197708020602
197708020603
197708020604
197708020605
197708020606
197708020607
197708020701
197708020702
197708020703
197708020704
197708020705
197708020706
197708020707
197708020708
197708020709
197708020710
197708030601
197708030602
197708040101
197708040102
197708040103
197708040104
197708040105
197708040106
197708040107
197708040108
197708040109
197708040401
197708040402
197708040403
197708040404
197708040405
197708040406
197708040407
197708040408
197708040409
197708040501
197708040502
197708040503
197708040504
197708040505
197708040506
197708040507
197708040801
197708040802
197708040803
197708040804
197708040805
197708040806
197708040807
197708040808
197708040809
197708040810
197708050201
197708050202
197708050203
197708050204
197708050205
197708050206
197708050207
197708050208
197708050209
197708050301
197708050302
197708050303
197708050304
197708050305
197708050306
197708050307
197708050308
197708050309
197708050310
197708050401
197708050402
197708050403
197708050404
197708050405
197708050701
197708050702
197708050703
197708050704
197708050705
197708050706
197708050707
197708050708
197708050709
197708050710
197708050711
197708050801
197708050802
197708050803
197708050804
197708050805
197708050806
197708050807
197708050808
197708050809