197710010101
197710010102
197710010103
197710020301
197710020302
197710020801
197710020802
197710020803
197710020804
197710020805
197710020806
197710020807
197710020808
197710030201
197710030202
197710030203
197710030204
197710030205
197710030206
197710030207
197710030208
197710030209
197710030301
197710030302
197710030303
197710030304
197710030305
197710030306
197710030401
197710030402
197710030403
197710030501
197710030502
197710030503
197710030504
197710030505
197710030601
197710030602
197710030603
197710030604
197710030605
197710030606
197710030607
197710030608
197710030609