198601010101
198601010102
198601010201
198601010202
198601010203
198601010204
198601010401
198601010402
198601010403
198601010404
198601010405
198601010601
198601010602
198601010603
198601010701
198601010702
198601010801
198601010802
198601010803
198601010804
198601010805
198601010806
198601010807
198601010808
198601010809
198601010810
198601020101
198601020102
198601020103
198601020104
198601020301
198601020302
198601020303
198601020304
198601020305
198601020306
198601020307
198601020308
198601020401
198601020402
198601020601
198601020602
198601020603
198601020604
198601020605
198601020606
198601020607
198601020608
198601020609
198601020801
198601020802
198601020803
198601020804
198601020805
198601020806
198601020807
198601020808
198601020809
198601020810