198603010101
198603010102
198603010103
198603010201
198603010202
198603010203
198603010204
198603010205
198603010206
198603010207
198603010208
198603010209
198603010301
198603010302
198603010303
198603010304
198603010305
198603010306
198603010307
198603010308
198603010309
198603010401
198603010402
198603010403
198603010404
198603010405
198603010406
198603010407
198603010408
198603010409
198603010410
198603010411
198603010501
198603010502
198603010503
198603010504
198603010505
198603010506
198603010507
198603010508
198603010509
198603010510
198603010701
198603010702
198603010703
198603010704
198603010705
198603010706
198603010707
198603010708
198603010709
198603010710
198603010801
198603010802
198603010803
198603010804
198603010805
198603010806
198603010807
198603010808
198603010809
198603010810
198603020101
198603020102
198603020103
198603020104
198603020105
198603020106
198603020107
198603020201
198603020202
198603020203
198603020204
198603020301
198603020302
198603020303
198603020304
198603020305
198603020306
198603020401
198603020402
198603020403
198603020404
198603020405
198603020406
198603020407
198603020408
198603020409
198603020410
198603020501
198603020502
198603020503
198603020504
198603020505
198603020506
198603020507
198603020508
198603020509
198603020601
198603020602
198603020603
198603020604
198603020605
198603020701
198603020702
198603020703
198603020704
198603020705
198603020706
198603020707
198603020801
198603020802
198603020803
198603030101
198603030102
198603030103
198603030104
198603030105
198603030106
198603030107
198603030108
198603030109
198603030110
198603030111
198603030112
198603030201
198603030202
198603030203
198603030204
198603030205
198603030206
198603030207
198603030208
198603030209
198603030210
198603030211
198603030212
198603030301
198603030302
198603030303
198603030304
198603030305
198603030306
198603030307
198603030308
198603030309
198603030310
198603030311
198603030401
198603030402
198603030403
198603030404
198603030405
198603030406
198603030407
198603030408
198603030501
198603030502
198603030503
198603030504
198603030505
198603030506
198603030507
198603030508
198603030509
198603030510
198603030511
198603030512
198603030601
198603030602
198603030603
198603030604
198603030605
198603030606
198603030607
198603030608
198603030609
198603030610
198603030611
198603030701
198603030702
198603030703
198603030704
198603030705
198603030706
198603030707
198603030708
198603030709
198603030710
198603030711
198603030712
198603030801
198603030802
198603030803
198603030804
198603030805
198603030806
198603030807
198603030808
198603030809
198603030810
198603030811
198603030812