198604010101
198604010102
198604010103
198604010104
198604010201
198604010202
198604010301
198604010302
198604010303
198604010304
198604010305
198604010306
198604010307
198604010308
198604010309
198604010310
198604010311
198604010401
198604010402
198604010403
198604010404
198604010405
198604010406
198604010407
198604010408
198604010409
198604010410
198604010501
198604010502
198604010503
198604010504
198604010505
198604010506
198604010601
198604010602
198604010701
198604010702
198604010703
198604010704
198604010705
198604010801
198604010802
198604010803
198604010804
198604010805
198604010806
198604010807
198604010808
198604020101
198604020102
198604020103
198604020201
198604020202
198604020203
198604020204
198604020205
198604020206
198604020207
198604020208
198604020209
198604020210
198604020211
198604020301
198604020302
198604020303
198604020304
198604020305
198604020306
198604020307
198604020308
198604020401
198604020402
198604020403
198604020404
198604020405
198604020406
198604020407
198604020408
198604020601
198604020602
198604020603
198604020604
198604020605
198604020606
198604020607
198604020608
198604020609
198604020610
198604020701
198604020702
198604020703
198604020704
198604020705
198604020706
198604020707
198604020708
198604020709
198604020801
198604020802
198604020803
198604020804
198604020805
198604020806
198604030101
198604030102
198604030103
198604030104
198604030105
198604030106
198604030107
198604030108
198604030109
198604030110
198604030301
198604030302
198604030303
198604030304
198604030305
198604030306
198604030307
198604030401
198604030402
198604030403
198604030404
198604030701
198604030702
198604030703
198604030704
198604030705
198604030801
198604030802
198604030803
198604030804
198604030805
198604030806
198604030807
198604030808