198605010101
198605010102
198605010103
198605010104
198605010105
198605010106
198605010107
198605010108
198605010201
198605010202
198605010203
198605010204
198605010205
198605010206
198605010207
198605010208
198605010209
198605010210
198605010211
198605010212
198605010301
198605010302
198605010303
198605010304
198605010305
198605010306
198605010307
198605010308
198605010309
198605010310
198605010401
198605010402
198605010403
198605010404
198605010405
198605010406
198605010407
198605010501
198605010502
198605010503
198605010504
198605010505
198605010506
198605010507
198605010508
198605010509
198605010510
198605010601
198605010602
198605010603
198605010604
198605010605
198605010606
198605010607
198605010608
198605010701
198605010702
198605010703
198605010704
198605010705
198605010706
198605010707
198605010708
198605010709
198605010710
198605010801
198605010802
198605010803
198605010804
198605010805
198605010806
198605010807
198605010808
198605010809
198605010810
198605010811
198605010812
198605020101
198605020102
198605020103
198605020104
198605020105
198605020106
198605020107
198605020201
198605020202
198605020301
198605020302
198605020303
198605020304
198605020305
198605020306
198605020307
198605020308
198605020309
198605020310
198605020311
198605020401
198605020402
198605020403
198605020404
198605020501
198605020502
198605020503
198605020601
198605020602
198605020603
198605020604
198605020605
198605020606
198605020607
198605020608
198605020609
198605020610
198605020611
198605020701
198605020702
198605020703
198605020704
198605020705
198605020706
198605020707
198605020708
198605020709
198605020801
198605020802
198605020803
198605020804
198605020805
198605020806
198605020807
198605020808
198605020809
198605030101
198605030102
198605030103
198605030104
198605030105
198605030106
198605030107
198605030108
198605030109
198605030110
198605030111
198605030201
198605030202
198605030203
198605030204
198605030205
198605030206
198605030207
198605030208
198605030209
198605030210
198605030301
198605030302
198605030303
198605030304
198605030305
198605030306
198605030401
198605030402
198605030403
198605030404
198605030405
198605030406
198605030407
198605030408
198605030409
198605030410
198605030501
198605030502
198605030503
198605030504
198605030505
198605030506
198605030507
198605030508
198605030509
198605030510
198605030511
198605030512
198605030601
198605030602
198605030603
198605030604
198605030605
198605030606
198605030607
198605030608
198605030609
198605030610
198605030611
198605030612
198605030701
198605030702
198605030703
198605030704
198605030705
198605030706
198605030707
198605030708
198605030709
198605030710
198605030801
198605030802
198605030803
198605030804
198605030805
198605030806
198605030807
198605030808
198605030809
198605030810
198605030811
198605040101
198605040102
198605040103
198605040104
198605040105
198605040106
198605040107
198605040108
198605040109
198605040110
198605040111
198605040201
198605040202
198605040203
198605040204
198605040205
198605040206
198605040207
198605040208
198605040209
198605040210
198605040301
198605040302
198605040303
198605040304
198605040305
198605040306
198605040307
198605040308
198605040309
198605040310
198605040311
198605040312
198605040401
198605040402
198605040403
198605040404
198605040405
198605040406
198605040407
198605040408
198605040409
198605040410
198605040411
198605040501
198605040502
198605040503
198605040504
198605040505
198605040506
198605040507
198605040508
198605040509
198605040510
198605040601
198605040602
198605040603
198605040604
198605040605
198605040606
198605040607
198605040608
198605040609
198605040610
198605040611
198605040612
198605040701
198605040702
198605040703
198605040704
198605040705
198605040706
198605040707
198605040708
198605040709
198605040710
198605040801
198605040802
198605040803
198605040804
198605040805
198605040806
198605040807
198605040808
198605040809
198605040810
198605050101
198605050102
198605050103
198605050104
198605050105
198605050106
198605050107
198605050108
198605050109
198605050110
198605050111
198605050112
198605050201
198605050202
198605050203
198605050204
198605050205
198605050206
198605050207
198605050208
198605050209
198605050210
198605050211
198605050301
198605050302
198605050303
198605050304
198605050305
198605050306
198605050307
198605050308
198605050309
198605050310
198605050401
198605050402
198605050403
198605050404
198605050405
198605050406
198605050407
198605050408
198605050501
198605050502
198605050503
198605050504
198605050505
198605050506
198605050507
198605050508
198605050509
198605050510
198605050511
198605050512
198605050601
198605050602
198605050603
198605050604
198605050605
198605050606
198605050607
198605050608
198605050609
198605050701
198605050702
198605050703
198605050704
198605050705
198605050706
198605050707
198605050708
198605050709
198605050710
198605050801
198605050802
198605050803
198605050804
198605050805
198605050806
198605050807
198605050808
198605050809
198605050810