198606010104
198606010110
198606010212
198606010304
198606010310
198606010508
198606010805
198606010811
198606020204
198606020207
198606020208
198606020211
198606020212
198606020307
198606020506
198606020511
198606020604
198606020612
198606020702
198606020707
198606020711
198606020804
198606020805
198606030101
198606030112
198606030202
198606030304
198606030306
198606030307
198606030311
198606030502
198606030507
198606030509
198606030605
198606030701
198606030803
198606030804
198606030806
198606030809
198606040104
198606040201
198606040203
198606040204
198606040206
198606040207
198606040212
198606040309
198606040404
198606040406
198606040411
198606040603
198606040604
198606040605
198606040708
198606040709
198606040711
198606040803
198606040805
198606040811
198606050104
198606050109
198606050201
198606050203
198606050204
198606050207
198606050209
198606050211
198606050302
198606050303
198606050307
198606050309
198606050310
198606050312
198606050408
198606050410
198606050504
198606050505
198606050509
198606050510
198606050511
198606050602
198606050603
198606050607
198606050610
198606050611
198606050612
198606050704
198606050708
198606050802
198606050807
198606050810