198607010201
198607010202
198607010203
198607010204
198607010205
198607010206
198607010207
198607010301
198607010302
198607010303
198607010304
198607010305
198607010306
198607010307
198607010308
198607010401
198607010402
198607010403
198607010404
198607010405
198607010406
198607010407
198607010408
198607010501
198607010502
198607010503
198607010504
198607010505
198607010506
198607010507
198607010508
198607010509
198607010510
198607010601
198607010602
198607010603
198607010604
198607010605
198607010606
198607010607
198607020201
198607020202
198607020203
198607020204
198607020205
198607020206
198607020207
198607020208
198607020209
198607020301
198607020302
198607020303
198607020304
198607020305
198607020306
198607020307
198607020308
198607020309
198607020310
198607020311
198607020401
198607020402
198607020403
198607020404
198607020405
198607020406
198607020407
198607020408
198607020409
198607020410
198607020411
198607020501
198607020502
198607020503
198607020601
198607020602
198607020603
198607020604
198607020605
198607020606
198607020607
198607020608
198607020609
198607020701
198607020702
198607020703
198607020704
198607020705
198607020706
198607020707
198607020708
198607020709
198607020710
198607020801
198607020802
198607020803
198607020804
198607020805
198607020806
198607020807
198607020808
198607020809
198607020810
198607030101
198607030102
198607030103
198607030104
198607030105
198607030106
198607030107
198607030108
198607030109
198607030110
198607030111
198607030201
198607030202
198607030203
198607030204
198607030205
198607030206
198607030207
198607030208
198607030209
198607030210
198607030211
198607030301
198607030302
198607030303
198607030304
198607030305
198607030306
198607030307
198607030401
198607030402
198607030403
198607030404
198607030405
198607030406
198607030407
198607030408
198607030409
198607030410
198607030411
198607030412
198607030501
198607030502
198607030503
198607030504
198607030505
198607030506
198607030507
198607030508
198607030509
198607030510
198607030511
198607030601
198607030602
198607030603
198607030604
198607030605
198607030606
198607030607
198607030608
198607030609
198607030610
198607030611
198607030612
198607030701
198607030702
198607030703
198607030704
198607030705
198607030706
198607030707
198607030708
198607030709
198607030710
198607030711
198607030801
198607030802
198607030803
198607030804
198607030805
198607030806
198607030807
198607030808
198607030809
198607030810
198607030811