201602010101
201602010102
201602010104
201602010108
201602010110
201602010111
201602010112
201602010202
201602010209
201602010210
201602010305
201602010307
201602010308
201602010402
201602010408
201602010409
201602010410
201602010411
201602010507
201602010508
201602010509
201602010511
201602010512
201602010602
201602010603
201602010604
201602010607
201602010611
201602010612
201602020103
201602020104
201602020108
201602020110
201602020202
201602020206
201602020207
201602020208
201602020210
201602020303
201602020306
201602020310
201602020311
201602020403
201602020409
201602020411
201602020502
201602020503
201602020504
201602020506
201602020507
201602020508
201602020509
201602020511
201602020604
201602020608
201602020610
201602020612