201605010103
201605010105
201605010111
201605010112
201605010203
201605010208
201605010210
201605010211
201605010310
201605010311
201605010312
201605010403
201605010405
201605010408
201605010409
201605010410
201605010411
201605010412
201605010501
201605010506
201605010509
201605010510
201605010511
201605010512
201605010604
201605010606
201605010609
201605010610
201605010701
201605010711
201605010804
201605010807
201605010808
201605010812
201605020101
201605020107
201605020108
201605020109
201605020111
201605020201
201605020212
201605020301
201605020309
201605020310
201605020312
201605020405
201605020408
201605020411
201605020509
201605020601
201605020602
201605020603
201605020609
201605020611
201605020612
201605020702
201605020704
201605020706
201605020707
201605020711
201605020806
201605020808
201605020809
201605020811
201605020901
201605020910
201605020911
201605020912
201605021007
201605021011
201605021105
201605021110
201605021111
201605021203
201605021204
201605021206
201605021207
201605021209
201605021210
201605021211
201605021212
201605030104
201605030106
201605030108
201605030111
201605030112
201605030201
201605030203
201605030207
201605030209
201605030210
201605030211
201605030212
201605030301
201605030304
201605030309
201605030404
201605030409
201605030410
201605030411
201605030502
201605030504
201605030506
201605030508
201605030510
201605030511
201605030512
201605030607
201605030610
201605030707
201605030708
201605030712
201605030801
201605030808
201605030810
201605030811
201605040104
201605040106
201605040109
201605040112
201605040209
201605040210
201605040211
201605040309
201605040311
201605040410
201605040411
201605040412
201605040502
201605040510
201605040511
201605040610
201605040705
201605040708
201605040710
201605040712
201605040810
201605040906
201605040908
201605040910
201605040911
201605050102
201605050107
201605050108
201605050210
201605050307
201605050309
201605050312
201605050407
201605050409
201605050410
201605050412
201605050505
201605050507
201605050508
201605050510
201605050611
201605050710
201605050711
201605050712