201608010108
201608010111
201608010112
201608010202
201608010203
201608010206
201608010207
201608010209
201608010210
201608010211
201608010212
201608010301
201608010306
201608010309
201608010312
201608010403
201608010406
201608010408
201608010410
201608010506
201608010510
201608010601
201608010602
201608010605
201608010606
201608010608
201608010609
201608010610
201608010704
201608010709
201608010711
201608010803
201608010807
201608010810
201608010811
201608010812
201608020111
201608020112
201608020201
201608020211
201608020212
201608020305
201608020309
201608020311
201608020312
201608020403
201608020405
201608020406
201608020408
201608020410
201608020412
201608020506
201608020507
201608020509
201608020510
201608020601
201608020606
201608020608
201608020610
201608020612
201608020708
201608020709
201608020710
201608020711
201608020801
201608020805
201608020807
201608020810
201608020811
201608030101
201608030103
201608030104
201608030105
201608030107
201608030111
201608030112
201608030201
201608030203
201608030211
201608030301
201608030303
201608030305
201608030310
201608030401
201608030402
201608030408
201608030409
201608030411
201608030412
201608030503
201608030504
201608030507
201608030510
201608030601
201608030602
201608030606
201608030611
201608030703
201608030705
201608030801
201608030803
201608030809
201608030812
201608030901
201608030910
201608031002
201608031004
201608031008
201608031009
201608031011
201608031012
201608031103
201608031104
201608031111
201608031112
201608031202
201608031203
201608031207
201608031210
201608031212
201608040104
201608040110
201608040210
201608040212
201608040307
201608040311
201608040410
201608040411
201608040506
201608040512
201608040611
201608040709
201608040810
201608040811
201608040812
201608040902
201608040907
201608040909
201608040911
201608040912
201608050109
201608050110
201608050112
201608050207
201608050307
201608050309
201608050310
201608050404
201608050411
201608050412
201608050511
201608050601
201608050607
201608050610
201608050611
201608050707
201608050712
201608050810