201610010102
201610010103
201610010105
201610010107
201610010111
201610010112
201610010202
201610010203
201610010208
201610010209
201610010210
201610010212
201610010302
201610010303
201610010305
201610010306
201610010307
201610010309
201610010311
201610010312
201610010403
201610010406
201610010408
201610010410
201610010412
201610010501
201610010502
201610010505
201610010507
201610010510
201610010511
201610010512
201610010602
201610010603
201610010604
201610010606
201610010609
201610010610
201610010611
201610010701
201610010702
201610010703
201610010705
201610010708
201610010711
201610010712
201610010802
201610010803
201610010806
201610010808
201610020103
201610020104
201610020107
201610020110
201610020202
201610020204
201610020208
201610020210
201610020212
201610020303
201610020304
201610020306
201610020311
201610020404
201610020407
201610020411
201610020504
201610020506
201610020511
201610020602
201610020603
201610020606
201610020610
201610020706
201610020708
201610020710
201610020711
201610020802
201610020804
201610020807
201610020810
201610020811
201610020903
201610020906
201610020912
201610021003
201610021004
201610021006
201610021010
201610021011
201610021105
201610021106
201610021107
201610021110
201610021208
201610021210