201630042106
201630042108
201630042709
201630051110
201630051206
201630051207
201630051808
201630052508
201630052509
201630052510
201630053109
201630053111
201630060803
201630060804
201630060810
201630060911
201630061410
201630061506
201630061508
201630061510
201630061610
201630062207
201630062209
201630062312
201630062806
201630062911
201630063007
201630063010
201630070609
201630070610
201630071206
201630071307
201630071405
201630071408
201630071410
201630072009
201630072111
201630072608
201630072708
201630072709
201630072808
201630072810
201630080210
201630080410
201630080411
201630080909
201630080910
201630081006
201630081011
201630081110
201630081710
201630081809
201630082305
201630082311
201630082404
201630082406
201630082412
201630082512
201630083008
201630083109
201630090109
201630090110
201630090607
201630090610
201630090703
201630090712
201630090811
201630091405
201630091509
201630092005
201630092007
201630092009
201630092010
201630092107
201630092111
201630092711
201630092907
201630092909
201630092912
201630100406
201630100409
201630100506
201630100509
201630100611
201630101104
201630101111
201630101309
201630101311
201630101312
201630101810
201630101903
201630102006
201630102010
201630102012
201630102511
201630102704
201630102706
201630102710
201630110205
201630110208
201630110210
201630110312
201630110809
201630110811
201630110912
201630111005
201630111006