201635050107
201635050111
201635050201
201635050202
201635050409
201635050808
201635050810
201635050812
201635050910
201635051407
201635051503
201635052110
201635052205
201635052806
201635052809
201635060504
201635060510
201635060611
201635061105
201635061203
201635061310
201635061905
201635062004
201635070904
201635071001
201635071004
201635071610
201635071710
201635071810
201635072303
201635072306
201635072509
201635080112
201635080602
201635080802
201635080810
201635081609
201635081610
201635081611
201635091807
201635091903
201635091909
201635092510
201635100109
201635100304
201635100311
201635100811
201635101008
201635101011
201635101508
201635101611
201635101702
201635102310
201635102410
201635103008
201635103103
201635110610
201635110709