201636010203
201636010410
201636010904
201636010910
201636011010
201636011101
201636011107
201636011108
201636011109
201636031906
201636032004
201636032006
201636032704
201636032710
201636032801
201636040208
201636040303
201636040305
201636040910
201636041002
201636041010
201636041611
201636041701
201636041702
201636042307
201636042511
201636062504
201636062602
201636062712
201636070305
201636070310
201636070312
201636082206
201636082812
201636090405
201636090407
201636090409
201636091011
201636091108
201636111305
201636111910
201636112109
201636112808
201636120307
201636120311
201636120408
201636120508
201636121210
201636121710
201636121802
201636121810
201636123109
201636123110