201644011106
201644011109
201644011111
201644011112
201644011206
201644011212
201644011311
201644011312
201644011403
201644011404
201644011503
201644011508
201644020804
201644020811
201644020812
201644020905
201644021001
201644021007
201644021009
201644021107
201644021211
201644021212
201644022206
201644022209
201644022210
201644022211
201644022212
201644022303
201644022306
201644022308
201644022309
201644022405
201644022506
201644022511
201644022611
201644031405
201644031407
201644031507
201644031512
201644031612
201644031705
201644031711
201644031802
201644031812
201644040402
201644040505
201644040603
201644040607
201644040611
201644040701
201644040809
201644040811
201644041903
201644041912
201644042012
201644042101
201644042105
201644042107
201644042110
201644042205
201644042212
201644051708
201644051712
201644051812
201644051902
201644051903
201644052007
201644052012
201644060711
201644060802
201644060808
201644060902
201644060904
201644060911
201644062807
201644062808
201644062809
201644062911
201644070102
201644070107
201644071206
201644071303
201644071409
201644071511
201644071512
201644073111
201644080109
201644080211
201644080310
201644080402
201644080410
201644081510
201644081610
201644081703
201644081711
201644081811
201644083008
201644083110
201644083111
201644090111
201644090209
201644091908
201644091909
201644091911
201644092011
201644092109
201644092211
201644101006
201644101011
201644101209
201644101212
201644102503
201644102610
201644102612
201644111407
201644111410
201644111609
201644111612
201644111703
201644112705
201644112809
201644112810
201644112907
201644113008
201644113010
201644120110
201644120111
201644120210
201644122606
201644122611
201644122707
201644122811
201644123112