202006010101
202006010102
202006010103
202006010104
202006010105
202006010106
202006010107
202006010108
202006010109
202006010110
202006010111
202006010112
202006010201
202006010202
202006010203
202006010204
202006010205
202006010206
202006010207
202006010208
202006010209
202006010210
202006010211
202006010212
202006010301
202006010302
202006010303
202006010304
202006010305
202006010306
202006010307
202006010308
202006010309
202006010310
202006010311
202006010312
202006010401
202006010402
202006010403
202006010404
202006010405
202006010406
202006010407
202006010408
202006010409
202006010410
202006010411
202006010412
202006010501
202006010502
202006010503
202006010504
202006010505
202006010506
202006010507
202006010508
202006010509
202006010510
202006010511
202006010512
202006010601
202006010602
202006010603
202006010604
202006010605
202006010606
202006010607
202006010608
202006010609
202006010610
202006010611
202006010612
202006010701
202006010702
202006010703
202006010704
202006010705
202006010706
202006010707
202006010708
202006010709
202006010710
202006010711
202006010712
202006010801
202006010802
202006010803
202006010804
202006010805
202006010806
202006010807
202006010808
202006010809
202006010810
202006010811
202006010812
202006010901
202006010902
202006010903
202006010904
202006010905
202006010906
202006010907
202006010908
202006010909
202006010910
202006010911
202006010912
202006020101
202006020102
202006020103
202006020104
202006020105
202006020106
202006020107
202006020108
202006020109
202006020110
202006020111
202006020112
202006020201
202006020202
202006020203
202006020204
202006020205
202006020206
202006020207
202006020208
202006020209
202006020210
202006020211
202006020212
202006020301
202006020302
202006020303
202006020304
202006020305
202006020306
202006020307
202006020308
202006020309
202006020310
202006020311
202006020312
202006020401
202006020402
202006020403
202006020404
202006020405
202006020406
202006020407
202006020408
202006020409
202006020410
202006020411
202006020412
202006020501
202006020502
202006020503
202006020504
202006020505
202006020506
202006020507
202006020508
202006020509
202006020510
202006020511
202006020512
202006020601
202006020602
202006020603
202006020604
202006020605
202006020606
202006020607
202006020608
202006020609
202006020610
202006020611
202006020612
202006020701
202006020702
202006020703
202006020704
202006020705
202006020706
202006020707
202006020708
202006020709
202006020710
202006020711
202006020712
202006020801
202006020802
202006020803
202006020804
202006020805
202006020806
202006020807
202006020808
202006020809
202006020810
202006020811
202006020812
202006020901
202006020902
202006020903
202006020904
202006020905
202006020906
202006020907
202006020908
202006020909
202006020910
202006020911
202006020912
202006030101
202006030102
202006030103
202006030104
202006030105
202006030106
202006030107
202006030108
202006030109
202006030110
202006030111
202006030112
202006030201
202006030202
202006030203
202006030204
202006030205
202006030206
202006030207
202006030208
202006030209
202006030210
202006030211
202006030212
202006030301
202006030302
202006030303
202006030304
202006030305
202006030306
202006030307
202006030308
202006030309
202006030310
202006030311
202006030312
202006030401
202006030402
202006030403
202006030404
202006030405
202006030406
202006030407
202006030408
202006030409
202006030410
202006030411
202006030412
202006030501
202006030502
202006030503
202006030504
202006030505
202006030506
202006030507
202006030508
202006030509
202006030510
202006030511
202006030512
202006030601
202006030602
202006030603
202006030604
202006030605
202006030606
202006030607
202006030608
202006030609
202006030610
202006030611
202006030612
202006030701
202006030702
202006030703
202006030704
202006030705
202006030706
202006030707
202006030708
202006030709
202006030710
202006030711
202006030712
202006030801
202006030802
202006030803
202006030804
202006030805
202006030806
202006030807
202006030808
202006030809
202006030810
202006030811
202006030812
202006040101
202006040102
202006040103
202006040104
202006040105
202006040106
202006040107
202006040108
202006040109
202006040110
202006040111
202006040112
202006040201
202006040202
202006040203
202006040204
202006040205
202006040206
202006040207
202006040208
202006040209
202006040210
202006040211
202006040212
202006040301
202006040302
202006040303
202006040304
202006040305
202006040306
202006040307
202006040308
202006040309
202006040310
202006040311
202006040312
202006040401
202006040402
202006040403
202006040404
202006040405
202006040406
202006040407
202006040408
202006040409
202006040410
202006040411
202006040412
202006040501
202006040502
202006040503
202006040504
202006040505
202006040506
202006040507
202006040508
202006040509
202006040510
202006040511
202006040512
202006040601
202006040602
202006040603
202006040604
202006040605
202006040606
202006040607
202006040608
202006040609
202006040610
202006040611
202006040612
202006040701
202006040702
202006040703
202006040704
202006040705
202006040706
202006040707
202006040708
202006040709
202006040710
202006040711
202006040712
202006040801
202006040802
202006040803
202006040804
202006040805
202006040806
202006040807
202006040808
202006040809
202006040810
202006040811
202006040812
202006040901
202006040902
202006040903
202006040904
202006040905
202006040906
202006040907
202006040908
202006040909
202006040910
202006040911
202006040912
202006050101
202006050102
202006050103
202006050104
202006050105
202006050106
202006050107
202006050108
202006050109
202006050110
202006050111
202006050112
202006050201
202006050202
202006050203
202006050204
202006050205
202006050206
202006050207
202006050208
202006050209
202006050210
202006050211
202006050212
202006050301
202006050302
202006050303
202006050304
202006050305
202006050306
202006050307
202006050308
202006050309
202006050310
202006050311
202006050312
202006050401
202006050402
202006050403
202006050404
202006050405
202006050406
202006050407
202006050408
202006050409
202006050410
202006050411
202006050412
202006050501
202006050502
202006050503
202006050504
202006050505
202006050506
202006050507
202006050508
202006050509
202006050510
202006050511
202006050512
202006050601
202006050602
202006050603
202006050604
202006050605
202006050606
202006050607
202006050608
202006050609
202006050610
202006050611
202006050612
202006050701
202006050702
202006050703
202006050704
202006050705
202006050706
202006050707
202006050708
202006050709
202006050710
202006050711
202006050712
202006050801
202006050802
202006050803
202006050804
202006050805
202006050806
202006050807
202006050808
202006050809
202006050810
202006050811
202006050812