202007010101
202007010102
202007010103
202007010104
202007010105
202007010106
202007010107
202007010108
202007010109
202007010110
202007010111
202007010112
202007010201
202007010202
202007010203
202007010204
202007010205
202007010206
202007010207
202007010208
202007010209
202007010210
202007010211
202007010212
202007010301
202007010302
202007010303
202007010304
202007010305
202007010306
202007010307
202007010308
202007010309
202007010310
202007010311
202007010312
202007010401
202007010402
202007010403
202007010404
202007010405
202007010406
202007010407
202007010408
202007010409
202007010410
202007010411
202007010412
202007010501
202007010502
202007010503
202007010504
202007010505
202007010506
202007010507
202007010508
202007010509
202007010510
202007010511
202007010512
202007010601
202007010602
202007010603
202007010604
202007010605
202007010606
202007010607
202007010608
202007010609
202007010610
202007010611
202007010612
202007010701
202007010702
202007010703
202007010704
202007010705
202007010706
202007010707
202007010708
202007010709
202007010710
202007010711
202007010712
202007010801
202007010802
202007010803
202007010804
202007010805
202007010806
202007010807
202007010808
202007010809
202007010810
202007010811
202007010812
202007020101
202007020102
202007020103
202007020104
202007020105
202007020106
202007020107
202007020108
202007020109
202007020110
202007020111
202007020112
202007020201
202007020202
202007020203
202007020204
202007020205
202007020206
202007020207
202007020208
202007020209
202007020210
202007020211
202007020212
202007020301
202007020302
202007020303
202007020304
202007020305
202007020306
202007020307
202007020308
202007020309
202007020310
202007020311
202007020312
202007020401
202007020402
202007020403
202007020404
202007020405
202007020406
202007020407
202007020408
202007020409
202007020410
202007020411
202007020412
202007020501
202007020502
202007020503
202007020504
202007020505
202007020506
202007020507
202007020508
202007020509
202007020510
202007020511
202007020512
202007020601
202007020602
202007020603
202007020604
202007020605
202007020606
202007020607
202007020608
202007020609
202007020610
202007020611
202007020612
202007020701
202007020702
202007020703
202007020704
202007020705
202007020706
202007020707
202007020708
202007020709
202007020710
202007020711
202007020712
202007020801
202007020802
202007020803
202007020804
202007020805
202007020806
202007020807
202007020808
202007020809
202007020810
202007020811
202007020812
202007020901
202007020902
202007020903
202007020904
202007020905
202007020906
202007020907
202007020908
202007020909
202007020910
202007020911
202007020912
202007030101
202007030102
202007030103
202007030104
202007030105
202007030106
202007030107
202007030108
202007030109
202007030110
202007030111
202007030112
202007030201
202007030202
202007030203
202007030204
202007030205
202007030206
202007030207
202007030208
202007030209
202007030210
202007030211
202007030212
202007030301
202007030302
202007030303
202007030304
202007030305
202007030306
202007030307
202007030308
202007030309
202007030310
202007030311
202007030312
202007030401
202007030402
202007030403
202007030404
202007030405
202007030406
202007030407
202007030408
202007030409
202007030410
202007030411
202007030412
202007030501
202007030502
202007030503
202007030504
202007030505
202007030506
202007030507
202007030508
202007030509
202007030510
202007030511
202007030512
202007030601
202007030602
202007030603
202007030604
202007030605
202007030606
202007030607
202007030608
202007030609
202007030610
202007030611
202007030612