202008010101
202008010102
202008010103
202008010104
202008010105
202008010106
202008010107
202008010108
202008010109
202008010110
202008010111
202008010112
202008010201
202008010202
202008010203
202008010204
202008010205
202008010206
202008010207
202008010208
202008010209
202008010210
202008010211
202008010212
202008010301
202008010302
202008010303
202008010304
202008010305
202008010306
202008010307
202008010308
202008010309
202008010310
202008010311
202008010312
202008010401
202008010402
202008010403
202008010404
202008010405
202008010406
202008010407
202008010408
202008010409
202008010410
202008010411
202008010412
202008010501
202008010502
202008010503
202008010504
202008010505
202008010506
202008010507
202008010508
202008010509
202008010510
202008010511
202008010512
202008010601
202008010602
202008010603
202008010604
202008010605
202008010606
202008010607
202008010608
202008010609
202008010610
202008010611
202008010612
202008010701
202008010702
202008010703
202008010704
202008010705
202008010706
202008010707
202008010708
202008010709
202008010710
202008010711
202008010712
202008010801
202008010802
202008010803
202008010804
202008010805
202008010806
202008010807
202008010808
202008010809
202008010810
202008010811
202008010812
202008010901
202008010902
202008010903
202008010904
202008010905
202008010906
202008010907
202008010908
202008010909
202008010910
202008010911
202008010912
202008020101
202008020102
202008020103
202008020104
202008020105
202008020106
202008020107
202008020108
202008020109
202008020110
202008020111
202008020112
202008020201
202008020202
202008020203
202008020204
202008020205
202008020206
202008020207
202008020208
202008020209
202008020210
202008020211
202008020212
202008020301
202008020302
202008020303
202008020304
202008020305
202008020306
202008020307
202008020308
202008020309
202008020310
202008020311
202008020312
202008020401
202008020402
202008020403
202008020404
202008020405
202008020406
202008020407
202008020408
202008020409
202008020410
202008020411
202008020412
202008020501
202008020502
202008020503
202008020504
202008020505
202008020506
202008020507
202008020508
202008020509
202008020510
202008020511
202008020512
202008020601
202008020602
202008020603
202008020604
202008020605
202008020606
202008020607
202008020608
202008020609
202008020610
202008020611
202008020612
202008020701
202008020702
202008020703
202008020704
202008020705
202008020706
202008020707
202008020708
202008020709
202008020710
202008020711
202008020712
202008020801
202008020802
202008020803
202008020804
202008020805
202008020806
202008020807
202008020808
202008020809
202008020810
202008020811
202008020812
202008030101
202008030102
202008030103
202008030104
202008030105
202008030106
202008030107
202008030108
202008030109
202008030110
202008030111
202008030112
202008030201
202008030202
202008030203
202008030204
202008030205
202008030206
202008030207
202008030208
202008030209
202008030210
202008030211
202008030212
202008030301
202008030302
202008030303
202008030304
202008030305
202008030306
202008030307
202008030308
202008030309
202008030310
202008030311
202008030312
202008030401
202008030402
202008030403
202008030404
202008030405
202008030406
202008030407
202008030408
202008030409
202008030410
202008030411
202008030412
202008030501
202008030502
202008030503
202008030504
202008030505
202008030506
202008030507
202008030508
202008030509
202008030510
202008030511
202008030512
202008030601
202008030602
202008030603
202008030604
202008030605
202008030606
202008030607
202008030608
202008030609
202008030610
202008030611
202008030612
202008030701
202008030702
202008030703
202008030704
202008030705
202008030706
202008030707
202008030708
202008030709
202008030710
202008030711
202008030712
202008030801
202008030802
202008030803
202008030804
202008030805
202008030806
202008030807
202008030808
202008030809
202008030810
202008030811
202008030812
202008030901
202008030902
202008030903
202008030904
202008030905
202008030906
202008030907
202008030908
202008030909
202008030910
202008030911
202008030912
202008031001
202008031002
202008031003
202008031004
202008031005
202008031006
202008031007
202008031008
202008031009
202008031010
202008031011
202008031012
202008031101
202008031102
202008031103
202008031104
202008031105
202008031106
202008031107
202008031108
202008031109
202008031110
202008031111
202008031112
202008031201
202008031202
202008031203
202008031204
202008031205
202008031206
202008031207
202008031208
202008031209
202008031210
202008031211
202008031212
202008040101
202008040102
202008040103
202008040104
202008040105
202008040106
202008040107
202008040108
202008040109
202008040110
202008040111
202008040112
202008040201
202008040202
202008040203
202008040204
202008040205
202008040206
202008040207
202008040208
202008040209
202008040210
202008040211
202008040212
202008040301
202008040302
202008040303
202008040304
202008040305
202008040306
202008040307
202008040308
202008040309
202008040310
202008040311
202008040312
202008040401
202008040402
202008040403
202008040404
202008040405
202008040406
202008040407
202008040408
202008040409
202008040410
202008040411
202008040412
202008040501
202008040502
202008040503
202008040504
202008040505
202008040506
202008040507
202008040508
202008040509
202008040510
202008040511
202008040512
202008040601
202008040602
202008040603
202008040604
202008040605
202008040606
202008040607
202008040608
202008040609
202008040610
202008040611
202008040612
202008040701
202008040702
202008040703
202008040704
202008040705
202008040706
202008040707
202008040708
202008040709
202008040710
202008040711
202008040712
202008040801
202008040802
202008040803
202008040804
202008040805
202008040806
202008040807
202008040808
202008040809
202008040810
202008040811
202008040812