201303010102
201303010105
201303010107
201303010108
201303010109
201303010111
201303010201
201303010202
201303010203
201303010206
201303010207
201303010208
201303010209
201303010210
201303010212
201303010301
201303010302
201303010303
201303010304
201303010305
201303010306
201303010307
201303010309
201303010310
201303010311
201303010312
201303010401
201303010402
201303010404
201303010405
201303010406
201303010407
201303010409
201303010410
201303010411
201303010412
201303010501
201303010504
201303010505
201303010507
201303010509
201303010510
201303010511
201303010512
201303010602
201303010603
201303010604
201303010605
201303010606
201303010607
201303010608
201303010609
201303010611
201303010612
201303010702
201303010703
201303010704
201303010705
201303010706
201303010707
201303010709
201303010711
201303010712
201303010801
201303010802
201303010804
201303010805
201303010806
201303010808
201303010809
201303010810
201303010811
201303010812
201303020101
201303020103
201303020105
201303020106
201303020108
201303020109
201303020110
201303020111
201303020112
201303020201
201303020202
201303020203
201303020204
201303020205
201303020206
201303020208
201303020210
201303020211
201303020212
201303020301
201303020302
201303020306
201303020308
201303020309
201303020310
201303020311
201303020401
201303020402
201303020403
201303020404
201303020405
201303020406
201303020407
201303020408
201303020409
201303020410
201303020411
201303020412
201303020501
201303020502
201303020503
201303020505
201303020507
201303020509
201303020510
201303020511
201303020512
201303020601
201303020602
201303020604
201303020605
201303020608
201303020609
201303020610
201303020611
201303020612
201303020701
201303020702
201303020703
201303020704
201303020705
201303020707
201303020708
201303020709
201303020710
201303020711
201303020712
201303020801
201303020802
201303020804
201303020807
201303020808
201303020809
201303020810
201303020811
201303020812
201303030101
201303030102
201303030103
201303030104
201303030105
201303030107
201303030110
201303030111
201303030112
201303030201
201303030202
201303030204
201303030205
201303030206
201303030207
201303030208
201303030211
201303030212
201303030302
201303030303
201303030304
201303030305
201303030307
201303030308
201303030309
201303030310
201303030311
201303030312
201303030404
201303030406
201303030408
201303030410
201303030411
201303030412
201303030501
201303030502
201303030503
201303030504
201303030505
201303030506
201303030507
201303030508
201303030509
201303030510
201303030511
201303030512
201303030601
201303030604
201303030606
201303030607
201303030608
201303030609
201303030610
201303030611
201303030612