201307010102
201307010103
201307010104
201307010106
201307010108
201307010110
201307010111
201307010112
201307010201
201307010202
201307010203
201307010204
201307010205
201307010206
201307010208
201307010209
201307010210
201307010211
201307010212
201307010301
201307010303
201307010304
201307010305
201307010306
201307010307
201307010309
201307010310
201307010311
201307010312
201307010402
201307010403
201307010404
201307010405
201307010406
201307010407
201307010409
201307010410
201307010411
201307010412
201307010501
201307010503
201307010506
201307010507
201307010508
201307010510
201307010511
201307010512
201307010601
201307010604
201307010605
201307010606
201307010608
201307010609
201307010610
201307010611
201307010612
201307020101
201307020104
201307020106
201307020108
201307020109
201307020110
201307020111
201307020112
201307020201
201307020202
201307020203
201307020204
201307020205
201307020208
201307020209
201307020210
201307020211
201307020212
201307020301
201307020303
201307020304
201307020307
201307020309
201307020311
201307020312
201307020401
201307020403
201307020404
201307020407
201307020408
201307020409
201307020410
201307020411
201307020412
201307020501
201307020502
201307020503
201307020504
201307020505
201307020508
201307020509
201307020512
201307020602
201307020603
201307020604
201307020605
201307020607
201307020608
201307020609
201307020610
201307020611
201307020612
201307030101
201307030102
201307030103
201307030105
201307030106
201307030107
201307030108
201307030109
201307030111
201307030201
201307030202
201307030203
201307030204
201307030205
201307030206
201307030207
201307030210
201307030211
201307030212
201307030302
201307030303
201307030305
201307030307
201307030308
201307030309
201307030310
201307030311
201307030312
201307030402
201307030403
201307030404
201307030406
201307030407
201307030408
201307030409
201307030410
201307030411
201307030412
201307030501
201307030502
201307030503
201307030505
201307030506
201307030507
201307030508
201307030509
201307030510
201307030511
201307030512
201307030601
201307030602
201307030603
201307030604
201307030605
201307030606
201307030607
201307030608
201307030609
201307030610
201307030611
201307030701
201307030702
201307030703
201307030704
201307030707
201307030708
201307030710
201307030711
201307030712
201307030801
201307030802
201307030803
201307030804
201307030805
201307030807
201307030810
201307030811
201307030812
201307040101
201307040103
201307040107
201307040109
201307040110
201307040111
201307040112
201307040201
201307040202
201307040205
201307040207
201307040208
201307040209
201307040210
201307040211
201307040212
201307040301
201307040303
201307040304
201307040305
201307040306
201307040307
201307040308
201307040310
201307040311
201307040312
201307040402
201307040404
201307040405
201307040406
201307040407
201307040408
201307040410
201307040411
201307040412
201307040502
201307040503
201307040504
201307040505
201307040506
201307040507
201307040508
201307040509
201307040510
201307040511
201307040512
201307040602
201307040603
201307040604
201307040605
201307040606
201307040607
201307040609
201307040610