201309010101
201309010103
201309010105
201309010107
201309010108
201309010109
201309010111
201309010112
201309010201
201309010202
201309010205
201309010206
201309010208
201309010209
201309010211
201309010212
201309010301
201309010303
201309010304
201309010305
201309010306
201309010307
201309010310
201309010311
201309010401
201309010402
201309010404
201309010405
201309010407
201309010408
201309010409
201309010410
201309010411
201309010412
201309010501
201309010504
201309010505
201309010506
201309010507
201309010509
201309010510
201309010511
201309010512
201309010601
201309010602
201309010604
201309010605
201309010607
201309010609
201309010610
201309010611
201309010612
201309010701
201309010703
201309010705
201309010706
201309010708
201309010710
201309010712
201309010801
201309010803
201309010804
201309010805
201309010806
201309010807
201309010808
201309010809
201309010811
201309010812
201309020101
201309020104
201309020105
201309020107
201309020108
201309020109
201309020110
201309020111
201309020112
201309020201
201309020205
201309020206
201309020207
201309020209
201309020210
201309020212
201309020301
201309020302
201309020304
201309020308
201309020310
201309020312
201309020402
201309020403
201309020405
201309020406
201309020407
201309020408
201309020409
201309020410
201309020411
201309020501
201309020503
201309020504
201309020505
201309020506
201309020507
201309020508
201309020509
201309020510
201309020511
201309020602
201309020604
201309020607
201309020608
201309020609
201309020611
201309020612
201309020701
201309020703
201309020704
201309020705
201309020706
201309020707
201309020708
201309020709
201309020710
201309020711
201309020801
201309020805
201309020806
201309020808
201309020810
201309020811
201309020812
201309030101
201309030104
201309030105
201309030106
201309030107
201309030109
201309030110
201309030111
201309030112
201309030201
201309030205
201309030206
201309030207
201309030208
201309030210
201309030211
201309030212
201309030301
201309030302
201309030303
201309030304
201309030305
201309030306
201309030308
201309030309
201309030311
201309030401
201309030402
201309030404
201309030406
201309030407
201309030408
201309030409
201309030410
201309030411
201309030412
201309030502
201309030503
201309030507
201309030508
201309030509
201309030510
201309030511
201309030601
201309030602
201309030603
201309030604
201309030606
201309030607
201309030608
201309030609
201309030611
201309030612
201309030701
201309030705
201309030706
201309030707
201309030708
201309030709
201309030710
201309030711
201309030801
201309030802
201309030803
201309030804
201309030805
201309030806
201309030807
201309030809
201309030810
201309030811
201309040101
201309040102
201309040103
201309040104
201309040105
201309040106
201309040107
201309040109
201309040110
201309040111
201309040112
201309040201
201309040202
201309040206
201309040207
201309040209
201309040210
201309040211
201309040302
201309040304
201309040305
201309040307
201309040309
201309040310
201309040311
201309040312
201309040401
201309040406
201309040409
201309040410
201309040411
201309040412
201309040503
201309040504
201309040506
201309040507
201309040509
201309040510
201309040511
201309040512
201309040601
201309040603
201309040604
201309040607
201309040609
201309040610
201309040611
201309040612
201309040702
201309040704
201309040705
201309040706
201309040707
201309040708
201309040709
201309040710
201309040711
201309040712
201309040801
201309040802
201309040803
201309040804
201309040805
201309040806
201309040807
201309040808
201309040809
201309040810
201309040811
201309040812
201309040901
201309040903
201309040905
201309040906
201309040907
201309040909
201309040910
201309040911
201309040912
201309050103
201309050105
201309050106
201309050107
201309050108
201309050109
201309050111
201309050112
201309050201
201309050203
201309050205
201309050206
201309050207
201309050208
201309050209
201309050210
201309050211
201309050212
201309050301
201309050302
201309050303
201309050304
201309050305
201309050307
201309050308
201309050310
201309050311
201309050312
201309050402
201309050403
201309050404
201309050405
201309050408
201309050410
201309050411
201309050412
201309050501
201309050504
201309050506
201309050507
201309050508
201309050509
201309050510
201309050511
201309050512
201309050602
201309050603
201309050604
201309050606
201309050607
201309050608
201309050609
201309050610
201309050612
201309050701
201309050702
201309050703
201309050704
201309050705
201309050706
201309050707
201309050708
201309050710
201309050712
201309050801
201309050803
201309050805
201309050808
201309050809
201309050811
201309050812
201309050903
201309050905
201309050906
201309050907
201309050908
201309050909
201309050910
201309050911
201309050912