201330042402
201330042403
201330042408
201330042409
201330042410
201330042505
201330042508
201330042509
201330050109
201330050110
201330050303
201330050304
201330050305
201330050308
201330050309
201330050310
201330050311
201330050806
201330050809
201330050811
201330050906
201330050908
201330050909
201330050911
201330051507
201330051510
201330051602
201330051608
201330051609
201330051610
201330051611
201330052204
201330052208
201330052209
201330052210
201330052211
201330052304
201330052306
201330052307
201330052310
201330052311
201330052904
201330052905
201330052906
201330052909
201330052910
201330052912
201330053006
201330053010
201330053011
201330060406
201330060407
201330060411
201330060508
201330060510
201330061201
201330061209
201330061210
201330061211
201330061301
201330061306
201330061307
201330061308
201330061310
201330061311
201330061802
201330061809
201330061811
201330061904
201330061908
201330061909
201330061910
201330061911
201330062006
201330062010
201330062011
201330062506
201330062509
201330062510
201330062608
201330062611
201330070203
201330070204
201330070208
201330070209
201330070212
201330070309
201330070401
201330070407
201330070408
201330070409
201330070410
201330071006
201330071008
201330071009
201330071108
201330071607
201330071702
201330071707
201330071708
201330071710
201330071711
201330071801
201330071808
201330071809
201330071810
201330072301
201330072308
201330072310
201330072406
201330072508
201330072510
201330072511
201330073001
201330073007
201330073009
201330073010
201330073012
201330073104
201330073108
201330080103
201330080106
201330080108
201330080109
201330080110
201330080111
201330080604
201330080610
201330080611
201330080708
201330080710
201330080805
201330080806
201330080810
201330081305
201330081309
201330081403
201330081405
201330081407
201330081408
201330081409
201330081411
201330081504
201330081507
201330081509
201330081511
201330081512
201330082008
201330082009
201330082010
201330082011
201330082012
201330082110
201330082111
201330082205
201330082206
201330082208
201330082209
201330082210
201330082705
201330082709
201330082710
201330082806
201330082811
201330082902
201330082907
201330082908
201330082911
201330090304
201330090305
201330090306
201330090309
201330090310
201330090311
201330090408
201330090409
201330090410
201330090502
201330090509
201330090510
201330090511
201330091004
201330091006
201330091009
201330091103
201330091104
201330091111
201330091207
201330091208
201330091209
201330091210
201330091707
201330091709
201330091710
201330091711
201330091804
201330091806
201330091808
201330091809
201330091904
201330091908
201330091909
201330091910
201330092401
201330092403
201330092408
201330092410
201330092505
201330092507
201330092508
201330092509
201330092602
201330092603
201330092604
201330092608
201330092609
201330092610
201330092611
201330100105
201330100107
201330100109
201330100110
201330100207
201330100208
201330100307
201330100801
201330100804
201330100903
201330100905
201330100907
201330100908
201330100909
201330100910
201330100911
201330100912
201330101005
201330101007
201330101008
201330101010
201330101011
201330101012
201330101502
201330101506
201330101508
201330101509
201330101510
201330101611
201330101612
201330101705
201330101706
201330101709
201330102208
201330102209
201330102210
201330102211
201330102301
201330102302
201330102303
201330102305
201330102308
201330102309
201330102407
201330102408
201330102409
201330102411
201330102412
201330102904
201330102908
201330102910
201330102911
201330103001
201330103002
201330103004
201330103010
201330103011
201330103103
201330103106
201330103107
201330103108
201330103110
201330110503
201330110506
201330110509
201330110602
201330110605
201330110610
201330110611
201330110704
201330110707
201330110708
201330110709
201330111204
201330111205
201330111206
201330111208
201330111210
201330111211
201330111212
201330111303
201330111308
201330111309
201330111311
201330111312
201330111403
201330111405
201330111406
201330111407
201330111408
201330111411