201335050411
201335050501
201335050508
201335050601
201335051108
201335051202
201335051204
201335051209
201335051210
201335051310
201335051807
201335051810
201335051901
201335051909
201335052007
201335052009
201335052507
201335052509
201335052510
201335052603
201335052710
201335060111
201335060201
201335060205
201335060206
201335060208
201335060310
201335060806
201335060807
201335060810
201335060904
201335061009
201335071307
201335071310
201335071406
201335071410
201335071506
201335071510
201335071511
201335072110
201335072111
201335072210
201335072707
201335072801
201335072806
201335072810
201335072905
201335072908
201335080409
201335080410
201335080506
201335081404
201335081409
201335081506
201335081508
201335081607
201335081610
201335081706
201335081709
201335081810
201335092102
201335092109
201335092111
201335092201
201335092209
201335092211
201335092303
201335092907
201335092911
201335093009
201335093010
201335100501
201335100601
201335100602
201335100606
201335100610
201335100702
201335100708
201335100709
201335101210
201335101301
201335101310
201335101409
201335101411
201335101902
201335101903
201335101904
201335101911
201335102002
201335102102
201335102105
201335102602
201335102707
201335102709
201335102710
201335102801
201335110204
201335110205
201335110206
201335110211
201335110308
201335110407
201335110411
201335110901
201335111001
201335111106
201335111110