201342011502
201342011504
201342011507
201342011607
201342011608
201342011610
201342011704
201342011708
201342011709
201342011805
201342011806
201342011807
201342011809
201342011810
201342011811
201342011812
201342021101
201342021108
201342021111
201342021112
201342021202
201342021207
201342021210
201342021211
201342021304
201342021306
201342021307
201342021308
201342021309
201342021311
201342021406
201342021410
201342021412
201342021506
201342021507
201342021508
201342021511
201342031804
201342031808
201342031812
201342031904
201342031905
201342031908
201342032001
201342032004
201342032008
201342032009
201342032011
201342032101
201342032106
201342032111
201342032112
201342032208
201342032211
201342042908
201342042909
201342042912
201342043007
201342043008
201342043009
201342050104
201342050111
201342050112
201342050208
201342050302
201342050307
201342050310
201342052708
201342052808
201342052904
201342052909
201342052910
201342052911
201342052912
201342053006
201342053009
201342053010
201342053109
201342071807
201342071811
201342071910
201342080811
201342080812
201342080909
201342080910
201342080911
201342091109
201342091110
201342091112
201342091208
201342091211
201342091212
201342091304
201342091311
201342102102
201342102109
201342102208
201342102210
201342102211
201342102212
201342102304
201342102307
201342102309
201342102402
201342102407
201342102408
201342102409
201342102411
201342102509
201342102510
201342111902
201342111906
201342111907
201342111909
201342111910
201342112004
201342112006
201342112007
201342112008
201342112009
201342112010
201342112103
201342112106
201342112108
201342112109
201342112110
201342112205
201342112206
201342112208
201342112210
201342120901
201342120903
201342120905
201342120910
201342120911
201342121005
201342121010
201342121104
201342121107
201342121108
201342121110
201342121203
201342121206
201342121209
201342121211
201342121306
201342121308
201342121309
201342121310
201342122402
201342122403
201342122408
201342122410
201342122411
201342122412
201342122507
201342122509
201342122511
201342122606
201342122607
201342122611