201343010707
201343010804
201343010806
201343010808
201343010809
201343010901
201343010909
201343010910
201343010911
201343010912
201343011001
201343011006
201343011007
201343011009
201343011010
201343011105
201343011106
201343011107
201343011108
201343011110
201343011112
201343020405
201343020406
201343020408
201343020409
201343020410
201343020411
201343020502
201343020504
201343020509
201343020510
201343020601
201343020602
201343020604
201343020605
201343020608
201343020610
201343020612
201343020705
201343020711
201343020807
201343020808
201343020809
201343020812
201343031103
201343031106
201343031107
201343031109
201343031110
201343031111
201343031201
201343031203
201343031208
201343031210
201343031211
201343031302
201343031303
201343031305
201343031309
201343031310
201343031311
201343031312
201343031401
201343031410
201343031411
201343031412
201343031504
201343031506
201343031508
201343031511
201343040104
201343040108
201343040110
201343040204
201343040208
201343040209
201343040305
201343040308
201343040309
201343040310
201343040311
201343040407
201343040408
201343040410
201343040411
201343040501
201343040503
201343040506
201343040507
201343040508
201343040510
201343050602
201343050604
201343050606
201343050607
201343050608
201343050611
201343050707
201343050711
201343050712
201343050805
201343050809
201343050810
201343050812
201343050904
201343050907
201343050909
201343050912
201343051004
201343051008
201343051009
201343051011
201343051012
201343061703
201343061706
201343061710
201343061804
201343061807
201343061808
201343061809
201343061810
201343061904
201343061907
201343061909
201343061911
201343062006
201343062008
201343062101
201343062107
201343062110
201343071509
201343071510
201343071511
201343071601
201343071607
201343071609
201343071610
201343071611
201343071703
201343071706
201343071707
201343071710
201343071711
201343071712
201343080502
201343080506
201343080507
201343080508
201343080510
201343080511
201343080512
201343080601
201343080605
201343080609
201343080610
201343080612
201343080702
201343080706
201343080708
201343080709
201343080710
201343080712
201343090603
201343090606
201343090608
201343090609
201343090610
201343090611
201343090902
201343090905
201343090910
201343091006
201343091010
201343091012
201343092304
201343092305
201343092306
201343092307
201343092308
201343092311
201343092312
201343092401
201343092402
201343092404
201343092405
201343092407
201343092409
201343092410
201343092502
201343092507
201343092509
201343092510
201343092512
201343092603
201343092604
201343092611
201343092612
201343092705
201343092708
201343092710
201343102803
201343102805
201343102807
201343102808
201343102810
201343102904
201343102905
201343102907
201343102908
201343102909
201343103001
201343103002
201343103003
201343103004
201343103005
201343103006
201343103008
201343103011
201343103012
201343103110
201343103111
201343103112
201343110102
201343110105
201343110109
201343120202
201343120209
201343120302
201343120303
201343120304
201343120305
201343120306
201343120307
201343120309
201343120310
201343120311
201343120407
201343120409
201343120410
201343120503
201343120506
201343120507
201343120509
201343120602
201343120604
201343120606
201343120608
201343120609
201343120611