201344012105
201344012106
201344012108
201344012110
201344012111
201344012205
201344012208
201344012209
201344012211
201344012212
201344012301
201344012303
201344012305
201344012311
201344012404
201344012408
201344012410
201344012411
201344012412
201344012501
201344012504
201344012508
201344012509
201344012512
201344021802
201344021809
201344021810
201344021812
201344021904
201344021905
201344021908
201344021911
201344021912
201344022001
201344022004
201344022006
201344022009
201344022012
201344022102
201344022106
201344022108
201344022112
201344022204
201344022206
201344022208
201344022209
201344022211
201344022212
201344030404
201344030405
201344030411
201344030504
201344030509
201344030510
201344030511
201344030601
201344030604
201344030606
201344030609
201344030610
201344030611
201344030704
201344030705
201344030707
201344030708
201344030710
201344030711
201344030712
201344030802
201344030805
201344030807
201344030808
201344030809
201344030811
201344032406
201344032408
201344032503
201344032507
201344032510
201344032604
201344032608
201344032609
201344032610
201344032611
201344032703
201344032704
201344032707
201344032710
201344032712
201344032803
201344032805
201344032901
201344032903
201344032906
201344040704
201344040705
201344040706
201344040707
201344040708
201344040801
201344040808
201344040809
201344040810
201344040910
201344041003
201344041004
201344041007
201344041011
201344041012
201344041101
201344041104
201344041201
201344041202
201344041203
201344041204
201344041207
201344041209
201344042202
201344042203
201344042209
201344042210
201344042211
201344042309
201344042310
201344042311
201344042312
201344042404
201344042405
201344042409
201344042501
201344042504
201344042505
201344042508
201344042509
201344042511
201344042512
201344042601
201344042604
201344042605
201344042606
201344042608
201344042611
201344051201
201344051208
201344051307
201344051309
201344051310
201344051409
201344051410
201344051502
201344051505
201344051506
201344051507
201344051508
201344051511
201344051604
201344051605
201344051606
201344051608
201344051610
201344051705
201344051706
201344051707
201344051708
201344051709
201344060208
201344060301
201344060305
201344060306
201344060308
201344060309
201344060401
201344060408
201344060409
201344060410
201344060411
201344060501
201344060504
201344060505
201344060509
201344060510
201344060512
201344060604
201344060605
201344060606
201344060611
201344060701
201344060706
201344060707
201344060710
201344060711
201344062302
201344062404
201344062407
201344062408
201344062409
201344062504
201344062508
201344062509
201344062510
201344062511
201344062604
201344062605
201344062607
201344062609
201344062611
201344062612
201344062701
201344062704
201344062706
201344062708
201344062709
201344062711
201344062803
201344062805
201344062806
201344062808
201344062811
201344070808
201344070810
201344070811
201344070812
201344070901
201344070906
201344070907
201344070911
201344070912
201344071003
201344071007
201344071010
201344071012
201344071101
201344071105
201344071109
201344071110
201344071112
201344071202
201344071203
201344071207
201344071208
201344071209
201344071210
201344071212
201344072910
201344072911
201344073007
201344073010
201344073011
201344073012
201344073102
201344073104
201344073106
201344080107
201344080110
201344080111
201344080201
201344080203
201344080206
201344080207
201344080209
201344080211
201344080212
201344081207
201344081307
201344081310
201344081312
201344081401
201344081404
201344081405
201344081408
201344081409
201344081410
201344081411
201344081412
201344081507
201344081509
201344081510
201344081601
201344081605
201344081606
201344081607
201344081610
201344081611
201344081612
201344082610
201344082612
201344082706
201344082711
201344082712
201344082804
201344082806
201344082808
201344082810
201344082811
201344082812
201344082908
201344082910
201344083004
201344083006
201344083007
201344083008
201344083011
201344083012
201344091707
201344091708
201344091709
201344091710
201344091711
201344091712
201344091806
201344091810
201344091812
201344091901
201344091903
201344091904
201344091907
201344091909
201344091911
201344091912
201344092004
201344092007
201344092011
201344092012
201344092906
201344093005
201344093009
201344093010
201344100102
201344100109
201344100110
201344100111
201344100202
201344100203
201344100206
201344100210
201344100303
201344100306
201344100308
201344100310
201344100311
201344100404
201344100409
201344100410
201344101407
201344101408
201344101409
201344101503
201344101508
201344101510
201344101511
201344101512
201344101601
201344101606
201344101607
201344101610
201344101612
201344101709
201344101711
201344101712
201344101805
201344101806
201344110405
201344110407
201344110408
201344110409
201344110410
201344110502
201344110506
201344110510
201344110512
201344110605
201344110606
201344110608
201344110609
201344110610
201344110611
201344110612
201344110704
201344110709
201344110710
201344110711
201344110712
201344110802
201344110804
201344110807
201344110808
201344110810
201344110811
201344112401
201344112403
201344112404
201344112407
201344112408
201344112501
201344112507
201344112508
201344112601
201344112603
201344112605
201344112607
201344112608
201344112610
201344112611
201344112704
201344112710
201344112712
201344112805
201344112807
201344112808
201344112810
201344112905
201344112906
201344112908
201344112909
201344112911
201344112912
201344122601
201344122604
201344122605
201344122607
201344122704
201344122709
201344122711
201344122712
201344122803
201344122804
201344122807
201344122811
201344122812
201344122903
201344122905
201344122907
201344122908
201344122910
201344122912
201344123006
201344123008
201344123009
201344123010
201344123012
201344123101
201344123104
201344123107
201344123108
201344123110
201344123111
201344123112