201345010101
201345010102
201345010104
201345010107
201345010109
201345010110
201345010201
201345010203
201345010204
201345010209
201345010211
201345010301
201345010302
201345010303
201345010305
201345010306
201345010308
201345010311
201345010406
201345010407
201345010410
201345010411
201345012801
201345012802
201345012806
201345012807
201345012808
201345012810
201345012905
201345012908
201345012909
201345012910
201345012911
201345013001
201345013004
201345013005
201345013006
201345013007
201345013011
201345013012
201345013101
201345013102
201345013104
201345013107
201345013109
201345013110
201345013111
201345020102
201345020104
201345020108
201345022503
201345022506
201345022509
201345022510
201345022601
201345022604
201345022608
201345022609
201345022611
201345022704
201345022705
201345022707
201345022709
201345022711
201345022802
201345022806
201345022808
201345022809
201345022810
201345022811
201345022812
201345030103
201345030104
201345030105
201345030106
201345030110
201345030112
201345041507
201345041508
201345041602
201345041604
201345041605
201345041607
201345041610
201345041611
201345041612
201345041704
201345041706
201345041711
201345041803
201345041806
201345041810
201345041902
201345041904
201345041905
201345041908
201345041911
201345052005
201345052007
201345052010
201345052103
201345052108
201345052109
201345052110
201345052111
201345052112
201345052202
201345052203
201345052207
201345052211
201345052212
201345052307
201345052408
201345052410
201345061003
201345061006
201345061008
201345061009
201345061010
201345061101
201345061102
201345061105
201345061107
201345061110
201345061203
201345061204
201345061205
201345061209
201345061210
201345061303
201345061307
201345061310
201345061409
201345070105
201345070107
201345070110
201345070111
201345070205
201345070208
201345070209
201345070210
201345070211
201345070306
201345070307
201345070308
201345070309
201345070310
201345070311
201345070407
201345070409
201345070410
201345070504
201345070505
201345070507
201345070509
201345070510
201345072202
201345072208
201345072209
201345072210
201345072301
201345072304
201345072306
201345072307
201345072308
201345072309
201345072311
201345072406
201345072409
201345072411
201345072508
201345072509
201345072511
201345072601
201345072604
201345072606
201345072607
201345072608
201345081901
201345081906
201345081908
201345081910
201345082001
201345082007
201345082009
201345082103
201345082104
201345082108
201345082109
201345082111
201345082112
201345082205
201345082209
201345082303
201345082305
201345082306
201345082308
201345090203
201345090204
201345090207
201345090210
201345090304
201345090305
201345090306
201345090407
201345090408
201345090409
201345090410
201345090501
201345090502
201345090504
201345090507
201345090509
201345090510
201345100707
201345100708
201345100710
201345100801
201345100804
201345100806
201345100808
201345100809
201345100810
201345100811
201345100901
201345100904
201345100908
201345100910
201345100912
201345101003
201345101005
201345101006
201345101007
201345101009
201345101011
201345101104
201345101106
201345111103
201345111105
201345111110
201345111203
201345111210
201345111212
201345111302
201345111305
201345111306
201345111307
201345111309
201345111310
201345111311
201345111407
201345111409
201345111410
201345111411
201345111503
201345111505
201345111510
201345121606
201345121610
201345121704
201345121705
201345121706
201345121710
201345121711
201345121801
201345121804
201345121805
201345121806
201345121808
201345121812
201345121907
201345122005
201345122007
201345122008
201345122011
201345122012