201354011304
201354011311
201354012011
201354012103
201354020202
201354020208
201354020310
201354020902
201354020904
201354020909
201354021610
201354021707
201354021710
201354022404
201354030210
201354030305
201354030306
201354030307
201354030904
201354031006
201354031902
201354031903
201354031904
201354031909
201354031910
201354032402
201354032505
201354033003
201354033005
201354033110
201354040604
201354040705
201354041306
201354041308
201354041311
201354041405
201354041410
201354042001
201354042006
201354042007
201354042111
201354042903
201354042910
201354042911
201354050506
201354051110
201354051210
201354052604
201354060106
201354060111
201354060907
201354061508
201354061610
201354061611
201354062204
201354062907
201354063005
201354063009
201354070711
201354071504
201354072105
201354072109
201354072110
201354080406
201354081002
201354081012
201354081804
201354082505
201354090101
201354090701
201354090804
201354091401
201354091509
201354092101
201354092204
201354092211
201354100501
201354100510
201354100512
201354100609
201354101201
201354101204
201354101303
201354101310
201354101907
201354102011
201354102604
201354110209
201354110311
201354110901
201354110912
201354111702
201354111708
201354111710
201354112401
201354112407
201354120103
201354120105
201354120707
201354120805
201354121408
201354121509
201354121512
201354122303
201354122309
201354123001
201354123106
201354123108
201354123110
201354123111