200702010101
200702010102
200702010104
200702010105
200702010106
200702010107
200702010108
200702010109
200702010111
200702010201
200702010202
200702010204
200702010205
200702010206
200702010207
200702010208
200702010209
200702010210
200702010212
200702010302
200702010304
200702010305
200702010306
200702010308
200702010309
200702010310
200702010312
200702010401
200702010402
200702010403
200702010404
200702010405
200702010407
200702010410
200702010411
200702010412
200702010501
200702010502
200702010503
200702010505
200702010506
200702010507
200702010508
200702010510
200702010511
200702010512
200702010606
200702010607
200702010608
200702010611
200702010612
200702010703
200702010704
200702010705
200702010706
200702010707
200702010708
200702010709
200702010710
200702010712
200702010801
200702010802
200702010803
200702010805
200702010806
200702010807
200702010808
200702010809
200702010810
200702010811
200702020101
200702020103
200702020104
200702020105
200702020106
200702020107
200702020109
200702020110
200702020111
200702020112
200702020202
200702020204
200702020205
200702020206
200702020207
200702020208
200702020209
200702020210
200702020211
200702020212
200702020303
200702020304
200702020305
200702020306
200702020307
200702020309
200702020310
200702020311
200702020401
200702020404
200702020405
200702020406
200702020408
200702020409
200702020410
200702020411
200702020412
200702020503
200702020504
200702020505
200702020506
200702020507
200702020508
200702020509
200702020510
200702020511
200702020512
200702020601
200702020603
200702020605
200702020606
200702020609
200702020610
200702020611
200702020612
200702020701
200702020702
200702020703
200702020705
200702020706
200702020707
200702020708
200702020709
200702020710
200702020711
200702020802
200702020803
200702020805
200702020806
200702020807
200702020809
200702020810
200702020812