200707010101
200707010103
200707010104
200707010105
200707010107
200707010108
200707010109
200707010111
200707010112
200707010202
200707010203
200707010204
200707010205
200707010206
200707010207
200707010208
200707010209
200707010210
200707010211
200707010212
200707010301
200707010303
200707010305
200707010307
200707010308
200707010309
200707010310
200707010311
200707010312
200707010401
200707010402
200707010403
200707010404
200707010405
200707010407
200707010408
200707010409
200707010410
200707010411
200707010412
200707010505
200707010506
200707010509
200707010510
200707010511
200707010512
200707010601
200707010603
200707010605
200707010606
200707010607
200707010609
200707010610
200707010611
200707010612
200707010703
200707010704
200707010705
200707010706
200707010707
200707010708
200707010710
200707010711
200707010712
200707010802
200707010803
200707010804
200707010806
200707010808
200707010809
200707010811
200707010812
200707020101
200707020104
200707020105
200707020106
200707020107
200707020108
200707020109
200707020110
200707020111
200707020112
200707020201
200707020202
200707020205
200707020206
200707020207
200707020208
200707020209
200707020210
200707020212
200707020301
200707020302
200707020303
200707020304
200707020306
200707020307
200707020308
200707020309
200707020311
200707020312
200707020401
200707020402
200707020405
200707020406
200707020409
200707020412
200707020503
200707020505
200707020507
200707020508
200707020509
200707020510
200707020511
200707020512
200707020601
200707020602
200707020605
200707020607
200707020608
200707020609
200707020611
200707020612
200707020701
200707020703
200707020704
200707020705
200707020707
200707020708
200707020709
200707020710
200707020711
200707020712
200707020801
200707020802
200707020803
200707020806
200707020808
200707020810
200707020811
200707020812
200707030105
200707030107
200707030108
200707030110
200707030111
200707030112
200707030201
200707030203
200707030204
200707030205
200707030206
200707030207
200707030210
200707030212
200707030303
200707030304
200707030305
200707030307
200707030308
200707030310
200707030311
200707030401
200707030402
200707030404
200707030407
200707030408
200707030410
200707030411
200707030412
200707030501
200707030503
200707030504
200707030505
200707030506
200707030507
200707030508
200707030511
200707030602
200707030603
200707030604
200707030605
200707030606
200707030607
200707030608
200707030609
200707030610
200707030611
200707030612
200707030701
200707030702
200707030703
200707030704
200707030706
200707030707
200707030708
200707030710
200707030711
200707030802
200707030803
200707030804
200707030806
200707030807
200707030809
200707030810
200707030811
200707030812
200707030902
200707030903
200707030904
200707030906
200707030908
200707030909
200707030910
200707030912
200707031002
200707031003
200707031004
200707031005
200707031006
200707031009
200707031010
200707031011
200707031012