200745010108
200745010206
200745010301
200745010311
200745010312
200745010406
200745010501
200745012906
200745012909
200745012910
200745013004
200745013008
200745013109
200745013110
200745013111
200745020108
200745020203
200745020209
200745022604
200745022606
200745022609
200745022703
200745022709
200745022809
200745022810
200745030107
200745030108
200745030201
200745030205
200745040902
200745040907
200745041006
200745041009
200745041204
200745041205
200745041206
200745041208
200745041301
200745051403
200745051410
200745051505
200745051508
200745051607
200745051609
200745051701
200745051704
200745061105
200745061106
200745061107
200745061111
200745061302
200745061305
200745061310
200745070204
200745070205
200745070302
200745070406
200745070409
200745070410
200745070501
200745070506
200745070508
200745070509
200745070601
200745070608
200745072003
200745072009
200745072206
200745072309
200745072310
200745072404
200745072410
200745080604
200745080605
200745080606
200745080806
200745080903
200745081001
200745082808
200745082903
200745082906
200745082910
200745091206
200745091207
200745091209
200745091307
200745091402
200745091409
200745100810
200745100907
200745100908
200745100910
200745101003
200745101102
200745101107
200745101108
200745101109
200745101203
200745101209
200745110602
200745110610
200745110710
200745110809
200745110902
200745110906
200745110910
200745110911
200745121701
200745121703
200745121705
200745121708
200745121806
200745121810
200745121904
200745121911
200745122008
200745122009
200745122102
200745122108
200745122109
200745122110