200747010102
200747010805
200747010808
200747010809
200747010901
200747010904
200747010908
200747011003
200747011006
200747011104
200747011109
200747011202
200747012102
200747012109
200747012203
200747012207
200747012302
200747012303
200747012304
200747012408
200747012409
200747021202
200747021404
200747021408
200747021608
200747022705
200747022709
200747022808
200747022810
200747030109
200747030207
200747031304
200747031403
200747031501
200747031510
200747031611
200747040107
200747040504
200747040604
200747040607
200747042207
200747042401
200747042608
200747042704
200747051504
200747051603
200747051609
200747051710
200747051803
200747052908
200747052910
200747053002
200747060103
200747061208
200747061310
200747061410
200747061504
200747061508
200747070108
200747070409
200747070508
200747070509
200747070510
200747070602
200747071610
200747071706
200747071808
200747071809
200747072004
200747072010
200747081509
200747081510
200747081601
200747081703
200747083102
200747083104
200747083105
200747091105
200747091106
200747091206
200747091305
200747091306
200747092410
200747092504
200747092602
200747092606
200747092610
200747101004
200747101006
200747101103
200747101105
200747101204
200747110404
200747110406
200747110407
200747110603
200747110705
200747110710
200747110905
200747110908
200747112205
200747112210
200747112301
200747112305
200747112705
200747112709
200747112804
200747112808
200747112810
200747112811
200747112903
200747112909
200747121003
200747121104
200747121208
200747121209
200747121210
200747121211
200747121303
200747121308
200747121408
200747122905
200747123005
200747123008
200747123009
200747123109
200747123111