200748010105
200748010108
200748010109
200748010204
200748010308
200748010311
200748010403
200748010504
200748010505
200748011403
200748011504
200748011509
200748011601
200748011605
200748011607
200748011705
200748011706
200748011709
200748011710
200748011803
200748011808
200748011910
200748012804
200748012904
200748012906
200748013110
200748020102
200748020104
200748020107
200748020208
200748020209
200748020210
200748020402
200748020501
200748020606
200748020607
200748020709
200748020710
200748020803
200748020807
200748021802
200748022005
200748022105
200748022111
200748022206
200748030503
200748030510
200748030607
200748030708
200748030711
200748030802
200748030806
200748032003
200748032007
200748032009
200748032705
200748032708
200748032808
200748032809
200748032810
200748032811
200748041005
200748041211
200748041312
200748041812
200748041911
200748042001
200748042004
200748042012
200748043005
200748043011
200748050109
200748050301
200748050310
200748050411
200748050705
200748050811
200748050907
200748051001
200748051010
200748051107
200748052205
200748052211
200748052312
200748052401
200748052412
200748052508
200748060510
200748060606
200748060712
200748060801
200748060807
200748061907
200748062010
200748062710
200748062802
200748062808
200748071008
200748071109
200748071210
200748071303
200748072508
200748072611
200748073106
200748080802
200748080910
200748081005
200748090611
200748090701
200748090710
200748091906
200748092004
200748092010
200748092105
200748100307
200748100312
200748100408
200748100412
200748100502
200748100504
200748101710
200748101802
200748101806
200748101808
200748102301
200748102305
200748102404
200748102606
200748103003
200748103005
200748103010
200748103104
200748110202
200748110203
200748111405
200748111406
200748111407
200748111408
200748111501
200748111502
200748111503
200748111509
200748112006
200748112011
200748112108
200748120401
200748120403
200748120407
200748120410
200748120605
200748120611
200748121802
200748121903
200748121910
200748121911
200748122008
200748122009
200748122111
200748122408
200748122409
200748122505
200748122507
200748122601
200748123106
200748123108
200748123110