200755010308
200755010606
200755010609
200755010610
200755010707
200755011302
200755011410
200755012010
200755012808
200755020301
200755020401
200755020408
200755020509
200755021009
200755021010
200755021108
200755021209
200755021801
200755022508
200755031101
200755031102
200755031805
200755031810
200755032507
200755041402
200755041506
200755042109
200755042111
200755042907
200755050408
200755050610
200755051907
200755051909
200755052707
200755060207
200755060910
200755061011
200755061609
200755062311
200755062410
200755070106
200755070709
200755070809
200755071605
200755071607
200755072111
200755072209
200755072907
200755072910
200755081409
200755081507
200755081610
200755090910
200755090911
200755091507
200755091609
200755091710
200755092901
200755100701
200755100710
200755100805
200755100810
200755102103
200755102710
200755102805
200755102811
200755110301
200755110302
200755111001
200755111110
200755111704
200755111808
200755112302
200755112303
200755112308
200755120105
200755120210
200755120806
200755120910
200755122408
200755122410