200756011008
200756011010
200756011609
200756011710
200756012308
200756031301
200756041801
200756042502
200756050303
200756051302
200756052302
200756052902
200756060603
200756061203
200756062002
200756062704
200756070303
200756071004
200756071006
200756072405
200756072504
200756073109
200756081206
200756082906
200756091807
200756091907
200756100906
200756101302
200756102402
200756103001
200756103106
200756110602
200756111401
200756111406
200756112706
200756112807
200756120410
200756121205
200756121208
200756121906
200756122903
200756122905
200756123010
200756123110