198909010103
198909010107
198909010108
198909010204
198909010211
198909010212
198909010301
198909010306
198909010309
198909010311
198909010408
198909010409
198909010410
198909010505
198909010508
198909010509
198909010511
198909010512
198909010603
198909010606
198909010609
198909010610
198909010611
198909010701
198909010711
198909010712
198909010802
198909010811
198909020207
198909020210
198909020302
198909020303
198909020304
198909020306
198909020308
198909020309
198909020311
198909020312
198909020402
198909020410
198909020411
198909020412
198909020511
198909020512
198909020603
198909020607
198909020610
198909020703
198909020709
198909020805
198909020807
198909020809
198909020810
198909020811
198909020812
198909030103
198909030108
198909030111
198909030202
198909030203
198909030209
198909030212
198909030303
198909030308
198909030310
198909030311
198909030403
198909030412
198909030501
198909030502
198909030507
198909030510
198909030604
198909030606
198909030611
198909030701
198909030707
198909030711
198909030801
198909030803
198909030804
198909030807
198909030809
198909030810
198909030811
198909040103
198909040111
198909040112
198909040203
198909040204
198909040206
198909040207
198909040209
198909040211
198909040303
198909040308
198909040311
198909040401
198909040409
198909040411
198909040505
198909040507
198909040510
198909040601
198909040606
198909040608
198909040609
198909040610
198909040611
198909040703
198909040706
198909040708
198909040709
198909040805
198909040806
198909040808
198909040809
198909040811
198909050106
198909050107
198909050109
198909050110
198909050111
198909050207
198909050208
198909050209
198909050303
198909050307
198909050309
198909050312
198909050410
198909050508
198909050509
198909050511
198909050610
198909050611
198909050701
198909050707
198909050709
198909050710
198909050804
198909050808
198909050810
198909050811