197405010101
197405010102
197405010103
197405010104
197405010105
197405010106
197405010107
197405010108
197405010109
197405010110
197405010111
197405010201
197405010202
197405010203
197405010204
197405010205
197405010206
197405010207
197405010208
197405010209
197405010301
197405010302
197405010303
197405010304
197405010305
197405010306
197405010501
197405010502
197405010503
197405010504
197405010505
197405010506
197405010507
197405010508
197405010509
197405010601
197405010602
197405010603
197405010604
197405010605
197405010606
197405010607
197405010608
197405010609
197405010610
197405010611
197405010612
197405010801
197405010802
197405010803
197405010804
197405010805
197405010806
197405010807
197405010808
197405010809
197405010810
197405020501
197405020502
197405020503
197405020504
197405020505
197405020506
197405020507
197405020508
197405020701
197405020702
197405020703
197405020704
197405020705
197405020706
197405020707
197405020708
197405020709
197405020710
197405030601
197405030602
197405030603
197405030604
197405030605
197405030606
197405030607
197405030608
197405030609
197405030610
197405030611
197405030612
197405030701
197405030702
197405030703
197405030801
197405030802
197405030803
197405030804
197405030805
197405030806
197405030807
197405030808
197405030809
197405030810
197405030811
197405040201
197405040202
197405040203
197405040204
197405040205
197405040206
197405040207
197405040208
197405040209
197405040210
197405040211
197405040401
197405040402
197405040403
197405040404
197405040405
197405040406
197405040407
197405040408
197405040501
197405040502
197405040503
197405040504
197405040505
197405040506
197405040507
197405040508
197405040509
197405040510
197405040511
197405050201
197405050202
197405050203
197405050204
197405050205
197405050206
197405050207
197405050208
197405050401
197405050402
197405050403
197405050404
197405050405
197405050406
197405050407
197405050408
197405050409
197405050410
197405060301
197405060302
197405060303
197405060304
197405060305
197405060306
197405060307
197405060308
197405060309
197405060601
197405060602
197405060603
197405060604
197405060605
197405060606
197405060607
197405060608
197405060801