197406010601
197406010602
197406010603
197406010801
197406010802
197406010803
197406010804
197406010805
197406010806
197406010807
197406010808
197406010809
197406010810
197406020101
197406020301
197406020302
197406020303
197406030101
197406030102
197406030103
197406030104
197406030105
197406030106
197406030107
197406030501
197406030502
197406030503
197406030504
197406030505
197406030506
197406030507
197406030508
197406030801
197406030802
197406030803
197406030804
197406030805
197406030806
197406030807
197406030808
197406030809
197406040201
197406040202
197406040203
197406040204
197406040205
197406040206
197406040207
197406040208
197406040209
197406040210
197406040211
197406040801
197406040802
197406040803
197406040804
197406040805
197406040806
197406040807
197406040808
197406040809
197406040810
197406040811
197406050601
197406050602
197406050603
197406050604
197406050605
197406050606
197406050607
197406050608
197406050609
197406050701
197406050702
197406050703
197406050704
197406050705
197406050706