197408010401
197408010501
197408010502
197408010503
197408010504
197408020101
197408030601
197408030602
197408030603
197408030604
197408030605
197408030606
197408030607
197408030608
197408030609
197408030610
197408040101
197408040102
197408040301
197408040302
197408040303
197408040304
197408040305
197408040306
197408040307
197408040308
197408040309
197408050401
197408050402
197408050403
197408050404
197408050405
197408050406
197408050407
197408050408
197408050409
197408060301
197408060302
197408060303
197408060304
197408060801
197408060802
197408060803
197408060804
197408060805
197408060806
197408060807
197408060808
197408060809
197408060810