197409010201
197409010202
197409010203
197409010801
197409020501
197409020502
197409020503
197409020504
197409020505
197409020506
197409020507
197409020508
197409030101
197409030102
197409030103
197409030104
197409030105
197409030106
197409030107
197409030108
197409030401
197409030402
197409030403
197409030404
197409030405
197409040201
197409040202
197409040203
197409040204
197409040205
197409040206
197409040207
197409040208
197409040209
197409040210
197409040401
197409040402
197409040403
197409040404
197409040405
197409040406
197409040407
197409040408