197410020301
197410020302
197410020303
197410020304
197410020305
197410020306
197410020307
197410020401
197410020402
197410020403
197410020404
197410020405
197410020601
197410020602
197410020603
197410020604
197410020605
197410020606
197410020607
197410020608
197410020609
197410020610
197410020701
197410020702
197410020703
197410020704
197410020705
197410020706
197410020707
197410020801
197410020802
197410020803
197410030101
197410030102
197410030103
197410030104
197410030105
197410030106
197410030107
197410030108
197410030109
197410030110
197410030111
197410030301
197410030302
197410030303
197410030304
197410030305
197410030306
197410030307
197410030308
197410030309
197410030310
197410030311
197410030401
197410030402
197410030403
197410030404
197410030405
197410030406
197410030407
197410030408
197410030801
197410030802
197410030803
197410030804
197410030805
197410030806
197410030807