202030041502
202030041504
202030041505
202030041506
202030041507
202030041508
202030041509
202030041510
202030041511
202030041603
202030041606
202030041608
202030041609
202030041610
202030041611
202030042203
202030042204
202030042205
202030042206
202030042207
202030042208
202030042209
202030042210
202030042302
202030042303
202030042305
202030042306
202030042307
202030042309
202030042310
202030042802
202030042803
202030042804
202030042805
202030042807
202030042808
202030042809
202030042810
202030042811
202030042903
202030042904
202030042905
202030042906
202030042909
202030042910
202030042911
202030042912
202030050502
202030050503
202030050504
202030050505
202030050506
202030050508
202030050509
202030050601
202030050603
202030050607
202030050608
202030050610
202030051302
202030051303
202030051304
202030051305
202030051306
202030051307
202030051308
202030051309
202030051310
202030051311
202030051403
202030051404
202030051405
202030051406
202030051408
202030051409
202030051410
202030051411
202030051412
202030052003
202030052005
202030052007
202030052008
202030052010
202030052011
202030052012
202030052101
202030052102
202030052104
202030052105
202030052108
202030052109
202030052110
202030052112
202030052603
202030052604
202030052606
202030052607
202030052608
202030052609
202030052610
202030052611
202030052612
202030052702
202030052703
202030052704
202030052705
202030052706
202030052708
202030052709
202030052711
202030052712
202030052802
202030052803
202030052806
202030052807
202030052808
202030052809
202030052810
202030060304
202030060307
202030060308
202030060309
202030060310
202030060311
202030060401
202030060402
202030060404
202030060405
202030060406
202030060407
202030060408
202030060409
202030060410
202030060411
202030060903
202030060904
202030060905
202030060906
202030060907
202030060908
202030060909
202030060910
202030060911
202030060912
202030061006
202030061007
202030061008
202030061009
202030061010
202030061011
202030061012
202030061103
202030061107
202030061108
202030061109
202030061110
202030061111
202030061112
202030061705
202030061706
202030061707
202030061708
202030061709
202030061710
202030061711
202030061712
202030061805
202030061806
202030061807
202030061808
202030061809
202030061810
202030061811
202030061812
202030062304
202030062305
202030062306
202030062307
202030062308
202030062309
202030062310
202030062311
202030062406
202030062407
202030062408
202030062409
202030062410
202030062411
202030062412
202030062504
202030062507
202030062508
202030062509
202030062510
202030062511
202030062512
202030063002
202030063003
202030063004
202030063008
202030063009
202030063010
202030063011
202030070102
202030070103
202030070104
202030070109
202030070110
202030070203
202030070204
202030070205
202030070208
202030070209
202030070210
202030070211
202030070212
202030070705
202030070706
202030070707
202030070708
202030070709
202030070710
202030070711
202030070803
202030070805
202030070806
202030070807
202030070808
202030070809
202030070810
202030070811
202030070903
202030070904
202030070905
202030070906
202030070907
202030070908
202030070909
202030070910
202030070911
202030071405
202030071406
202030071407
202030071408
202030071409
202030071410
202030071411
202030071505
202030071506
202030071507
202030071508
202030071509
202030071510
202030071511
202030071512
202030071607
202030071608
202030071609
202030071610
202030071611
202030071612
202030072103
202030072105
202030072106
202030072107
202030072108
202030072109
202030072110
202030072111
202030072203
202030072206
202030072207
202030072208
202030072209
202030072210
202030072211
202030072303
202030072304
202030072305
202030072306
202030072307
202030072308
202030072309
202030072310
202030072311
202030072312
202030072804
202030072805
202030072807
202030072808
202030072809
202030072810
202030072811
202030072812
202030072905
202030072906
202030072907
202030072908
202030072909
202030072910
202030072911
202030073007
202030073008
202030073009
202030073010
202030073011
202030080403
202030080405
202030080406
202030080407
202030080408
202030080409
202030080410
202030080411
202030080412
202030080504
202030080505
202030080506
202030080507
202030080508
202030080509
202030080510
202030080511
202030080512
202030080605
202030080606
202030080607
202030080608
202030080609
202030080610
202030080611
202030080612
202030081107
202030081108
202030081109
202030081110
202030081111
202030081112
202030081206
202030081207
202030081208
202030081209
202030081210
202030081211
202030081212
202030081303
202030081304
202030081305
202030081309
202030081310
202030081311
202030081312
202030081803
202030081805
202030081806
202030081807
202030081808
202030081809
202030081810
202030081811
202030081812
202030081904
202030081905
202030081906
202030081907
202030081908
202030081909
202030081910
202030081911
202030082005
202030082006
202030082007
202030082008
202030082009
202030082010
202030082011
202030082012
202030082505
202030082506
202030082507
202030082508
202030082509
202030082510
202030082511
202030082607
202030082608
202030082609
202030082610
202030082611
202030082612
202030082707
202030082708
202030082709
202030082710
202030082712
202030090104
202030090105
202030090106
202030090107
202030090108
202030090109
202030090110
202030090111
202030090112
202030090204
202030090205
202030090206
202030090207
202030090208
202030090209
202030090210
202030090211
202030090212
202030090303
202030090304
202030090305
202030090306
202030090307
202030090308
202030090309
202030090310
202030090311
202030090312
202030090806
202030090807
202030090808
202030090809
202030090810
202030090811
202030090906
202030090907
202030090908
202030090909
202030090911
202030090912
202030091006
202030091007
202030091008
202030091009
202030091010
202030091011
202030091012
202030091503
202030091504
202030091505
202030091506
202030091507
202030091508
202030091509
202030091510
202030091511
202030091512
202030091604
202030091605
202030091606
202030091607
202030091608
202030091610
202030091611
202030091612
202030091702
202030091703
202030091704
202030091705
202030091706
202030091707
202030091708
202030091709
202030091710
202030091711
202030091712
202030092206
202030092207
202030092208
202030092209
202030092210
202030092211
202030092306
202030092307
202030092308
202030092309
202030092310
202030092311
202030092312
202030092406
202030092407
202030092408
202030092409
202030092410
202030092411
202030092412
202030092903
202030092904
202030092905
202030092906
202030092907
202030092908
202030092909
202030092910
202030092911
202030092912
202030093004
202030093005
202030093006
202030093007
202030093008
202030093009
202030093010
202030093011
202030093012
202030100103
202030100104
202030100105
202030100106
202030100107
202030100108
202030100109
202030100110
202030100111
202030100112
202030100606
202030100607
202030100608
202030100609
202030100610
202030100611
202030100704
202030100706
202030100707
202030100708
202030100710
202030100711
202030100712
202030100805
202030100806
202030100807
202030100808
202030100809
202030100810
202030100811
202030100812
202030101304
202030101305
202030101306
202030101307
202030101308
202030101309
202030101310
202030101311
202030101402
202030101403
202030101404
202030101405
202030101406
202030101407
202030101408
202030101409
202030101410
202030101411
202030101412
202030101502
202030101504
202030101505
202030101506
202030101507
202030101508
202030101509
202030101510
202030101511
202030101512
202030102005
202030102007
202030102008
202030102009
202030102010
202030102011
202030102012
202030102101
202030102106
202030102107
202030102108
202030102109
202030102111
202030102112
202030102204
202030102205
202030102206
202030102207
202030102208
202030102209
202030102210
202030102211
202030102212
202030102704
202030102705
202030102706
202030102707
202030102708
202030102709
202030102710
202030102711
202030102712
202030102802
202030102803
202030102804
202030102805
202030102806
202030102807
202030102808
202030102809
202030102810
202030102811
202030102812
202030102902
202030102904
202030102905
202030102906
202030102907
202030102908
202030102909
202030102910
202030102911
202030102912
202030110303
202030110304
202030110305
202030110306
202030110307
202030110308
202030110309
202030110310
202030110311
202030110402
202030110406
202030110407
202030110408
202030110409
202030110410
202030110411
202030110412
202030110501
202030110505
202030110506
202030110507
202030110508
202030110509
202030110510
202030110511
202030110512