202035051701
202035051702
202035051703
202035051704
202035051705
202035051706
202035051707
202035051708
202035051709
202035051710
202035051711
202035051801
202035051802
202035051803
202035051804
202035051805
202035051806
202035051807
202035051809
202035051810
202035051811
202035051812
202035051901
202035051902
202035051903
202035051904
202035051905
202035051906
202035051907
202035051908
202035051909
202035051910
202035051911
202035051912
202035052401
202035052402
202035052404
202035052405
202035052406
202035052407
202035052408
202035052409
202035052410
202035052501
202035052502
202035052503
202035052504
202035052505
202035052506
202035052507
202035052508
202035052509
202035052510
202035052511
202035052512
202035052601
202035052602
202035052603
202035052604
202035052605
202035052606
202035052607
202035052608
202035052609
202035052610
202035052611
202035052612
202035053101
202035053102
202035053103
202035053105
202035053106
202035053107
202035053108
202035053109
202035053110
202035060101
202035060102
202035060103
202035060104
202035060105
202035060106
202035060107
202035060108
202035060109
202035060110
202035060111
202035060112
202035060201
202035060202
202035060203
202035060204
202035060205
202035060206
202035060207
202035060208
202035060209
202035060210
202035060211
202035060701
202035060702
202035060704
202035060705
202035060706
202035060707
202035060708
202035060709
202035060710
202035060711
202035060801
202035060802
202035060803
202035060804
202035060805
202035060806
202035060807
202035060808
202035060809
202035060810
202035060811
202035060812
202035060901
202035060902
202035060903
202035060904
202035060905
202035060906
202035060907
202035060908
202035060909
202035060910
202035060911
202035060912
202035071201
202035071202
202035071203
202035071204
202035071205
202035071206
202035071207
202035071208
202035071209
202035071210
202035071211
202035071301
202035071302
202035071303
202035071304
202035071305
202035071307
202035071308
202035071309
202035071310
202035071311
202035071312
202035071401
202035071402
202035071404
202035071405
202035071406
202035071407
202035071408
202035071409
202035071410
202035071411
202035071901
202035071902
202035071903
202035071904
202035071905
202035071906
202035071907
202035071908
202035071909
202035071910
202035071911
202035072002
202035072003
202035072004
202035072005
202035072006
202035072007
202035072008
202035072009
202035072010
202035072011
202035072012
202035072101
202035072102
202035072103
202035072105
202035072106
202035072107
202035072108
202035072109
202035072110
202035072111
202035072112
202035072601
202035072602
202035072603
202035072604
202035072605
202035072606
202035072607
202035072609
202035072610
202035072611
202035072701
202035072702
202035072703
202035072704
202035072705
202035072706
202035072707
202035072708
202035072709
202035072710
202035072711
202035072712
202035072801
202035072802
202035072803
202035072804
202035072805
202035072806
202035072807
202035072809
202035072810
202035072811
202035072812
202035080101
202035080102
202035080104
202035080105
202035080106
202035080107
202035080108
202035080111
202035080202
202035080203
202035080204
202035080205
202035080206
202035080207
202035080208
202035080209
202035080210
202035080211
202035080301
202035080302
202035080303
202035080304
202035080305
202035080306
202035080307
202035080308
202035080309
202035080310
202035080311
202035080312
202035080801
202035080802
202035080803
202035080804
202035080805
202035080806
202035080807
202035080808
202035080809
202035080810
202035080811
202035080901
202035080902
202035080903
202035080904
202035080905
202035080906
202035080907
202035080908
202035080909
202035080910
202035080911
202035081001
202035081002
202035081003
202035081004
202035081005
202035081006
202035081007
202035081008
202035081009
202035081010
202035081011
202035081012
202035081502
202035081503
202035081504
202035081505
202035081506
202035081507
202035081508
202035081510
202035081511
202035081602
202035081603
202035081604
202035081605
202035081606
202035081607
202035081608
202035081609
202035081610
202035081611
202035081701
202035081702
202035081703
202035081704
202035081705
202035081706
202035081707
202035081708
202035081709
202035081710
202035081711
202035090501
202035090502
202035090503
202035090504
202035090505
202035090506
202035090507
202035090508
202035090509
202035090510
202035090601
202035090602
202035090603
202035090604
202035090605
202035090606
202035090607
202035090608
202035090610
202035090611
202035090701
202035090702
202035090703
202035090704
202035090705
202035090706
202035090707
202035090708
202035090709
202035090710
202035090711
202035090712
202035091201
202035091202
202035091203
202035091204
202035091205
202035091206
202035091207
202035091208
202035091209
202035091210
202035091301
202035091302
202035091304
202035091305
202035091306
202035091307
202035091308
202035091309
202035091310
202035091401
202035091402
202035091403
202035091405
202035091406
202035091407
202035091408
202035091409
202035091410
202035091411
202035091412
202035092001
202035092002
202035092003
202035092004
202035092005
202035092006
202035092007
202035092008
202035092009
202035092010
202035092011
202035092101
202035092102
202035092103
202035092104
202035092105
202035092106
202035092107
202035092108
202035092109
202035092110
202035092201
202035092202
202035092203
202035092204
202035092205
202035092207
202035092208
202035092209
202035092210
202035092211
202035092212
202035092601
202035092602
202035092604
202035092605
202035092606
202035092607
202035092608
202035092609
202035092610
202035092611
202035092701
202035092702
202035092703
202035092704
202035092705
202035092706
202035092707
202035092708
202035092709
202035092710
202035092711
202035092802
202035092803
202035092804
202035092805
202035092806
202035092807
202035092808
202035092809
202035092810
202035092811
202035092812
202035100301
202035100302
202035100303
202035100304
202035100306
202035100307
202035100308
202035100309
202035100310
202035100311
202035100401
202035100402
202035100403
202035100404
202035100405
202035100406
202035100407
202035100408
202035100409
202035100410
202035100411
202035100501
202035100502
202035100503
202035100504
202035100505
202035100506
202035100507
202035100508
202035100509
202035100510
202035100511
202035100512
202035101001
202035101002
202035101003
202035101004
202035101005
202035101006
202035101007
202035101008
202035101009
202035101010
202035101011
202035101101
202035101102
202035101103
202035101104
202035101105
202035101106
202035101107
202035101108
202035101109
202035101110
202035101111
202035101201
202035101202
202035101203
202035101204
202035101205
202035101206
202035101207
202035101208
202035101209
202035101210
202035101211
202035101212
202035101701
202035101702
202035101703
202035101704
202035101705
202035101706
202035101707
202035101708
202035101709
202035101710
202035101802
202035101803
202035101804
202035101805
202035101806
202035101807
202035101808
202035101809
202035101810
202035101902
202035101903
202035101904
202035101905
202035101906
202035101907
202035101908
202035101909
202035101910
202035101911
202035101912
202035102401
202035102402
202035102403
202035102404
202035102405
202035102406
202035102407
202035102408
202035102409
202035102410
202035102411
202035102501
202035102502
202035102503
202035102504
202035102505
202035102506
202035102507
202035102508
202035102509
202035102510
202035102511
202035102601
202035102602
202035102603
202035102604
202035102605
202035102606
202035102607
202035102608
202035102609
202035102610
202035102611
202035103101
202035103102
202035103103
202035103104
202035103105
202035103106
202035103107
202035103108
202035103109
202035103110
202035103111
202035110101
202035110102
202035110103
202035110104
202035110105
202035110106
202035110107
202035110108
202035110109
202035110110
202035110201
202035110202
202035110203
202035110204
202035110205
202035110207
202035110208
202035110209
202035110210
202035110211
202035110212
202035110701
202035110702
202035110703
202035110704
202035110705
202035110706
202035110707
202035110708
202035110709
202035110710
202035110711
202035110801
202035110802
202035110803
202035110804
202035110805
202035110806
202035110807
202035110808
202035110809
202035110810
202035110811
202035110812
202035110901
202035110902
202035110903
202035110904
202035110905
202035110906
202035110907
202035110908
202035110909
202035110910
202035110911
202035110912
202035111401
202035111402
202035111403
202035111404
202035111405
202035111406
202035111407
202035111408
202035111409
202035111410
202035111411
202035111501
202035111502
202035111503
202035111504
202035111506
202035111507
202035111508
202035111509
202035111511
202035111601
202035111603
202035111604
202035111605
202035111606
202035111607
202035111608
202035111609
202035111610
202035111611
202035111612
202035112201
202035112202
202035112203
202035112204
202035112205
202035112206
202035112207
202035112208
202035112209
202035112210
202035112211
202035112301
202035112302
202035112303
202035112304
202035112305
202035112306
202035112307
202035112308
202035112309
202035112310
202035112311
202035112312
202035112401
202035112402
202035112403
202035112404
202035112405
202035112406
202035112407
202035112408
202035112409
202035112410
202035112411
202035112412