202036010201
202036010202
202036010203
202036010204
202036010205
202036010206
202036010207
202036010208
202036010209
202036010210
202036010301
202036010302
202036010303
202036010304
202036010305
202036010306
202036010307
202036010308
202036010309
202036010310
202036010501
202036010502
202036010503
202036010504
202036010505
202036010506
202036010507
202036010508
202036010509
202036010601
202036010603
202036010604
202036010605
202036010606
202036010607
202036010608
202036010610
202036010701
202036010702
202036010703
202036010704
202036010705
202036010706
202036010707
202036010708
202036010710
202036032001
202036032002
202036032003
202036032004
202036032005
202036032006
202036032007
202036032008
202036032009
202036032010
202036032011
202036032101
202036032102
202036032103
202036032104
202036032105
202036032106
202036032107
202036032108
202036032109
202036032110
202036032111
202036032201
202036032202
202036032203
202036032204
202036032205
202036032206
202036032207
202036032208
202036032209
202036032210
202036032211
202036032801
202036032802
202036032803
202036032804
202036032805
202036032806
202036032807
202036032808
202036032809
202036032810
202036032811
202036032901
202036032902
202036032903
202036032904
202036032905
202036032906
202036032907
202036032908
202036032909
202036032910
202036032911
202036033001
202036033002
202036033003
202036033004
202036033005
202036033006
202036033007
202036033008
202036033009
202036033010
202036033011
202036040501
202036040502
202036040503
202036040504
202036040505
202036040506
202036040507
202036040508
202036040509
202036040510
202036040511
202036040601
202036040602
202036040603
202036040604
202036040605
202036040606
202036040608
202036040609
202036040610
202036040611
202036040612
202036040701
202036040702
202036040704
202036040705
202036040706
202036040707
202036040708
202036040709
202036040710
202036040711
202036041201
202036041202
202036041203
202036041204
202036041205
202036041206
202036041207
202036041208
202036041209
202036041210
202036041301
202036041302
202036041303
202036041304
202036041305
202036041306
202036041307
202036041308
202036041309
202036041310
202036041311
202036041312
202036041401
202036041402
202036041403
202036041404
202036041405
202036041406
202036041407
202036041408
202036041409
202036041410
202036041411
202036041901
202036041902
202036041903
202036041904
202036041905
202036041906
202036041907
202036041908
202036041909
202036041911
202036042001
202036042002
202036042003
202036042004
202036042005
202036042006
202036042008
202036042009
202036042010
202036042011
202036042012
202036042101
202036042102
202036042103
202036042104
202036042105
202036042106
202036042107
202036042108
202036042109
202036042110
202036042111
202036042112
202036042601
202036042602
202036042603
202036042604
202036042605
202036042606
202036042607
202036042608
202036042609
202036042610
202036042611
202036042701
202036042702
202036042703
202036042704
202036042705
202036042706
202036042707
202036042708
202036042709
202036042710
202036042711
202036042712
202036042801
202036042802
202036042803
202036042804
202036042805
202036042806
202036042807
202036042808
202036042809
202036042810
202036042811
202036050301
202036050302
202036050303
202036050304
202036050305
202036050306
202036050307
202036050308
202036050309
202036050310
202036050311
202036050401
202036050402
202036050403
202036050404
202036050405
202036050406
202036050407
202036050408
202036050409
202036050410
202036050411
202036050412
202036050501
202036050502
202036050503
202036050504
202036050505
202036050506
202036050507
202036050508
202036050509
202036050510
202036050511
202036050512
202036051001
202036051002
202036051003
202036051004
202036051005
202036051006
202036051007
202036051008
202036051010
202036051101
202036051102
202036051103
202036051104
202036051105
202036051106
202036051107
202036051108
202036051109
202036051110
202036051111
202036051112
202036051201
202036051202
202036051203
202036051204
202036051205
202036051206
202036051207
202036051208
202036051209
202036051210
202036051211
202036061401
202036061402
202036061403
202036061404
202036061405
202036061406
202036061407
202036061408
202036061409
202036061410
202036061411
202036061501
202036061502
202036061503
202036061504
202036061505
202036061506
202036061507
202036061508
202036061509
202036061510
202036061511
202036061512
202036061601
202036061602
202036061603
202036061604
202036061606
202036061607
202036061608
202036061609
202036061610
202036061611
202036061612
202036062101
202036062102
202036062104
202036062105
202036062106
202036062107
202036062108
202036062109
202036062110
202036062202
202036062203
202036062204
202036062205
202036062206
202036062207
202036062208
202036062209
202036062210
202036062211
202036062301
202036062302
202036062303
202036062304
202036062305
202036062306
202036062307
202036062308
202036062309
202036062310
202036062311
202036062312
202036062801
202036062802
202036062803
202036062804
202036062805
202036062806
202036062807
202036062808
202036062809
202036062810
202036062811
202036062901
202036062902
202036062903
202036062904
202036062905
202036062906
202036062907
202036062908
202036062909
202036062910
202036062911
202036062912
202036063001
202036063002
202036063003
202036063004
202036063005
202036063006
202036063007
202036063008
202036063009
202036063010
202036063011
202036063012
202036070501
202036070503
202036070504
202036070505
202036070506
202036070507
202036070508
202036070509
202036070510
202036070601
202036070602
202036070603
202036070604
202036070605
202036070606
202036070607
202036070608
202036070609
202036070610
202036070611
202036070612
202036070702
202036070703
202036070704
202036070705
202036070706
202036070707
202036070708
202036070709
202036070710
202036070711
202036070712
202036082201
202036082202
202036082203
202036082204
202036082205
202036082206
202036082207
202036082208
202036082209
202036082210
202036082301
202036082302
202036082303
202036082304
202036082305
202036082306
202036082307
202036082308
202036082309
202036082310
202036082311
202036082402
202036082403
202036082404
202036082406
202036082407
202036082408
202036082409
202036082410
202036082411
202036082412
202036082901
202036082902
202036082903
202036082904
202036082905
202036082906
202036082907
202036082908
202036082909
202036083001
202036083002
202036083003
202036083004
202036083005
202036083006
202036083007
202036083008
202036083009
202036083010
202036083011
202036083101
202036083102
202036083103
202036083104
202036083105
202036083106
202036083107
202036083108
202036083109
202036083110
202036083111
202036083112
202036112901
202036112902
202036112903
202036112904
202036112905
202036112907
202036112908
202036112909
202036112910
202036112911
202036113001
202036113002
202036113003
202036113004
202036113005
202036113006
202036113007
202036113008
202036113009
202036113010
202036113011
202036120101
202036120102
202036120103
202036120104
202036120105
202036120106
202036120107
202036120108
202036120109
202036120110
202036120111
202036120601
202036120602
202036120603
202036120604
202036120605
202036120606
202036120607
202036120608
202036120609
202036120610
202036120611
202036120701
202036120702
202036120703
202036120704
202036120705
202036120706
202036120707
202036120708
202036120709
202036120710
202036120711
202036120801
202036120802
202036120803
202036120804
202036120805
202036120806
202036120807
202036120808
202036120809
202036120810
202036120811
202036121301
202036121302
202036121303
202036121304
202036121305
202036121307
202036121308
202036121309
202036121310
202036121311
202036121401
202036121402
202036121403
202036121404
202036121405
202036121406
202036121407
202036121408
202036121409
202036121410
202036121501
202036121502
202036121503
202036121504
202036121505
202036121506
202036121507
202036121508
202036121509
202036121510
202036121511
202036121901
202036121902
202036121903
202036121904
202036121905
202036121906
202036121907
202036121908
202036121909
202036121910
202036121911
202036122001
202036122002
202036122003
202036122004
202036122005
202036122006
202036122007
202036122008
202036122009
202036122010
202036122011
202036122101
202036122102
202036122103
202036122104
202036122105
202036122106
202036122107
202036122108
202036122109
202036122110
202036122111
202036122601
202036122602
202036122603
202036122604
202036122605
202036122606
202036122607
202036122608
202036122609
202036122610
202036122701
202036122702
202036122704
202036122705
202036122706
202036122707
202036122709
202036122710
202036122901
202036122902
202036122903
202036122904
202036122905
202036122906
202036122907
202036122908
202036122909
202036122910
202036123001
202036123002
202036123003
202036123004
202036123005
202036123006
202036123007
202036123008
202036123009
202036123010
202036123101
202036123102
202036123103
202036123104
202036123105
202036123106
202036123107
202036123108
202036123109
202036123110