202047010701
202047010702
202047010703
202047010704
202047010705
202047010706
202047010707
202047010708
202047010709
202047010710
202047010711
202047010801
202047010802
202047010803
202047010804
202047010805
202047010806
202047010807
202047010808
202047010809
202047010810
202047010811
202047010901
202047010902
202047010903
202047010904
202047010905
202047010906
202047010907
202047010908
202047010909
202047011001
202047011002
202047011003
202047011004
202047011005
202047011006
202047011007
202047011008
202047011009
202047011010
202047011011
202047011012
202047012001
202047012002
202047012003
202047012004
202047012005
202047012006
202047012007
202047012008
202047012009
202047012010
202047012101
202047012102
202047012103
202047012104
202047012105
202047012106
202047012107
202047012108
202047012109
202047012110
202047012201
202047012202
202047012203
202047012204
202047012205
202047012206
202047012207
202047012208
202047012209
202047012210
202047012301
202047012302
202047012303
202047012304
202047012305
202047012306
202047012307
202047012308
202047012309
202047012310
202047012401
202047012402
202047012403
202047012404
202047012405
202047012406
202047012407
202047012408
202047012409
202047012410
202047020301
202047020302
202047020303
202047020304
202047020305
202047020306
202047020307
202047020308
202047020309
202047020310
202047020401
202047020402
202047020403
202047020404
202047020405
202047020406
202047020407
202047020408
202047020409
202047020410
202047020501
202047020502
202047020503
202047020504
202047020505
202047020506
202047020507
202047020508
202047020509
202047020510
202047020601
202047020602
202047020603
202047020604
202047020605
202047020606
202047020607
202047020608
202047020609
202047020701
202047020702
202047020703
202047020704
202047020705
202047020706
202047020707
202047020708
202047020709
202047020710
202047021701
202047021702
202047021703
202047021704
202047021705
202047021706
202047021707
202047021708
202047021709
202047021710
202047021801
202047021802
202047021803
202047021804
202047021805
202047021806
202047021807
202047021808
202047021809
202047021810
202047021901
202047021902
202047021903
202047021904
202047021905
202047021906
202047021907
202047021908
202047021909
202047021910
202047022001
202047022002
202047022003
202047022004
202047022005
202047022006
202047022007
202047022008
202047022009
202047022010
202047022101
202047022102
202047022103
202047022104
202047022105
202047022106
202047022107
202047022108
202047022109
202047022110
202047030401
202047030402
202047030403
202047030404
202047030405
202047030406
202047030407
202047030408
202047030409
202047030410
202047030411
202047030412
202047030501
202047030502
202047030503
202047030504
202047030505
202047030506
202047030507
202047030508
202047030509
202047030510
202047030511
202047030601
202047030602
202047030603
202047030604
202047030605
202047030606
202047030607
202047030608
202047030609
202047030610
202047030611
202047030612
202047031701
202047031702
202047031703
202047031704
202047031705
202047031706
202047031707
202047031708
202047031709
202047031710
202047031711
202047031712
202047031801
202047031802
202047031803
202047031804
202047031805
202047031806
202047031807
202047031808
202047031809
202047031810
202047031811
202047031812
202047031901
202047031902
202047031903
202047031904
202047031905
202047031906
202047031907
202047031908
202047031909
202047031910
202047031911
202047040101
202047040102
202047040103
202047040104
202047040105
202047040106
202047040107
202047040108
202047040109
202047040110
202047040201
202047040202
202047040203
202047040204
202047040205
202047040206
202047040207
202047040208
202047040209
202047040210
202047040211
202047040301
202047040302
202047040303
202047040304
202047040305
202047040306
202047040307
202047040308
202047040309
202047040310
202047040311
202047040601
202047040602
202047040603
202047040604
202047040605
202047040606
202047040607
202047040608
202047040609
202047040610
202047041401
202047041402
202047041403
202047041404
202047041405
202047041406
202047041407
202047041408
202047041409
202047041410
202047041501
202047041502
202047041503
202047041504
202047041505
202047041506
202047041507
202047041508
202047041509
202047041510
202047041601
202047041602
202047041603
202047041604
202047041605
202047041606
202047041607
202047041608
202047041609
202047041610
202047041611
202047041701
202047041702
202047041703
202047041704
202047041705
202047041706
202047041707
202047041708
202047041709
202047041710
202047041711
202047042801
202047042802
202047042803
202047042804
202047042805
202047042806
202047042807
202047042808
202047042809
202047042810
202047042811
202047042812
202047042901
202047042902
202047042903
202047042904
202047042905
202047042906
202047042907
202047042908
202047042909
202047042910
202047042911
202047042912
202047043001
202047043002
202047043003
202047043004
202047043005
202047043006
202047043007
202047043008
202047043009
202047043010
202047043011
202047043012
202047050701
202047050702
202047050703
202047050704
202047050705
202047050706
202047050707
202047050708
202047050709
202047050710
202047050711
202047050712
202047050801
202047050802
202047050803
202047050804
202047050805
202047050806
202047050807
202047050808
202047050809
202047050810
202047050811
202047050812
202047051101
202047051102
202047051103
202047051104
202047051105
202047051106
202047051107
202047051108
202047051109
202047051110
202047051111
202047051112
202047052001
202047052002
202047052003
202047052004
202047052005
202047052006
202047052007
202047052008
202047052009
202047052010
202047052011
202047052012
202047052101
202047052102
202047052103
202047052104
202047052105
202047052106
202047052107
202047052108
202047052109
202047052110
202047052111
202047052112
202047052201
202047052202
202047052203
202047052204
202047052205
202047052206
202047052207
202047052208
202047052209
202047052210
202047052211
202047060301
202047060302
202047060303
202047060304
202047060305
202047060306
202047060307
202047060308
202047060309
202047060310
202047060311
202047060312
202047060401
202047060402
202047060403
202047060404
202047060405
202047060406
202047060407
202047060408
202047060409
202047060410
202047060411
202047060412
202047060501
202047060502
202047060503
202047060504
202047060505
202047060506
202047060507
202047060508
202047060509
202047060510
202047060511
202047060512
202047061501
202047061502
202047061503
202047061504
202047061505
202047061506
202047061507
202047061508
202047061509
202047061510
202047061701
202047061702
202047061703
202047061704
202047061705
202047061706
202047061707
202047061708
202047061709
202047061710
202047061711
202047061801
202047061802
202047061803
202047061804
202047061805
202047061806
202047061807
202047061808
202047061809
202047061810
202047061811
202047061901
202047061902
202047061903
202047061904
202047061905
202047061906
202047061907
202047061908
202047061909
202047061910
202047061911
202047081001
202047081002
202047081003
202047081004
202047081005
202047081006
202047081007
202047081008
202047081009
202047081010
202047081011
202047081201
202047081202
202047081203
202047081204
202047081205
202047081206
202047081207
202047081208
202047081209
202047081210
202047081301
202047081302
202047081303
202047081304
202047081305
202047081306
202047081307
202047081308
202047081309
202047081310
202047081311
202047081401
202047081402
202047081403
202047081404
202047081405
202047081406
202047081407
202047081408
202047081409
202047081410
202047081411
202047081412
202047082601
202047082602
202047082603
202047082604
202047082605
202047082606
202047082607
202047082608
202047082609
202047082610
202047082611
202047082612
202047082701
202047082702
202047082703
202047082704
202047082705
202047082706
202047082707
202047082708
202047082709
202047082710
202047082711
202047082712
202047082801
202047082802
202047082803
202047082804
202047082805
202047082806
202047082807
202047082808
202047082809
202047082810
202047082811
202047082812
202047090901
202047090902
202047090903
202047090904
202047090905
202047090906
202047090907
202047090908
202047090909
202047090910
202047090911
202047090912
202047091001
202047091002
202047091003
202047091004
202047091005
202047091006
202047091007
202047091008
202047091009
202047091010
202047091011
202047091012
202047091101
202047091102
202047091103
202047091104
202047091105
202047091106
202047091107
202047091108
202047091109
202047091110
202047091111
202047091112
202047092201
202047092202
202047092203
202047092204
202047092205
202047092206
202047092207
202047092208
202047092209
202047092210
202047092301
202047092302
202047092303
202047092304
202047092305
202047092306
202047092307
202047092308
202047092309
202047092310
202047092311
202047092401
202047092402
202047092403
202047092404
202047092405
202047092406
202047092407
202047092408
202047092409
202047092410
202047092411
202047092501
202047092502
202047092503
202047092504
202047092505
202047092506
202047092507
202047092508
202047092509
202047092510
202047092511
202047100501
202047100502
202047100503
202047100504
202047100505
202047100506
202047100507
202047100508
202047100509
202047100510
202047100511
202047100701
202047100702
202047100703
202047100704
202047100705
202047100706
202047100707
202047100708
202047100709
202047100710
202047100801
202047100802
202047100803
202047100804
202047100805
202047100806
202047100807
202047100808
202047100809
202047100810
202047100811
202047100901
202047100902
202047100903
202047100904
202047100905
202047100906
202047100907
202047100908
202047100909
202047100910
202047100911
202047102001
202047102002
202047102003
202047102004
202047102005
202047102006
202047102007
202047102008
202047102009
202047102010
202047102011
202047102101
202047102102
202047102103
202047102104
202047102105
202047102106
202047102107
202047102108
202047102109
202047102110
202047102111
202047102201
202047102202
202047102203
202047102204
202047102205
202047102206
202047102207
202047102208
202047102209
202047102210
202047102211
202047102301
202047102302
202047102303
202047102304
202047102305
202047102306
202047102307
202047102308
202047102309
202047102310
202047102311
202047110201
202047110202
202047110203
202047110204
202047110205
202047110206
202047110207
202047110208
202047110209
202047110210
202047110401
202047110402
202047110403
202047110404
202047110405
202047110406
202047110407
202047110408
202047110409
202047110410
202047110411
202047110501
202047110502
202047110503
202047110504
202047110505
202047110506
202047110507
202047110508
202047110509
202047110510
202047110511
202047110601
202047110602
202047110603
202047110604
202047110605
202047110606
202047110607
202047110608
202047110609
202047110610
202047110611
202047111601
202047111602
202047111603
202047111604
202047111605
202047111606
202047111607
202047111608
202047111609
202047111610
202047111611
202047111801
202047111802
202047111803
202047111804
202047111805
202047111806
202047111807
202047111808
202047111809
202047111810
202047111811
202047111901
202047111902
202047111903
202047111904
202047111905
202047111906
202047111907
202047111908
202047111909
202047111910
202047111911
202047112001
202047112002
202047112003
202047112004
202047112005
202047112006
202047112007
202047112008
202047112009
202047112010
202047112011
202047113001
202047113002
202047113003
202047113004
202047113005
202047113006
202047113007
202047113008
202047113009
202047113010
202047120101
202047120102
202047120103
202047120104
202047120105
202047120106
202047120107
202047120108
202047120109
202047120110
202047120201
202047120202
202047120203
202047120204
202047120205
202047120206
202047120207
202047120208
202047120209
202047120210
202047120301
202047120302
202047120303
202047120304
202047120305
202047120306
202047120307
202047120308
202047120309
202047120310
202047120401
202047120402
202047120403
202047120404
202047120405
202047120406
202047120407
202047120408
202047120409
202047120410
202047121401
202047121402
202047121403
202047121404
202047121405
202047121406
202047121407
202047121408
202047121409
202047121410
202047121501
202047121502
202047121503
202047121504
202047121505
202047121506
202047121507
202047121508
202047121509
202047121510
202047121601
202047121602
202047121603
202047121604
202047121605
202047121606
202047121607
202047121608
202047121609
202047121610
202047121701
202047121702
202047121703
202047121704
202047121705
202047121706
202047121707
202047121708
202047121709
202047121801
202047121802
202047121803
202047121804
202047121805
202047121806
202047121807
202047121808
202047121809
202047121810
202047122801
202047122802
202047122803
202047122804
202047122805
202047122806
202047122807
202047122808
202047122809
202047122810
202047122811
202047122901
202047122902
202047122903
202047122904
202047122905
202047122906
202047122907
202047122908
202047122909
202047122910
202047122911
202047122912
202047123001
202047123002
202047123003
202047123004
202047123005
202047123006
202047123007
202047123008
202047123009
202047123010
202047123011
202047123012
202047123101
202047123102
202047123103
202047123104
202047123105
202047123106
202047123107
202047123108
202047123109
202047123110
202047123111