202048010101
202048010102
202048010103
202048010104
202048010105
202048010106
202048010107
202048010108
202048010109
202048010110
202048010111
202048010201
202048010203
202048010204
202048010205
202048010206
202048010207
202048010208
202048010209
202048010211
202048010212
202048010301
202048010302
202048010303
202048010304
202048010305
202048010306
202048010307
202048010308
202048010309
202048010310
202048010311
202048010312
202048010401
202048010402
202048010403
202048010404
202048010405
202048010406
202048010407
202048010408
202048010409
202048010410
202048010411
202048010412
202048011401
202048011402
202048011403
202048011404
202048011405
202048011406
202048011408
202048011409
202048011410
202048011411
202048011501
202048011502
202048011503
202048011504
202048011505
202048011506
202048011507
202048011508
202048011509
202048011510
202048011511
202048011512
202048011601
202048011602
202048011603
202048011604
202048011605
202048011606
202048011607
202048011609
202048011611
202048011612
202048011701
202048011702
202048011703
202048011704
202048011705
202048011706
202048011707
202048011708
202048011709
202048011710
202048011711
202048011712
202048012701
202048012702
202048012703
202048012704
202048012705
202048012706
202048012707
202048012708
202048012709
202048012710
202048012801
202048012802
202048012803
202048012804
202048012805
202048012806
202048012807
202048012808
202048012809
202048012810
202048012811
202048012901
202048012902
202048012903
202048012904
202048012905
202048012906
202048012907
202048012908
202048012909
202048012910
202048012911
202048013001
202048013002
202048013003
202048013004
202048013005
202048013006
202048013007
202048013008
202048013009
202048013010
202048013011
202048013101
202048013102
202048013103
202048013104
202048013105
202048013106
202048013107
202048013108
202048013109
202048013110
202048021001
202048021002
202048021003
202048021004
202048021005
202048021006
202048021007
202048021008
202048021009
202048021010
202048021101
202048021102
202048021103
202048021104
202048021105
202048021106
202048021107
202048021108
202048021110
202048021111
202048021201
202048021202
202048021203
202048021204
202048021205
202048021206
202048021207
202048021208
202048021209
202048021210
202048021211
202048021301
202048021302
202048021303
202048021304
202048021305
202048021306
202048021307
202048021308
202048021309
202048021310
202048021311
202048021401
202048021402
202048021403
202048021404
202048021405
202048021406
202048021407
202048021408
202048021410
202048022401
202048022402
202048022403
202048022404
202048022405
202048022406
202048022407
202048022408
202048022409
202048022410
202048022411
202048022602
202048022603
202048022604
202048022605
202048022606
202048022607
202048022608
202048022609
202048022610
202048022611
202048022612
202048022701
202048022702
202048022703
202048022704
202048022705
202048022706
202048022707
202048022708
202048022709
202048022710
202048022711
202048022712
202048022801
202048022802
202048022803
202048022804
202048022805
202048022806
202048022807
202048022808
202048022809
202048022810
202048022811
202048022812
202048031001
202048031002
202048031003
202048031004
202048031005
202048031006
202048031007
202048031008
202048031009
202048031010
202048031011
202048031012
202048031101
202048031102
202048031103
202048031104
202048031105
202048031106
202048031107
202048031108
202048031109
202048031110
202048031111
202048031112
202048031201
202048031202
202048031203
202048031204
202048031205
202048031206
202048031207
202048031208
202048031209
202048031210
202048031211
202048031212
202048031301
202048031302
202048031303
202048031304
202048031305
202048031306
202048031307
202048031308
202048031309
202048031310
202048031311
202048031312
202048032301
202048032302
202048032303
202048032304
202048032305
202048032306
202048032307
202048032308
202048032309
202048032310
202048032311
202048032312
202048032501
202048032502
202048032503
202048032504
202048032505
202048032506
202048032507
202048032508
202048032509
202048032510
202048032511
202048032512
202048032601
202048032602
202048032603
202048032604
202048032605
202048032606
202048032607
202048032608
202048032609
202048032610
202048032612
202048032701
202048032702
202048032703
202048032704
202048032705
202048032706
202048032707
202048032708
202048032709
202048032710
202048032711
202048032712
202048040701
202048040702
202048040703
202048040704
202048040705
202048040706
202048040707
202048040708
202048040709
202048040710
202048040711
202048040712
202048040801
202048040802
202048040803
202048040804
202048040805
202048040806
202048040807
202048040808
202048040809
202048040810
202048040811
202048040812
202048040901
202048040902
202048040903
202048040904
202048040905
202048040906
202048040907
202048040908
202048040909
202048040912
202048041001
202048041002
202048041003
202048041004
202048041005
202048041006
202048041007
202048041008
202048041009
202048041010
202048041011
202048041012
202048042101
202048042102
202048042103
202048042104
202048042105
202048042106
202048042107
202048042108
202048042109
202048042110
202048042111
202048042112
202048042201
202048042202
202048042203
202048042204
202048042205
202048042206
202048042207
202048042208
202048042209
202048042210
202048042211
202048042212
202048042301
202048042302
202048042303
202048042304
202048042305
202048042306
202048042307
202048042308
202048042309
202048042310
202048042311
202048042312
202048042401
202048042402
202048042403
202048042404
202048042405
202048042406
202048042407
202048042408
202048042409
202048042410
202048042412
202048050101
202048050102
202048050103
202048050104
202048050105
202048050106
202048050107
202048050108
202048050109
202048050110
202048050111
202048050112
202048050401
202048050402
202048050403
202048050404
202048050405
202048050406
202048050407
202048050408
202048050409
202048050410
202048050411
202048050412
202048050501
202048050502
202048050503
202048050504
202048050505
202048050506
202048050507
202048050508
202048050509
202048050510
202048050511
202048050512
202048050601
202048050602
202048050603
202048050604
202048050605
202048050606
202048050607
202048050608
202048050609
202048050610
202048050611
202048050612
202048051201
202048051202
202048051203
202048051204
202048051205
202048051206
202048051207
202048051208
202048051209
202048051210
202048051211
202048051301
202048051302
202048051303
202048051304
202048051305
202048051306
202048051307
202048051308
202048051309
202048051310
202048051311
202048051401
202048051402
202048051403
202048051404
202048051405
202048051406
202048051407
202048051408
202048051409
202048051410
202048051411
202048051412
202048051501
202048051502
202048051503
202048051504
202048051505
202048051506
202048051507
202048051508
202048051509
202048051510
202048051512
202048052601
202048052602
202048052603
202048052604
202048052605
202048052606
202048052607
202048052608
202048052609
202048052610
202048052611
202048052701
202048052702
202048052703
202048052704
202048052705
202048052706
202048052707
202048052708
202048052709
202048052710
202048052712
202048052801
202048052802
202048052803
202048052804
202048052805
202048052806
202048052807
202048052808
202048052809
202048052810
202048052811
202048052901
202048052902
202048052903
202048052904
202048052905
202048052906
202048052907
202048052908
202048052909
202048052910
202048052911
202048052912
202048060901
202048060902
202048060903
202048060904
202048060905
202048060906
202048060907
202048060908
202048060909
202048060910
202048060911
202048061001
202048061002
202048061003
202048061004
202048061005
202048061006
202048061007
202048061008
202048061009
202048061010
202048061011
202048061012
202048061101
202048061102
202048061103
202048061104
202048061105
202048061106
202048061107
202048061108
202048061109
202048061110
202048061111
202048061112
202048061201
202048061202
202048061203
202048061204
202048061205
202048061206
202048061207
202048061209
202048061210
202048061211
202048061212
202048062301
202048062302
202048062303
202048062304
202048062305
202048062306
202048062307
202048062308
202048062309
202048062310
202048062311
202048062312
202048062401
202048062402
202048062403
202048062404
202048062405
202048062406
202048062407
202048062408
202048062409
202048062410
202048062411
202048062412
202048062501
202048062502
202048062503
202048062504
202048062505
202048062506
202048062507
202048062508
202048062509
202048062510
202048062511
202048062512
202048062601
202048062604
202048062605
202048062606
202048062607
202048062608
202048062609
202048062610
202048062611
202048062612
202048070701
202048070702
202048070703
202048070704
202048070705
202048070706
202048070707
202048070708
202048070709
202048070710
202048070711
202048070712
202048070801
202048070802
202048070803
202048070804
202048070805
202048070806
202048070807
202048070808
202048070809
202048070810
202048070811
202048070812
202048070901
202048070902
202048070903
202048070904
202048070906
202048070907
202048070908
202048070909
202048070910
202048070911
202048070912
202048071001
202048071002
202048071003
202048071004
202048071005
202048071006
202048071007
202048071009
202048071010
202048071011
202048071012
202048071701
202048071702
202048071703
202048071704
202048071705
202048071706
202048071707
202048071708
202048071709
202048071710
202048071711
202048071712
202048072201
202048072202
202048072203
202048072204
202048072205
202048072206
202048072207
202048072208
202048072209
202048072210
202048072211
202048072212
202048072301
202048072302
202048072303
202048072305
202048072307
202048072308
202048072309
202048072312
202048072401
202048072402
202048072403
202048072404
202048072406
202048072407
202048072408
202048072409
202048072410
202048072411
202048072412
202048073101
202048073102
202048073103
202048073104
202048073105
202048073106
202048073107
202048073108
202048073109
202048073110
202048073111
202048073112
202048080501
202048080502
202048080503
202048080504
202048080505
202048080506
202048080507
202048080508
202048080509
202048080510
202048080512
202048080601
202048080602
202048080604
202048080607
202048080608
202048080609
202048080610
202048080611
202048080612
202048080701
202048080702
202048080703
202048080705
202048080706
202048080707
202048080708
202048080709
202048080710
202048080712
202048081801
202048081802
202048081803
202048081804
202048081805
202048081806
202048081807
202048081808
202048081809
202048081810
202048081811
202048081812
202048081901
202048081902
202048081903
202048081904
202048081905
202048081906
202048081907
202048081908
202048081909
202048081910
202048081911
202048081912
202048082001
202048082002
202048082003
202048082005
202048082006
202048082007
202048082009
202048082010
202048082011
202048082012
202048082101
202048082102
202048082103
202048082104
202048082106
202048082107
202048082108
202048082109
202048082110
202048082111
202048082112
202048090101
202048090102
202048090103
202048090104
202048090105
202048090106
202048090107
202048090108
202048090109
202048090110
202048090111
202048090112
202048090201
202048090202
202048090203
202048090204
202048090205
202048090206
202048090207
202048090209
202048090210
202048090211
202048090212
202048090301
202048090302
202048090303
202048090306
202048090307
202048090309
202048090310
202048090311
202048090312
202048090401
202048090402
202048090403
202048090404
202048090406
202048090407
202048090408
202048090409
202048090410
202048090411
202048090412
202048091501
202048091502
202048091503
202048091504
202048091505
202048091506
202048091507
202048091508
202048091509
202048091510
202048091511
202048091512
202048091601
202048091602
202048091603
202048091604
202048091605
202048091606
202048091607
202048091608
202048091611
202048091612
202048091701
202048091702
202048091704
202048091705
202048091706
202048091707
202048091708
202048091709
202048091710
202048091711
202048091712
202048091801
202048091802
202048091803
202048091804
202048091806
202048091807
202048091808
202048091809
202048091810
202048091811
202048091812
202048092901
202048092902
202048092903
202048092904
202048092905
202048092906
202048092907
202048092908
202048092909
202048092910
202048092911
202048092912
202048093001
202048093002
202048093003
202048093004
202048093005
202048093007
202048093008
202048093010
202048093011
202048093012
202048100101
202048100102
202048100105
202048100106
202048100107
202048100108
202048100109
202048100110
202048100111
202048100112
202048100201
202048100202
202048100203
202048100204
202048100205
202048100206
202048100207
202048100208
202048100209
202048100210
202048100211
202048100212
202048101202
202048101203
202048101204
202048101205
202048101206
202048101207
202048101208
202048101209
202048101210
202048101211
202048101212
202048101401
202048101402
202048101403
202048101404
202048101405
202048101406
202048101408
202048101409
202048101411
202048101412
202048101501
202048101502
202048101503
202048101504
202048101505
202048101506
202048101507
202048101508
202048101509
202048101510
202048101511
202048101512
202048101602
202048101603
202048101604
202048101605
202048101606
202048101607
202048101608
202048101609
202048101610
202048101611
202048101612
202048102701
202048102702
202048102703
202048102704
202048102705
202048102707
202048102708
202048102709
202048102710
202048102711
202048102712
202048102801
202048102802
202048102803
202048102804
202048102805
202048102806
202048102807
202048102808
202048102809
202048102810
202048102811
202048102812
202048102901
202048102902
202048102903
202048102904
202048102905
202048102906
202048102907
202048102908
202048102909
202048102910
202048102911
202048102912
202048103002
202048103003
202048103004
202048103005
202048103006
202048103007
202048103008
202048103009
202048103010
202048103011
202048103012
202048110901
202048110902
202048110903
202048110904
202048110905
202048110906
202048110907
202048110908
202048110909
202048110910
202048110911
202048111101
202048111102
202048111103
202048111104
202048111105
202048111106
202048111107
202048111108
202048111109
202048111111
202048111112
202048111201
202048111203
202048111204
202048111205
202048111206
202048111207
202048111208
202048111209
202048111210
202048111211
202048111212
202048111302
202048111303
202048111304
202048111305
202048111306
202048111307
202048111308
202048111309
202048111310
202048111311
202048111312
202048112401
202048112402
202048112403
202048112404
202048112405
202048112406
202048112407
202048112408
202048112409
202048112410
202048112411
202048112412
202048112501
202048112502
202048112503
202048112504
202048112505
202048112506
202048112507
202048112508
202048112510
202048112511
202048112512
202048112603
202048112604
202048112605
202048112606
202048112607
202048112608
202048112609
202048112610
202048112611
202048112612
202048112701
202048112703
202048112704
202048112705
202048112706
202048112707
202048112708
202048112709
202048112710
202048112711
202048112712
202048120701
202048120702
202048120703
202048120704
202048120705
202048120706
202048120707
202048120708
202048120709
202048120710
202048120711
202048120712
202048120901
202048120902
202048120903
202048120904
202048120905
202048120906
202048120907
202048120908
202048120909
202048120910
202048120912
202048121001
202048121003
202048121004
202048121005
202048121006
202048121007
202048121008
202048121009
202048121010
202048121011
202048121012
202048121101
202048121102
202048121103
202048121104
202048121105
202048121106
202048121107
202048121108
202048121109
202048121110
202048121111
202048121112
202048122201
202048122202
202048122203
202048122204
202048122205
202048122206
202048122207
202048122208
202048122209
202048122210
202048122211
202048122301
202048122302
202048122303
202048122304
202048122305
202048122306
202048122307
202048122308
202048122310
202048122311
202048122312
202048122401
202048122402
202048122403
202048122404
202048122405
202048122406
202048122407
202048122408
202048122409
202048122410
202048122411
202048122412
202048122502
202048122503
202048122504
202048122505
202048122506
202048122507
202048122508
202048122509
202048122510
202048122511
202048122512