196901010201
196901010202
196901010203
196901010204
196901010205
196901010206
196901010207
196901010401
196901010402
196901010403
196901010404
196901010405
196901010406
196901010407
196901010408
196901010501
196901010502
196901010503
196901010504
196901010505
196901010506
196901010507
196901010508
196901010509
196901010510
196901010601
196901010602
196901010603
196901010604
196901010605
196901010701
196901010702
196901010703
196901010704
196901010705
196901010706
196901010707
196901020301
196901020302
196901020303
196901020304
196901020305
196901020306
196901020307