196903010101
196903010102
196903010103
196903010201
196903010202
196903010203
196903010204
196903010205
196903010206
196903010207
196903010208
196903010601
196903010602
196903010603
196903010604
196903010605
196903010606
196903010801
196903010802
196903010803
196903010804
196903010805
196903010806
196903010807
196903010808
196903010809
196903020301
196903020302
196903020303
196903020304
196903020305
196903020701
196903020702
196903020703
196903020704
196903020705
196903020706
196903020801
196903020802
196903020803
196903020804
196903020805
196903020806
196903020807
196903020808