196905010301
196905010302
196905010303
196905010304
196905010305
196905010306
196905010307
196905010308
196905010309
196905010310
196905010311
196905010401
196905010402
196905010403
196905010404
196905010405
196905010406
196905010407
196905010408
196905010409
196905010410
196905010411
196905010412
196905010501
196905010502
196905010503
196905010504
196905010505
196905010506
196905010507
196905010508
196905010509
196905010510
196905010511
196905010801
196905010802
196905010803
196905010804
196905010805
196905010806
196905010807
196905010808
196905020101
196905020102
196905020103
196905020104
196905020105
196905020106
196905020107
196905020108
196905020109
196905020110
196905020111
196905020201
196905020202
196905020203
196905020204
196905020205
196905020206
196905020207
196905020208
196905020209
196905020210
196905020211
196905020212
196905040201
196905040202
196905040203
196905040204
196905040205
196905040801
196905040802
196905040803
196905040804
196905040805
196905040806
196905040807
196905040808
196905040809
196905040810
196905050301
196905050302
196905050303
196905050304
196905050305
196905050306
196905050801
196905050802
196905050803
196905050804
196905050805
196905050806
196905050807
196905050808
196905050809
196905050810
196905050811
196905060101
196905060102
196905060103
196905060104
196905060105
196905060106
196905060201
196905060202
196905060203
196905060401
196905060402
196905060403
196905060404
196905060405
196905060406
196905060407
196905060408
196905060409
196905060410
196905060601
196905060602
196905060603
196905060604
196905060605
196905060606
196905060607
196905060608