196906010301
196906010302
196906010303
196906010304
196906010305
196906010306
196906010307
196906010308
196906010309
196906010310
196906010501
196906010502
196906010503
196906010504
196906010505
196906010506
196906010507
196906010601
196906010602
196906010603
196906010604
196906010605
196906010606
196906010607
196906010608
196906010801
196906010802
196906010803
196906010804
196906010805
196906010806
196906010807
196906010808
196906010809
196906010810
196906010811
196906010812
196906030301
196906030302
196906030303
196906030304
196906030305
196906030306
196906030307
196906030308
196906030309
196906030310
196906030501
196906030502
196906030503
196906030504
196906030505
196906030701
196906030702
196906030703
196906030704
196906030705
196906030706
196906030801
196906030802
196906030803
196906030804
196906030805
196906030806
196906030807
196906030808
196906040501
196906040502
196906040503
196906040504
196906040505
196906040506
196906040507
196906040508
196906040509
196906060101
196906060102
196906060103
196906060104
196906060105
196906060106
196906060107
196906060108
196906060301
196906060302
196906060303
196906060304
196906060305
196906060306
196906060307
196906060308
196906060309
196906060801
196906060802
196906060803
196906060804
196906060805
196906060806
196906060807
196906060808
196906060809
196906060810