196909010201
196909010202
196909010203
196909010204
196909010205
196909010206
196909010207
196909010208
196909010209
196909010210
196909010211
196909010601
196909010602
196909010603
196909010604
196909010605
196909010606
196909010607
196909010608
196909020301
196909020302
196909020303
196909020304
196909020305
196909020306
196909020307
196909020601
196909020602
196909020603
196909020604
196909020605
196909020606
196909020607
196909020608
196909020609
196909020610
196909020701
196909020702
196909020703
196909020704
196909020705
196909020706
196909020707
196909020708
196909020709
196909030101
196909030102
196909030103
196909030104
196909030105
196909030106
196909030107
196909030801
196909030802
196909030803
196909030804
196909030805
196909030806
196909030807
196909030808
196909030809
196909030810
196909030811
196909040101
196909040102
196909040103
196909040104
196909040105
196909040106
196909040107
196909040108
196909040109
196909040301
196909040302
196909040303
196909040304
196909040305
196909040306
196909040307
196909040308
196909040309
196909040310
196909040601
196909040602
196909040603
196909040604
196909040605
196909040606
196909040607
196909040608
196909040609
196909040610