198402010101
198402010102
198402010103
198402010104
198402010105
198402010106
198402010107
198402010108
198402010109
198402010401
198402010402
198402010403
198402010404
198402010405
198402010406
198402010407
198402010408
198402010409
198402010410
198402010701
198402010702
198402010703
198402010704
198402010705
198402010706
198402010707
198402010708
198402010709
198402020101
198402020102
198402020103
198402020104
198402020105
198402020106
198402020107
198402020201
198402020202
198402020203
198402020204
198402020205
198402020206
198402020301
198402020401
198402020402
198402020403
198402020404
198402020405
198402020406
198402020407
198402020408
198402020409
198402020501
198402020502
198402020503
198402020504
198402020505
198402020506
198402020601
198402020602
198402020603
198402020604
198402020605
198402020701
198402020702
198402020703
198402020704
198402020705
198402020706
198402020801
198402020802
198402020803
198402020804