198405010311
198405010411
198405010502
198405010711
198405010810
198405020407
198405020410
198405020509
198405020608
198405020611
198405020811
198405030109
198405030110
198405030211
198405030309
198405030409
198405030510
198405030611
198405030808
198405040203
198405040206
198405040310
198405040405
198405040406
198405040410
198405040503
198405040604
198405040707
198405040709
198405040801
198405040810
198405050112
198405050207
198405050306
198405050411
198405050506
198405050602
198405050708
198405050711
198405050810