198406010101
198406010102
198406010103
198406010104
198406010105
198406010106
198406010107
198406010108
198406010109
198406010110
198406010111
198406010201
198406010202
198406010203
198406010601
198406010602
198406010603
198406010604
198406010605
198406010606
198406010607
198406010608
198406010609
198406010610
198406010801
198406010802
198406010803
198406010804
198406010805
198406010806
198406010807
198406010808
198406010809
198406010810
198406010811
198406020101
198406020102
198406020103
198406020104
198406020105
198406020106
198406020201
198406020202
198406020203
198406020204
198406020205
198406020206
198406020207
198406020208
198406020209
198406020301
198406020302
198406020303
198406020304
198406020305
198406020306
198406020307
198406020308
198406020309
198406020310
198406020311
198406020401
198406020402
198406020403
198406020404
198406020405
198406020406
198406020407
198406020408
198406020409
198406020410
198406020501
198406020502
198406020503
198406020504
198406020505
198406020506
198406020507
198406020508
198406020509
198406020510
198406020511
198406020601
198406020602
198406020603
198406020604
198406020605
198406020606
198406020607
198406020608
198406020609
198406020610
198406020611
198406020701
198406020702
198406020703
198406020704
198406020705
198406020706
198406020707
198406020708
198406020709
198406020710
198406020801
198406020802
198406020803
198406020804
198406020805
198406020806
198406020807
198406020808
198406020809
198406020810
198406020811
198406020812
198406030101
198406030102
198406030103
198406030104
198406030105
198406030106
198406030107
198406030108
198406030109
198406030110
198406030111
198406030201
198406030202
198406030203
198406030204
198406030205
198406030206
198406030207
198406030208
198406030209
198406030210
198406030211
198406030212
198406030301
198406030302
198406030303
198406030304
198406030305
198406030306
198406030307
198406030308
198406030309
198406030310
198406030311
198406030312
198406030401
198406030402
198406030403
198406030404
198406030405
198406030406
198406030407
198406030408
198406030409
198406030410
198406030411
198406030412
198406030501
198406030502
198406030503
198406030504
198406030505
198406030506
198406030507
198406030508
198406030509
198406030510
198406030601
198406030602
198406030603
198406030604
198406030605
198406030606
198406030607
198406030608
198406030609
198406030610
198406030701
198406030702
198406030703
198406030704
198406030705
198406030706
198406030707
198406030708
198406030709
198406030710
198406030711
198406030712
198406030801
198406030802
198406030803
198406030804
198406030805
198406030806
198406030807
198406030808
198406030809
198406040101
198406040102
198406040103
198406040104
198406040105
198406040106
198406040107
198406040108
198406040109
198406040201
198406040202
198406040203
198406040204
198406040205
198406040206
198406040207
198406040208
198406040209
198406040210
198406040701
198406040702
198406040703
198406040704
198406040705
198406040706
198406040707
198406040708
198406040709
198406040710
198406040711
198406050101
198406050102
198406050103
198406050104
198406050105
198406050201
198406050202
198406050203
198406050204
198406050205
198406050206
198406050207
198406050208
198406050209
198406050210
198406050211
198406050301
198406050302
198406050303
198406050304
198406050305
198406050306
198406050307
198406050308
198406050309
198406050310
198406050401
198406050402
198406050403
198406050404
198406050405
198406050406
198406050407
198406050408
198406050409
198406050410
198406050601
198406050602
198406050603
198406050604
198406050605
198406050606
198406050607
198406050608
198406050609
198406050610
198406050701
198406050702
198406050703
198406050704
198406050705
198406050706
198406050707
198406050708
198406050709
198406050710
198406050711
198406050712
198406050801
198406050802
198406050803
198406050804
198406050805
198406050806
198406050807
198406050808
198406050809
198406050810