198409010201
198409010202
198409010203
198409010204
198409010205
198409010206
198409010207
198409010301
198409010302
198409010303
198409010304
198409010305
198409010401
198409010402
198409010403
198409010404
198409010405
198409010501
198409010502
198409010503
198409010601
198409010701
198409010702
198409010703
198409010704
198409010705
198409010706
198409010707
198409010708
198409010709
198409010710
198409010711
198409010801
198409010802
198409010803
198409010804
198409010805
198409020101
198409020102
198409020103
198409020104
198409020105
198409020106
198409020107
198409020108
198409020201
198409020202
198409020203
198409020204
198409020205
198409020206
198409020207
198409020208
198409020209
198409020210
198409020211
198409020301
198409020302
198409020303
198409020304
198409020305
198409020306
198409020307
198409020308
198409020309
198409020401
198409020402
198409020403
198409020404
198409020405
198409020406
198409020407
198409020408
198409020409
198409020410
198409020411
198409020701
198409020702
198409020703
198409020704
198409020705
198409020706
198409020707
198409020708
198409020709
198409020710
198409030101
198409030102
198409030103
198409030104
198409030105
198409030106
198409030107
198409030108
198409030109
198409030110
198409030111
198409030112
198409030401
198409030402
198409030403
198409030404
198409030405
198409030406
198409030407
198409030408
198409030409
198409030410
198409030411
198409030501
198409030502
198409030503
198409030504
198409030505
198409030506
198409030507
198409030508
198409030601
198409030602
198409030603
198409030604
198409030605
198409030606
198409030607
198409030608
198409030609
198409030610
198409030701
198409030702
198409030703
198409030704
198409030705
198409030706
198409030707
198409030708
198409030709
198409030710
198409030711
198409030712
198409040201
198409040202
198409040203
198409040204
198409040205
198409040206
198409040207
198409040208
198409040209
198409040210
198409040211
198409040212
198409040701
198409040702
198409040801
198409040802
198409040803
198409040804
198409050201
198409050202
198409050203
198409050204
198409050205
198409050206
198409050207
198409050208
198409050301
198409050302
198409050303
198409050304
198409050305
198409050306
198409050307
198409050308
198409050309
198409050310
198409050311
198409050501
198409050502
198409050503
198409050504
198409050505
198409050506
198409050507
198409050508
198409050701
198409050702
198409050703
198409050704
198409050705
198409050706
198409050707
198409050708
198409050801
198409050802
198409050803
198409050804
198409050805
198409050806
198409050807
198409050808
198409050809
198409050810
198409050811