198410010101
198410010102
198410010103
198410010104
198410010105
198410010106
198410010107
198410010108
198410010109
198410010110
198410010201
198410010202
198410010203
198410010204
198410010205
198410010206
198410010207
198410010208
198410010209
198410010210
198410010401
198410010402
198410010403
198410010404
198410010405
198410010406
198410010407
198410010408
198410010409
198410010410
198410010701
198410010702
198410010703
198410010704
198410010705
198410010706
198410010707
198410010708
198410010709
198410010710
198410010801
198410010802
198410010803
198410010804
198410010805
198410010806
198410010807
198410010808
198410010809
198410010810
198410010811
198410020101
198410020102
198410020103
198410020104
198410020105
198410020106
198410020401
198410020402
198410020403
198410020404
198410020405
198410020406
198410020407
198410020408
198410020409
198410020410
198410020501
198410020502
198410020503
198410020504
198410020601
198410020602
198410020603
198410020604
198410020605
198410020606
198410020607
198410020608
198410020609
198410020701
198410020702
198410020703
198410020704
198410020705
198410020706
198410020707
198410020708
198410020709
198410020710
198410030101
198410030102
198410030103