200002010101
200002010102
200002010103
200002010104
200002010105
200002010106
200002010107
200002010108
200002010109
200002010110
200002010111
200002010112
200002010201
200002010202
200002010203
200002010204
200002010205
200002010206
200002010207
200002010208
200002010209
200002010210
200002010301
200002010302
200002010303
200002010304
200002010305
200002010306
200002010307
200002010308
200002010309
200002010310
200002010311
200002010312
200002010401
200002010402
200002010403
200002010404
200002010405
200002010406
200002010407
200002010408
200002010409
200002010410
200002010411
200002010412
200002010501
200002010502
200002010503
200002010504
200002010505
200002010506
200002010507
200002010508
200002010509
200002010510
200002010511
200002010601
200002010602
200002010603
200002010604
200002010605
200002010606
200002010607
200002010608
200002010609
200002010610
200002010611
200002010612
200002010701
200002010702
200002010703
200002010704
200002010705
200002010706
200002010707
200002010708
200002010709
200002010710
200002010711
200002010712
200002010801
200002010802
200002010803
200002010804
200002010805
200002010806
200002010807
200002010808
200002010809
200002010810
200002010811
200002020101
200002020102
200002020103
200002020104
200002020105
200002020106
200002020107
200002020108
200002020109
200002020110
200002020111
200002020112
200002020201
200002020202
200002020203
200002020204
200002020205
200002020206
200002020207
200002020208
200002020209
200002020210
200002020211
200002020301
200002020302
200002020303
200002020304
200002020305
200002020306
200002020307
200002020308
200002020309
200002020310
200002020311
200002020401
200002020402
200002020403
200002020404
200002020405
200002020406
200002020407
200002020408
200002020409
200002020410
200002020411
200002020501
200002020502
200002020503
200002020504
200002020505
200002020506
200002020507
200002020508
200002020509
200002020510
200002020511
200002020512
200002020601
200002020602
200002020603
200002020604
200002020605
200002020606
200002020607
200002020608
200002020609
200002020610
200002020611
200002020701
200002020702
200002020703
200002020704
200002020705
200002020706
200002020707
200002020708
200002020709
200002020710
200002020711
200002020712
200002020801
200002020802
200002020803
200002020804
200002020805
200002020806
200002020807
200002020808
200002020809
200002020810
200002020811
200002020812