200003010101
200003010102
200003010103
200003010105
200003010106
200003010110
200003010111
200003010112
200003010202
200003010203
200003010206
200003010207
200003010208
200003010211
200003010301
200003010305
200003010306
200003010307
200003010308
200003010310
200003010312
200003010401
200003010402
200003010403
200003010405
200003010406
200003010408
200003010409
200003010411
200003010503
200003010505
200003010506
200003010507
200003010508
200003010602
200003010603
200003010604
200003010605
200003010607
200003010610
200003010701
200003010706
200003010707
200003010709
200003010711
200003010712
200003010801
200003010802
200003010804
200003010805
200003010809
200003010811
200003010812
200003020102
200003020105
200003020108
200003020109
200003020110
200003020111
200003020112
200003020201
200003020202
200003020203
200003020208
200003020209
200003020304
200003020305
200003020308
200003020309
200003020310
200003020312
200003020402
200003020406
200003020407
200003020409
200003020410
200003020411
200003020504
200003020505
200003020506
200003020509
200003020510
200003020602
200003020603
200003020606
200003020607
200003020608
200003020609
200003020610
200003020611
200003020612
200003020704
200003020706
200003020708
200003020709
200003020712
200003020802
200003020803
200003020804
200003020805
200003020808
200003020810
200003020811
200003020812
200003030102
200003030104
200003030105
200003030107
200003030109
200003030111
200003030112
200003030202
200003030203
200003030205
200003030209
200003030210
200003030212
200003030301
200003030304
200003030306
200003030308
200003030309
200003030310
200003030311
200003030405
200003030407
200003030408
200003030410
200003030411
200003030504
200003030507
200003030508
200003030509
200003030510
200003030512
200003030603
200003030604
200003030605
200003030607
200003030611
200003030701
200003030702
200003030704
200003030705
200003030707
200003030710
200003030711
200003030803
200003030805
200003030808
200003030809
200003030810
200003030811
200003040101
200003040102
200003040106
200003040107
200003040109
200003040112
200003040202
200003040208
200003040209
200003040210
200003040211
200003040302
200003040304
200003040307
200003040308
200003040312
200003040402
200003040403
200003040405
200003040406
200003040409
200003040411
200003040412
200003040501
200003040502
200003040503
200003040504
200003040505
200003040508
200003040509
200003040510
200003040512
200003040601
200003040602
200003040603
200003040606
200003040608
200003040610
200003040611
200003040701
200003040705
200003040706
200003040707
200003040708
200003040710
200003040712
200003040801
200003040802
200003040803
200003040804
200003040805
200003040809
200003040810
200003040811
200003040812