200005010104
200005010107
200005010111
200005010112
200005010206
200005010207
200005010208
200005010210
200005010211
200005010301
200005010302
200005010303
200005010304
200005010305
200005010306
200005010307
200005010311
200005010401
200005010403
200005010406
200005010411
200005010412
200005010503
200005010510
200005010511
200005010512
200005010603
200005010604
200005010606
200005010607
200005010609
200005010610
200005010611
200005010612
200005010702
200005010703
200005010704
200005010705
200005010706
200005010708
200005010709
200005010711
200005010712
200005010803
200005010804
200005010808
200005010809
200005010811
200005010812
200005020104
200005020106
200005020108
200005020109
200005020111
200005020112
200005020206
200005020208
200005020209
200005020210
200005020211
200005020306
200005020307
200005020309
200005020310
200005020311
200005020312
200005020404
200005020407
200005020410
200005020411
200005020412
200005020506
200005020507
200005020509
200005020510
200005020601
200005020604
200005020605
200005020608
200005020609
200005020610
200005020611
200005020612
200005020702
200005020706
200005020707
200005020708
200005020709
200005020710
200005020711
200005020804
200005020807
200005020808
200005020809
200005020810
200005020811
200005020812
200005030102
200005030103
200005030106
200005030107
200005030108
200005030109
200005030110
200005030111
200005030201
200005030202
200005030203
200005030204
200005030205
200005030206
200005030207
200005030210
200005030211
200005030303
200005030304
200005030306
200005030307
200005030308
200005030309
200005030310
200005030311
200005030404
200005030405
200005030407
200005030408
200005030409
200005030410
200005030501
200005030503
200005030504
200005030506
200005030507
200005030508
200005030509
200005030510
200005030511
200005030602
200005030604
200005030605
200005030606
200005030611
200005030612
200005030702
200005030703
200005030705
200005030706
200005030707
200005030708
200005030709
200005030712
200005030801
200005030803
200005030804
200005030805
200005030806
200005030807
200005030809
200005030810
200005030811
200005030812
200005040102
200005040106
200005040107
200005040108
200005040109
200005040110
200005040206
200005040209
200005040210
200005040211
200005040304
200005040306
200005040308
200005040310
200005040311
200005040406
200005040407
200005040410
200005040411
200005040501
200005040502
200005040503
200005040504
200005040507
200005040508
200005040509
200005040602
200005040604
200005040606
200005040607
200005040609
200005040610
200005040611
200005040612
200005040706
200005040707
200005040708
200005040709
200005040803
200005040807
200005040810
200005040811
200005050101
200005050103
200005050107
200005050111
200005050201
200005050203
200005050205
200005050209
200005050210
200005050211
200005050301
200005050302
200005050303
200005050305
200005050306
200005050308
200005050310
200005050311
200005050312
200005050402
200005050403
200005050405
200005050406
200005050407
200005050410
200005050411
200005050412
200005050501
200005050502
200005050503
200005050505
200005050506
200005050507
200005050509
200005050510
200005050511
200005050512
200005050601
200005050606
200005050607
200005050610
200005050701
200005050702
200005050703
200005050706
200005050709
200005050711
200005050712
200005050801
200005050802
200005050803
200005050807
200005050808
200005050811
200005050812
200005060101
200005060102
200005060105
200005060106
200005060111
200005060202
200005060203
200005060204
200005060208
200005060210
200005060211
200005060212
200005060301
200005060302
200005060303
200005060304
200005060307
200005060309
200005060311
200005060402
200005060403
200005060407
200005060408
200005060409
200005060410
200005060411
200005060412
200005060502
200005060506
200005060507
200005060509
200005060510
200005060511
200005060603
200005060604
200005060607
200005060608
200005060609
200005060610
200005060611
200005060612
200005060701
200005060703
200005060708
200005060710
200005060711
200005060712
200005060801
200005060802
200005060803
200005060804
200005060806
200005060808
200005060810
200005060811