200006010101
200006010103
200006010104
200006010107
200006010108
200006010109
200006010110
200006010201
200006010204
200006010206
200006010210
200006010211
200006010212
200006010302
200006010305
200006010308
200006010310
200006010311
200006010404
200006010408
200006010409
200006010411
200006010503
200006010506
200006010510
200006010511
200006010604
200006010606
200006010607
200006010609
200006010610
200006010611
200006010702
200006010704
200006010706
200006010707
200006010709
200006010710
200006010711
200006010803
200006010810
200006010811
200006010812
200006020101
200006020102
200006020106
200006020109
200006020110
200006020111
200006020112
200006020201
200006020207
200006020211
200006020302
200006020303
200006020304
200006020307
200006020308
200006020309
200006020310
200006020311
200006020402
200006020404
200006020408
200006020409
200006020410
200006020501
200006020507
200006020509
200006020510
200006020511
200006020602
200006020603
200006020606
200006020611
200006020612
200006020702
200006020704
200006020709
200006020710
200006020711
200006020804
200006020806
200006020807
200006020808
200006020809
200006020810
200006020811
200006030102
200006030103
200006030108
200006030109
200006030110
200006030111
200006030112
200006030202
200006030206
200006030207
200006030209
200006030210
200006030211
200006030302
200006030306
200006030307
200006030309
200006030310
200006030311
200006030401
200006030402
200006030411
200006030412
200006030504
200006030505
200006030507
200006030509
200006030511
200006030512
200006030606
200006030607
200006030609
200006030610
200006030611
200006030701
200006030704
200006030706
200006030707
200006030709
200006030710
200006030712
200006030801
200006030802
200006030804
200006030806
200006030807
200006030808
200006030810
200006030811
200006040101
200006040106
200006040107
200006040108
200006040111
200006040203
200006040206
200006040207
200006040209
200006040211
200006040301
200006040305
200006040307
200006040308
200006040309
200006040310
200006040311
200006040312
200006040401
200006040402
200006040406
200006040407
200006040408
200006040409
200006040412
200006040506
200006040507
200006040511
200006040512
200006040602
200006040603
200006040604
200006040606
200006040607
200006040609
200006040612
200006040702
200006040704
200006040706
200006040707
200006040709
200006040710
200006040711
200006040802
200006040803
200006040806
200006040807
200006040808
200006040810
200006040811
200006040812
200006050101
200006050102
200006050103
200006050104
200006050107
200006050109
200006050110
200006050111
200006050112
200006050203
200006050204
200006050206
200006050208
200006050209
200006050210
200006050211
200006050212
200006050301
200006050303
200006050307
200006050309
200006050311
200006050312
200006050401
200006050404
200006050406
200006050408
200006050409
200006050410
200006050411
200006050501
200006050502
200006050506
200006050507
200006050510
200006050512
200006050601
200006050602
200006050603
200006050604
200006050607
200006050609
200006050611
200006050703
200006050706
200006050707
200006050710
200006050711
200006050712
200006050801
200006050804
200006050807
200006050808
200006050809
200006050810
200006050811
200006050812
200006060102
200006060103
200006060104
200006060105
200006060106
200006060107
200006060109
200006060110
200006060111
200006060203
200006060204
200006060206
200006060208
200006060209
200006060210
200006060211
200006060212
200006060301
200006060306
200006060307
200006060309
200006060310
200006060311
200006060401
200006060402
200006060403
200006060404
200006060405
200006060406
200006060407
200006060409
200006060410
200006060411
200006060412
200006060501
200006060502
200006060504
200006060507
200006060508
200006060509
200006060510
200006060511
200006060602
200006060603
200006060605
200006060608
200006060609
200006060610
200006060611
200006060612
200006060702
200006060703
200006060704
200006060705
200006060706
200006060709
200006060711
200006060802
200006060803
200006060805
200006060806
200006060808
200006060809