196607020401
196607020402
196607020403
196607020404
196607020405
196607020406
196607020407
196607020501
196607020502
196607020503
196607020504
196607020505
196607020506
196607020507
196607020701
196607020702
196607020703
196607020704
196607020705
196607020706
196607020707
196607020708
196607020709
196607030101
196607030102
196607030103
196607030104
196607030105
196607030106
196607030107
196607030108
196607040101
196607040102
196607040103
196607040104
196607040105
196607040106
196607040107
196607040401
196607040402
196607040403
196607040404
196607040405
196607040406
196607040407
196607040408
196607040409