196608010301
196608010302
196608010303
196608010304
196608010305
196608010306
196608010307
196608010308
196608010309
196608010310
196608010601
196608010701
196608010702
196608010703
196608010704
196608010705
196608010706
196608010707
196608010708
196608010709
196608010710
196608010711
196608010712
196608020201
196608020202
196608020203
196608020204
196608020205
196608020206
196608020207
196608020208
196608020209
196608020210
196608020601
196608020602
196608020603
196608040701
196608040702
196608050201
196608050202
196608050203
196608050204
196608050205
196608050206
196608050207
196608050208
196608050401
196608050402
196608050403
196608050404
196608050405
196608050406
196608050407
196608050408
196608050409
196608050501
196608050502
196608050503
196608050504
196608050505
196608050506
196608050507
196608060201
196608060202
196608060203
196608060204
196608060205
196608060701
196608060702
196608060703
196608060704
196608060705
196608060706
196608060707
196608060708
196608060709
196608060801
196608060802
196608060803
196608060804
196608060805
196608060806
196608070701
196608070702
196608070703
196608070704
196608070705
196608070706
196608070707
196608080301
196608080302
196608080303
196608080304
196608080601
196608080602