196405010701
196405010702
196405010703
196405010704
196405010705
196405010706
196405010707
196405010708
196405030101
196405030102
196405030103
196405030104
196405030105
196405070101
196405070102
196405070103
196405070104
196405070105
196405070106
196405070107
196405070201
196405070202
196405070203
196405070204
196405070205
196405070206
196405070207
196405070208
196405070209
196405070401
196405070402
196405070403
196405070404
196405070405
196405070406
196405070407
196405070408
196405070409
196405070410
196405070411
196405070501
196405070502
196405070503
196405070504
196405070505
196405070506
196405070507
196405070508
196405070509
196405070510
196405070701
196405070702
196405070703
196405070704
196405070705
196405070706
196405070707
196405070708
196405070709
196405070710
196405070711