196406010201
196406010202
196406010203
196406010204
196406010205
196406010206
196406010207
196406010208
196406010301
196406010302
196406010303
196406010304
196406010305
196406010306
196406010307
196406010308
196406010309
196406010701
196406010702
196406010703
196406010704
196406010705
196406010706
196406010707
196406010708
196406020701
196406020702
196406020703
196406020704
196406020705
196406020706
196406020707
196406020708
196406040601
196406040602
196406040603
196406040604
196406040605
196406040606
196406040607
196406040608
196406040609
196406050101
196406050102
196406050103
196406050104
196406050105
196406050106
196406050107
196406050108
196406050109
196406050110
196406050111
196406050501
196406050502
196406050503
196406050504
196406050505
196406050506
196406050507
196406050701
196406050702
196406050703
196406050704
196406060401
196406060402
196406060403
196406060404
196406060405
196406060406
196406060407
196406060408
196406060409
196406060601
196406060602
196406060603
196406060604
196406060605
196406060606
196406060607
196406060608
196406060609
196406060610
196406060611
196406060612
196406060801
196406060802
196406060803
196406060804
196406060805
196406060806
196406060807
196406060808
196406060809