196408020301
196408020302
196408020303
196408020304
196408020305
196408020306
196408020307
196408020308
196408020309
196408020310
196408040201
196408040202
196408040203
196408040204
196408040205
196408040601
196408040602
196408040603
196408040604
196408040605
196408040606
196408040607
196408040608
196408050101
196408050102
196408050103
196408050104
196408050105
196408050106
196408050107
196408050108
196408050109
196408050201
196408050202
196408060201
196408060202
196408060203
196408060204
196408060205
196408060206
196408060207
196408060208
196408060209