200404010101
200404010102
200404010103
200404010104
200404010105
200404010106
200404010107
200404010108
200404010109
200404010110
200404010111
200404010112
200404010201
200404010202
200404010203
200404010204
200404010205
200404010206
200404010207
200404010208
200404010209
200404010210
200404010211
200404010301
200404010302
200404010303
200404010304
200404010305
200404010306
200404010307
200404010308
200404010309
200404010310
200404010311
200404010401
200404010402
200404010403
200404010404
200404010405
200404010406
200404010407
200404010408
200404010409
200404010410
200404010411
200404010412
200404010501
200404010502
200404010503
200404010504
200404010505
200404010506
200404010507
200404010508
200404010509
200404010510
200404010511
200404010512
200404010601
200404010602
200404010603
200404010604
200404010605
200404010606
200404010607
200404010608
200404010609
200404010610
200404010611
200404010701
200404010702
200404010703
200404010704
200404010705
200404010706
200404010707
200404010708
200404010709
200404010710
200404010711
200404010712
200404010801
200404010802
200404010803
200404010804
200404010805
200404010806
200404010807
200404010808
200404010809
200404010810
200404010811
200404010812
200404020101
200404020102
200404020103
200404020104
200404020105
200404020106
200404020107
200404020108
200404020109
200404020110
200404020111
200404020112
200404020201
200404020202
200404020203
200404020204
200404020205
200404020206
200404020207
200404020208
200404020209
200404020210
200404020211
200404020212
200404020301
200404020302
200404020303
200404020304
200404020305
200404020306
200404020307
200404020308
200404020309
200404020310
200404020311
200404020312
200404020401
200404020402
200404020403
200404020404
200404020405
200404020406
200404020407
200404020408
200404020409
200404020410
200404020411
200404020412
200404020501
200404020502
200404020503
200404020504
200404020505
200404020506
200404020507
200404020508
200404020509
200404020510
200404020511
200404020601
200404020602
200404020603
200404020604
200404020605
200404020606
200404020607
200404020608
200404020609
200404020610
200404020611
200404020701
200404020702
200404020703
200404020704
200404020705
200404020706
200404020707
200404020708
200404020709
200404020710
200404020711
200404020712
200404020801
200404020802
200404020803
200404020804
200404020805
200404020806
200404020807
200404020808
200404020809
200404020810
200404020811
200404030101
200404030102
200404030103
200404030104
200404030105
200404030106
200404030107
200404030108
200404030109
200404030110
200404030111
200404030112
200404030201
200404030202
200404030203
200404030204
200404030205
200404030206
200404030207
200404030208
200404030209
200404030210
200404030211
200404030212
200404030301
200404030302
200404030303
200404030304
200404030305
200404030306
200404030307
200404030308
200404030309
200404030310
200404030311
200404030312
200404030401
200404030402
200404030403
200404030404
200404030405
200404030406
200404030407
200404030408
200404030409
200404030410
200404030411
200404030501
200404030502
200404030503
200404030504
200404030505
200404030506
200404030507
200404030508
200404030509
200404030510
200404030511
200404030512
200404030601
200404030602
200404030603
200404030604
200404030605
200404030606
200404030607
200404030608
200404030609
200404030610
200404030611
200404030612
200404030701
200404030702
200404030703
200404030704
200404030705
200404030706
200404030707
200404030708
200404030709
200404030710
200404030711
200404030712
200404030801
200404030802
200404030803
200404030804
200404030805
200404030806
200404030807
200404030808
200404030809
200404030810
200404030811