200406010101
200406010102
200406010103
200406010104
200406010105
200406010106
200406010107
200406010108
200406010109
200406010110
200406010111
200406010112
200406010201
200406010202
200406010203
200406010204
200406010205
200406010206
200406010207
200406010208
200406010209
200406010210
200406010211
200406010212
200406010301
200406010302
200406010303
200406010304
200406010305
200406010306
200406010307
200406010308
200406010309
200406010310
200406010311
200406010312
200406010401
200406010402
200406010403
200406010404
200406010405
200406010406
200406010407
200406010408
200406010409
200406010410
200406010411
200406010412
200406010501
200406010502
200406010503
200406010504
200406010505
200406010506
200406010507
200406010508
200406010509
200406010510
200406010511
200406010512
200406010601
200406010602
200406010603
200406010604
200406010605
200406010606
200406010607
200406010608
200406010609
200406010610
200406010611
200406010612
200406010701
200406010702
200406010703
200406010704
200406010705
200406010706
200406010707
200406010708
200406010709
200406010710
200406010711
200406010712
200406010801
200406010802
200406010803
200406010804
200406010805
200406010806
200406010807
200406010808
200406010809
200406010810
200406010811
200406010812
200406020101
200406020102
200406020103
200406020104
200406020105
200406020106
200406020107
200406020108
200406020109
200406020110
200406020111
200406020112
200406020201
200406020202
200406020203
200406020204
200406020205
200406020206
200406020207
200406020208
200406020209
200406020210
200406020211
200406020212
200406020301
200406020302
200406020303
200406020304
200406020305
200406020306
200406020307
200406020308
200406020309
200406020310
200406020311
200406020312
200406020401
200406020402
200406020403
200406020404
200406020405
200406020406
200406020407
200406020408
200406020409
200406020410
200406020411
200406020412
200406020501
200406020502
200406020503
200406020504
200406020505
200406020506
200406020507
200406020508
200406020509
200406020510
200406020511
200406020512
200406020601
200406020602
200406020603
200406020604
200406020605
200406020606
200406020607
200406020608
200406020609
200406020610
200406020611
200406020612
200406020701
200406020702
200406020703
200406020704
200406020705
200406020706
200406020707
200406020708
200406020709
200406020710
200406020711
200406020712
200406020801
200406020802
200406020803
200406020804
200406020805
200406020806
200406020807
200406020808
200406020809
200406020810
200406020811
200406020812
200406030101
200406030102
200406030103
200406030104
200406030105
200406030106
200406030107
200406030108
200406030109
200406030110
200406030111
200406030112
200406030201
200406030202
200406030203
200406030204
200406030205
200406030206
200406030207
200406030208
200406030209
200406030210
200406030301
200406030302
200406030303
200406030304
200406030305
200406030306
200406030307
200406030308
200406030309
200406030310
200406030311
200406030312
200406030401
200406030402
200406030403
200406030404
200406030405
200406030406
200406030407
200406030408
200406030409
200406030410
200406030411
200406030412
200406030501
200406030502
200406030503
200406030504
200406030505
200406030506
200406030507
200406030508
200406030509
200406030510
200406030511
200406030512
200406030601
200406030602
200406030603
200406030604
200406030605
200406030606
200406030607
200406030608
200406030609
200406030610
200406030611
200406030612
200406030701
200406030702
200406030703
200406030704
200406030705
200406030706
200406030707
200406030708
200406030709
200406030710
200406030801
200406030802
200406030803
200406030804
200406030805
200406030806
200406030807
200406030808
200406030809
200406030810
200406030811
200406030812
200406040101
200406040102
200406040103
200406040104
200406040105
200406040106
200406040107
200406040108
200406040109
200406040110
200406040111
200406040112
200406040201
200406040202
200406040203
200406040204
200406040205
200406040206
200406040207
200406040208
200406040209
200406040210
200406040211
200406040212
200406040301
200406040302
200406040303
200406040304
200406040305
200406040306
200406040307
200406040308
200406040309
200406040310
200406040311
200406040312
200406040401
200406040402
200406040403
200406040404
200406040405
200406040406
200406040407
200406040408
200406040409
200406040410
200406040411
200406040412
200406040501
200406040502
200406040503
200406040504
200406040505
200406040506
200406040507
200406040508
200406040509
200406040510
200406040511
200406040512
200406040601
200406040602
200406040603
200406040604
200406040605
200406040606
200406040607
200406040608
200406040609
200406040610
200406040611
200406040701
200406040702
200406040703
200406040704
200406040705
200406040706
200406040707
200406040708
200406040709
200406040710
200406040711
200406040712
200406040801
200406040802
200406040803
200406040804
200406040805
200406040806
200406040807
200406040808
200406040809
200406040810
200406040811
200406050101
200406050102
200406050103
200406050104
200406050105
200406050106
200406050107
200406050108
200406050109
200406050110
200406050111
200406050112
200406050201
200406050202
200406050203
200406050204
200406050205
200406050206
200406050207
200406050208
200406050209
200406050210
200406050211
200406050212
200406050301
200406050302
200406050303
200406050304
200406050305
200406050306
200406050307
200406050308
200406050309
200406050310
200406050311
200406050312
200406050401
200406050402
200406050403
200406050404
200406050405
200406050406
200406050407
200406050408
200406050409
200406050410
200406050411
200406050412
200406050501
200406050502
200406050503
200406050504
200406050505
200406050506
200406050507
200406050508
200406050509
200406050510
200406050511
200406050512
200406050601
200406050602
200406050603
200406050604
200406050605
200406050606
200406050607
200406050608
200406050609
200406050610
200406050611
200406050612
200406050701
200406050702
200406050703
200406050704
200406050705
200406050706
200406050707
200406050708
200406050709
200406050710
200406050711
200406050712
200406050801
200406050802
200406050803
200406050804
200406050805
200406050806
200406050807
200406050808
200406050809