200407010101
200407010102
200407010103
200407010104
200407010105
200407010106
200407010107
200407010108
200407010109
200407010110
200407010111
200407010112
200407010201
200407010202
200407010203
200407010204
200407010205
200407010206
200407010207
200407010208
200407010209
200407010210
200407010211
200407010212
200407010301
200407010302
200407010303
200407010304
200407010305
200407010306
200407010307
200407010308
200407010309
200407010310
200407010311
200407010312
200407010401
200407010402
200407010403
200407010404
200407010405
200407010406
200407010407
200407010408
200407010409
200407010410
200407010411
200407010501
200407010502
200407010503
200407010504
200407010505
200407010506
200407010507
200407010508
200407010509
200407010510
200407010511
200407010512
200407010601
200407010602
200407010603
200407010604
200407010605
200407010606
200407010607
200407010608
200407010609
200407010610
200407010611
200407010701
200407010702
200407010703
200407010704
200407010705
200407010706
200407010707
200407010708
200407010709
200407010710
200407010711
200407010712
200407010801
200407010802
200407010803
200407010804
200407010805
200407010806
200407010807
200407010808
200407010809
200407010810
200407010811
200407010812
200407020101
200407020102
200407020103
200407020104
200407020105
200407020106
200407020107
200407020108
200407020109
200407020110
200407020111
200407020112
200407020201
200407020202
200407020203
200407020204
200407020205
200407020206
200407020207
200407020208
200407020209
200407020210
200407020211
200407020212
200407020301
200407020302
200407020303
200407020304
200407020305
200407020306
200407020307
200407020308
200407020309
200407020310
200407020311
200407020401
200407020402
200407020403
200407020404
200407020405
200407020406
200407020407
200407020408
200407020409
200407020410
200407020411
200407020412
200407020501
200407020502
200407020503
200407020504
200407020505
200407020506
200407020507
200407020508
200407020509
200407020510
200407020511
200407020601
200407020602
200407020603
200407020604
200407020605
200407020606
200407020607
200407020608
200407020609
200407020610
200407020611
200407020701
200407020702
200407020703
200407020704
200407020705
200407020706
200407020707
200407020708
200407020709
200407020710
200407020711
200407020801
200407020802
200407020803
200407020804
200407020805
200407020806
200407020807
200407020808
200407020809
200407020810
200407020811
200407020812
200407030101
200407030102
200407030103
200407030104
200407030105
200407030106
200407030107
200407030108
200407030109
200407030110
200407030111
200407030112
200407030201
200407030202
200407030203
200407030204
200407030205
200407030206
200407030207
200407030208
200407030209
200407030210
200407030211
200407030212
200407030301
200407030302
200407030303
200407030304
200407030305
200407030306
200407030307
200407030308
200407030309
200407030310
200407030311
200407030312
200407030401
200407030402
200407030403
200407030404
200407030405
200407030406
200407030407
200407030408
200407030409
200407030410
200407030411
200407030501
200407030502
200407030503
200407030504
200407030505
200407030506
200407030507
200407030508
200407030509
200407030510
200407030511
200407030512
200407030601
200407030602
200407030603
200407030604
200407030605
200407030606
200407030607
200407030608
200407030609
200407030610
200407030611
200407030612
200407030701
200407030702
200407030703
200407030704
200407030705
200407030706
200407030707
200407030708
200407030709
200407030710
200407030711
200407030712
200407030801
200407030802
200407030803
200407030804
200407030805
200407030806
200407030807
200407030808
200407030809
200407030810
200407030811
200407030812