200409010101
200409010102
200409010103
200409010104
200409010105
200409010106
200409010107
200409010108
200409010109
200409010110
200409010111
200409010112
200409010201
200409010202
200409010203
200409010204
200409010205
200409010206
200409010207
200409010208
200409010209
200409010210
200409010211
200409010301
200409010302
200409010303
200409010304
200409010305
200409010306
200409010307
200409010308
200409010309
200409010310
200409010311
200409010312
200409010401
200409010402
200409010403
200409010404
200409010405
200409010406
200409010407
200409010408
200409010409
200409010410
200409010411
200409010412
200409010501
200409010502
200409010503
200409010504
200409010505
200409010506
200409010507
200409010508
200409010509
200409010510
200409010511
200409010512
200409010601
200409010602
200409010603
200409010604
200409010605
200409010606
200409010607
200409010608
200409010609
200409010610
200409010611
200409010612
200409010701
200409010702
200409010703
200409010704
200409010705
200409010706
200409010707
200409010708
200409010709
200409010710
200409010711
200409010801
200409010802
200409010803
200409010804
200409010805
200409010806
200409010807
200409010808
200409010809
200409010810
200409010811
200409010812
200409020101
200409020102
200409020103
200409020104
200409020105
200409020106
200409020107
200409020108
200409020109
200409020110
200409020111
200409020112
200409020201
200409020202
200409020203
200409020204
200409020205
200409020206
200409020207
200409020208
200409020209
200409020210
200409020211
200409020212
200409020301
200409020302
200409020303
200409020304
200409020305
200409020306
200409020307
200409020308
200409020309
200409020310
200409020311
200409020312
200409020401
200409020402
200409020403
200409020404
200409020405
200409020406
200409020407
200409020408
200409020409
200409020410
200409020411
200409020412
200409020501
200409020502
200409020503
200409020504
200409020505
200409020506
200409020507
200409020508
200409020509
200409020510
200409020511
200409020512
200409020601
200409020602
200409020603
200409020604
200409020605
200409020606
200409020607
200409020608
200409020609
200409020610
200409020611
200409020612
200409020701
200409020702
200409020703
200409020704
200409020705
200409020706
200409020707
200409020708
200409020709
200409020710
200409020711
200409020801
200409020802
200409020803
200409020804
200409020805
200409020806
200409020807
200409020808
200409020809
200409020810
200409020811
200409030101
200409030102
200409030103
200409030104
200409030105
200409030106
200409030107
200409030108
200409030109
200409030110
200409030111
200409030201
200409030202
200409030203
200409030204
200409030205
200409030206
200409030207
200409030208
200409030209
200409030210
200409030301
200409030302
200409030303
200409030304
200409030305
200409030306
200409030307
200409030308
200409030309
200409030310
200409030311
200409030401
200409030402
200409030403
200409030404
200409030405
200409030406
200409030407
200409030408
200409030409
200409030410
200409030411
200409030412
200409030501
200409030502
200409030503
200409030504
200409030505
200409030506
200409030507
200409030508
200409030509
200409030510
200409030511
200409030512
200409030601
200409030602
200409030603
200409030604
200409030605
200409030606
200409030607
200409030608
200409030609
200409030610
200409030611
200409030612
200409030701
200409030702
200409030703
200409030704
200409030705
200409030706
200409030707
200409030708
200409030709
200409030710
200409030711
200409030712
200409030801
200409030802
200409030803
200409030804
200409030805
200409030806
200409030807
200409030808
200409030809
200409030810
200409030811
200409040101
200409040102
200409040103
200409040104
200409040105
200409040106
200409040107
200409040108
200409040109
200409040110
200409040111
200409040112
200409040201
200409040202
200409040203
200409040204
200409040205
200409040206
200409040207
200409040208
200409040209
200409040210
200409040211
200409040212
200409040301
200409040302
200409040303
200409040304
200409040305
200409040306
200409040307
200409040308
200409040309
200409040310
200409040311
200409040312
200409040401
200409040402
200409040403
200409040404
200409040405
200409040406
200409040407
200409040408
200409040409
200409040410
200409040411
200409040501
200409040502
200409040503
200409040504
200409040505
200409040506
200409040507
200409040508
200409040509
200409040510
200409040511
200409040512
200409040601
200409040602
200409040603
200409040604
200409040605
200409040606
200409040607
200409040608
200409040609
200409040610
200409040611
200409040612
200409040701
200409040702
200409040703
200409040704
200409040705
200409040706
200409040707
200409040708
200409040709
200409040710
200409040711
200409040712
200409040801
200409040802
200409040803
200409040804
200409040805
200409040806
200409040807
200409040808
200409040809
200409040810
200409040811
200409040812
200409050101
200409050102
200409050103
200409050104
200409050105
200409050106
200409050107
200409050108
200409050109
200409050110
200409050111
200409050112
200409050201
200409050202
200409050203
200409050204
200409050205
200409050206
200409050207
200409050208
200409050209
200409050210
200409050211
200409050212
200409050301
200409050302
200409050303
200409050304
200409050305
200409050306
200409050307
200409050308
200409050309
200409050310
200409050311
200409050312
200409050401
200409050402
200409050403
200409050404
200409050405
200409050406
200409050407
200409050408
200409050409
200409050410
200409050411
200409050501
200409050502
200409050503
200409050504
200409050505
200409050506
200409050507
200409050508
200409050509
200409050510
200409050511
200409050512
200409050601
200409050602
200409050603
200409050604
200409050605
200409050606
200409050607
200409050608
200409050609
200409050610
200409050611
200409050701
200409050702
200409050703
200409050704
200409050705
200409050706
200409050707
200409050708
200409050709
200409050710
200409050711
200409050801
200409050802
200409050803
200409050804
200409050805
200409050806
200409050807
200409050808
200409050809
200409050810
200409050811
200409050812