195905020601
195905020602
195905020603
195905020604
195905020605
195905020606
195905020607
195905020608
195905020609
195905020610
195905020611
195905050101
195905050102
195905050103
195905050104
195905050105
195905050106
195905050107
195905050108
195905050109
195905050110
195905050501
195905050502
195905050503
195905050504
195905050505
195905050506
195905050507
195905050508
195905050509
195905050510
195905050511
195905060101
195905060102
195905060103
195905060104
195905060105
195905060401
195905060402
195905060403
195905060404
195905060501
195905060502
195905060503
195905060504
195905060505
195905060506
195905060507
195905060508
195905060509
195905060510
195905060511