195906010501
195906010502
195906010503
195906010504
195906010505
195906010506
195906010507
195906010508
195906010509
195906010510
195906010511
195906010701
195906010702
195906010703
195906010704
195906010705
195906010706
195906020301
195906020302
195906020303
195906020304
195906020305
195906020306
195906020307
195906020308
195906020309
195906020310
195906020311
195906020601
195906020602
195906020603
195906020604
195906020605
195906020606
195906020607
195906020608
195906020609
195906020610
195906020611
195906020612
195906040201
195906040202
195906040203
195906040204
195906040205
195906040206
195906040207
195906040208
195906040209
195906040210
195906060101
195906060102
195906060103
195906060104
195906060105
195906060106
195906060107
195906060601
195906060602
195906060603
195906060604
195906060605
195906060606
195906060607
195906060608
195906060609
195906060610
195906060611