201630042101
201630042102
201630042103
201630042104
201630042105
201630042106
201630042107
201630042108
201630042701
201630042702
201630042703
201630042704
201630042705
201630042706
201630042707
201630042708
201630042709
201630051101
201630051102
201630051103
201630051104
201630051105
201630051106
201630051107
201630051108
201630051109
201630051110
201630051201
201630051202
201630051203
201630051204
201630051205
201630051206
201630051207
201630051801
201630051802
201630051803
201630051804
201630051805
201630051806
201630051807
201630051808
201630052501
201630052502
201630052503
201630052504
201630052505
201630052506
201630052507
201630052508
201630052509
201630052510
201630053101
201630053102
201630053103
201630053104
201630053105
201630053106
201630053107
201630053108
201630053109
201630053110
201630053111
201630060801
201630060802
201630060803
201630060804
201630060805
201630060806
201630060807
201630060808
201630060809
201630060810
201630060901
201630060902
201630060903
201630060904
201630060905
201630060906
201630060907
201630060908
201630060909
201630060910
201630060911
201630061401
201630061402
201630061403
201630061404
201630061405
201630061406
201630061407
201630061408
201630061409
201630061410
201630061501
201630061502
201630061503
201630061504
201630061505
201630061506
201630061507
201630061508
201630061509
201630061510
201630061601
201630061602
201630061603
201630061604
201630061605
201630061606
201630061607
201630061608
201630061609
201630061610
201630062201
201630062202
201630062203
201630062204
201630062205
201630062206
201630062207
201630062208
201630062209
201630062301
201630062302
201630062303
201630062304
201630062305
201630062306
201630062307
201630062308
201630062309
201630062310
201630062311
201630062312
201630062801
201630062802
201630062803
201630062804
201630062805
201630062806
201630062901
201630062902
201630062903
201630062904
201630062905
201630062906
201630062907
201630062908
201630062909
201630062910
201630062911
201630063001
201630063002
201630063003
201630063004
201630063005
201630063006
201630063007
201630063008
201630063009
201630063010
201630070601
201630070602
201630070603
201630070604
201630070605
201630070606
201630070607
201630070608
201630070609
201630070610
201630071201
201630071202
201630071203
201630071204
201630071205
201630071206
201630071301
201630071302
201630071303
201630071304
201630071305
201630071306
201630071307
201630071401
201630071402
201630071403
201630071404
201630071405
201630071406
201630071407
201630071408
201630071409
201630071410
201630072001
201630072002
201630072003
201630072004
201630072005
201630072006
201630072007
201630072008
201630072009
201630072101
201630072102
201630072103
201630072104
201630072105
201630072106
201630072107
201630072108
201630072109
201630072110
201630072111
201630072601
201630072602
201630072603
201630072604
201630072605
201630072606
201630072607
201630072608
201630072701
201630072702
201630072703
201630072704
201630072705
201630072706
201630072707
201630072708
201630072709
201630072801
201630072802
201630072803
201630072804
201630072805
201630072806
201630072807
201630072808
201630072809
201630072810
201630080201
201630080202
201630080203
201630080204
201630080205
201630080206
201630080207
201630080208
201630080209
201630080210
201630080401
201630080402
201630080403
201630080404
201630080405
201630080406
201630080407
201630080408
201630080409
201630080410
201630080411
201630080901
201630080902
201630080903
201630080904
201630080905
201630080906
201630080907
201630080908
201630080909
201630080910
201630081001
201630081002
201630081003
201630081004
201630081005
201630081006
201630081007
201630081008
201630081009
201630081010
201630081011
201630081101
201630081102
201630081103
201630081104
201630081105
201630081106
201630081107
201630081108
201630081109
201630081110
201630081701
201630081702
201630081703
201630081704
201630081705
201630081706
201630081707
201630081708
201630081709
201630081710
201630081801
201630081802
201630081803
201630081804
201630081805
201630081806
201630081807
201630081808
201630081809
201630082301
201630082302
201630082303
201630082304
201630082305
201630082306
201630082307
201630082308
201630082309
201630082310
201630082311
201630082401
201630082402
201630082403
201630082404
201630082405
201630082406
201630082407
201630082408
201630082409
201630082410
201630082411
201630082412
201630082501
201630082502
201630082503
201630082504
201630082505
201630082506
201630082507
201630082508
201630082509
201630082510
201630082511
201630082512
201630083001
201630083002
201630083003
201630083004
201630083005
201630083006
201630083007
201630083008
201630083101
201630083102
201630083103
201630083104
201630083105
201630083106
201630083107
201630083108
201630083109
201630090101
201630090102
201630090103
201630090104
201630090105
201630090106
201630090107
201630090108
201630090109
201630090110
201630090601
201630090602
201630090603
201630090604
201630090605
201630090606
201630090607
201630090608
201630090609
201630090610
201630090701
201630090702
201630090703
201630090704
201630090705
201630090706
201630090707
201630090708
201630090709
201630090710
201630090711
201630090712
201630090801
201630090802
201630090803
201630090804
201630090805
201630090806
201630090807
201630090808
201630090809
201630090810
201630090811
201630091401
201630091402
201630091403
201630091404
201630091405
201630091501
201630091502
201630091503
201630091504
201630091505
201630091506
201630091507
201630091508
201630091509
201630092001
201630092002
201630092003
201630092004
201630092005
201630092006
201630092007
201630092008
201630092009
201630092010
201630092101
201630092102
201630092103
201630092104
201630092105
201630092106
201630092107
201630092108
201630092109
201630092110
201630092111
201630092701
201630092702
201630092703
201630092704
201630092705
201630092706
201630092707
201630092708
201630092709
201630092710
201630092711
201630092901
201630092902
201630092903
201630092904
201630092905
201630092906
201630092907
201630092908
201630092909
201630092910
201630092911
201630092912
201630100401
201630100402
201630100403
201630100404
201630100405
201630100406
201630100407
201630100408
201630100409
201630100501
201630100502
201630100503
201630100504
201630100505
201630100506
201630100507
201630100508
201630100509
201630100601
201630100602
201630100603
201630100604
201630100605
201630100606
201630100607
201630100608
201630100609
201630100610
201630100611
201630101101
201630101102
201630101103
201630101104
201630101105
201630101106
201630101107
201630101108
201630101109
201630101110
201630101111
201630101301
201630101302
201630101303
201630101304
201630101305
201630101306
201630101307
201630101308
201630101309
201630101310
201630101311
201630101312
201630101801
201630101802
201630101803
201630101804
201630101805
201630101806
201630101807
201630101808
201630101809
201630101810
201630101901
201630101902
201630101903
201630102001
201630102002
201630102003
201630102004
201630102005
201630102006
201630102007
201630102008
201630102009
201630102010
201630102011
201630102012
201630102501
201630102502
201630102503
201630102504
201630102505
201630102506
201630102507
201630102508
201630102509
201630102510
201630102511
201630102701
201630102702
201630102703
201630102704
201630102705
201630102706
201630102707
201630102708
201630102709
201630102710
201630110201
201630110202
201630110203
201630110204
201630110205
201630110206
201630110207
201630110208
201630110209
201630110210
201630110301
201630110302
201630110303
201630110304
201630110305
201630110306
201630110307
201630110308
201630110309
201630110310
201630110311
201630110312
201630110801
201630110802
201630110803
201630110804
201630110805
201630110806
201630110807
201630110808
201630110809
201630110810
201630110811
201630110901
201630110902
201630110903
201630110904
201630110905
201630110906
201630110907
201630110908
201630110909
201630110910
201630110911
201630110912
201630111001
201630111002
201630111003
201630111004
201630111005
201630111006