201636010201
201636010202
201636010203
201636010204
201636010205
201636010206
201636010207
201636010208
201636010209
201636010210
201636010301
201636010302
201636010303
201636010304
201636010305
201636010306
201636010307
201636010308
201636010309
201636010310
201636010401
201636010402
201636010403
201636010404
201636010405
201636010406
201636010407
201636010408
201636010409
201636010410
201636010901
201636010902
201636010903
201636010904
201636010905
201636010906
201636010907
201636010908
201636010909
201636010910
201636011001
201636011002
201636011003
201636011004
201636011005
201636011006
201636011007
201636011008
201636011009
201636011010
201636011101
201636011102
201636011103
201636011104
201636011105
201636011106
201636011107
201636011108
201636011109
201636011110
201636031901
201636031902
201636031903
201636031904
201636031905
201636031906
201636031907
201636031908
201636031909
201636031910
201636032001
201636032002
201636032003
201636032004
201636032005
201636032006
201636032007
201636032008
201636032009
201636032010
201636032101
201636032102
201636032103
201636032104
201636032105
201636032106
201636032107
201636032108
201636032109
201636032110
201636032601
201636032602
201636032603
201636032604
201636032605
201636032606
201636032607
201636032608
201636032609
201636032610
201636032701
201636032702
201636032703
201636032704
201636032705
201636032706
201636032707
201636032708
201636032709
201636032710
201636032801
201636032802
201636032803
201636032804
201636032805
201636032806
201636032807
201636032808
201636032809
201636032810
201636040201
201636040202
201636040203
201636040204
201636040205
201636040206
201636040207
201636040208
201636040209
201636040210
201636040211
201636040301
201636040302
201636040303
201636040304
201636040305
201636040306
201636040307
201636040308
201636040309
201636040310
201636040311
201636040401
201636040402
201636040403
201636040404
201636040405
201636040406
201636040407
201636040408
201636040409
201636040410
201636040411
201636040901
201636040902
201636040903
201636040904
201636040905
201636040906
201636040907
201636040908
201636040909
201636040910
201636041001
201636041002
201636041003
201636041004
201636041005
201636041006
201636041007
201636041008
201636041009
201636041010
201636041101
201636041102
201636041103
201636041104
201636041105
201636041106
201636041107
201636041108
201636041109
201636041110
201636041111
201636041601
201636041602
201636041603
201636041604
201636041605
201636041606
201636041607
201636041608
201636041609
201636041610
201636041611
201636041701
201636041702
201636041703
201636041704
201636041705
201636041706
201636041707
201636041708
201636041709
201636041710
201636041711
201636041801
201636041802
201636041803
201636041804
201636041805
201636041806
201636041807
201636041808
201636041809
201636041810
201636041811
201636042301
201636042302
201636042303
201636042304
201636042305
201636042306
201636042307
201636042308
201636042309
201636042310
201636042311
201636042401
201636042402
201636042403
201636042404
201636042405
201636042406
201636042407
201636042408
201636042409
201636042410
201636042411
201636042501
201636042502
201636042503
201636042504
201636042505
201636042506
201636042507
201636042508
201636042509
201636042510
201636042511
201636062501
201636062502
201636062503
201636062504
201636062505
201636062506
201636062507
201636062508
201636062509
201636062510
201636062601
201636062602
201636062603
201636062604
201636062605
201636062606
201636062607
201636062608
201636062609
201636062610
201636062611
201636062612
201636062701
201636062702
201636062703
201636062704
201636062705
201636062706
201636062707
201636062708
201636062709
201636062710
201636062711
201636062712
201636070201
201636070202
201636070203
201636070204
201636070205
201636070206
201636070207
201636070208
201636070209
201636070210
201636070211
201636070301
201636070302
201636070303
201636070304
201636070305
201636070306
201636070307
201636070308
201636070309
201636070310
201636070311
201636070312
201636070401
201636070402
201636070403
201636070404
201636070405
201636070406
201636070407
201636070408
201636070409
201636070410
201636070411
201636070412
201636082101
201636082102
201636082103
201636082104
201636082105
201636082106
201636082107
201636082108
201636082109
201636082110
201636082111
201636082201
201636082202
201636082203
201636082204
201636082205
201636082206
201636082207
201636082208
201636082209
201636082210
201636082211
201636082301
201636082302
201636082303
201636082304
201636082305
201636082306
201636082307
201636082308
201636082309
201636082310
201636082311
201636082701
201636082702
201636082703
201636082704
201636082705
201636082706
201636082707
201636082708
201636082709
201636082710
201636082711
201636082801
201636082802
201636082803
201636082804
201636082805
201636082806
201636082807
201636082808
201636082809
201636082810
201636082811
201636082812
201636082901
201636082902
201636082903
201636082904
201636082905
201636082906
201636082907
201636082908
201636082909
201636082910
201636082911
201636082912
201636090301
201636090302
201636090303
201636090304
201636090305
201636090306
201636090307
201636090308
201636090309
201636090310
201636090311
201636090401
201636090402
201636090403
201636090404
201636090405
201636090406
201636090407
201636090408
201636090409
201636090410
201636090411
201636090501
201636090502
201636090503
201636090504
201636090505
201636090506
201636090507
201636090508
201636090509
201636090510
201636090511
201636090512
201636091001
201636091002
201636091003
201636091004
201636091005
201636091006
201636091007
201636091008
201636091009
201636091010
201636091011
201636091101
201636091102
201636091103
201636091104
201636091105
201636091106
201636091107
201636091108
201636091109
201636091110
201636091111
201636091201
201636091202
201636091203
201636091204
201636091205
201636091206
201636091207
201636091208
201636091209
201636091210
201636091211
201636111201
201636111202
201636111203
201636111204
201636111205
201636111206
201636111207
201636111208
201636111209
201636111210
201636111211
201636111301
201636111302
201636111303
201636111304
201636111305
201636111306
201636111307
201636111308
201636111309
201636111310
201636111311
201636111401
201636111402
201636111403
201636111404
201636111405
201636111406
201636111407
201636111408
201636111409
201636111410
201636111411
201636111901
201636111902
201636111903
201636111904
201636111905
201636111906
201636111907
201636111908
201636111909
201636111910
201636111911
201636112001
201636112002
201636112003
201636112004
201636112005
201636112006
201636112007
201636112008
201636112009
201636112010
201636112011
201636112101
201636112102
201636112103
201636112104
201636112105
201636112106
201636112107
201636112108
201636112109
201636112110
201636112111
201636112601
201636112602
201636112603
201636112604
201636112605
201636112606
201636112607
201636112608
201636112609
201636112610
201636112611
201636112701
201636112702
201636112703
201636112704
201636112705
201636112706
201636112707
201636112708
201636112709
201636112710
201636112711
201636112801
201636112802
201636112803
201636112804
201636112805
201636112806
201636112807
201636112808
201636112809
201636112810
201636112811
201636120301
201636120302
201636120303
201636120304
201636120305
201636120306
201636120307
201636120308
201636120309
201636120310
201636120311
201636120401
201636120402
201636120403
201636120404
201636120405
201636120406
201636120407
201636120408
201636120409
201636120410
201636120411
201636120501
201636120502
201636120503
201636120504
201636120505
201636120506
201636120507
201636120508
201636120509
201636120510
201636120511
201636121001
201636121002
201636121003
201636121004
201636121005
201636121006
201636121007
201636121008
201636121009
201636121010
201636121011
201636121101
201636121102
201636121103
201636121104
201636121105
201636121106
201636121107
201636121108
201636121109
201636121110
201636121111
201636121201
201636121202
201636121203
201636121204
201636121205
201636121206
201636121207
201636121208
201636121209
201636121210
201636121211
201636121701
201636121702
201636121703
201636121704
201636121705
201636121706
201636121707
201636121708
201636121709
201636121710
201636121711
201636121801
201636121802
201636121803
201636121804
201636121805
201636121806
201636121807
201636121808
201636121809
201636121810
201636121811
201636121901
201636121902
201636121903
201636121904
201636121905
201636121906
201636121907
201636121908
201636121909
201636121910
201636121911
201636122401
201636122402
201636122403
201636122404
201636122405
201636122406
201636122407
201636122408
201636122409
201636122410
201636122501
201636122502
201636122503
201636122504
201636122505
201636122506
201636122507
201636122508
201636122509
201636122510
201636122601
201636122602
201636122603
201636122604
201636122605
201636122606
201636122607
201636122608
201636122609
201636122610
201636123001
201636123002
201636123003
201636123004
201636123005
201636123006
201636123007
201636123008
201636123009
201636123010
201636123101
201636123102
201636123103
201636123104
201636123105
201636123106
201636123107
201636123108
201636123109
201636123110