201642010601
201642010602
201642010603
201642010604
201642010605
201642010606
201642010607
201642010608
201642010609
201642010610
201642010611
201642010612
201642010701
201642010702
201642010703
201642010704
201642010705
201642010706
201642010707
201642010708
201642010709
201642010710
201642010801
201642010802
201642010803
201642010804
201642010805
201642010806
201642010807
201642010808
201642010809
201642010810
201642020101
201642020102
201642020103
201642020104
201642020105
201642020106
201642020107
201642020201
201642020202
201642020203
201642020204
201642020205
201642020206
201642020207
201642020208
201642020209
201642020210
201642020211
201642020212
201642020301
201642020302
201642020303
201642020304
201642020305
201642020306
201642020307
201642020308
201642020309
201642020310
201642020311
201642020312
201642020401
201642020402
201642020403
201642020501
201642020502
201642020503
201642032301
201642032302
201642032303
201642032304
201642032305
201642032306
201642032307
201642032401
201642032402
201642032403
201642032404
201642032405
201642032406
201642032407
201642032408
201642032409
201642032410
201642032411
201642032501
201642032502
201642032503
201642032504
201642032505
201642032506
201642032507
201642032508
201642042801
201642042802
201642042803
201642042804
201642042805
201642042806
201642042807
201642042808
201642042809
201642042810
201642053101
201642053102
201642053103
201642053104
201642053105
201642053106
201642053107
201642053108
201642060101
201642060102
201642060103
201642060104
201642060105
201642060106
201642071901
201642071902
201642071903
201642071904
201642071905
201642071906
201642071907
201642071908
201642071909
201642081001
201642081002
201642081003
201642081004
201642081101
201642081102
201642081103
201642081104
201642081105
201642081106
201642081107
201642081108
201642081109
201642082601
201642082602
201642082603
201642082604
201642082605
201642082606
201642082607
201642091401
201642091402
201642091403
201642091404
201642091405
201642091406
201642091407
201642091408
201642091409
201642091410
201642091501
201642091502
201642091503
201642091504
201642091601
201642091602
201642091603
201642091604
201642091605
201642091606
201642091607
201642091608
201642091609
201642101701
201642101702
201642101703
201642101704
201642101705
201642101706
201642101707
201642101708
201642101709
201642101710
201642101711
201642101712
201642101801
201642101802
201642101803
201642101804
201642101805
201642102001
201642102002
201642102003
201642102004
201642102005
201642102006
201642102007
201642102008
201642102009
201642102010
201642102101
201642102102
201642102103
201642102104
201642102105
201642102106
201642102107
201642102108
201642112101
201642112102
201642112103
201642112104
201642112105
201642112106
201642112107
201642112108
201642112109
201642121901
201642121902
201642121903
201642121904
201642121905
201642121906
201642121907
201642121908
201642122201
201642122202
201642122203
201642122204
201642122205
201642122206
201642122207
201642122208
201642122209
201642122210
201642122211