201644011101
201644011102
201644011103
201644011104
201644011105
201644011106
201644011107
201644011108
201644011109
201644011110
201644011111
201644011112
201644011201
201644011202
201644011203
201644011204
201644011205
201644011206
201644011207
201644011208
201644011209
201644011210
201644011211
201644011212
201644011301
201644011302
201644011303
201644011304
201644011305
201644011306
201644011307
201644011308
201644011309
201644011310
201644011311
201644011312
201644011401
201644011402
201644011403
201644011404
201644011405
201644011406
201644011407
201644011408
201644011409
201644011410
201644011411
201644011412
201644011501
201644011502
201644011503
201644011504
201644011505
201644011506
201644011507
201644011508
201644011509
201644011510
201644011511
201644011512
201644020801
201644020802
201644020803
201644020804
201644020805
201644020806
201644020807
201644020808
201644020809
201644020810
201644020811
201644020812
201644020901
201644020902
201644020903
201644020904
201644020905
201644020906
201644020907
201644020908
201644020909
201644020910
201644020911
201644020912
201644021001
201644021002
201644021003
201644021004
201644021005
201644021006
201644021007
201644021008
201644021009
201644021010
201644021011
201644021012
201644021101
201644021102
201644021103
201644021104
201644021105
201644021106
201644021107
201644021108
201644021109
201644021110
201644021111
201644021112
201644021201
201644021202
201644021203
201644021204
201644021205
201644021206
201644021207
201644021208
201644021209
201644021210
201644021211
201644021212
201644022201
201644022202
201644022203
201644022204
201644022205
201644022206
201644022207
201644022208
201644022209
201644022210
201644022211
201644022212
201644022301
201644022302
201644022303
201644022304
201644022305
201644022306
201644022307
201644022308
201644022309
201644022310
201644022311
201644022312
201644022401
201644022402
201644022403
201644022404
201644022405
201644022406
201644022407
201644022408
201644022409
201644022410
201644022411
201644022412
201644022501
201644022502
201644022503
201644022504
201644022505
201644022506
201644022507
201644022508
201644022509
201644022510
201644022511
201644022512
201644022601
201644022602
201644022603
201644022604
201644022605
201644022606
201644022607
201644022608
201644022609
201644022610
201644022611
201644022612
201644031401
201644031402
201644031403
201644031404
201644031405
201644031406
201644031407
201644031408
201644031409
201644031410
201644031411
201644031412
201644031501
201644031502
201644031503
201644031504
201644031505
201644031506
201644031507
201644031508
201644031509
201644031510
201644031511
201644031512
201644031601
201644031602
201644031603
201644031604
201644031605
201644031606
201644031607
201644031608
201644031609
201644031610
201644031611
201644031612
201644031701
201644031702
201644031703
201644031704
201644031705
201644031706
201644031707
201644031708
201644031709
201644031710
201644031711
201644031712
201644031801
201644031802
201644031803
201644031804
201644031805
201644031806
201644031807
201644031808
201644031809
201644031810
201644031811
201644031812
201644040401
201644040402
201644040403
201644040404
201644040405
201644040406
201644040407
201644040408
201644040409
201644040410
201644040411
201644040412
201644040501
201644040502
201644040503
201644040504
201644040505
201644040506
201644040507
201644040508
201644040509
201644040510
201644040511
201644040512
201644040601
201644040602
201644040603
201644040604
201644040605
201644040606
201644040607
201644040608
201644040609
201644040610
201644040611
201644040612
201644040701
201644040702
201644040703
201644040704
201644040705
201644040706
201644040707
201644040708
201644040709
201644040710
201644040711
201644040712
201644040801
201644040802
201644040803
201644040804
201644040805
201644040806
201644040807
201644040808
201644040809
201644040810
201644040811
201644040812
201644041801
201644041802
201644041803
201644041804
201644041805
201644041806
201644041807
201644041808
201644041809
201644041810
201644041811
201644041812
201644041901
201644041902
201644041903
201644041904
201644041905
201644041906
201644041907
201644041908
201644041909
201644041910
201644041911
201644041912
201644042001
201644042002
201644042003
201644042004
201644042005
201644042006
201644042007
201644042008
201644042009
201644042010
201644042011
201644042012
201644042101
201644042102
201644042103
201644042104
201644042105
201644042106
201644042107
201644042108
201644042109
201644042110
201644042111
201644042112
201644042201
201644042202
201644042203
201644042204
201644042205
201644042206
201644042207
201644042208
201644042209
201644042210
201644042211
201644042212
201644051601
201644051602
201644051603
201644051604
201644051605
201644051606
201644051607
201644051608
201644051609
201644051610
201644051611
201644051612
201644051701
201644051702
201644051703
201644051704
201644051705
201644051706
201644051707
201644051708
201644051709
201644051710
201644051711
201644051712
201644051801
201644051802
201644051803
201644051804
201644051805
201644051806
201644051807
201644051808
201644051809
201644051810
201644051811
201644051812
201644051901
201644051902
201644051903
201644051904
201644051905
201644051906
201644051907
201644051908
201644051909
201644051910
201644051911
201644051912
201644052001
201644052002
201644052003
201644052004
201644052005
201644052006
201644052007
201644052008
201644052009
201644052010
201644052011
201644052012
201644060601
201644060602
201644060603
201644060604
201644060605
201644060606
201644060607
201644060608
201644060609
201644060610
201644060611
201644060612
201644060701
201644060702
201644060703
201644060704
201644060705
201644060706
201644060707
201644060708
201644060709
201644060710
201644060711
201644060712
201644060801
201644060802
201644060803
201644060804
201644060805
201644060806
201644060807
201644060808
201644060809
201644060810
201644060811
201644060812
201644060901
201644060902
201644060903
201644060904
201644060905
201644060906
201644060907
201644060908
201644060909
201644060910
201644060911
201644060912
201644061001
201644061002
201644061003
201644061004
201644061005
201644061006
201644061007
201644061008
201644061009
201644061010
201644061011
201644061012
201644062701
201644062702
201644062703
201644062704
201644062705
201644062706
201644062707
201644062708
201644062709
201644062710
201644062711
201644062712
201644062801
201644062802
201644062803
201644062804
201644062805
201644062806
201644062807
201644062808
201644062809
201644062810
201644062811
201644062812
201644062901
201644062902
201644062903
201644062904
201644062905
201644062906
201644062907
201644062908
201644062909
201644062910
201644062911
201644062912
201644063001
201644063002
201644063003
201644063004
201644063005
201644063006
201644063007
201644063008
201644063009
201644063010
201644063011
201644063012
201644070101
201644070102
201644070103
201644070104
201644070105
201644070106
201644070107
201644070108
201644070109
201644070110
201644070111
201644070112
201644071101
201644071102
201644071103
201644071104
201644071105
201644071106
201644071107
201644071108
201644071109
201644071110
201644071111
201644071112
201644071201
201644071202
201644071203
201644071204
201644071205
201644071206
201644071207
201644071208
201644071209
201644071210
201644071211
201644071212
201644071301
201644071302
201644071303
201644071304
201644071305
201644071306
201644071307
201644071308
201644071309
201644071310
201644071311
201644071312
201644071401
201644071402
201644071403
201644071404
201644071405
201644071406
201644071407
201644071408
201644071409
201644071410
201644071411
201644071412
201644071501
201644071502
201644071503
201644071504
201644071505
201644071506
201644071507
201644071508
201644071509
201644071510
201644071511
201644071512
201644073101
201644073102
201644073103
201644073104
201644073105
201644073106
201644073107
201644073108
201644073109
201644073110
201644073111
201644073112
201644080101
201644080102
201644080103
201644080104
201644080105
201644080106
201644080107
201644080108
201644080109
201644080110
201644080111
201644080112
201644080201
201644080202
201644080203
201644080204
201644080205
201644080206
201644080207
201644080208
201644080209
201644080210
201644080211
201644080212
201644080301
201644080302
201644080303
201644080304
201644080305
201644080306
201644080307
201644080308
201644080309
201644080310
201644080311
201644080312
201644080401
201644080402
201644080403
201644080404
201644080405
201644080406
201644080407
201644080408
201644080409
201644080410
201644080411
201644080412
201644081401
201644081402
201644081403
201644081404
201644081405
201644081406
201644081407
201644081408
201644081409
201644081410
201644081411
201644081501
201644081502
201644081503
201644081504
201644081505
201644081506
201644081507
201644081508
201644081509
201644081510
201644081511
201644081601
201644081602
201644081603
201644081604
201644081605
201644081606
201644081607
201644081608
201644081609
201644081610
201644081611
201644081701
201644081702
201644081703
201644081704
201644081705
201644081706
201644081707
201644081708
201644081709
201644081710
201644081711
201644081801
201644081802
201644081803
201644081804
201644081805
201644081806
201644081807
201644081808
201644081809
201644081810
201644081811
201644081901
201644081902
201644081903
201644081904
201644081905
201644081906
201644081907
201644081908
201644081909
201644081910
201644081911
201644083001
201644083002
201644083003
201644083004
201644083005
201644083006
201644083007
201644083008
201644083009
201644083010
201644083011
201644083012
201644083101
201644083102
201644083103
201644083104
201644083105
201644083106
201644083107
201644083108
201644083109
201644083110
201644083111
201644083112
201644090101
201644090102
201644090103
201644090104
201644090105
201644090106
201644090107
201644090108
201644090109
201644090110
201644090111
201644090112
201644090201
201644090202
201644090203
201644090204
201644090205
201644090206
201644090207
201644090208
201644090209
201644090210
201644090211
201644090212
201644091901
201644091902
201644091903
201644091904
201644091905
201644091906
201644091907
201644091908
201644091909
201644091910
201644091911
201644091912
201644092001
201644092002
201644092003
201644092004
201644092005
201644092006
201644092007
201644092008
201644092009
201644092010
201644092011
201644092012
201644092101
201644092102
201644092103
201644092104
201644092105
201644092106
201644092107
201644092108
201644092109
201644092110
201644092111
201644092112
201644092201
201644092202
201644092203
201644092204
201644092205
201644092206
201644092207
201644092208
201644092209
201644092210
201644092211
201644092212
201644092301
201644092302
201644092303
201644092304
201644092305
201644092306
201644092307
201644092308
201644092309
201644092310
201644092311
201644092312
201644101001
201644101002
201644101003
201644101004
201644101005
201644101006
201644101007
201644101008
201644101009
201644101010
201644101011
201644101012
201644101101
201644101102
201644101103
201644101104
201644101105
201644101106
201644101107
201644101108
201644101109
201644101110
201644101111
201644101112
201644101201
201644101202
201644101203
201644101204
201644101205
201644101206
201644101207
201644101208
201644101209
201644101210
201644101211
201644101212
201644101301
201644101302
201644101303
201644101304
201644101305
201644101306
201644101307
201644101308
201644101309
201644101310
201644101311
201644101312
201644101401
201644101402
201644101403
201644101404
201644101405
201644101406
201644101407
201644101408
201644101409
201644101410
201644101411
201644101412
201644102401
201644102402
201644102403
201644102404
201644102405
201644102406
201644102407
201644102408
201644102409
201644102410
201644102411
201644102501
201644102502
201644102503
201644102504
201644102505
201644102506
201644102507
201644102508
201644102509
201644102510
201644102511
201644102512
201644102601
201644102602
201644102603
201644102604
201644102605
201644102606
201644102607
201644102608
201644102609
201644102610
201644102611
201644102612
201644102701
201644102702
201644102703
201644102704
201644102705
201644102706
201644102707
201644102708
201644102709
201644102710
201644102711
201644102712
201644102801
201644102802
201644102803
201644102804
201644102805
201644102806
201644102807
201644102808
201644102809
201644102810
201644102811
201644102812
201644111401
201644111402
201644111403
201644111404
201644111405
201644111406
201644111407
201644111408
201644111409
201644111410
201644111411
201644111412
201644111501
201644111502
201644111503
201644111504
201644111505
201644111506
201644111507
201644111508
201644111509
201644111510
201644111511
201644111512
201644111601
201644111602
201644111603
201644111604
201644111605
201644111606
201644111607
201644111608
201644111609
201644111610
201644111611
201644111612
201644111701
201644111702
201644111703
201644111704
201644111705
201644111706
201644111707
201644111708
201644111709
201644111710
201644111711
201644111712
201644111801
201644111802
201644111803
201644111804
201644111805
201644111806
201644111807
201644111808
201644111809
201644111810
201644111811
201644111812
201644112701
201644112702
201644112703
201644112704
201644112705
201644112706
201644112707
201644112708
201644112801
201644112802
201644112803
201644112804
201644112805
201644112806
201644112807
201644112808
201644112809
201644112810
201644112901
201644112902
201644112903
201644112904
201644112905
201644112906
201644112907
201644112908
201644112909
201644112910
201644112911
201644112912
201644113001
201644113002
201644113003
201644113004
201644113005
201644113006
201644113007
201644113008
201644113009
201644113010
201644113011
201644113012
201644120101
201644120102
201644120103
201644120104
201644120105
201644120106
201644120107
201644120108
201644120109
201644120110
201644120111
201644120201
201644120202
201644120203
201644120204
201644120205
201644120206
201644120207
201644120208
201644120209
201644120210
201644120211
201644122601
201644122602
201644122603
201644122604
201644122605
201644122606
201644122607
201644122608
201644122609
201644122610
201644122611
201644122612
201644122701
201644122702
201644122703
201644122704
201644122705
201644122706
201644122707
201644122708
201644122709
201644122710
201644122711
201644122712
201644122801
201644122802
201644122803
201644122804
201644122805
201644122806
201644122807
201644122808
201644122809
201644122810
201644122811
201644122812
201644122901
201644122902
201644122903
201644122904
201644122905
201644122906
201644122907
201644122908
201644122909
201644122910
201644122911
201644122912
201644123001
201644123002
201644123003
201644123004
201644123005
201644123006
201644123007
201644123008
201644123009
201644123010
201644123011
201644123012
201644123101
201644123102
201644123103
201644123104
201644123105
201644123106
201644123107
201644123108
201644123109
201644123110
201644123111
201644123112