201645010106
201645010107
201645010205
201645010206
201645010212
201645010309
201645010310
201645010406
201645010407
201645012503
201645012504
201645012508
201645012604
201645012608
201645012711
201645012806
201645012808
201645012811
201645012906
201645012908
201645022905
201645030109
201645030202
201645030205
201645030211
201645030408
201645032810
201645032905
201645033004
201645033006
201645033109
201645033110
201645040101
201645050901
201645050904
201645051005
201645051008
201645052301
201645052305
201645052410
201645052711
201645061304
201645061403
201645061409
201645061512
201645061611
201645070403
201645070601
201645070608
201645070610
201645070611
201645072504
201645072606
201645072710
201645072807
201645082206
201645082209
201645082404
201645082407
201645082409
201645082410
201645090904
201645091308
201645100302
201645100306
201645100607
201645100708
201645103104
201645110104
201645110106
201645110209
201645110211
201645110309
201645110310
201645110311
201645110412
201645121310
201645121503