201647010701
201647010702
201647011301
201647011302
201647011303
201647011304
201647011305
201647011306
201647011307
201647011308
201647011309
201647011310
201647011401
201647011402
201647011403
201647011404
201647011405
201647011406
201647011407
201647011408
201647011409
201647011410
201647011411
201647012501
201647012502
201647012801
201647012802
201647012803
201647012804
201647012805
201647012901
201647012902
201647012903
201647012904
201647012905
201647020801
201647020802
201647020803
201647020804
201647020805
201647020901
201647021001
201647021002
201647021003
201647021004
201647021005
201647021006
201647021007
201647021008
201647021009
201647021010
201647021101
201647021102
201647021103
201647021104
201647021105
201647021106
201647021107
201647021201
201647021202
201647021203
201647021204
201647021205
201647021206
201647021207
201647021208
201647021209
201647021210
201647021211
201647022201
201647022202
201647022401
201647022402
201647022403
201647022404
201647022405
201647022406
201647022407
201647022408
201647022409
201647022410
201647030801
201647030802
201647030803
201647030804
201647030901
201647030902
201647030903
201647030904
201647030905
201647030906
201647031001
201647031002
201647031003
201647031101
201647031102
201647031103
201647031104
201647031105
201647031106
201647031107
201647031108
201647032201
201647032202
201647032203
201647032204
201647032205
201647032206
201647032207
201647032208
201647032209
201647032210
201647032501
201647032502
201647032503
201647032504
201647032505
201647032506
201647032507
201647032508
201647032509
201647032510
201647040101
201647040102
201647040103
201647040104
201647040105
201647040106
201647040107
201647040108
201647040109
201647040110
201647040111
201647040112
201647040401
201647040402
201647040403
201647040404
201647040405
201647040406
201647040407
201647040408
201647040409
201647040410
201647040411
201647041301
201647041302
201647041303
201647041304
201647041305
201647041306
201647041307
201647041308
201647041309
201647041310
201647041311
201647041312
201647041401
201647041402
201647041403
201647041404
201647041405
201647041406
201647041407
201647041408
201647041409
201647041410
201647041411
201647041412
201647042501
201647042502
201647042503
201647042504
201647042901
201647042902
201647042903
201647042904
201647042905
201647042906
201647042907
201647042908
201647042909
201647042910
201647051101
201647051102
201647051103
201647051104
201647051105
201647051106
201647051107
201647051108
201647051109
201647051201
201647051202
201647051203
201647051204
201647051205
201647051206
201647051207
201647051208
201647051209
201647051210
201647060201
201647060202
201647060203
201647060204
201647060205
201647060206
201647060207
201647061501
201647061502
201647061601
201647061602
201647061603
201647061604
201647061605
201647061606
201647061607
201647061608
201647061609
201647061610
201647070101
201647070102
201647070103
201647070104
201647070105
201647070106
201647070107
201647070108
201647070109
201647071501
201647071502
201647071503
201647071504
201647071505
201647071506
201647071507
201647071508
201647071509
201647071510
201647071511
201647071512
201647072801
201647072802
201647072803
201647072804
201647072805
201647072806
201647072901
201647072902
201647072903
201647072904
201647072905
201647072906
201647072907
201647072908
201647072909
201647072910
201647072911
201647081501
201647081502
201647081503
201647081504
201647081505
201647081506
201647081507
201647081508
201647081601
201647081602
201647081603
201647081604
201647081605
201647081606
201647081607
201647081608
201647081609
201647081610
201647081611
201647090701
201647090702
201647090703
201647090704
201647090705
201647090706
201647090707
201647090708
201647090709
201647091601
201647091602
201647091603
201647091604
201647091605
201647091606
201647091607
201647092601
201647092602
201647092603
201647092604
201647092901
201647092902
201647092903
201647092904
201647093001
201647093002
201647093003
201647093004
201647093005
201647093006
201647093007
201647093008
201647093009
201647093010
201647093011
201647093012
201647101201
201647101202
201647101203
201647101301
201647101302
201647101303
201647101304
201647101305
201647101306
201647101307
201647101308
201647101309
201647101401
201647101402
201647101403
201647101404
201647101405
201647101406
201647101407
201647101408
201647101409
201647101410
201647102701
201647102702
201647102703
201647102704
201647102705
201647102706
201647102707
201647102708
201647102709
201647102710
201647102711
201647102801
201647102802
201647102803
201647102804
201647102805
201647102806
201647102807
201647110701
201647110702
201647110703
201647110704
201647111001
201647111002
201647111003
201647111004
201647111005
201647111006
201647111007
201647111008
201647111009
201647111010
201647111101
201647111102
201647111103
201647111104
201647111105
201647111106
201647111107
201647111108
201647111109
201647111110
201647112201
201647112202
201647112203
201647112204
201647112205
201647112206
201647112207
201647112208
201647112209
201647112501
201647112502
201647112503
201647112504
201647112505
201647120801
201647120802
201647120803
201647120804
201647120805
201647120806
201647120807
201647120808
201647120809
201647120810
201647120901
201647120902
201647120903
201647120904
201647120905
201647120906
201647120907
201647122701
201647122702
201647122703
201647122704
201647122705
201647122706
201647122707
201647122708
201647122709
201647122710
201647122901
201647122902
201647122903
201647122904
201647122905
201647122906
201647122907
201647122908
201647122909
201647123001
201647123002
201647123003
201647123004
201647123005
201647123006
201647123007
201647123008