201648010101
201648010104
201648010105
201648010208
201648010210
201648010309
201648011806
201648011904
201648011905
201648012002
201648012006
201648012107
201648012206
201648020103
201648020105
201648020109
201648020205
201648020208
201648020505
201648020506
201648021501
201648021503
201648021603
201648021606
201648021707
201648021807
201648021905
201648021910
201648022905
201648030106
201648030207
201648030209
201648030403
201648030406
201648031403
201648031405
201648031510
201648031710
201648032803
201648032805
201648032906
201648040703
201648040712
201648041902
201648042003
201648050304
201648050401
201648051707
201648051802
201648052401
201648052407
201648052505
201648060803
201648060811
201648061011
201648062106
201648062210
201648062211
201648070503
201648072004
201648080410
201648103110
201648110104
201648110402
201648111605
201648111611
201648111612
201648112811
201648113008
201648121210
201648121212
201648121404
201648121909