201654011101
201654011102
201654011103
201654011104
201654011105
201654011106
201654011107
201654012001
201654012002
201654012003
201654012004
201654012701
201654012702
201654012703
201654012704
201654021001
201654021002
201654021003
201654021701
201654021702
201654021703
201654021704
201654021705
201654021706
201654021707
201654021708
201654021709
201654021710
201654021711
201654022401
201654022402
201654022403
201654022404
201654022405
201654022406
201654022407
201654022408
201654022409
201654022410
201654031301
201654031302
201654031303
201654031304
201654031305
201654031306
201654031307
201654031308
201654031309
201654031310
201654031311
201654031501
201654031502
201654031503
201654031504
201654031505
201654081401
201654081402
201654082701
201654082702
201654082703
201654082704
201654082705
201654082706