201655010201
201655010202
201655010203
201655010204
201655010205
201655010206
201655010207
201655010301
201655010302
201655010303
201655010304
201655011601
201655011602
201655011603
201655011701
201655011702
201655011703
201655011704
201655011705
201655020601
201655020602
201655020603
201655020701
201655020702
201655020703
201655020704
201655020705
201655020706
201655020707
201655020708
201655021301
201655021302
201655022001
201655022002
201655022003
201655022004
201655022005
201655022006
201655022007
201655022008
201655022009
201655022101
201655022102
201655030601
201655030602
201655030603
201655031301
201655031901
201655031902
201655040201
201655040202
201655040203
201655040204
201655040205
201655040901
201655040902
201655041601
201655042401
201655042402
201655050101
201655050102
201655050103
201655050801
201655050802
201655050803
201655052201
201655052202
201655052801
201655052802
201655060401
201655060402
201655061101
201655061102
201655061103
201655061801
201655061802
201655062501
201655062502
201655062503
201655062504
201655062505
201655070301
201655070302
201655070303
201655070901
201655071001
201655071002
201655071003
201655071004
201655071601
201655071602
201655071603
201655071604
201655071605
201655072401
201655072402
201655072403
201655072404
201655081401
201655081402
201655081403
201655081404
201655081405
201655081406
201655082101
201655082701
201655082702
201655082703
201655082704
201655082705
201655082706
201655082801
201655082802
201655082803
201655082804
201655082805
201655091001
201655091701
201655091702
201655091703
201655091704
201655091705
201655091706
201655091801
201655091802
201655091803
201655091804
201655091805
201655091806
201655092401
201655092402
201655092403
201655092404
201655092501
201655092502
201655092503
201655092504
201655092505
201655092506
201655092507
201655092508
201655092509
201655100101
201655100102
201655100103
201655100801
201655100802
201655100803
201655100804
201655101501
201655101502
201655101503
201655102301
201655102302
201655102303
201655102901
201655102902
201655102903
201655102904
201655103001
201655110501
201655110502
201655110503
201655110504
201655111201
201655111202
201655111203
201655111204
201655112001
201655112002
201655112003
201655112004
201655112005
201655112006
201655112007
201655112008
201655112009
201655120301
201655121301
201655121302
201655121303
201655121304
201655121305
201655121306
201655121307
201655121308
201655121309
201655121310
201655121801
201655121802
201655121803
201655121804
201655121805
201655121806
201655121807
201655121808
201655122501
201655122502