197201010201
197201010202
197201010203
197201010204
197201010205
197201010206
197201010207
197201010208
197201010501
197201010502
197201010503
197201010504
197201010601
197201010602
197201010603
197201010604
197201010605
197201010606
197201010607
197201010608
197201020401
197201020402
197201020403
197201020404
197201020405
197201020406
197201020407
197201020601
197201020602
197201020603
197201020604
197201020605
197201020701
197201020702
197201020703
197201020704
197201020705
197201020706
197201020707
197201020708
197201020709
197201020710