197203010201
197203010202
197203010203
197203010204
197203010205
197203010206
197203010207
197203010208
197203010301
197203010302
197203010303
197203010304
197203010401
197203010402
197203010403
197203010404
197203010405
197203010601
197203010602
197203010603
197203010604
197203010605
197203010606
197203010607
197203010608
197203010609
197203010610
197203010701
197203010702
197203010703
197203010704
197203010705
197203010706
197203010707
197203010708
197203010709
197203010710
197203010801
197203010802
197203010803
197203010804
197203010805
197203010806
197203010807
197203010808
197203010809
197203010810
197203020301
197203020302
197203020303
197203020304
197203020305
197203020306
197203020307
197203020308
197203020309
197203020310
197203020311
197203020401
197203020402
197203020403
197203020404
197203020405
197203020406
197203020407
197203020408
197203020501
197203020502
197203020503
197203020504
197203020505
197203020506
197203020507
197203020508
197203020509
197203020701
197203020702
197203020703
197203020704
197203020705
197203020706
197203020707
197203020708
197203020709
197203020710
197203020711
197203030201
197203030202
197203030203
197203030204
197203030205
197203030206
197203030401
197203030402
197203030403
197203030404
197203030405
197203030406
197203030407
197203030408
197203030701
197203030702
197203030703
197203030704
197203030705
197203030706
197203030801
197203030802
197203030803
197203030804
197203030805
197203030806
197203030807
197203030808
197203030809
197203030810