197205010701
197205010702
197205010703
197205010704
197205010705
197205010706
197205010707
197205010708
197205010709
197205030301
197205030302
197205030303
197205030304
197205030305
197205030306
197205030307
197205030308
197205030309
197205030310
197205030311
197205030501
197205030502
197205030503
197205030504
197205030505
197205030506
197205030507
197205030508
197205030509
197205030701
197205030702
197205030703
197205030704
197205030705
197205030706
197205030707
197205030708
197205030709
197205030710
197205030711
197205030712
197205030801
197205030802
197205030803
197205030804
197205030805
197205040401
197205040402
197205040403
197205040404
197205040405
197205040501
197205040502
197205040503
197205040504
197205040505
197205040506
197205040507
197205040508
197205040509
197205040601
197205040602
197205040603
197205040604
197205040605
197205040606
197205040607
197205040608
197205050201
197205050202
197205050203
197205050204
197205050205
197205050206
197205050301
197205050302
197205050303
197205050304
197205050501
197205050502
197205050503
197205050504
197205050505
197205050506
197205050601
197205050602
197205050603
197205050604
197205050701
197205050702
197205050703
197205050704
197205050705
197205050706
197205050707
197205050708
197205050709
197205050710
197205050801
197205050802
197205050803
197205050804
197205050805
197205050806
197205050807
197205050808
197205050809