197206010201
197206010202
197206010203
197206010204
197206010205
197206010206
197206010301
197206010302
197206010303
197206010304
197206010305
197206010306
197206010307
197206010308
197206010309
197206010310
197206010311
197206010501
197206010502
197206010503
197206010701
197206010702
197206010703
197206010704
197206010705
197206010706
197206010707
197206010708
197206010709
197206010710
197206010711
197206010712
197206010801
197206010802
197206010803
197206010804
197206010805
197206010806
197206010807
197206010808
197206010809
197206010810
197206010811
197206010812
197206020101
197206020102
197206020103
197206020104
197206020105
197206020106
197206030401
197206030402
197206030403
197206030404
197206030405
197206030406
197206030407
197206030408
197206030409
197206030410
197206030411
197206040101
197206040102
197206040103
197206040104
197206040105
197206040106
197206040107
197206040501
197206040502
197206040503
197206040504
197206040505
197206040506
197206040507
197206040601
197206040602
197206040603
197206040604
197206050101
197206050102
197206050103
197206050104
197206050105
197206050106
197206050107
197206050108
197206050501
197206050502
197206050503
197206050504
197206050505
197206050506
197206050507
197206050508
197206050509
197206050510
197206050601
197206050602
197206050603
197206050604
197206050605
197206050606
197206050607
197206050608
197206050609
197206050610
197206060201
197206060202
197206060203
197206060204
197206060205
197206060401
197206060402
197206060403
197206060404
197206060405
197206060406
197206060407
197206060408
197206060409
197206060501
197206060502
197206060503
197206060504
197206060505
197206060506
197206060507
197206060508
197206060509
197206060510
197206060511
197206060512
197206060601
197206060602
197206060603
197206060604
197206060605
197206060606
197206060607
197206060608
197206060609
197206060610
197206060611