197208010301
197208010302
197208010303
197208010304
197208010305
197208010306
197208010307
197208010308
197208010309
197208010310
197208010311
197208010701
197208010702
197208010703
197208010704
197208010705
197208010706
197208010707
197208010708
197208010709
197208010710
197208010711
197208010801
197208010802
197208010803
197208010804
197208010805
197208010806
197208010807
197208010808
197208010809
197208010810
197208020301
197208020302
197208020303
197208020304
197208020305
197208020306
197208020307
197208020308
197208020309
197208020310
197208020701
197208020702
197208020703
197208020704
197208020705
197208020706
197208020707
197208020708
197208020709
197208020710
197208030301
197208030302
197208030303
197208030304
197208030305
197208030306
197208030601
197208030602
197208030603
197208030604
197208030605
197208030606
197208030607
197208030801
197208030802
197208030803
197208030804
197208030805
197208030806
197208030807
197208030808
197208030809
197208040401
197208040402
197208040403
197208040601
197208040602
197208040603
197208040604
197208040605
197208040606
197208040607
197208040608
197208040609
197208040701
197208040702
197208040703
197208040704
197208040705
197208040706
197208040707
197208040708
197208040709
197208040710
197208050201
197208050401
197208050402
197208050403
197208050404
197208050405
197208050406
197208050407
197208050408
197208050409
197208050501
197208050502
197208050503
197208050504
197208050505
197208050506
197208050507
197208050508
197208050509
197208050701
197208050702
197208050703
197208050704
197208050705
197208050706
197208050707
197208050708
197208050709
197208050710
197208050711