197209010401
197209010402
197209010403
197209010404
197209010405
197209010406
197209010407
197209010408
197209010501
197209010502
197209010503
197209010504
197209010505
197209010506
197209020201
197209020202
197209020203
197209020204
197209020205
197209020206
197209020207
197209020208
197209020601
197209020602
197209020603
197209020604
197209020605
197209020606
197209020607
197209020608
197209020609
197209020610
197209030101
197209030102
197209030103
197209030104
197209030105
197209030106
197209030107
197209030108
197209040301
197209040302
197209040303
197209040304
197209040305
197209040306
197209040601
197209040602
197209040701
197209040702
197209040703
197209040704
197209040705
197209040706
197209040707
197209040708
197209040709
197209040801
197209040802
197209040803
197209040804
197209040805
197209040806
197209040807
197209050201
197209050202
197209050203
197209050204
197209050205
197209050206
197209050207
197209050208
197209050301
197209050302
197209050303
197209050304
197209050305
197209050306
197209050307
197209050308
197209050309
197209050501
197209050502
197209050503
197209050504
197209050505
197209050506
197209050507
197209050508
197209050701
197209050702
197209050703
197209050704
197209050705
197209050706
197209050707
197209050708
197209050709
197209050710