199703010101
199703010102
199703010103
199703010106
199703010107
199703010108
199703010110
199703010111
199703010112
199703010203
199703010210
199703010211
199703010302
199703010304
199703010308
199703010309
199703010311
199703010405
199703010406
199703010408
199703010409
199703010410
199703010411
199703010501
199703010502
199703010505
199703010509
199703010511
199703010602
199703010607
199703010610
199703010611
199703010703
199703010704
199703010705
199703010707
199703010708
199703010709
199703010710
199703010806
199703010808
199703010809
199703010811
199703020101
199703020106
199703020108
199703020110
199703020111
199703020112
199703020205
199703020206
199703020208
199703020210
199703020302
199703020305
199703020307
199703020308
199703020311
199703020312
199703020402
199703020408
199703020410
199703020411
199703020412
199703020502
199703020504
199703020605
199703020608
199703020609
199703020610
199703020611
199703020702
199703020703
199703020705
199703020706
199703020707
199703020711
199703020712
199703020809
199703020810
199703020812
199703030101
199703030103
199703030105
199703030109
199703030110
199703030207
199703030211
199703030302
199703030303
199703030307
199703030308
199703030309
199703030312
199703030402
199703030407
199703030409
199703030412
199703030502
199703030504
199703030510
199703030603
199703030604
199703030607
199703030608
199703030610
199703030611
199703030707
199703030710
199703030712
199703030802
199703030804
199703030806
199703030807
199703030808
199703030809
199703030810
199703030811
199703030812