199709010107
199709010108
199709010109
199709010110
199709010202
199709010203
199709010204
199709010207
199709010208
199709010209
199709010210
199709010301
199709010305
199709010308
199709010311
199709010312
199709010402
199709010403
199709010406
199709010411
199709010504
199709010505
199709010506
199709010511
199709010512
199709010603
199709010604
199709010606
199709010607
199709010609
199709010610
199709010611
199709010706
199709010707
199709010711
199709010712
199709010801
199709010803
199709010809
199709010811
199709010812
199709020101
199709020104
199709020106
199709020107
199709020108
199709020109
199709020110
199709020112
199709020202
199709020207
199709020208
199709020210
199709020211
199709020303
199709020306
199709020307
199709020308
199709020309
199709020310
199709020311
199709020402
199709020410
199709020411
199709020503
199709020506
199709020507
199709020508
199709020510
199709020511
199709020512
199709020601
199709020602
199709020603
199709020606
199709020607
199709020608
199709020610
199709020611
199709020707
199709020708
199709020709
199709020711
199709020712
199709020801
199709020809
199709020810
199709020811
199709020812
199709030102
199709030106
199709030107
199709030109
199709030111
199709030209
199709030210
199709030211
199709030212
199709030301
199709030304
199709030307
199709030308
199709030309
199709030401
199709030406
199709030407
199709030408
199709030410
199709030411
199709030504
199709030509
199709030510
199709030512
199709030602
199709030603
199709030609
199709030610
199709030611
199709030612
199709030701
199709030702
199709030703
199709030709
199709030711
199709030801
199709030805
199709030807
199709030808
199709030809
199709030810
199709040101
199709040107
199709040108
199709040109
199709040110
199709040111
199709040201
199709040207
199709040208
199709040210
199709040211
199709040304
199709040305
199709040310
199709040311
199709040312
199709040405
199709040408
199709040410
199709040412
199709040502
199709040503
199709040507
199709040509
199709040512
199709040601
199709040605
199709040608
199709040611
199709040612
199709040701
199709040702
199709040707
199709040708
199709040709
199709040710
199709040712
199709040808
199709040810
199709040811
199709040812
199709050107
199709050111
199709050112
199709050202
199709050204
199709050205
199709050206
199709050208
199709050209
199709050210
199709050211
199709050303
199709050304
199709050305
199709050306
199709050309
199709050311
199709050312
199709050401
199709050402
199709050406
199709050409
199709050503
199709050508
199709050509
199709050510
199709050511
199709050602
199709050603
199709050607
199709050608
199709050609
199709050610
199709050611
199709050701
199709050702
199709050703
199709050705
199709050706
199709050708
199709050710
199709050711
199709050712
199709050804
199709050806
199709050808
199709050811
199709050812