199710010102
199710010103
199710010105
199710010106
199710010107
199710010108
199710010109
199710010110
199710010111
199710010112
199710010202
199710010203
199710010204
199710010206
199710010208
199710010210
199710010211
199710010302
199710010303
199710010304
199710010310
199710010403
199710010405
199710010408
199710010409
199710010502
199710010506
199710010508
199710010509
199710010510
199710010605
199710010606
199710010607
199710010608
199710010609
199710010610
199710010611
199710010702
199710010703
199710010704
199710010705
199710010706
199710010709
199710010803
199710010804
199710010807
199710010808
199710010811
199710010812
199710020102
199710020103
199710020104
199710020106
199710020108
199710020110
199710020111
199710020112
199710020202
199710020206
199710020209
199710020210
199710020301
199710020306
199710020310
199710020311
199710020312
199710020407
199710020408
199710020410
199710020411
199710020502
199710020504
199710020506
199710020507
199710020509
199710020510
199710020511
199710020601
199710020602
199710020604
199710020606
199710020607
199710020609
199710020610
199710020611
199710020701
199710020707
199710020708
199710020711
199710020802
199710020808
199710020809
199710020810
199710020811
199710020812
199710030102
199710030107
199710030111
199710030204
199710030205
199710030206
199710030210
199710030211
199710030302
199710030303
199710030306
199710030307
199710030309
199710030311
199710030401
199710030402
199710030407
199710030408
199710030409
199710030412
199710030505
199710030507
199710030511
199710030601
199710030602
199710030607
199710030608
199710030610
199710030611
199710030704
199710030705
199710030706
199710030710
199710030711
199710030801
199710030803
199710030811
199710030812