197901010101
197901010102
197901010103
197901010201
197901010202
197901010203
197901010204
197901010205
197901010206
197901010207
197901010208
197901010401
197901010402
197901010403
197901010404
197901010405
197901010501
197901010502
197901010503
197901010504
197901010505
197901010506
197901010507
197901010508
197901010601
197901010602
197901010603
197901010604
197901010605
197901010606
197901010607
197901010608
197901010801
197901010802
197901010803
197901010804
197901010805
197901010806
197901020101
197901020102
197901020103
197901020104
197901020105
197901020106
197901020107
197901020108
197901020109
197901020501
197901020502
197901020503
197901020504
197901020505
197901020506
197901020507
197901020508
197901020601
197901020602
197901020603
197901020604
197901020605
197901020606
197901020607
197901020608
197901020609
197901020610
197901020701
197901020702
197901020703
197901020704
197901020705
197901020706
197901020707
197901020708
197901020709
197901020710