197902010201
197902010202
197902010203
197902010204
197902010205
197902010206
197902010207
197902010208
197902010301
197902010302
197902010303
197902010304
197902010305
197902010306
197902010307
197902010308
197902010401
197902010402
197902010403
197902010404
197902010405
197902010406
197902010407
197902010501
197902010502
197902010503
197902010504
197902010505
197902010506
197902010507
197902010801
197902010802
197902010803
197902010804
197902010805
197902010806
197902020201
197902020202
197902020203
197902020204
197902020205
197902020206
197902020207
197902020208
197902020209
197902020301
197902020302
197902020303
197902020304
197902020305
197902020306
197902020401
197902020402
197902020501
197902020502
197902020503
197902020504
197902020505
197902020506
197902020601
197902020602
197902020603
197902020604
197902020605
197902020606
197902020607
197902020608
197902020609
197902020701
197902020702
197902020703