197903010301
197903010302
197903010303
197903010304
197903010305
197903010306
197903010307
197903010308
197903010309
197903010310
197903010401
197903010402
197903010403
197903010404
197903010405
197903010406
197903010407
197903010408
197903010409
197903010801
197903010802
197903010803
197903010804
197903010805
197903010806
197903010807
197903010808
197903010809
197903020601
197903020602
197903020603
197903020604
197903030201
197903030202
197903030203
197903030204
197903030205
197903030206
197903030207
197903030208
197903030209
197903030501
197903030502
197903030503
197903030504
197903030505
197903030506
197903030507
197903030508
197903030509
197903030601
197903030602
197903030603
197903030604
197903030605
197903030606
197903030607
197903030608
197903030609
197903030701
197903030702
197903030703
197903030704