197905010101
197905010102
197905010103
197905010104
197905010105
197905010106
197905010107
197905010108
197905010109
197905010201
197905010202
197905010203
197905010204
197905010205
197905010206
197905010207
197905010208
197905010209
197905010210
197905010211
197905010212
197905010301
197905010302
197905010303
197905010501
197905010502
197905010503
197905010504
197905010601
197905010602
197905010603
197905010604
197905010605
197905010606
197905010607
197905010608
197905010609
197905010701
197905010702
197905010703
197905010801
197905010802
197905010803
197905010804
197905010805
197905010806
197905020101
197905020102
197905020103
197905020104
197905020105
197905020106
197905020107
197905020108
197905020201
197905020401
197905020402
197905020403
197905020404
197905020405
197905020406
197905020407
197905020408
197905020409
197905020601
197905020602
197905020603
197905020604
197905020605
197905020606
197905020607
197905020608
197905020801
197905020802
197905020803
197905020804
197905020805
197905020806
197905020807
197905020808
197905020809
197905020810
197905030201
197905030202
197905030203
197905030204
197905030205
197905030206
197905030207
197905030208
197905030209
197905030601
197905030602
197905030603
197905030604
197905030605
197905030606
197905030607
197905030608
197905030609
197905040301
197905040302
197905040303
197905040304
197905040305
197905040601
197905040602
197905040603
197905040604
197905040605
197905040606
197905040607
197905040608
197905040609
197905040610
197905040701
197905040702
197905040703
197905040704
197905040705
197905040706
197905040707
197905040708
197905040709
197905040710
197905040801
197905040802
197905040803
197905040804
197905040805
197905040806
197905040807
197905040808
197905040809
197905050301
197905050302
197905050303
197905050304
197905050305
197905050306
197905050307
197905050401
197905050402
197905050403
197905050404
197905050801
197905050802
197905050803
197905050804
197905050805