197910010101
197910010102
197910010103
197910010104
197910010105
197910010106
197910010201
197910010202
197910010203
197910010204
197910010205
197910010206
197910010207
197910010208
197910010209
197910010401
197910010402
197910010403
197910010404
197910010405
197910010406
197910010501
197910010502
197910010503
197910010504
197910010505
197910010506
197910010507
197910010801
197910010802
197910010803
197910010804
197910010805
197910010806
197910020601
197910020602
197910020603
197910020604
197910020605
197910020606
197910020607
197910020608
197910020609
197910020610
197910020611
197910030201
197910030202
197910030203
197910030204
197910030205
197910030206
197910030207
197910030208
197910030301
197910030302
197910030303
197910030304
197910030305
197910030306
197910030307
197910030308
197910030309
197910030801
197910030802
197910030803
197910030804
197910030805
197910030806
197910030807