199801010101
199801010102
199801010103
199801010104
199801010105
199801010106
199801010107
199801010108
199801010109
199801010110
199801010111
199801010112
199801010201
199801010202
199801010203
199801010204
199801010205
199801010206
199801010207
199801010208
199801010209
199801010210
199801010211
199801010301
199801010302
199801010303
199801010304
199801010305
199801010306
199801010307
199801010308
199801010309
199801010310
199801010311
199801010312
199801010401
199801010402
199801010403
199801010404
199801010405
199801010406
199801010407
199801010408
199801010409
199801010410
199801010411
199801010412
199801010501
199801010502
199801010503
199801010504
199801010505
199801010506
199801010507
199801010508
199801010509
199801010510
199801010511
199801010512
199801010601
199801010602
199801010603
199801010604
199801010605
199801010606
199801010607
199801010608
199801010609
199801010610
199801010611
199801010701
199801010702
199801010703
199801010704
199801010705
199801010706
199801010707
199801010708
199801010709
199801010710
199801010711
199801010712
199801010801
199801010802
199801010803
199801010804
199801010805
199801010806
199801010807
199801010808
199801010809
199801010810
199801010811
199801010812
199801020101
199801020102
199801020103
199801020104
199801020105
199801020106
199801020107
199801020108
199801020109
199801020110
199801020111
199801020112
199801020201
199801020202
199801020203
199801020204
199801020205
199801020206
199801020207
199801020208
199801020209
199801020210
199801020211
199801020212
199801020301
199801020302
199801020303
199801020304
199801020305
199801020306
199801020307
199801020308
199801020309
199801020310
199801020311
199801020312
199801020401
199801020402
199801020403
199801020404
199801020405
199801020406
199801020407
199801020408
199801020409
199801020410
199801020411
199801020412
199801020501
199801020502
199801020503
199801020504
199801020505
199801020506
199801020507
199801020508
199801020509
199801020510
199801020511
199801020512
199801020601
199801020602
199801020603
199801020604
199801020605
199801020606
199801020607
199801020608
199801020609
199801020610
199801020611
199801020612
199801020701
199801020702
199801020703
199801020704
199801020705
199801020706
199801020707
199801020708
199801020709
199801020710
199801020711
199801020801
199801020802
199801020803
199801020804
199801020805
199801020806
199801020807
199801020808
199801020809
199801020810
199801020811
199801020812