199802010101
199802010102
199802010103
199802010104
199802010105
199802010106
199802010107
199802010108
199802010109
199802010110
199802010111
199802010112
199802010201
199802010202
199802010203
199802010204
199802010205
199802010206
199802010207
199802010208
199802010209
199802010210
199802010211
199802010301
199802010302
199802010303
199802010304
199802010305
199802010306
199802010307
199802010308
199802010309
199802010310
199802010311
199802010312
199802010401
199802010402
199802010403
199802010404
199802010405
199802010406
199802010407
199802010408
199802010409
199802010410
199802010411
199802010412
199802010501
199802010502
199802010503
199802010504
199802010505
199802010506
199802010507
199802010508
199802010509
199802010510
199802010511
199802010512
199802010601
199802010602
199802010603
199802010604
199802010605
199802010606
199802010607
199802010608
199802010609
199802010610
199802010611
199802010701
199802010702
199802010703
199802010704
199802010705
199802010706
199802010707
199802010708
199802010709
199802010710
199802010711
199802010712
199802010801
199802010802
199802010803
199802010804
199802010805
199802010806
199802010807
199802010808
199802010809
199802010810
199802010811
199802010812
199802020101
199802020102
199802020103
199802020104
199802020105
199802020106
199802020107
199802020108
199802020109
199802020110
199802020111
199802020201
199802020202
199802020203
199802020204
199802020205
199802020206
199802020207
199802020208
199802020209
199802020210
199802020211
199802020212
199802020301
199802020302
199802020303
199802020304
199802020305
199802020306
199802020307
199802020308
199802020309
199802020310
199802020311
199802020312
199802020401
199802020402
199802020403
199802020404
199802020405
199802020406
199802020407
199802020408
199802020409
199802020410
199802020411
199802020501
199802020502
199802020503
199802020504
199802020505
199802020506
199802020507
199802020508
199802020509
199802020510
199802020511
199802020512
199802020601
199802020602
199802020603
199802020604
199802020605
199802020606
199802020607
199802020608
199802020609
199802020610
199802020611
199802020612
199802020701
199802020702
199802020703
199802020704
199802020705
199802020706
199802020707
199802020708
199802020709
199802020710
199802020711
199802020712
199802020801
199802020802
199802020803
199802020804
199802020805
199802020806
199802020807
199802020808
199802020809
199802020810
199802020811