199804010101
199804010102
199804010103
199804010104
199804010105
199804010106
199804010107
199804010108
199804010109
199804010110
199804010111
199804010201
199804010202
199804010203
199804010204
199804010205
199804010206
199804010207
199804010208
199804010209
199804010210
199804010211
199804010212
199804010301
199804010302
199804010303
199804010304
199804010305
199804010306
199804010307
199804010308
199804010309
199804010310
199804010311
199804010312
199804010401
199804010402
199804010403
199804010404
199804010405
199804010406
199804010407
199804010408
199804010409
199804010410
199804010411
199804010412
199804010501
199804010502
199804010503
199804010504
199804010505
199804010506
199804010507
199804010508
199804010509
199804010510
199804010511
199804010512
199804010601
199804010602
199804010603
199804010604
199804010605
199804010606
199804010607
199804010608
199804010609
199804010610
199804010611
199804010701
199804010702
199804010703
199804010704
199804010705
199804010706
199804010707
199804010708
199804010709
199804010710
199804010711
199804010712
199804010801
199804010802
199804010803
199804010804
199804010805
199804010806
199804010807
199804010808
199804010809
199804010810
199804010811
199804010812
199804020101
199804020102
199804020103
199804020104
199804020105
199804020106
199804020107
199804020108
199804020109
199804020110
199804020111
199804020112
199804020201
199804020202
199804020203
199804020204
199804020205
199804020206
199804020207
199804020208
199804020209
199804020210
199804020211
199804020212
199804020301
199804020302
199804020303
199804020304
199804020305
199804020306
199804020307
199804020308
199804020309
199804020310
199804020311
199804020312
199804020401
199804020402
199804020403
199804020404
199804020405
199804020406
199804020407
199804020408
199804020409
199804020410
199804020411
199804020412
199804020501
199804020502
199804020503
199804020504
199804020505
199804020506
199804020507
199804020508
199804020509
199804020510
199804020511
199804020512
199804020601
199804020602
199804020603
199804020604
199804020605
199804020606
199804020607
199804020608
199804020609
199804020610
199804020611
199804020612
199804020701
199804020702
199804020703
199804020704
199804020705
199804020706
199804020707
199804020708
199804020709
199804020710
199804020711
199804020712
199804020801
199804020802
199804020803
199804020804
199804020805
199804020806
199804020807
199804020808
199804020809
199804020810
199804020811
199804020812
199804030101
199804030102
199804030103
199804030104
199804030105
199804030106
199804030107
199804030108
199804030109
199804030110
199804030111
199804030112
199804030201
199804030202
199804030203
199804030204
199804030205
199804030206
199804030207
199804030208
199804030209
199804030210
199804030211
199804030212
199804030301
199804030302
199804030303
199804030304
199804030305
199804030306
199804030307
199804030308
199804030309
199804030310
199804030311
199804030312
199804030401
199804030402
199804030403
199804030404
199804030405
199804030406
199804030407
199804030408
199804030409
199804030410
199804030411
199804030412
199804030501
199804030502
199804030503
199804030504
199804030505
199804030506
199804030507
199804030508
199804030509
199804030510
199804030511
199804030512
199804030601
199804030602
199804030603
199804030604
199804030605
199804030606
199804030607
199804030608
199804030609
199804030610
199804030611
199804030612
199804030701
199804030702
199804030703
199804030704
199804030705
199804030706
199804030707
199804030708
199804030709
199804030710
199804030711
199804030801
199804030802
199804030803
199804030804
199804030805
199804030806
199804030807
199804030808
199804030809
199804030810
199804030811
199804030812