199805010102
199805010106
199805010107
199805010108
199805010110
199805010111
199805010203
199805010207
199805010208
199805010210
199805010212
199805010307
199805010308
199805010312
199805010401
199805010402
199805010405
199805010407
199805010409
199805010410
199805010411
199805010412
199805010501
199805010502
199805010506
199805010507
199805010508
199805010511
199805010602
199805010604
199805010606
199805010607
199805010608
199805010609
199805010610
199805010611
199805010612
199805010702
199805010704
199805010705
199805010708
199805010710
199805010711
199805010712
199805010801
199805010803
199805010807
199805010808
199805010809
199805010810
199805010811
199805010812
199805020101
199805020102
199805020104
199805020106
199805020107
199805020110
199805020111
199805020112
199805020202
199805020204
199805020206
199805020207
199805020209
199805020210
199805020211
199805020212
199805020306
199805020307
199805020308
199805020309
199805020311
199805020312
199805020404
199805020406
199805020407
199805020408
199805020409
199805020411
199805020502
199805020504
199805020506
199805020507
199805020509
199805020510
199805020512
199805020604
199805020607
199805020608
199805020610
199805020611
199805020612
199805020701
199805020707
199805020708
199805020709
199805020710
199805020711
199805020712
199805020804
199805020805
199805020806
199805020807
199805020808
199805020809
199805020811
199805020812
199805030102
199805030103
199805030107
199805030204
199805030207
199805030208
199805030210
199805030211
199805030301
199805030304
199805030308
199805030309
199805030310
199805030311
199805030403
199805030404
199805030405
199805030407
199805030409
199805030410
199805030411
199805030501
199805030504
199805030506
199805030508
199805030510
199805030511
199805030603
199805030605
199805030606
199805030608
199805030609
199805030706
199805030707
199805030708
199805030709
199805030710
199805030711
199805030801
199805030803
199805030804
199805030805
199805030806
199805030808
199805030809
199805030810
199805030811
199805040102
199805040103
199805040106
199805040107
199805040109
199805040110
199805040111
199805040202
199805040204
199805040208
199805040209
199805040210
199805040211
199805040301
199805040303
199805040305
199805040306
199805040307
199805040308
199805040309
199805040311
199805040405
199805040407
199805040410
199805040411
199805040412
199805040503
199805040506
199805040508
199805040510
199805040511
199805040601
199805040602
199805040607
199805040608
199805040609
199805040610
199805040611
199805040612
199805040702
199805040703
199805040706
199805040707
199805040708
199805040709
199805040710
199805040711
199805040712
199805040801
199805040802
199805040805
199805040809
199805040810
199805040811
199805050103
199805050107
199805050108
199805050109
199805050110
199805050111
199805050112
199805050202
199805050207
199805050210
199805050211
199805050212
199805050301
199805050303
199805050305
199805050306
199805050307
199805050309
199805050310
199805050311
199805050401
199805050402
199805050404
199805050411
199805050412
199805050503
199805050506
199805050509
199805050510
199805050511
199805050512
199805050604
199805050606
199805050608
199805050609
199805050610
199805050611
199805050612
199805050702
199805050704
199805050707
199805050708
199805050709
199805050710
199805050711
199805050712
199805050801
199805050805
199805050806
199805050808
199805050809
199805050810