199808010101
199808010102
199808010103
199808010104
199808010105
199808010106
199808010107
199808010108
199808010109
199808010110
199808010111
199808010112
199808010201
199808010202
199808010203
199808010204
199808010205
199808010206
199808010207
199808010208
199808010209
199808010210
199808010211
199808010212
199808010301
199808010302
199808010303
199808010304
199808010305
199808010306
199808010307
199808010308
199808010309
199808010310
199808010311
199808010312
199808010401
199808010402
199808010403
199808010404
199808010405
199808010406
199808010407
199808010408
199808010409
199808010410
199808010411
199808010412
199808010501
199808010502
199808010503
199808010504
199808010505
199808010506
199808010507
199808010508
199808010509
199808010510
199808010511
199808010512
199808010601
199808010602
199808010603
199808010604
199808010605
199808010606
199808010607
199808010608
199808010609
199808010610
199808010611
199808010612
199808010701
199808010702
199808010703
199808010704
199808010705
199808010706
199808010707
199808010708
199808010709
199808010710
199808010711
199808010712
199808010801
199808010802
199808010803
199808010804
199808010805
199808010806
199808010807
199808010808
199808010809
199808010810
199808010811
199808010812
199808020101
199808020102
199808020103
199808020104
199808020105
199808020106
199808020107
199808020108
199808020109
199808020110
199808020111
199808020201
199808020202
199808020203
199808020204
199808020205
199808020206
199808020207
199808020208
199808020209
199808020210
199808020211
199808020212
199808020301
199808020302
199808020303
199808020304
199808020305
199808020306
199808020307
199808020308
199808020309
199808020310
199808020311
199808020312
199808020401
199808020402
199808020403
199808020404
199808020405
199808020406
199808020407
199808020408
199808020409
199808020410
199808020411
199808020412
199808020501
199808020502
199808020503
199808020504
199808020505
199808020506
199808020507
199808020508
199808020509
199808020510
199808020511
199808020601
199808020602
199808020603
199808020604
199808020605
199808020606
199808020607
199808020608
199808020609
199808020610
199808020611
199808020701
199808020702
199808020703
199808020704
199808020705
199808020706
199808020707
199808020708
199808020709
199808020710
199808020711
199808020712
199808020801
199808020802
199808020803
199808020804
199808020805
199808020806
199808020807
199808020808
199808020809
199808020810
199808020811
199808020812
199808030101
199808030102
199808030103
199808030104
199808030105
199808030106
199808030107
199808030108
199808030109
199808030110
199808030111
199808030201
199808030202
199808030203
199808030204
199808030205
199808030206
199808030207
199808030208
199808030209
199808030210
199808030211
199808030212
199808030301
199808030302
199808030303
199808030304
199808030305
199808030306
199808030307
199808030308
199808030309
199808030310
199808030311
199808030312
199808030401
199808030402
199808030403
199808030404
199808030405
199808030406
199808030407
199808030408
199808030409
199808030410
199808030411
199808030412
199808030501
199808030502
199808030503
199808030504
199808030505
199808030506
199808030507
199808030508
199808030509
199808030510
199808030511
199808030512
199808030601
199808030602
199808030603
199808030604
199808030605
199808030606
199808030607
199808030608
199808030609
199808030610
199808030611
199808030612
199808030701
199808030702
199808030703
199808030704
199808030705
199808030706
199808030707
199808030708
199808030709
199808030710
199808030711
199808030801
199808030802
199808030803
199808030804
199808030805
199808030806
199808030807
199808030808
199808030809
199808030810
199808030811
199808030812
199808040101
199808040102
199808040103
199808040104
199808040105
199808040106
199808040107
199808040108
199808040109
199808040110
199808040111
199808040112
199808040201
199808040202
199808040203
199808040204
199808040205
199808040206
199808040207
199808040208
199808040209
199808040210
199808040211
199808040212
199808040301
199808040302
199808040303
199808040304
199808040305
199808040306
199808040307
199808040308
199808040309
199808040310
199808040311
199808040312
199808040401
199808040402
199808040403
199808040404
199808040405
199808040406
199808040407
199808040408
199808040409
199808040410
199808040411
199808040412
199808040501
199808040502
199808040503
199808040504
199808040505
199808040506
199808040507
199808040508
199808040509
199808040510
199808040511
199808040512
199808040601
199808040602
199808040603
199808040604
199808040605
199808040606
199808040607
199808040608
199808040609
199808040610
199808040611
199808040612
199808040701
199808040702
199808040703
199808040704
199808040705
199808040706
199808040707
199808040708
199808040709
199808040710
199808040711
199808040712
199808040801
199808040802
199808040803
199808040804
199808040805
199808040806
199808040807
199808040808
199808040809
199808040810
199808040811
199808050101
199808050102
199808050103
199808050104
199808050105
199808050106
199808050107
199808050108
199808050109
199808050110
199808050111
199808050112
199808050201
199808050202
199808050203
199808050204
199808050205
199808050206
199808050207
199808050208
199808050209
199808050210
199808050211
199808050212
199808050301
199808050302
199808050303
199808050304
199808050305
199808050306
199808050307
199808050308
199808050309
199808050310
199808050311
199808050312
199808050401
199808050402
199808050403
199808050404
199808050405
199808050406
199808050407
199808050408
199808050409
199808050410
199808050411
199808050412
199808050501
199808050502
199808050503
199808050504
199808050505
199808050506
199808050507
199808050508
199808050509
199808050510
199808050511
199808050512
199808050601
199808050602
199808050603
199808050604
199808050605
199808050606
199808050607
199808050608
199808050609
199808050610
199808050611
199808050612
199808050701
199808050702
199808050703
199808050704
199808050705
199808050706
199808050707
199808050708
199808050709
199808050710
199808050711
199808050801
199808050802
199808050803
199808050804
199808050805
199808050806
199808050807
199808050808
199808050809
199808050810
199808050811
199808050812
199808060101
199808060102
199808060103
199808060104
199808060105
199808060106
199808060107
199808060108
199808060109
199808060110
199808060111
199808060112
199808060201
199808060202
199808060203
199808060204
199808060205
199808060206
199808060207
199808060208
199808060209
199808060210
199808060211
199808060301
199808060302
199808060303
199808060304
199808060305
199808060306
199808060307
199808060308
199808060309
199808060310
199808060311
199808060312
199808060401
199808060402
199808060403
199808060404
199808060405
199808060406
199808060407
199808060408
199808060409
199808060410
199808060411
199808060412
199808060501
199808060502
199808060503
199808060504
199808060505
199808060506
199808060507
199808060508
199808060509
199808060510
199808060511
199808060601
199808060602
199808060603
199808060604
199808060605
199808060606
199808060607
199808060608
199808060609
199808060610
199808060611
199808060612
199808060701
199808060702
199808060703
199808060704
199808060705
199808060706
199808060707
199808060708
199808060709
199808060710
199808060711
199808060712
199808060801
199808060802
199808060803
199808060804
199808060805
199808060806
199808060807
199808060808
199808060809
199808060810
199808060811
199808060812