201802010101
201802010102
201802010103
201802010104
201802010105
201802010106
201802010107
201802010108
201802010109
201802010110
201802010111
201802010201
201802010202
201802010203
201802010204
201802010205
201802010206
201802010207
201802010208
201802010209
201802010210
201802010301
201802010302
201802010303
201802010304
201802010305
201802010306
201802010307
201802010310
201802010312
201802010401
201802010402
201802010403
201802010404
201802010405
201802010406
201802010407
201802010408
201802010409
201802010410
201802010411
201802010501
201802010502
201802010503
201802010504
201802010505
201802010506
201802010507
201802010508
201802010509
201802010510
201802010512
201802010601
201802010602
201802010603
201802010604
201802010605
201802010607
201802010608
201802010612
201802020101
201802020102
201802020103
201802020104
201802020105
201802020106
201802020107
201802020108
201802020109
201802020110
201802020112
201802020201
201802020202
201802020203
201802020204
201802020205
201802020206
201802020207
201802020208
201802020209
201802020210
201802020301
201802020302
201802020303
201802020304
201802020305
201802020306
201802020308
201802020309
201802020310
201802020312
201802020401
201802020402
201802020403
201802020404
201802020405
201802020406
201802020407
201802020408
201802020409
201802020412
201802020501
201802020502
201802020503
201802020504
201802020505
201802020506
201802020507
201802020508
201802020509
201802020510
201802020511
201802020512
201802020601
201802020602
201802020603
201802020604
201802020605
201802020606
201802020607
201802020608
201802020609
201802020611
201802020612