201803010101
201803010102
201803010103
201803010104
201803010105
201803010106
201803010107
201803010108
201803010109
201803010110
201803010111
201803010112
201803010201
201803010202
201803010203
201803010204
201803010205
201803010206
201803010207
201803010208
201803010209
201803010210
201803010211
201803010212
201803010301
201803010302
201803010303
201803010304
201803010305
201803010306
201803010307
201803010308
201803010309
201803010310
201803010311
201803010312
201803010401
201803010402
201803010403
201803010404
201803010405
201803010406
201803010407
201803010408
201803010409
201803010410
201803010411
201803010412
201803010501
201803010502
201803010503
201803010504
201803010505
201803010506
201803010507
201803010508
201803010509
201803010510
201803010511
201803010512
201803010601
201803010602
201803010603
201803010604
201803010605
201803010606
201803010607
201803010608
201803010609
201803010610
201803010611
201803010612
201803020101
201803020102
201803020103
201803020104
201803020105
201803020106
201803020107
201803020108
201803020109
201803020110
201803020111
201803020112
201803020201
201803020202
201803020203
201803020204
201803020205
201803020206
201803020207
201803020208
201803020209
201803020210
201803020211
201803020212
201803020301
201803020302
201803020303
201803020304
201803020305
201803020306
201803020307
201803020308
201803020309
201803020310
201803020311
201803020312
201803020401
201803020402
201803020403
201803020404
201803020405
201803020406
201803020407
201803020408
201803020409
201803020410
201803020411
201803020412
201803020501
201803020502
201803020503
201803020504
201803020505
201803020506
201803020507
201803020508
201803020509
201803020510
201803020511
201803020512
201803020601
201803020602
201803020603
201803020604
201803020605
201803020606
201803020607
201803020608
201803020609
201803020610
201803020611
201803020612
201803020701
201803020702
201803020703
201803020704
201803020705
201803020706
201803020707
201803020708
201803020709
201803020710
201803020711
201803020712
201803020801
201803020802
201803020803
201803020804
201803020805
201803020806
201803020807
201803020808
201803020809
201803020810
201803020811
201803020812
201803030101
201803030102
201803030103
201803030104
201803030105
201803030106
201803030107
201803030108
201803030109
201803030110
201803030111
201803030112
201803030201
201803030202
201803030203
201803030204
201803030205
201803030206
201803030207
201803030208
201803030209
201803030210
201803030211
201803030212
201803030301
201803030302
201803030303
201803030304
201803030305
201803030306
201803030307
201803030308
201803030309
201803030310
201803030311
201803030312
201803030401
201803030402
201803030403
201803030404
201803030405
201803030406
201803030407
201803030408
201803030409
201803030410
201803030411
201803030412
201803030501
201803030502
201803030503
201803030504
201803030505
201803030506
201803030507
201803030508
201803030509
201803030510
201803030511
201803030512
201803030601
201803030602
201803030603
201803030604
201803030605
201803030606
201803030607
201803030608
201803030609
201803030610
201803030611
201803030612