201804010101
201804010102
201804010103
201804010104
201804010105
201804010106
201804010107
201804010108
201804010109
201804010110
201804010201
201804010202
201804010203
201804010204
201804010205
201804010206
201804010301
201804010302
201804010303
201804010304
201804010305
201804010306
201804010307
201804010308
201804010309
201804010310
201804010401
201804010402
201804010403
201804010404
201804010405
201804010406
201804010501
201804010502
201804010503
201804010504
201804010505
201804010506
201804010507
201804010508
201804010509
201804010510
201804010601
201804010602
201804010603
201804010604
201804010605
201804010606
201804010701
201804010702
201804010703
201804010704
201804010705
201804010706
201804010707
201804010708
201804010709
201804010710
201804010801
201804010802
201804010803
201804010804
201804010805
201804010806
201804020101
201804020102
201804020103
201804020104
201804020105
201804020106
201804020107
201804020108
201804020109
201804020110
201804020111
201804020112
201804020201
201804020202
201804020203
201804020204
201804020205
201804020206
201804020207
201804020208
201804020209
201804020210
201804020211
201804020212
201804020301
201804020302
201804020303
201804020304
201804020305
201804020306
201804020307
201804020308
201804020309
201804020310
201804020311
201804020312
201804020401
201804020402
201804020403
201804020404
201804020405
201804020406
201804020407
201804020408
201804020409
201804020410
201804020411
201804020412
201804020501
201804020502
201804020503
201804020504
201804020505
201804020506
201804020507
201804020508
201804020509
201804020510
201804020511
201804020512
201804020601
201804020602
201804020603
201804020604
201804020605
201804020606
201804020607
201804020608
201804020609
201804020610
201804020611
201804020612
201804020701
201804020702
201804020703
201804020704
201804020705
201804020706
201804020707
201804020708
201804020709
201804020710
201804020711
201804020712
201804020801
201804020802
201804020803
201804020804
201804020805
201804020806
201804020807
201804020808
201804020809
201804020810
201804020811
201804020812
201804020901
201804020902
201804020903
201804020904
201804020905
201804020906
201804020907
201804020908
201804020909
201804020910
201804020911
201804020912
201804021001
201804021002
201804021003
201804021004
201804021005
201804021006
201804021007
201804021008
201804021009
201804021010
201804021011
201804021012
201804021101
201804021102
201804021103
201804021104
201804021105
201804021106
201804021107
201804021108
201804021109
201804021110
201804021111
201804021112
201804021201
201804021202
201804021203
201804021204
201804021205
201804021206
201804021207
201804021208
201804021209
201804021210
201804021211
201804021212
201804030101
201804030102
201804030103
201804030104
201804030105
201804030106
201804030107
201804030108
201804030109
201804030110
201804030111
201804030112
201804030201
201804030202
201804030203
201804030204
201804030205
201804030206
201804030207
201804030208
201804030209
201804030210
201804030211
201804030212
201804030301
201804030302
201804030303
201804030304
201804030305
201804030306
201804030307
201804030308
201804030309
201804030310
201804030311
201804030312
201804030401
201804030402
201804030403
201804030404
201804030405
201804030406
201804030407
201804030408
201804030409
201804030410
201804030411
201804030412
201804030501
201804030502
201804030503
201804030504
201804030505
201804030506
201804030507
201804030508
201804030509
201804030510
201804030511
201804030601
201804030602
201804030603
201804030604
201804030605
201804030606
201804030607
201804030608
201804030609
201804030610
201804030611
201804030612