201806010101
201806010102
201806010103
201806010104
201806010105
201806010106
201806010107
201806010108
201806010109
201806010110
201806010201
201806010202
201806010203
201806010204
201806010205
201806010206
201806010207
201806010208
201806010209
201806010210
201806010211
201806010301
201806010302
201806010303
201806010304
201806010305
201806010401
201806010402
201806010403
201806010404
201806010405
201806010406
201806010407
201806010408
201806010409
201806010501
201806010502
201806010503
201806010504
201806010505
201806010506
201806010507
201806010508
201806010509
201806010510
201806010511
201806010601
201806010602
201806010603
201806010604
201806010605
201806010606
201806010607
201806010701
201806010702
201806010703
201806010704
201806010705
201806010706
201806010707
201806010708
201806010709
201806020101
201806020102
201806020103
201806020104
201806020105
201806020106
201806020107
201806020108
201806020109
201806020201
201806020202
201806020203
201806020204
201806020205
201806020206
201806020207
201806020208
201806020209
201806020301
201806020302
201806020303
201806020304
201806020305
201806020306
201806020307
201806020401
201806020402
201806020403
201806020404
201806020405
201806020406
201806020407
201806020408
201806020409
201806020410
201806020411
201806020501
201806020502
201806020503
201806020504
201806020505
201806020506
201806020507
201806020601
201806020602
201806020603
201806020604
201806020605
201806020606
201806020607
201806020608
201806020609
201806020610
201806020611
201806020701
201806020702
201806020703
201806020704
201806020705
201806020706
201806020707
201806020708
201806020709
201806020710
201806020711
201806020801
201806020802
201806020803
201806020804
201806020805
201806020806
201806020807
201806020808
201806020809
201806020810
201806020811
201806030101
201806030102
201806030103
201806030104
201806030105
201806030106
201806030107
201806030108
201806030109
201806030201
201806030202
201806030203
201806030204
201806030205
201806030206
201806030301
201806030302
201806030303
201806030304
201806030305
201806030306
201806030307
201806030308
201806030309
201806030401
201806030402
201806030403
201806030404
201806030405
201806030406
201806030407
201806030408
201806030409
201806030410
201806030501
201806030502
201806030503
201806030504
201806030505
201806030506
201806030507
201806030508
201806030509
201806030510
201806030511
201806030601
201806030602
201806030603
201806030604
201806030605
201806030606
201806030607
201806030608
201806030609
201806030701
201806030702
201806030703
201806030704
201806030705
201806030706
201806030707
201806030708
201806030709
201806030801
201806030802
201806030803
201806030804
201806030805
201806030806
201806030807
201806030808
201806030809
201806030810
201806030811
201806040101
201806040102
201806040103
201806040104
201806040105
201806040106
201806040107
201806040108
201806040109
201806040110
201806040111
201806040112
201806040201
201806040202
201806040203
201806040204
201806040205
201806040206
201806040207
201806040208
201806040209
201806040301
201806040302
201806040303
201806040304
201806040305
201806040306
201806040307
201806040308
201806040309
201806040310
201806040311
201806040312
201806040401
201806040402
201806040403
201806040404
201806040405
201806040406
201806040407
201806040408
201806040409
201806040410
201806040411
201806040412
201806040501
201806040502
201806040503
201806040504
201806040505
201806040506
201806040507
201806040508
201806040509
201806040510
201806040511
201806040601
201806040602
201806040603
201806040604
201806040605
201806040606
201806040607
201806040608
201806040609
201806040610
201806040611
201806040612
201806040701
201806040702
201806040703
201806040704
201806040705
201806040706
201806040707
201806040708
201806040709
201806040710
201806040711
201806040712
201806040801
201806040802
201806040803
201806040804
201806040805
201806040806
201806040807
201806040808
201806040809
201806040810
201806040811
201806040812
201806040901
201806040902
201806040903
201806040904
201806040905
201806040906
201806040907
201806040908
201806040909
201806040910
201806040911
201806050101
201806050102
201806050103
201806050104
201806050105
201806050106
201806050107
201806050108
201806050109
201806050110
201806050111
201806050112
201806050201
201806050202
201806050203
201806050204
201806050205
201806050206
201806050207
201806050208
201806050209
201806050210
201806050211
201806050212
201806050301
201806050302
201806050303
201806050304
201806050305
201806050306
201806050307
201806050308
201806050309
201806050310
201806050311
201806050312
201806050401
201806050402
201806050403
201806050404
201806050405
201806050406
201806050407
201806050408
201806050409
201806050410
201806050411
201806050412
201806050501
201806050502
201806050503
201806050504
201806050505
201806050506
201806050507
201806050508
201806050509
201806050510
201806050511
201806050512
201806050601
201806050602
201806050603
201806050604
201806050605
201806050606
201806050607
201806050608
201806050609
201806050701
201806050702
201806050703
201806050704
201806050705
201806050706
201806050707
201806050708
201806050709
201806050710
201806050711
201806050801
201806050802
201806050803
201806050804
201806050805
201806050806
201806050807
201806050808
201806050809
201806050810
201806050811
201806050812
201806050901
201806050902
201806050903
201806050904
201806050905
201806050906
201806050907
201806050908
201806050909
201806050910
201806050911
201806050912