201807010101
201807010102
201807010103
201807010104
201807010105
201807010106
201807010107
201807010108
201807010109
201807010110
201807010111
201807010112
201807010201
201807010202
201807010203
201807010204
201807010205
201807010206
201807010207
201807010208
201807010209
201807010210
201807010211
201807010212
201807010301
201807010302
201807010303
201807010304
201807010305
201807010306
201807010307
201807010308
201807010309
201807010310
201807010311
201807010312
201807010401
201807010402
201807010403
201807010404
201807010405
201807010406
201807010407
201807010408
201807010409
201807010410
201807010411
201807010412
201807010501
201807010502
201807010503
201807010504
201807010505
201807010506
201807010507
201807010508
201807010509
201807010510
201807010511
201807010512
201807010601
201807010602
201807010603
201807010604
201807010605
201807010606
201807010607
201807010608
201807010609
201807010610
201807010611
201807010612
201807020101
201807020102
201807020103
201807020104
201807020105
201807020106
201807020107
201807020108
201807020109
201807020110
201807020111
201807020112
201807020201
201807020202
201807020203
201807020204
201807020205
201807020206
201807020207
201807020208
201807020209
201807020210
201807020211
201807020212
201807020301
201807020302
201807020303
201807020304
201807020305
201807020306
201807020307
201807020308
201807020309
201807020310
201807020311
201807020312
201807020401
201807020402
201807020403
201807020404
201807020405
201807020406
201807020407
201807020408
201807020409
201807020410
201807020411
201807020412
201807020501
201807020502
201807020503
201807020504
201807020505
201807020506
201807020507
201807020508
201807020509
201807020510
201807020511
201807020512
201807020601
201807020602
201807020603
201807020604
201807020605
201807020606
201807020607
201807020608
201807020609
201807020610
201807020611
201807020612
201807030101
201807030102
201807030103
201807030104
201807030105
201807030106
201807030107
201807030108
201807030109
201807030110
201807030111
201807030112
201807030201
201807030202
201807030203
201807030204
201807030205
201807030206
201807030207
201807030208
201807030209
201807030210
201807030211
201807030212
201807030301
201807030302
201807030303
201807030304
201807030305
201807030306
201807030307
201807030308
201807030309
201807030310
201807030311
201807030312
201807030401
201807030402
201807030403
201807030404
201807030405
201807030406
201807030407
201807030408
201807030409
201807030410
201807030411
201807030412
201807030501
201807030502
201807030503
201807030504
201807030505
201807030506
201807030507
201807030508
201807030509
201807030510
201807030511
201807030512
201807030601
201807030602
201807030603
201807030604
201807030605
201807030606
201807030607
201807030608
201807030609
201807030610
201807030611
201807030612
201807030701
201807030702
201807030703
201807030704
201807030705
201807030706
201807030707
201807030708
201807030709
201807030710
201807030711
201807030712
201807030801
201807030802
201807030803
201807030804
201807030805
201807030806
201807030807
201807030808
201807030809
201807030810
201807030811
201807030812
201807040101
201807040102
201807040103
201807040104
201807040105
201807040106
201807040107
201807040108
201807040109
201807040110
201807040111
201807040112
201807040201
201807040202
201807040203
201807040204
201807040205
201807040206
201807040207
201807040208
201807040209
201807040210
201807040211
201807040212
201807040301
201807040302
201807040303
201807040304
201807040305
201807040306
201807040307
201807040308
201807040309
201807040310
201807040311
201807040312
201807040401
201807040402
201807040403
201807040404
201807040405
201807040406
201807040407
201807040408
201807040409
201807040410
201807040411
201807040412
201807040501
201807040502
201807040503
201807040504
201807040505
201807040506
201807040507
201807040508
201807040509
201807040510
201807040511
201807040512
201807040601
201807040602
201807040603
201807040604
201807040605
201807040606
201807040607
201807040608
201807040609
201807040610
201807040611
201807040612