201808010101
201808010102
201808010103
201808010104
201808010105
201808010106
201808010107
201808010108
201808010109
201808010110
201808010111
201808010112
201808010201
201808010202
201808010203
201808010204
201808010205
201808010206
201808010207
201808010208
201808010209
201808010210
201808010211
201808010212
201808010301
201808010302
201808010303
201808010304
201808010305
201808010306
201808010307
201808010308
201808010309
201808010310
201808010311
201808010312
201808010401
201808010402
201808010403
201808010404
201808010405
201808010406
201808010407
201808010408
201808010409
201808010410
201808010411
201808010412
201808010501
201808010502
201808010503
201808010504
201808010505
201808010506
201808010507
201808010508
201808010509
201808010510
201808010511
201808010512
201808010601
201808010602
201808010603
201808010604
201808010605
201808010606
201808010607
201808010608
201808010609
201808010610
201808010611
201808010612
201808010701
201808010702
201808010703
201808010704
201808010705
201808010706
201808010707
201808010708
201808010709
201808010710
201808010711
201808010712
201808020101
201808020102
201808020103
201808020104
201808020105
201808020106
201808020107
201808020108
201808020109
201808020110
201808020111
201808020112
201808020201
201808020202
201808020203
201808020204
201808020205
201808020206
201808020207
201808020208
201808020209
201808020210
201808020211
201808020212
201808020301
201808020302
201808020303
201808020304
201808020305
201808020306
201808020307
201808020308
201808020309
201808020310
201808020311
201808020312
201808020401
201808020402
201808020403
201808020404
201808020405
201808020406
201808020407
201808020408
201808020409
201808020410
201808020411
201808020412
201808020501
201808020502
201808020503
201808020504
201808020505
201808020506
201808020507
201808020508
201808020509
201808020510
201808020511
201808020512
201808020601
201808020602
201808020603
201808020604
201808020605
201808020606
201808020607
201808020608
201808020609
201808020610
201808020611
201808020612
201808020701
201808020702
201808020703
201808020704
201808020705
201808020706
201808020707
201808020708
201808020709
201808020710
201808020711
201808020712
201808020801
201808020802
201808020803
201808020804
201808020805
201808020806
201808020807
201808020808
201808020809
201808020810
201808020811
201808020812
201808030101
201808030102
201808030103
201808030104
201808030105
201808030106
201808030107
201808030108
201808030109
201808030110
201808030111
201808030112
201808030201
201808030202
201808030203
201808030204
201808030205
201808030206
201808030207
201808030208
201808030209
201808030210
201808030211
201808030212
201808030301
201808030302
201808030303
201808030304
201808030305
201808030306
201808030307
201808030308
201808030309
201808030310
201808030311
201808030312
201808030401
201808030402
201808030403
201808030404
201808030405
201808030406
201808030407
201808030408
201808030409
201808030410
201808030411
201808030412
201808030501
201808030502
201808030503
201808030504
201808030505
201808030506
201808030507
201808030508
201808030509
201808030510
201808030511
201808030512
201808030601
201808030602
201808030603
201808030604
201808030605
201808030606
201808030607
201808030608
201808030609
201808030610
201808030611
201808030612
201808030701
201808030702
201808030703
201808030704
201808030705
201808030706
201808030707
201808030708
201808030709
201808030710
201808030711
201808030712
201808030801
201808030802
201808030803
201808030804
201808030805
201808030806
201808030807
201808030808
201808030809
201808030810
201808030811
201808030812
201808030901
201808030902
201808030903
201808030904
201808030905
201808030906
201808030907
201808030908
201808030909
201808030910
201808030911
201808030912
201808031001
201808031002
201808031003
201808031004
201808031005
201808031006
201808031007
201808031008
201808031009
201808031010
201808031011
201808031012
201808031101
201808031102
201808031103
201808031104
201808031105
201808031106
201808031107
201808031108
201808031109
201808031110
201808031111
201808031112
201808031201
201808031202
201808031203
201808031204
201808031205
201808031206
201808031207
201808031208
201808031209
201808031210
201808031211
201808031212
201808040101
201808040102
201808040103
201808040104
201808040105
201808040106
201808040107
201808040108
201808040109
201808040110
201808040111
201808040112
201808040201
201808040202
201808040203
201808040204
201808040205
201808040206
201808040207
201808040208
201808040209
201808040210
201808040211
201808040212
201808040301
201808040302
201808040303
201808040304
201808040305
201808040306
201808040307
201808040308
201808040309
201808040310
201808040311
201808040312
201808040401
201808040402
201808040403
201808040404
201808040405
201808040406
201808040407
201808040408
201808040409
201808040410
201808040411
201808040412
201808040501
201808040502
201808040503
201808040504
201808040505
201808040506
201808040507
201808040508
201808040509
201808040510
201808040511
201808040512
201808040601
201808040602
201808040603
201808040604
201808040605
201808040606
201808040607
201808040608
201808040609
201808040610
201808040611
201808040612
201808040701
201808040702
201808040703
201808040704
201808040705
201808040706
201808040707
201808040708
201808040709
201808040710
201808040711
201808040712
201808040801
201808040802
201808040803
201808040804
201808040805
201808040806
201808040807
201808040808
201808040809
201808040810
201808040811
201808040812
201808040901
201808040902
201808040903
201808040904
201808040905
201808040906
201808040907
201808040908
201808040909
201808040910
201808040911
201808040912
201808050101
201808050102
201808050103
201808050104
201808050105
201808050106
201808050107
201808050108
201808050109
201808050110
201808050111
201808050112
201808050201
201808050202
201808050203
201808050204
201808050205
201808050206
201808050207
201808050208
201808050209
201808050210
201808050211
201808050212
201808050301
201808050302
201808050303
201808050304
201808050305
201808050306
201808050307
201808050308
201808050309
201808050310
201808050311
201808050312
201808050401
201808050402
201808050403
201808050404
201808050405
201808050406
201808050407
201808050408
201808050409
201808050410
201808050411
201808050412
201808050501
201808050502
201808050503
201808050504
201808050505
201808050506
201808050507
201808050508
201808050509
201808050510
201808050511
201808050512
201808050601
201808050602
201808050603
201808050604
201808050605
201808050606
201808050607
201808050608
201808050609
201808050610
201808050611
201808050612
201808050701
201808050702
201808050703
201808050704
201808050705
201808050706
201808050707
201808050708
201808050709
201808050710
201808050711
201808050712
201808050801
201808050802
201808050803
201808050804
201808050805
201808050806
201808050807
201808050808
201808050809
201808050810
201808050811
201808050812