201810010101
201810010102
201810010103
201810010104
201810010105
201810010106
201810010107
201810010108
201810010109
201810010110
201810010111
201810010112
201810010201
201810010202
201810010203
201810010204
201810010205
201810010206
201810010207
201810010208
201810010209
201810010210
201810010211
201810010212
201810010301
201810010302
201810010303
201810010304
201810010305
201810010306
201810010307
201810010308
201810010309
201810010310
201810010311
201810010312
201810010401
201810010402
201810010403
201810010404
201810010405
201810010406
201810010407
201810010408
201810010409
201810010410
201810010411
201810010412
201810010501
201810010502
201810010503
201810010504
201810010505
201810010506
201810010507
201810010508
201810010509
201810010510
201810010511
201810010512
201810010601
201810010602
201810010603
201810010604
201810010605
201810010606
201810010607
201810010608
201810010609
201810010610
201810010611
201810010612
201810010701
201810010702
201810010703
201810010704
201810010705
201810010706
201810010707
201810010708
201810010709
201810010710
201810010711
201810010712
201810010801
201810010802
201810010803
201810010804
201810010805
201810010806
201810010807
201810010808
201810010809
201810010810
201810010811
201810010812
201810020101
201810020102
201810020103
201810020104
201810020105
201810020106
201810020107
201810020108
201810020109
201810020110
201810020111
201810020112
201810020201
201810020202
201810020203
201810020204
201810020205
201810020206
201810020207
201810020208
201810020209
201810020210
201810020211
201810020212
201810020301
201810020302
201810020303
201810020304
201810020305
201810020306
201810020307
201810020308
201810020309
201810020310
201810020311
201810020312
201810020401
201810020402
201810020403
201810020404
201810020405
201810020406
201810020407
201810020408
201810020409
201810020410
201810020411
201810020412
201810020501
201810020502
201810020503
201810020504
201810020505
201810020506
201810020507
201810020508
201810020509
201810020510
201810020511
201810020512
201810020601
201810020602
201810020603
201810020604
201810020605
201810020606
201810020607
201810020608
201810020609
201810020610
201810020611
201810020612
201810020701
201810020702
201810020703
201810020704
201810020705
201810020706
201810020707
201810020708
201810020709
201810020710
201810020711
201810020712
201810020801
201810020802
201810020803
201810020804
201810020805
201810020806
201810020807
201810020808
201810020809
201810020810
201810020811
201810020812
201810020901
201810020902
201810020903
201810020904
201810020905
201810020906
201810020907
201810020908
201810020909
201810020910
201810020911
201810020912
201810021001
201810021002
201810021003
201810021004
201810021005
201810021006
201810021007
201810021008
201810021009
201810021010
201810021011
201810021012
201810021101
201810021102
201810021103
201810021104
201810021105
201810021106
201810021107
201810021108
201810021109
201810021110
201810021111
201810021112
201810021201
201810021202
201810021203
201810021204
201810021205
201810021206
201810021207
201810021208
201810021209
201810021210
201810021211
201810021212