197301010401
197301010402
197301010403
197301010404
197301010405
197301010406
197301010407
197301010408
197301010409
197301010410
197301010801
197301010802
197301010803
197301010804
197301010805
197301010806
197301010807
197301010808
197301010809
197301010810
197301020301
197301020302
197301020303
197301020304
197301020401
197301020402
197301020403
197301020404
197301020405
197301020406
197301020407
197301020408
197301020409
197301020410
197301020701
197301020702
197301020703
197301020704
197301020705
197301020706
197301020707
197301020708
197301020709