197303020201
197303020202
197303020203
197303020204
197303020205
197303020206
197303020207
197303020208
197303020209
197303020210
197303030101
197303030102
197303030103
197303030104
197303030105
197303030106
197303030401
197303030402
197303030403
197303030404
197303030405
197303030406
197303030407
197303030408
197303030409
197303030410
197303040201
197303040202
197303040203
197303040204
197303040205
197303040206
197303040207
197303040208
197303040801
197303040802
197303040803
197303040804
197303040805
197303040806
197303040807
197303040808