197305010301
197305010302
197305010303
197305010304
197305010305
197305010306
197305010307
197305010308
197305010309
197305010310
197305010311
197305010601
197305010602
197305010603
197305010604
197305010605
197305010606
197305010607
197305010608
197305010609
197305010610
197305010611
197305010701
197305010702
197305010703
197305010704
197305010705
197305010706
197305010707
197305010708
197305010709
197305010710
197305020201
197305020202
197305020203
197305020204
197305020205
197305020206
197305020207
197305020208
197305020209
197305020210
197305020211
197305020401
197305020402
197305020403
197305020404
197305020405
197305020406
197305020407
197305020408
197305020409
197305020410
197305020601
197305020602
197305020603
197305020604
197305020605
197305020606
197305020607
197305020608
197305020609
197305020610
197305020801
197305030301
197305030302
197305030303
197305030501
197305030502
197305030503
197305030504
197305030505
197305040101
197305040102
197305040103
197305040104
197305040105
197305040106
197305040107
197305040108
197305040109
197305040801
197305040802
197305040803
197305040804
197305040805
197305040806
197305050201
197305050202
197305050203
197305050204
197305050205
197305050206
197305050207
197305050208
197305050209
197305050301
197305050302
197305050303
197305050304
197305050305
197305050306
197305050307
197305050308
197305050309
197305050701
197305050702
197305050703
197305050704
197305050705
197305050706
197305060101
197305060102
197305060103
197305060104
197305060105
197305060106
197305060107
197305060201
197305060202
197305060203
197305060204
197305060205
197305060206
197305060207
197305060208
197305060209
197305060210
197305060211
197305060401
197305060402
197305060403
197305060404
197305060405
197305060406
197305060407
197305060408
197305060409
197305060410
197305060801
197305060802
197305060803
197305060804
197305060805
197305060806
197305060807
197305060808
197305060809