201704010111
201704010311
201704020101
201704020102
201704020105
201704020201
201704020205
201704020206
201704020301
201704020302
201704020305
201704020309
201704020401
201704020405
201704020406
201704020501
201704020502
201704020505
201704020601
201704020605
201704020606
201704020701
201704020705
201704020706
201704020801
201704020805
201704020901
201704020905
201704021001
201704021002
201704021005
201704021011
201704021101
201704021102
201704021105
201704021201
201704021205
201704021206
201704030102
201704030105
201704030201
201704030202
201704030203
201704030205
201704030302
201704030305
201704030401
201704030402
201704030405
201704030502
201704030505
201704030506
201704030601
201704030602
201704030605