201705010106
201705010207
201705010210
201705010311
201705010404
201705010509
201705010510
201705010607
201705010609
201705020210
201705030105
201705030205
201705030305
201705030405
201705030406
201705030501
201705030505
201705030605
201705030606
201705030701
201705030705
201705030805
201705040101
201705040102
201705040103
201705040105
201705040111
201705040201
201705040202
201705040203
201705040204
201705040205
201705040301
201705040302
201705040303
201705040304
201705040305
201705040401
201705040402
201705040403
201705040404
201705040405
201705040409
201705040501
201705040502
201705040503
201705040504
201705040601
201705040602
201705040603
201705040604
201705040605
201705040609
201705040701
201705040702
201705040703
201705040704
201705040705
201705040709
201705040801
201705040802
201705040803
201705040804
201705040805
201705040811
201705040901
201705040902
201705040903
201705040904
201705040905
201705050101
201705050102
201705050103
201705050104
201705050105
201705050106
201705050111
201705050201
201705050202
201705050203
201705050204
201705050205
201705050206
201705050209
201705050301
201705050302
201705050303
201705050304
201705050305
201705050306
201705050309
201705050401
201705050402
201705050403
201705050404
201705050405
201705050406
201705050501
201705050502
201705050503
201705050504
201705050506
201705050507
201705050511
201705050601
201705050602
201705050603
201705050604
201705050605
201705050606
201705050609
201705050701
201705050702
201705050703
201705050705
201705050706
201705050709
201705050801
201705050802
201705050803
201705050804
201705050807