201706010111
201706010211
201706010407
201706010408
201706010507
201706010508
201706010509
201706010610
201706010611
201706010710
201706020201
201706020211
201706020307
201706020308
201706020508
201706020611
201706020810
201706030106
201706030107
201706030108
201706030212
201706030711
201706040101
201706040102
201706040105
201706040109
201706040201
201706040202
201706040204
201706040205
201706040301
201706040302
201706040303
201706040305
201706040306
201706040401
201706040402
201706040403
201706040405
201706040501
201706040502
201706040503
201706040505
201706040601
201706040602
201706040603
201706040605
201706040701
201706040702
201706040704
201706040705
201706040709
201706040801
201706040802
201706040805
201706040809
201706040901
201706040902
201706040904
201706040905
201706040909
201706050101
201706050102
201706050103
201706050104
201706050105
201706050109
201706050201
201706050202
201706050203
201706050204
201706050205
201706050206
201706050207
201706050301
201706050302
201706050303
201706050304
201706050305
201706050306
201706050401
201706050402
201706050403
201706050404
201706050405
201706050406
201706050409
201706050501
201706050502
201706050503
201706050504
201706050505
201706050506
201706050509
201706050601
201706050602
201706050603
201706050604
201706050605
201706050606
201706050607
201706050701
201706050702
201706050703
201706050704
201706050705
201706050706
201706050801
201706050802
201706050803
201706050804
201706050805
201706050808
201706050901
201706050902
201706050903
201706050904
201706050905
201706050906
201706050909
201706050911