201707010111
201707010203
201707010204
201707010307
201707010308
201707010311
201707010506
201707010508
201707010511
201707010609
201707020111
201707020211
201707020212
201707020308
201707020410
201707020512
201707030105
201707030201
201707030205
201707030206
201707030301
201707030305
201707030306
201707030401
201707030405
201707030505
201707030601
201707030605
201707030606
201707030701
201707030705
201707030706
201707030709
201707030801
201707030805
201707040101
201707040104
201707040110
201707040201
201707040204
201707040205
201707040301
201707040307
201707040401
201707040405
201707040407
201707040410
201707040501
201707040505
201707040506
201707040510
201707040601
201707040605