201744012407
201744012412
201744012506
201744012612
201744012711
201744021509
201744021510
201744021609
201744021711
201744030706
201744030806
201744032112
201744032206
201744032208
201744032210
201744032308
201744041711
201744042103
201744050910
201744051110
201744052502
201744060602
201744063001
201744071404
201744072904
201744081303
201744091211
201744100202
201744110111
201744110302
201744111408
201744111501
201744112802
201744112809
201744120103
201744122609
201744122703
201744122902
201744123102
201744123110