200201010101
200201010104
200201010106
200201010107
200201010109
200201010110
200201010111
200201010112
200201010201
200201010202
200201010203
200201010204
200201010205
200201010206
200201010207
200201010208
200201010210
200201010211
200201010212
200201010301
200201010302
200201010304
200201010305
200201010306
200201010308
200201010309
200201010310
200201010312
200201010402
200201010403
200201010404
200201010407
200201010408
200201010409
200201010410
200201010411
200201010412
200201010503
200201010504
200201010505
200201010506
200201010507
200201010508
200201010509
200201010510
200201010511
200201010512
200201010601
200201010602
200201010606
200201010607
200201010608
200201010609
200201010610
200201010611
200201010612
200201010701
200201010702
200201010704
200201010707
200201010708
200201010709
200201010710
200201010711
200201010712
200201010802
200201010803
200201010804
200201010805
200201010807
200201010808
200201010809
200201010810
200201010811
200201020102
200201020106
200201020107
200201020108
200201020109
200201020110
200201020111
200201020112
200201020201
200201020202
200201020206
200201020209
200201020210
200201020211
200201020212
200201020302
200201020304
200201020306
200201020309
200201020310
200201020311
200201020312
200201020404
200201020406
200201020407
200201020411
200201020412
200201020503
200201020504
200201020506
200201020507
200201020508
200201020509
200201020510
200201020511
200201020512
200201020601
200201020604
200201020606
200201020610
200201020611
200201020702
200201020706
200201020708
200201020709
200201020710
200201020711
200201020803
200201020804
200201020806
200201020809
200201020810
200201020811
200201020812