200203010101
200203010102
200203010103
200203010104
200203010105
200203010106
200203010107
200203010108
200203010109
200203010110
200203010111
200203010112
200203010201
200203010202
200203010203
200203010204
200203010205
200203010206
200203010207
200203010208
200203010209
200203010210
200203010211
200203010212
200203010301
200203010302
200203010303
200203010304
200203010305
200203010306
200203010307
200203010308
200203010309
200203010310
200203010311
200203010312
200203010401
200203010402
200203010403
200203010404
200203010405
200203010406
200203010407
200203010408
200203010409
200203010410
200203010411
200203010412
200203010501
200203010502
200203010503
200203010504
200203010505
200203010506
200203010507
200203010508
200203010509
200203010510
200203010511
200203010512
200203010601
200203010602
200203010603
200203010604
200203010605
200203010606
200203010607
200203010608
200203010609
200203010610
200203010611
200203010612
200203010701
200203010702
200203010703
200203010704
200203010705
200203010706
200203010707
200203010708
200203010709
200203010710
200203010711
200203010712
200203010801
200203010802
200203010803
200203010804
200203010805
200203010806
200203010807
200203010808
200203010809
200203010810
200203010811
200203010812
200203020101
200203020102
200203020103
200203020104
200203020105
200203020106
200203020107
200203020108
200203020109
200203020110
200203020111
200203020112
200203020201
200203020202
200203020203
200203020204
200203020205
200203020206
200203020207
200203020208
200203020209
200203020210
200203020211
200203020212
200203020301
200203020302
200203020303
200203020304
200203020305
200203020306
200203020307
200203020308
200203020309
200203020310
200203020311
200203020312
200203020401
200203020402
200203020403
200203020404
200203020405
200203020406
200203020407
200203020408
200203020409
200203020410
200203020411
200203020412
200203020501
200203020502
200203020503
200203020504
200203020505
200203020506
200203020507
200203020508
200203020509
200203020510
200203020511
200203020512
200203020601
200203020602
200203020603
200203020604
200203020605
200203020606
200203020607
200203020608
200203020609
200203020610
200203020611
200203020612
200203020701
200203020702
200203020703
200203020704
200203020705
200203020706
200203020707
200203020708
200203020709
200203020710
200203020711
200203020801
200203020802
200203020803
200203020804
200203020805
200203020806
200203020807
200203020808
200203020809
200203020810
200203020811
200203020812
200203030101
200203030102
200203030103
200203030104
200203030105
200203030106
200203030107
200203030108
200203030109
200203030110
200203030111
200203030112
200203030201
200203030202
200203030203
200203030204
200203030205
200203030206
200203030207
200203030208
200203030209
200203030210
200203030211
200203030212
200203030301
200203030302
200203030303
200203030304
200203030305
200203030306
200203030307
200203030308
200203030309
200203030310
200203030311
200203030401
200203030402
200203030403
200203030404
200203030405
200203030406
200203030407
200203030408
200203030409
200203030410
200203030411
200203030501
200203030502
200203030503
200203030504
200203030505
200203030506
200203030507
200203030508
200203030509
200203030510
200203030511
200203030512
200203030601
200203030602
200203030603
200203030604
200203030605
200203030606
200203030607
200203030608
200203030609
200203030610
200203030611
200203030701
200203030702
200203030703
200203030704
200203030705
200203030706
200203030707
200203030708
200203030709
200203030710
200203030711
200203030712
200203030801
200203030802
200203030803
200203030804
200203030805
200203030806
200203030807
200203030808
200203030809
200203030810