200206010101
200206010102
200206010103
200206010104
200206010105
200206010106
200206010107
200206010108
200206010109
200206010110
200206010111
200206010201
200206010202
200206010203
200206010204
200206010205
200206010206
200206010207
200206010208
200206010209
200206010210
200206010211
200206010212
200206010301
200206010302
200206010303
200206010304
200206010305
200206010306
200206010307
200206010308
200206010309
200206010310
200206010311
200206010312
200206010401
200206010402
200206010403
200206010404
200206010405
200206010406
200206010407
200206010408
200206010409
200206010410
200206010411
200206010412
200206010501
200206010502
200206010503
200206010504
200206010505
200206010506
200206010507
200206010508
200206010509
200206010510
200206010511
200206010512
200206010601
200206010602
200206010603
200206010604
200206010605
200206010606
200206010607
200206010608
200206010609
200206010610
200206010611
200206010701
200206010702
200206010703
200206010704
200206010705
200206010706
200206010707
200206010708
200206010709
200206010710
200206010711
200206010712
200206010801
200206010802
200206010803
200206010804
200206010805
200206010806
200206010807
200206010808
200206010809
200206010810
200206010811
200206010812
200206020101
200206020102
200206020103
200206020104
200206020105
200206020106
200206020107
200206020108
200206020109
200206020110
200206020111
200206020112
200206020201
200206020202
200206020203
200206020204
200206020205
200206020206
200206020207
200206020208
200206020209
200206020210
200206020211
200206020212
200206020301
200206020302
200206020303
200206020304
200206020305
200206020306
200206020307
200206020308
200206020309
200206020310
200206020311
200206020312
200206020401
200206020402
200206020403
200206020404
200206020405
200206020406
200206020407
200206020408
200206020409
200206020410
200206020411
200206020501
200206020502
200206020503
200206020504
200206020505
200206020506
200206020507
200206020508
200206020509
200206020510
200206020511
200206020512
200206020601
200206020602
200206020603
200206020604
200206020605
200206020606
200206020607
200206020608
200206020609
200206020610
200206020611
200206020701
200206020702
200206020703
200206020704
200206020705
200206020706
200206020707
200206020708
200206020709
200206020710
200206020711
200206020712
200206020801
200206020802
200206020803
200206020804
200206020805
200206020806
200206020807
200206020808
200206020809
200206020810
200206020811
200206030101
200206030102
200206030103
200206030104
200206030105
200206030106
200206030107
200206030108
200206030109
200206030110
200206030111
200206030201
200206030202
200206030203
200206030204
200206030205
200206030206
200206030207
200206030208
200206030209
200206030210
200206030211
200206030212
200206030301
200206030302
200206030303
200206030304
200206030305
200206030306
200206030307
200206030308
200206030309
200206030310
200206030311
200206030312
200206030401
200206030402
200206030403
200206030404
200206030405
200206030406
200206030407
200206030408
200206030409
200206030410
200206030411
200206030412
200206030501
200206030502
200206030503
200206030504
200206030505
200206030506
200206030507
200206030508
200206030509
200206030510
200206030511
200206030601
200206030602
200206030603
200206030604
200206030605
200206030606
200206030607
200206030608
200206030609
200206030610
200206030611
200206030701
200206030702
200206030703
200206030704
200206030705
200206030706
200206030707
200206030708
200206030709
200206030710
200206030711
200206030801
200206030802
200206030803
200206030804
200206030805
200206030806
200206030807
200206030808
200206030809
200206030810
200206030811
200206030812
200206040101
200206040102
200206040103
200206040104
200206040105
200206040106
200206040107
200206040108
200206040109
200206040110
200206040111
200206040201
200206040202
200206040203
200206040204
200206040205
200206040206
200206040207
200206040208
200206040209
200206040210
200206040211
200206040212
200206040301
200206040302
200206040303
200206040304
200206040305
200206040306
200206040307
200206040308
200206040309
200206040310
200206040311
200206040401
200206040402
200206040403
200206040404
200206040405
200206040406
200206040407
200206040408
200206040409
200206040410
200206040411
200206040412
200206040501
200206040502
200206040503
200206040504
200206040505
200206040506
200206040507
200206040508
200206040509
200206040510
200206040511
200206040512
200206040601
200206040602
200206040603
200206040604
200206040605
200206040606
200206040607
200206040608
200206040609
200206040610
200206040611
200206040612
200206040701
200206040702
200206040703
200206040704
200206040705
200206040706
200206040707
200206040708
200206040709
200206040710
200206040711
200206040712
200206040801
200206040802
200206040803
200206040804
200206040805
200206040806
200206040807
200206040808
200206040809
200206040810
200206050101
200206050102
200206050103
200206050104
200206050105
200206050106
200206050107
200206050108
200206050109
200206050110
200206050111
200206050112
200206050201
200206050202
200206050203
200206050204
200206050205
200206050206
200206050207
200206050208
200206050209
200206050210
200206050211
200206050301
200206050302
200206050303
200206050304
200206050305
200206050306
200206050307
200206050308
200206050309
200206050310
200206050311
200206050312
200206050401
200206050402
200206050403
200206050404
200206050405
200206050406
200206050407
200206050408
200206050409
200206050410
200206050411
200206050412
200206050501
200206050502
200206050503
200206050504
200206050505
200206050506
200206050507
200206050508
200206050509
200206050510
200206050511
200206050512
200206050601
200206050602
200206050603
200206050604
200206050605
200206050606
200206050607
200206050608
200206050609
200206050610
200206050611
200206050701
200206050702
200206050703
200206050704
200206050705
200206050706
200206050707
200206050708
200206050709
200206050710
200206050711
200206050801
200206050802
200206050803
200206050804
200206050805
200206050806
200206050807
200206050808
200206050809
200206050810