200208010101
200208010102
200208010103
200208010104
200208010105
200208010106
200208010107
200208010108
200208010109
200208010110
200208010111
200208010112
200208010201
200208010202
200208010203
200208010204
200208010205
200208010206
200208010207
200208010208
200208010209
200208010210
200208010211
200208010212
200208010301
200208010302
200208010303
200208010304
200208010305
200208010306
200208010307
200208010308
200208010309
200208010310
200208010311
200208010312
200208010401
200208010402
200208010403
200208010404
200208010405
200208010406
200208010407
200208010408
200208010409
200208010410
200208010411
200208010501
200208010502
200208010503
200208010504
200208010505
200208010506
200208010507
200208010508
200208010509
200208010510
200208010511
200208010512
200208010601
200208010602
200208010603
200208010604
200208010605
200208010606
200208010607
200208010608
200208010609
200208010610
200208010611
200208010701
200208010702
200208010703
200208010704
200208010705
200208010706
200208010707
200208010708
200208010709
200208010710
200208010711
200208010712
200208010801
200208010802
200208010803
200208010804
200208010805
200208010806
200208010807
200208010808
200208010809
200208010810
200208010811
200208010812
200208020101
200208020102
200208020103
200208020104
200208020105
200208020106
200208020107
200208020108
200208020109
200208020110
200208020111
200208020201
200208020202
200208020203
200208020204
200208020205
200208020206
200208020207
200208020208
200208020209
200208020210
200208020211
200208020301
200208020302
200208020303
200208020304
200208020305
200208020306
200208020307
200208020308
200208020309
200208020310
200208020311
200208020312
200208020401
200208020402
200208020403
200208020404
200208020405
200208020406
200208020407
200208020408
200208020409
200208020410
200208020411
200208020412
200208020501
200208020502
200208020503
200208020504
200208020505
200208020506
200208020507
200208020508
200208020509
200208020510
200208020511
200208020512
200208020601
200208020602
200208020603
200208020604
200208020605
200208020606
200208020607
200208020608
200208020609
200208020610
200208020611
200208020612
200208020701
200208020702
200208020703
200208020704
200208020705
200208020706
200208020707
200208020708
200208020709
200208020710
200208020711
200208020712
200208020801
200208020802
200208020803
200208020804
200208020805
200208020806
200208020807
200208020808
200208020809
200208020810
200208020811
200208020812
200208030101
200208030102
200208030103
200208030104
200208030105
200208030106
200208030107
200208030108
200208030109
200208030110
200208030111
200208030112
200208030201
200208030202
200208030203
200208030204
200208030205
200208030206
200208030207
200208030208
200208030209
200208030210
200208030211
200208030212
200208030301
200208030302
200208030303
200208030304
200208030305
200208030306
200208030307
200208030308
200208030309
200208030310
200208030311
200208030312
200208030401
200208030402
200208030403
200208030404
200208030405
200208030406
200208030407
200208030408
200208030409
200208030410
200208030411
200208030412
200208030501
200208030502
200208030503
200208030504
200208030505
200208030506
200208030507
200208030508
200208030509
200208030510
200208030511
200208030512
200208030601
200208030602
200208030603
200208030604
200208030605
200208030606
200208030607
200208030608
200208030609
200208030610
200208030611
200208030612
200208030701
200208030702
200208030703
200208030704
200208030705
200208030706
200208030707
200208030708
200208030709
200208030710
200208030711
200208030801
200208030802
200208030803
200208030804
200208030805
200208030806
200208030807
200208030808
200208030809
200208030810
200208030811
200208040101
200208040102
200208040103
200208040104
200208040105
200208040106
200208040107
200208040108
200208040109
200208040110
200208040111
200208040112
200208040201
200208040202
200208040203
200208040204
200208040205
200208040206
200208040207
200208040208
200208040209
200208040210
200208040211
200208040212
200208040301
200208040302
200208040303
200208040304
200208040305
200208040306
200208040307
200208040308
200208040309
200208040310
200208040311
200208040312
200208040401
200208040402
200208040403
200208040404
200208040405
200208040406
200208040407
200208040408
200208040409
200208040410
200208040411
200208040412
200208040501
200208040502
200208040503
200208040504
200208040505
200208040506
200208040507
200208040508
200208040509
200208040510
200208040511
200208040512
200208040601
200208040602
200208040603
200208040604
200208040605
200208040606
200208040607
200208040608
200208040609
200208040610
200208040611
200208040612
200208040701
200208040702
200208040703
200208040704
200208040705
200208040706
200208040707
200208040708
200208040709
200208040710
200208040711
200208040712
200208040801
200208040802
200208040803
200208040804
200208040805
200208040806
200208040807
200208040808
200208040809
200208040810
200208040811
200208040812
200208050101
200208050102
200208050103
200208050104
200208050105
200208050106
200208050107
200208050108
200208050109
200208050110
200208050111
200208050112
200208050201
200208050202
200208050203
200208050204
200208050205
200208050206
200208050207
200208050208
200208050209
200208050210
200208050211
200208050212
200208050301
200208050302
200208050303
200208050304
200208050305
200208050306
200208050307
200208050308
200208050309
200208050310
200208050311
200208050401
200208050402
200208050403
200208050404
200208050405
200208050406
200208050407
200208050408
200208050409
200208050410
200208050411
200208050412
200208050501
200208050502
200208050503
200208050504
200208050505
200208050506
200208050507
200208050508
200208050509
200208050510
200208050511
200208050601
200208050602
200208050603
200208050604
200208050605
200208050606
200208050607
200208050608
200208050609
200208050610
200208050611
200208050612
200208050701
200208050702
200208050703
200208050704
200208050705
200208050706
200208050707
200208050708
200208050709
200208050710
200208050711
200208050712
200208050801
200208050802
200208050803
200208050804
200208050805
200208050806
200208050807
200208050808
200208050809
200208050810
200208050811
200208050812