200209010101
200209010102
200209010103
200209010104
200209010106
200209010108
200209010109
200209010110
200209010111
200209010112
200209010201
200209010202
200209010203
200209010205
200209010206
200209010207
200209010208
200209010209
200209010211
200209010212
200209010301
200209010302
200209010303
200209010304
200209010309
200209010310
200209010311
200209010312
200209010402
200209010403
200209010405
200209010406
200209010409
200209010412
200209010502
200209010503
200209010504
200209010505
200209010507
200209010511
200209010512
200209010601
200209010602
200209010603
200209010604
200209010605
200209010606
200209010608
200209010609
200209010611
200209010612
200209010704
200209010705
200209010706
200209010707
200209010708
200209010709
200209010710
200209010711
200209010712
200209010801
200209010802
200209010803
200209010806
200209010809
200209010810
200209010811
200209010812
200209020101
200209020106
200209020108
200209020109
200209020110
200209020112
200209020202
200209020204
200209020206
200209020207
200209020209
200209020210
200209020211
200209020302
200209020303
200209020304
200209020306
200209020307
200209020310
200209020311
200209020312
200209020401
200209020402
200209020403
200209020406
200209020407
200209020408
200209020409
200209020410
200209020411
200209020412
200209020501
200209020502
200209020504
200209020505
200209020508
200209020509
200209020510
200209020511
200209020512
200209020603
200209020605
200209020606
200209020607
200209020609
200209020611
200209020701
200209020702
200209020703
200209020705
200209020707
200209020708
200209020709
200209020710
200209020711
200209020712
200209020801
200209020804
200209020806
200209020808
200209020811
200209020812
200209030101
200209030102
200209030103
200209030104
200209030106
200209030107
200209030108
200209030109
200209030111
200209030201
200209030202
200209030203
200209030206
200209030207
200209030209
200209030211
200209030212
200209030303
200209030306
200209030307
200209030308
200209030309
200209030310
200209030311
200209030403
200209030405
200209030406
200209030408
200209030409
200209030410
200209030411
200209030412
200209030503
200209030504
200209030506
200209030507
200209030508
200209030509
200209030510
200209030602
200209030603
200209030605
200209030606
200209030607
200209030608
200209030609
200209030611
200209030612
200209030701
200209030702
200209030704
200209030706
200209030708
200209030709
200209030710
200209030711
200209030712
200209030802
200209030804
200209030805
200209030806
200209030807
200209030808
200209030809
200209030810
200209030811
200209040102
200209040104
200209040105
200209040106
200209040107
200209040109
200209040110
200209040111
200209040201
200209040202
200209040203
200209040206
200209040208
200209040209
200209040210
200209040211
200209040212
200209040303
200209040305
200209040306
200209040307
200209040310
200209040311
200209040312
200209040401
200209040402
200209040405
200209040406
200209040407
200209040408
200209040409
200209040410
200209040411
200209040502
200209040503
200209040505
200209040506
200209040508
200209040509
200209040510
200209040511
200209040512
200209040602
200209040606
200209040607
200209040608
200209040610
200209040611
200209040701
200209040702
200209040703
200209040705
200209040706
200209040707
200209040709
200209040710
200209040711
200209040802
200209040808
200209040809
200209040810
200209040811
200209040812
200209050102
200209050103
200209050106
200209050109
200209050112
200209050201
200209050203
200209050204
200209050205
200209050206
200209050207
200209050209
200209050210
200209050211
200209050212
200209050306
200209050308
200209050309
200209050310
200209050311
200209050402
200209050407
200209050408
200209050410
200209050411
200209050502
200209050503
200209050504
200209050506
200209050508
200209050510
200209050511
200209050512
200209050602
200209050603
200209050605
200209050607
200209050608
200209050609
200209050610
200209050611
200209050612
200209050701
200209050703
200209050706
200209050707
200209050708
200209050709
200209050710
200209050711
200209050712
200209050801
200209050802
200209050804
200209050807
200209050811
200209050812