200210010101
200210010102
200210010103
200210010104
200210010105
200210010106
200210010107
200210010108
200210010109
200210010110
200210010111
200210010112
200210010201
200210010202
200210010203
200210010204
200210010205
200210010206
200210010207
200210010208
200210010209
200210010210
200210010301
200210010302
200210010303
200210010304
200210010305
200210010306
200210010307
200210010308
200210010309
200210010310
200210010401
200210010402
200210010403
200210010404
200210010405
200210010406
200210010407
200210010408
200210010409
200210010410
200210010411
200210010412
200210010501
200210010502
200210010503
200210010504
200210010505
200210010506
200210010507
200210010508
200210010509
200210010510
200210010511
200210010512
200210010601
200210010602
200210010603
200210010604
200210010605
200210010606
200210010607
200210010608
200210010609
200210010610
200210010611
200210010612
200210010701
200210010702
200210010703
200210010704
200210010705
200210010706
200210010707
200210010708
200210010709
200210010710
200210010711
200210010712
200210010801
200210010802
200210010803
200210010804
200210010805
200210010806
200210010807
200210010808
200210010809
200210010810
200210010811
200210010812
200210020101
200210020102
200210020103
200210020104
200210020105
200210020106
200210020107
200210020108
200210020109
200210020110
200210020111
200210020112
200210020201
200210020202
200210020203
200210020204
200210020205
200210020206
200210020207
200210020208
200210020209
200210020210
200210020211
200210020212
200210020301
200210020302
200210020303
200210020304
200210020305
200210020306
200210020307
200210020308
200210020309
200210020310
200210020311
200210020312
200210020401
200210020402
200210020403
200210020404
200210020405
200210020406
200210020407
200210020408
200210020409
200210020410
200210020411
200210020412
200210020501
200210020502
200210020503
200210020504
200210020505
200210020506
200210020507
200210020508
200210020509
200210020510
200210020511
200210020512
200210020601
200210020602
200210020603
200210020604
200210020605
200210020606
200210020607
200210020608
200210020609
200210020610
200210020611
200210020701
200210020702
200210020703
200210020704
200210020705
200210020706
200210020707
200210020708
200210020709
200210020710
200210020711
200210020712
200210020801
200210020802
200210020803
200210020804
200210020805
200210020806
200210020807
200210020808
200210020809
200210020810
200210020811
200210020812
200210030101
200210030102
200210030103
200210030104
200210030105
200210030106
200210030107
200210030108
200210030109
200210030110
200210030111
200210030201
200210030202
200210030203
200210030204
200210030205
200210030206
200210030207
200210030208
200210030209
200210030210
200210030211
200210030301
200210030302
200210030303
200210030304
200210030305
200210030306
200210030307
200210030308
200210030309
200210030310
200210030311
200210030312
200210030401
200210030402
200210030403
200210030404
200210030405
200210030406
200210030407
200210030408
200210030409
200210030410
200210030411
200210030412
200210030501
200210030502
200210030503
200210030504
200210030505
200210030506
200210030507
200210030508
200210030509
200210030510
200210030511
200210030512
200210030601
200210030602
200210030603
200210030604
200210030605
200210030606
200210030607
200210030608
200210030609
200210030610
200210030611
200210030612
200210030701
200210030702
200210030703
200210030704
200210030705
200210030706
200210030707
200210030708
200210030709
200210030710
200210030711
200210030712
200210030801
200210030802
200210030803
200210030804
200210030805
200210030806
200210030807
200210030808
200210030809
200210030810
200210030811
200210030812