199501010101
199501010102
199501010103
199501010104
199501010105
199501010106
199501010107
199501010108
199501010109
199501010110
199501010111
199501010112
199501010201
199501010202
199501010203
199501010204
199501010205
199501010206
199501010207
199501010208
199501010209
199501010210
199501010211
199501010212
199501010301
199501010302
199501010303
199501010304
199501010305
199501010306
199501010307
199501010308
199501010309
199501010310
199501010311
199501010401
199501010402
199501010403
199501010404
199501010405
199501010406
199501010407
199501010408
199501010409
199501010410
199501010501
199501010502
199501010503
199501010504
199501010505
199501010506
199501010507
199501010508
199501010509
199501010510
199501010511
199501010512
199501010601
199501010602
199501010603
199501010604
199501010605
199501010606
199501010607
199501010608
199501010609
199501010610
199501010611
199501010701
199501010702
199501010703
199501010704
199501010705
199501010706
199501010707
199501010708
199501010709
199501010710
199501010801
199501010802
199501010803
199501010804
199501010805
199501010806
199501010807
199501010808
199501010809
199501010810
199501010811
199501020101
199501020102
199501020103
199501020104
199501020105
199501020106
199501020107
199501020108
199501020109
199501020110
199501020111
199501020201
199501020202
199501020203
199501020204
199501020205
199501020206
199501020207
199501020208
199501020209
199501020210
199501020211
199501020301
199501020302
199501020303
199501020304
199501020305
199501020306
199501020307
199501020308
199501020309
199501020310
199501020311
199501020312
199501020401
199501020402
199501020403
199501020404
199501020405
199501020406
199501020407
199501020408
199501020409
199501020410
199501020411
199501020412
199501020501
199501020502
199501020503
199501020504
199501020505
199501020506
199501020507
199501020508
199501020509
199501020510
199501020511
199501020512
199501020601
199501020602
199501020603
199501020604
199501020605
199501020606
199501020607
199501020608
199501020609
199501020610
199501020611
199501020701
199501020702
199501020703
199501020704
199501020705
199501020706
199501020707
199501020708
199501020709
199501020710
199501020711
199501020712
199501020801
199501020802
199501020803
199501020804
199501020805
199501020806
199501020807
199501020808
199501020809
199501020810
199501020811
199501020812