199502010101
199502010102
199502010103
199502010104
199502010105
199502010106
199502010107
199502010108
199502010109
199502010110
199502010111
199502010112
199502010201
199502010202
199502010203
199502010204
199502010205
199502010206
199502010207
199502010208
199502010209
199502010210
199502010301
199502010302
199502010303
199502010304
199502010305
199502010306
199502010307
199502010308
199502010309
199502010310
199502010311
199502010401
199502010402
199502010403
199502010404
199502010405
199502010406
199502010407
199502010408
199502010409
199502010410
199502010411
199502010412
199502010501
199502010502
199502010503
199502010504
199502010505
199502010506
199502010507
199502010508
199502010509
199502010510
199502010511
199502010601
199502010602
199502010603
199502010604
199502010605
199502010606
199502010607
199502010608
199502010609
199502010610
199502010611
199502010612
199502010701
199502010702
199502010703
199502010704
199502010705
199502010706
199502010707
199502010708
199502010709
199502010710
199502010711
199502010801
199502010802
199502010803
199502010804
199502010805
199502010806
199502010807
199502010808
199502010809
199502010810
199502010811
199502020101
199502020102
199502020103
199502020104
199502020105
199502020106
199502020107
199502020108
199502020109
199502020110
199502020111
199502020201
199502020202
199502020203
199502020204
199502020205
199502020206
199502020207
199502020208
199502020209
199502020210
199502020211
199502020301
199502020302
199502020303
199502020304
199502020305
199502020306
199502020307
199502020308
199502020309
199502020310
199502020401
199502020402
199502020403
199502020404
199502020405
199502020406
199502020407
199502020408
199502020409
199502020410
199502020411
199502020501
199502020502
199502020503
199502020504
199502020505
199502020506
199502020507
199502020508
199502020509
199502020601
199502020602
199502020603
199502020604
199502020605
199502020606
199502020607
199502020608
199502020609
199502020610
199502020701
199502020702
199502020703
199502020704
199502020705
199502020706
199502020707
199502020708
199502020709
199502020710
199502020801
199502020802
199502020803
199502020804
199502020805
199502020806
199502020807
199502020808
199502020809
199502020810
199502020811