199503010103
199503010105
199503010106
199503010109
199503010111
199503010203
199503010205
199503010207
199503010209
199503010211
199503010212
199503010305
199503010309
199503010312
199503010406
199503010407
199503010410
199503010504
199503010506
199503010604
199503010605
199503010606
199503010607
199503010609
199503010610
199503010611
199503010704
199503010806
199503010809
199503010810
199503010811
199503010812
199503020101
199503020103
199503020105
199503020203
199503020205
199503020209
199503020302
199503020303
199503020308
199503020309
199503020311
199503020312
199503020401
199503020402
199503020404
199503020409
199503020411
199503020412
199503020501
199503020502
199503020506
199503020510
199503020511
199503020604
199503020605
199503020610
199503020702
199503020703
199503020709
199503020712
199503020802
199503020803
199503020808
199503020811
199503020812
199503030104
199503030109
199503030110
199503030111
199503030202
199503030203
199503030206
199503030208
199503030210
199503030211
199503030212
199503030303
199503030305
199503030311
199503030312
199503030401
199503030408
199503030410
199503030412
199503030501
199503030503
199503030505
199503030507
199503030510
199503030511
199503030512
199503030601
199503030605
199503030608
199503030702
199503030703
199503030704
199503030707
199503030711
199503030712
199503030803
199503030807
199503030809
199503030810
199503030811
199503030812