199505010106
199505010109
199505010111
199505010112
199505010201
199505010202
199505010203
199505010206
199505010207
199505010208
199505010209
199505010211
199505010212
199505010404
199505010406
199505010407
199505010408
199505010409
199505010411
199505010504
199505010506
199505010507
199505010510
199505010511
199505010512
199505010606
199505010607
199505010610
199505010611
199505010705
199505010707
199505010710
199505010711
199505010803
199505010809
199505010810
199505010811
199505020101
199505020107
199505020108
199505020110
199505020111
199505020204
199505020205
199505020207
199505020209
199505020210
199505020211
199505020307
199505020311
199505020403
199505020405
199505020406
199505020407
199505020408
199505020409
199505020410
199505020411
199505020503
199505020505
199505020507
199505020508
199505020512
199505020602
199505020605
199505020608
199505020609
199505020610
199505020702
199505020708
199505020709
199505020710
199505020711
199505020805
199505020806
199505020807
199505020809
199505020810
199505020811
199505020812
199505030101
199505030103
199505030104
199505030107
199505030110
199505030111
199505030204
199505030205
199505030209
199505030210
199505030211
199505030307
199505030308
199505030309
199505030310
199505030311
199505030312
199505030401
199505030403
199505030404
199505030405
199505030407
199505030409
199505030501
199505030503
199505030504
199505030507
199505030508
199505030511
199505030605
199505030608
199505030609
199505030610
199505030611
199505030708
199505030709
199505030711
199505030803
199505030807
199505030808
199505030810
199505030811
199505040102
199505040103
199505040107
199505040109
199505040110
199505040111
199505040201
199505040206
199505040208
199505040209
199505040210
199505040211
199505040212
199505040302
199505040307
199505040310
199505040408
199505040409
199505040410
199505040411
199505040502
199505040504
199505040505
199505040507
199505040508
199505040510
199505040511
199505040608
199505040609
199505040611
199505040612
199505040703
199505040706
199505040708
199505040709
199505040710
199505040711
199505040712
199505040803
199505040804
199505040806
199505040807
199505040808
199505040809
199505040810
199505050104
199505050105
199505050107
199505050108
199505050109
199505050111
199505050112
199505050201
199505050202
199505050203
199505050210
199505050301
199505050303
199505050306
199505050307
199505050311
199505050404
199505050408
199505050409
199505050410
199505050411
199505050504
199505050507
199505050509
199505050511
199505050512
199505050604
199505050605
199505050608
199505050609
199505050610
199505050612
199505050701
199505050705
199505050707
199505050710
199505050802
199505050803
199505050807
199505050808
199505050809
199505050810