199506010101
199506010102
199506010103
199506010104
199506010105
199506010106
199506010107
199506010108
199506010109
199506010110
199506010111
199506010201
199506010202
199506010203
199506010204
199506010205
199506010206
199506010207
199506010208
199506010209
199506010210
199506010211
199506010212
199506010301
199506010302
199506010303
199506010304
199506010305
199506010306
199506010307
199506010308
199506010309
199506010310
199506010311
199506010312
199506010401
199506010402
199506010403
199506010404
199506010405
199506010406
199506010407
199506010408
199506010409
199506010410
199506010411
199506010412
199506010501
199506010502
199506010503
199506010504
199506010505
199506010506
199506010507
199506010508
199506010509
199506010510
199506010511
199506010512
199506010601
199506010602
199506010603
199506010604
199506010605
199506010606
199506010607
199506010608
199506010609
199506010610
199506010701
199506010702
199506010703
199506010704
199506010705
199506010706
199506010707
199506010708
199506010709
199506010710
199506010711
199506010801
199506010802
199506010803
199506010804
199506010805
199506010806
199506010807
199506010808
199506010809
199506010810
199506010811
199506020101
199506020102
199506020103
199506020104
199506020105
199506020106
199506020107
199506020108
199506020109
199506020110
199506020111
199506020201
199506020202
199506020203
199506020204
199506020205
199506020206
199506020207
199506020208
199506020209
199506020210
199506020211
199506020212
199506020301
199506020302
199506020303
199506020304
199506020305
199506020306
199506020307
199506020308
199506020309
199506020310
199506020311
199506020312
199506020401
199506020402
199506020403
199506020404
199506020405
199506020406
199506020407
199506020408
199506020409
199506020410
199506020411
199506020501
199506020502
199506020503
199506020504
199506020505
199506020506
199506020507
199506020508
199506020509
199506020510
199506020511
199506020512
199506020601
199506020602
199506020603
199506020604
199506020605
199506020606
199506020607
199506020608
199506020609
199506020610
199506020611
199506020612
199506020701
199506020702
199506020703
199506020704
199506020705
199506020706
199506020707
199506020708
199506020709
199506020710
199506020711
199506020712
199506020801
199506020802
199506020803
199506020804
199506020805
199506020806
199506020807
199506020808
199506020809
199506020810
199506030101
199506030102
199506030103
199506030104
199506030105
199506030106
199506030107
199506030108
199506030109
199506030110
199506030111
199506030112
199506030201
199506030202
199506030203
199506030204
199506030205
199506030206
199506030207
199506030208
199506030209
199506030210
199506030211
199506030212
199506030301
199506030302
199506030303
199506030304
199506030305
199506030306
199506030307
199506030308
199506030309
199506030310
199506030311
199506030312
199506030401
199506030402
199506030403
199506030404
199506030405
199506030406
199506030407
199506030408
199506030409
199506030410
199506030411
199506030501
199506030502
199506030503
199506030504
199506030505
199506030506
199506030507
199506030508
199506030509
199506030510
199506030511
199506030512
199506030601
199506030602
199506030603
199506030604
199506030605
199506030606
199506030607
199506030608
199506030609
199506030610
199506030611
199506030612
199506030701
199506030702
199506030703
199506030704
199506030705
199506030706
199506030707
199506030708
199506030709
199506030710
199506030711
199506030801
199506030802
199506030803
199506030804
199506030805
199506030806
199506030807
199506030808
199506030809
199506030810
199506030811
199506040101
199506040102
199506040103
199506040104
199506040105
199506040106
199506040107
199506040108
199506040109
199506040110
199506040111
199506040112
199506040201
199506040202
199506040203
199506040204
199506040205
199506040206
199506040207
199506040208
199506040209
199506040210
199506040211
199506040212
199506040301
199506040302
199506040303
199506040304
199506040305
199506040306
199506040307
199506040308
199506040309
199506040310
199506040311
199506040401
199506040402
199506040403
199506040404
199506040405
199506040406
199506040407
199506040408
199506040409
199506040410
199506040411
199506040501
199506040502
199506040503
199506040504
199506040505
199506040506
199506040507
199506040508
199506040509
199506040510
199506040511
199506040512
199506040601
199506040602
199506040603
199506040604
199506040605
199506040606
199506040607
199506040608
199506040609
199506040610
199506040611
199506040701
199506040702
199506040703
199506040704
199506040705
199506040706
199506040707
199506040708
199506040709
199506040710
199506040711
199506040801
199506040802
199506040803
199506040804
199506040805
199506040806
199506040807
199506040808
199506040809
199506040810
199506040811
199506040812
199506050101
199506050102
199506050103
199506050104
199506050105
199506050106
199506050107
199506050108
199506050109
199506050110
199506050111
199506050201
199506050202
199506050203
199506050204
199506050205
199506050206
199506050207
199506050208
199506050209
199506050210
199506050211
199506050212
199506050301
199506050302
199506050303
199506050304
199506050305
199506050306
199506050307
199506050308
199506050309
199506050310
199506050311
199506050312
199506050401
199506050402
199506050403
199506050404
199506050405
199506050406
199506050407
199506050408
199506050409
199506050410
199506050411
199506050412
199506050501
199506050502
199506050503
199506050504
199506050505
199506050506
199506050507
199506050508
199506050509
199506050510
199506050511
199506050512
199506050601
199506050602
199506050603
199506050604
199506050605
199506050606
199506050607
199506050608
199506050609
199506050610
199506050701
199506050702
199506050703
199506050704
199506050705
199506050706
199506050707
199506050708
199506050709
199506050710
199506050711
199506050712
199506050801
199506050802
199506050803
199506050804
199506050805
199506050806
199506050807
199506050808
199506050809