199507010103
199507010104
199507010105
199507010107
199507010111
199507010208
199507010209
199507010210
199507010211
199507010303
199507010310
199507010311
199507010312
199507010403
199507010405
199507010407
199507010409
199507010411
199507010504
199507010510
199507010602
199507010608
199507010609
199507010611
199507010701
199507010707
199507010710
199507010711
199507010805
199507010806
199507010810
199507020102
199507020104
199507020105
199507020106
199507020107
199507020109
199507020111
199507020112
199507020204
199507020206
199507020208
199507020209
199507020212
199507020302
199507020303
199507020307
199507020308
199507020309
199507020310
199507020311
199507020403
199507020406
199507020409
199507020501
199507020502
199507020507
199507020508
199507020510
199507020604
199507020609
199507020611
199507020704
199507020706
199507020707
199507020710
199507020711
199507020805
199507020806
199507020807
199507020811
199507030109
199507030111
199507030201
199507030203
199507030205
199507030207
199507030208
199507030209
199507030210
199507030211
199507030301
199507030306
199507030308
199507030309
199507030311
199507030404
199507030408
199507030410
199507030411
199507030506
199507030507
199507030509
199507030510
199507030512
199507030602
199507030604
199507030606
199507030607
199507030608
199507030609
199507030611
199507030704
199507030706
199507030710
199507030711
199507030801
199507030802
199507030807
199507030810
199507030811
199507040101
199507040102
199507040103
199507040104
199507040105
199507040106
199507040110
199507040111
199507040112
199507040210
199507040211
199507040304
199507040307
199507040309
199507040310
199507040311
199507040403
199507040409
199507040410
199507040501
199507040502
199507040503
199507040507
199507040509
199507040512
199507040603
199507040604
199507040605
199507040609
199507040611
199507040703
199507040704
199507040705
199507040706
199507040710
199507040711
199507040802
199507040807
199507040809
199507040810
199507040812