199508010101
199508010102
199508010103
199508010104
199508010105
199508010106
199508010107
199508010108
199508010109
199508010110
199508010111
199508010112
199508010201
199508010202
199508010203
199508010204
199508010205
199508010206
199508010207
199508010208
199508010209
199508010210
199508010211
199508010301
199508010302
199508010303
199508010304
199508010305
199508010306
199508010307
199508010308
199508010309
199508010310
199508010311
199508010312
199508010401
199508010402
199508010403
199508010404
199508010405
199508010406
199508010407
199508010408
199508010409
199508010410
199508010411
199508010501
199508010502
199508010503
199508010504
199508010505
199508010506
199508010507
199508010508
199508010509
199508010510
199508010511
199508010601
199508010602
199508010603
199508010604
199508010605
199508010606
199508010607
199508010608
199508010609
199508010610
199508010701
199508010702
199508010703
199508010704
199508010705
199508010706
199508010707
199508010708
199508010709
199508010710
199508010711
199508010801
199508010802
199508010803
199508010804
199508010805
199508010806
199508010807
199508010808
199508010809
199508010810
199508020101
199508020102
199508020103
199508020104
199508020105
199508020106
199508020107
199508020108
199508020109
199508020110
199508020111
199508020112
199508020201
199508020202
199508020203
199508020204
199508020205
199508020206
199508020207
199508020208
199508020209
199508020210
199508020211
199508020301
199508020302
199508020303
199508020304
199508020305
199508020306
199508020307
199508020308
199508020309
199508020310
199508020311
199508020401
199508020402
199508020403
199508020404
199508020405
199508020406
199508020407
199508020408
199508020409
199508020410
199508020501
199508020502
199508020503
199508020504
199508020505
199508020506
199508020507
199508020508
199508020509
199508020510
199508020511
199508020601
199508020602
199508020603
199508020604
199508020605
199508020606
199508020607
199508020608
199508020609
199508020610
199508020611
199508020612
199508020701
199508020702
199508020703
199508020704
199508020705
199508020706
199508020707
199508020708
199508020709
199508020710
199508020711
199508020801
199508020802
199508020803
199508020804
199508020805
199508020806
199508020807
199508020808
199508020809
199508020810
199508020811
199508020812
199508030101
199508030102
199508030103
199508030104
199508030105
199508030106
199508030107
199508030108
199508030109
199508030110
199508030111
199508030201
199508030202
199508030203
199508030204
199508030205
199508030206
199508030207
199508030208
199508030209
199508030210
199508030211
199508030212
199508030301
199508030302
199508030303
199508030304
199508030305
199508030306
199508030307
199508030308
199508030309
199508030310
199508030311
199508030401
199508030402
199508030403
199508030404
199508030405
199508030406
199508030407
199508030408
199508030409
199508030410
199508030411
199508030412
199508030501
199508030502
199508030503
199508030504
199508030505
199508030506
199508030507
199508030508
199508030509
199508030510
199508030511
199508030601
199508030602
199508030603
199508030604
199508030605
199508030606
199508030607
199508030608
199508030609
199508030610
199508030611
199508030612
199508030701
199508030702
199508030703
199508030704
199508030705
199508030706
199508030707
199508030708
199508030709
199508030710
199508030711
199508030712
199508030801
199508030802
199508030803
199508030804
199508030805
199508030806
199508030807
199508030808
199508030809
199508030810
199508030811
199508030812
199508040101
199508040102
199508040103
199508040104
199508040105
199508040106
199508040107
199508040108
199508040109
199508040110
199508040111
199508040201
199508040202
199508040203
199508040204
199508040205
199508040206
199508040207
199508040208
199508040209
199508040210
199508040211
199508040212
199508040301
199508040302
199508040303
199508040304
199508040305
199508040306
199508040307
199508040308
199508040309
199508040310
199508040311
199508040312
199508040401
199508040402
199508040403
199508040404
199508040405
199508040406
199508040407
199508040408
199508040409
199508040410
199508040411
199508040501
199508040502
199508040503
199508040504
199508040505
199508040506
199508040507
199508040508
199508040509
199508040510
199508040511
199508040512
199508040601
199508040602
199508040603
199508040604
199508040605
199508040606
199508040607
199508040608
199508040609
199508040610
199508040611
199508040701
199508040702
199508040703
199508040704
199508040705
199508040706
199508040707
199508040708
199508040709
199508040710
199508040711
199508040801
199508040802
199508040803
199508040804
199508040805
199508040806
199508040807
199508040808
199508040809
199508040810
199508040811
199508050101
199508050102
199508050103
199508050104
199508050105
199508050106
199508050107
199508050108
199508050109
199508050110
199508050111
199508050201
199508050202
199508050203
199508050204
199508050205
199508050206
199508050207
199508050208
199508050209
199508050210
199508050301
199508050302
199508050303
199508050304
199508050305
199508050306
199508050307
199508050308
199508050309
199508050310
199508050311
199508050401
199508050402
199508050403
199508050404
199508050405
199508050406
199508050407
199508050408
199508050409
199508050410
199508050411
199508050501
199508050502
199508050503
199508050504
199508050505
199508050506
199508050507
199508050508
199508050509
199508050510
199508050511
199508050512
199508050601
199508050602
199508050603
199508050604
199508050605
199508050606
199508050607
199508050608
199508050609
199508050610
199508050611
199508050701
199508050702
199508050703
199508050704
199508050705
199508050706
199508050707
199508050708
199508050709
199508050710
199508050711
199508050712
199508050801
199508050802
199508050803
199508050804
199508050805
199508050806
199508050807
199508050808
199508050809
199508050810
199508060101
199508060102
199508060103
199508060104
199508060105
199508060106
199508060107
199508060108
199508060109
199508060110
199508060111
199508060112
199508060201
199508060202
199508060203
199508060204
199508060205
199508060206
199508060207
199508060208
199508060209
199508060210
199508060211
199508060301
199508060302
199508060303
199508060304
199508060305
199508060306
199508060307
199508060308
199508060309
199508060310
199508060311
199508060312
199508060401
199508060402
199508060403
199508060404
199508060405
199508060406
199508060407
199508060408
199508060409
199508060410
199508060411
199508060412
199508060501
199508060502
199508060503
199508060504
199508060505
199508060506
199508060507
199508060508
199508060509
199508060510
199508060511
199508060512
199508060601
199508060602
199508060603
199508060604
199508060605
199508060606
199508060607
199508060608
199508060609
199508060610
199508060611
199508060612
199508060701
199508060702
199508060703
199508060704
199508060705
199508060706
199508060707
199508060708
199508060709
199508060710
199508060711
199508060712
199508060801
199508060802
199508060803
199508060804
199508060805
199508060806
199508060807
199508060808
199508060809
199508060810
199508060811
199508060812
199508070101
199508070102
199508070103
199508070104
199508070105
199508070106
199508070107
199508070108
199508070109
199508070110
199508070111
199508070112
199508070201
199508070202
199508070203
199508070204
199508070205
199508070206
199508070207
199508070208
199508070209
199508070210
199508070211
199508070301
199508070302
199508070303
199508070304
199508070305
199508070306
199508070307
199508070308
199508070309
199508070310
199508070311
199508070312
199508070401
199508070402
199508070403
199508070404
199508070405
199508070406
199508070407
199508070408
199508070409
199508070410
199508070411
199508070501
199508070502
199508070503
199508070504
199508070505
199508070506
199508070507
199508070508
199508070509
199508070510
199508070511
199508070512
199508070601
199508070602
199508070603
199508070604
199508070605
199508070606
199508070607
199508070608
199508070609
199508070610
199508070611
199508070612
199508070701
199508070702
199508070703
199508070704
199508070705
199508070706
199508070707
199508070708
199508070709
199508070710
199508070711
199508070712
199508070801
199508070802
199508070803
199508070804
199508070805
199508070806
199508070807
199508070808
199508070809
199508070810
199508070811
199508070812
199508080101
199508080102
199508080103
199508080104
199508080105
199508080106
199508080107
199508080108
199508080109
199508080110
199508080111
199508080201
199508080202
199508080203
199508080204
199508080205
199508080206
199508080207
199508080208
199508080209
199508080210
199508080301
199508080302
199508080303
199508080304
199508080305
199508080306
199508080307
199508080308
199508080309
199508080310
199508080311
199508080401
199508080402
199508080403
199508080404
199508080405
199508080406
199508080407
199508080408
199508080409
199508080410
199508080411
199508080501
199508080502
199508080503
199508080504
199508080505
199508080506
199508080507
199508080508
199508080509
199508080510
199508080511
199508080512
199508080601
199508080602
199508080603
199508080604
199508080605
199508080606
199508080607
199508080608
199508080609
199508080610
199508080611
199508080612
199508080701
199508080702
199508080703
199508080704
199508080705
199508080706
199508080707
199508080708
199508080709
199508080710
199508080711
199508080801
199508080802
199508080803
199508080804
199508080805
199508080806
199508080807
199508080808
199508080809
199508080810
199508080811
199508080812