199509010101
199509010102
199509010103
199509010104
199509010105
199509010106
199509010107
199509010108
199509010109
199509010110
199509010111
199509010112
199509010201
199509010202
199509010203
199509010204
199509010205
199509010206
199509010207
199509010208
199509010209
199509010210
199509010211
199509010212
199509010301
199509010302
199509010303
199509010304
199509010305
199509010306
199509010307
199509010308
199509010309
199509010310
199509010311
199509010401
199509010402
199509010403
199509010404
199509010405
199509010406
199509010407
199509010408
199509010409
199509010410
199509010411
199509010501
199509010502
199509010503
199509010504
199509010505
199509010506
199509010507
199509010508
199509010509
199509010510
199509010511
199509010512
199509010601
199509010602
199509010603
199509010604
199509010605
199509010606
199509010607
199509010608
199509010609
199509010610
199509010611
199509010701
199509010702
199509010703
199509010704
199509010705
199509010706
199509010707
199509010708
199509010709
199509010710
199509010711
199509010801
199509010802
199509010803
199509010804
199509010805
199509010806
199509010807
199509010808
199509010809
199509010810
199509010811