199510010101
199510010102
199510010103
199510010104
199510010105
199510010106
199510010107
199510010108
199510010109
199510010110
199510010111
199510010201
199510010202
199510010203
199510010204
199510010205
199510010206
199510010207
199510010208
199510010209
199510010210
199510010211
199510010212
199510010301
199510010302
199510010303
199510010304
199510010305
199510010306
199510010307
199510010308
199510010309
199510010310
199510010401
199510010402
199510010403
199510010404
199510010405
199510010406
199510010407
199510010408
199510010409
199510010410
199510010411
199510010501
199510010502
199510010503
199510010504
199510010505
199510010506
199510010507
199510010508
199510010509
199510010510
199510010511
199510010512
199510010601
199510010602
199510010603
199510010604
199510010605
199510010606
199510010607
199510010608
199510010609
199510010610
199510010611
199510010612
199510010701
199510010702
199510010703
199510010704
199510010705
199510010706
199510010707
199510010708
199510010709
199510010710
199510010711
199510010712
199510010801
199510010802
199510010803
199510010804
199510010805
199510010806
199510010807
199510010808
199510010809
199510010810
199510010811
199510010812
199510020101
199510020102
199510020103
199510020104
199510020105
199510020106
199510020107
199510020108
199510020109
199510020110
199510020111
199510020112
199510020201
199510020202
199510020203
199510020204
199510020205
199510020206
199510020207
199510020208
199510020209
199510020210
199510020211
199510020212
199510020301
199510020302
199510020303
199510020304
199510020305
199510020306
199510020307
199510020308
199510020309
199510020310
199510020401
199510020402
199510020403
199510020404
199510020405
199510020406
199510020407
199510020408
199510020409
199510020410
199510020411
199510020412
199510020501
199510020502
199510020503
199510020504
199510020505
199510020506
199510020507
199510020508
199510020509
199510020510
199510020511
199510020601
199510020602
199510020603
199510020604
199510020605
199510020606
199510020607
199510020608
199510020609
199510020610
199510020611
199510020701
199510020702
199510020703
199510020704
199510020705
199510020706
199510020707
199510020708
199510020709
199510020710
199510020801
199510020802
199510020803
199510020804
199510020805
199510020806
199510020807
199510020808
199510020809
199510020810
199510020811
199510020812
199510030101
199510030102
199510030103
199510030104
199510030105
199510030106
199510030107
199510030108
199510030109
199510030110
199510030111
199510030201
199510030202
199510030203
199510030204
199510030205
199510030206
199510030207
199510030208
199510030209
199510030210
199510030211
199510030212
199510030301
199510030302
199510030303
199510030304
199510030305
199510030306
199510030307
199510030308
199510030309
199510030310
199510030311
199510030312
199510030401
199510030402
199510030403
199510030404
199510030405
199510030406
199510030407
199510030408
199510030409
199510030410
199510030411
199510030501
199510030502
199510030503
199510030504
199510030505
199510030506
199510030507
199510030508
199510030509
199510030510
199510030511
199510030512
199510030601
199510030602
199510030603
199510030604
199510030605
199510030606
199510030607
199510030608
199510030609
199510030610
199510030611
199510030612
199510030701
199510030702
199510030703
199510030704
199510030705
199510030706
199510030707
199510030708
199510030709
199510030710
199510030711
199510030801
199510030802
199510030803
199510030804
199510030805
199510030806
199510030807
199510030808
199510030809
199510030810
199510030811
199510030812