199601010101
199601010107
199601010108
199601010111
199601010112
199601010201
199601010202
199601010203
199601010207
199601010208
199601010209
199601010210
199601010211
199601010212
199601010302
199601010305
199601010307
199601010308
199601010309
199601010310
199601010311
199601010405
199601010407
199601010410
199601010411
199601010504
199601010506
199601010508
199601010509
199601010510
199601010511
199601010512
199601010601
199601010602
199601010605
199601010610
199601010611
199601010701
199601010703
199601010704
199601010705
199601010707
199601010710
199601010711
199601010805
199601010808
199601010809
199601010811
199601020101
199601020109
199601020110
199601020112
199601020203
199601020204
199601020205
199601020207
199601020209
199601020211
199601020212
199601020307
199601020308
199601020312
199601020401
199601020406
199601020407
199601020409
199601020410
199601020411
199601020501
199601020504
199601020506
199601020510
199601020512
199601020605
199601020608
199601020609
199601020610
199601020611
199601020701
199601020703
199601020706
199601020709
199601020710
199601020711
199601020712
199601020802
199601020807
199601020808
199601020810
199601020811
199601020812