199605010101
199605010102
199605010103
199605010104
199605010105
199605010106
199605010107
199605010108
199605010109
199605010110
199605010111
199605010112
199605010201
199605010202
199605010203
199605010204
199605010205
199605010206
199605010207
199605010208
199605010209
199605010210
199605010211
199605010212
199605010301
199605010302
199605010303
199605010304
199605010305
199605010306
199605010307
199605010308
199605010309
199605010310
199605010311
199605010312
199605010401
199605010402
199605010403
199605010404
199605010405
199605010406
199605010407
199605010408
199605010409
199605010410
199605010411
199605010501
199605010502
199605010503
199605010504
199605010505
199605010506
199605010507
199605010508
199605010509
199605010510
199605010511
199605010512
199605010601
199605010602
199605010603
199605010604
199605010605
199605010606
199605010607
199605010608
199605010609
199605010610
199605010611
199605010701
199605010702
199605010703
199605010704
199605010705
199605010706
199605010707
199605010708
199605010709
199605010710
199605010711
199605010712
199605010801
199605010802
199605010803
199605010804
199605010805
199605010806
199605010807
199605010808
199605010809
199605010810
199605010811
199605010812
199605020101
199605020102
199605020103
199605020104
199605020105
199605020106
199605020107
199605020108
199605020109
199605020110
199605020111
199605020201
199605020202
199605020203
199605020204
199605020205
199605020206
199605020207
199605020208
199605020209
199605020210
199605020211
199605020212
199605020301
199605020302
199605020303
199605020304
199605020305
199605020306
199605020307
199605020308
199605020309
199605020310
199605020311
199605020401
199605020402
199605020403
199605020404
199605020405
199605020406
199605020407
199605020408
199605020409
199605020410
199605020411
199605020501
199605020502
199605020503
199605020504
199605020505
199605020506
199605020507
199605020508
199605020509
199605020510
199605020511
199605020601
199605020602
199605020603
199605020604
199605020605
199605020606
199605020607
199605020608
199605020609
199605020610
199605020611
199605020612
199605020701
199605020702
199605020703
199605020704
199605020705
199605020706
199605020707
199605020708
199605020709
199605020710
199605020711
199605020712
199605020801
199605020802
199605020803
199605020804
199605020805
199605020806
199605020807
199605020808
199605020809
199605020810
199605020811
199605020812
199605030101
199605030102
199605030103
199605030104
199605030105
199605030106
199605030107
199605030108
199605030109
199605030110
199605030111
199605030112
199605030201
199605030202
199605030203
199605030204
199605030205
199605030206
199605030207
199605030208
199605030209
199605030210
199605030211
199605030301
199605030302
199605030303
199605030304
199605030305
199605030306
199605030307
199605030308
199605030309
199605030310
199605030311
199605030312
199605030401
199605030402
199605030403
199605030404
199605030405
199605030406
199605030407
199605030408
199605030409
199605030410
199605030411
199605030501
199605030502
199605030503
199605030504
199605030505
199605030506
199605030507
199605030508
199605030509
199605030510
199605030511
199605030512
199605030601
199605030602
199605030603
199605030604
199605030605
199605030606
199605030607
199605030608
199605030609
199605030701
199605030702
199605030703
199605030704
199605030705
199605030706
199605030707
199605030708
199605030709
199605030710
199605030711
199605030712
199605030801
199605030802
199605030803
199605030804
199605030805
199605030806
199605030807
199605030808
199605030809
199605030810
199605030811
199605040101
199605040102
199605040103
199605040104
199605040105
199605040106
199605040107
199605040108
199605040109
199605040110
199605040111
199605040201
199605040202
199605040203
199605040204
199605040205
199605040206
199605040207
199605040208
199605040209
199605040210
199605040211
199605040212
199605040301
199605040302
199605040303
199605040304
199605040305
199605040306
199605040307
199605040308
199605040309
199605040310
199605040311
199605040401
199605040402
199605040403
199605040404
199605040405
199605040406
199605040407
199605040408
199605040409
199605040410
199605040501
199605040502
199605040503
199605040504
199605040505
199605040506
199605040507
199605040508
199605040509
199605040510
199605040511
199605040601
199605040602
199605040603
199605040604
199605040605
199605040606
199605040607
199605040608
199605040609
199605040610
199605040701
199605040702
199605040703
199605040704
199605040705
199605040706
199605040707
199605040708
199605040709
199605040710
199605040711
199605040712
199605040801
199605040802
199605040803
199605040804
199605040805
199605040806
199605040807
199605040808
199605040809
199605040810
199605040811
199605050101
199605050102
199605050103
199605050104
199605050105
199605050106
199605050107
199605050108
199605050109
199605050110
199605050111
199605050112
199605050201
199605050202
199605050203
199605050204
199605050205
199605050206
199605050207
199605050208
199605050209
199605050210
199605050211
199605050301
199605050302
199605050303
199605050304
199605050305
199605050306
199605050307
199605050308
199605050309
199605050310
199605050311
199605050312
199605050401
199605050402
199605050403
199605050404
199605050405
199605050406
199605050407
199605050408
199605050409
199605050410
199605050411
199605050501
199605050502
199605050503
199605050504
199605050505
199605050506
199605050507
199605050508
199605050509
199605050510
199605050511
199605050512
199605050601
199605050602
199605050603
199605050604
199605050605
199605050606
199605050607
199605050608
199605050609
199605050610
199605050611
199605050612
199605050701
199605050702
199605050703
199605050704
199605050705
199605050706
199605050707
199605050708
199605050709
199605050710
199605050711
199605050801
199605050802
199605050803
199605050804
199605050805
199605050806
199605050807
199605050808
199605050809
199605050810
199605060101
199605060102
199605060103
199605060104
199605060105
199605060106
199605060107
199605060108
199605060109
199605060110
199605060111
199605060201
199605060202
199605060203
199605060204
199605060205
199605060206
199605060207
199605060208
199605060209
199605060210
199605060211
199605060301
199605060302
199605060303
199605060304
199605060305
199605060306
199605060307
199605060308
199605060309
199605060310
199605060311
199605060312
199605060401
199605060402
199605060403
199605060404
199605060405
199605060406
199605060407
199605060408
199605060409
199605060410
199605060411
199605060501
199605060502
199605060503
199605060504
199605060505
199605060506
199605060507
199605060508
199605060509
199605060510
199605060511
199605060512
199605060601
199605060602
199605060603
199605060604
199605060605
199605060606
199605060607
199605060608
199605060609
199605060610
199605060611
199605060701
199605060702
199605060703
199605060704
199605060705
199605060706
199605060707
199605060708
199605060709
199605060710
199605060711
199605060801
199605060802
199605060803
199605060804
199605060805
199605060806
199605060807
199605060808
199605060809
199605060810
199605060811