199607010101
199607010104
199607010106
199607010107
199607010110
199607010111
199607010201
199607010206
199607010207
199607010211
199607010212
199607010306
199607010307
199607010308
199607010309
199607010310
199607010311
199607010406
199607010408
199607010410
199607010411
199607010412
199607010503
199607010504
199607010507
199607010508
199607010510
199607010601
199607010602
199607010606
199607010608
199607010609
199607010610
199607010611
199607010701
199607010706
199607010707
199607010708
199607010801
199607010803
199607010805
199607010806
199607010808
199607010809
199607010810
199607010811
199607010812
199607020102
199607020107
199607020109
199607020111
199607020112
199607020201
199607020203
199607020205
199607020209
199607020210
199607020211
199607020212
199607020303
199607020307
199607020308
199607020310
199607020311
199607020312
199607020403
199607020406
199607020408
199607020409
199607020410
199607020411
199607020412
199607020501
199607020503
199607020504
199607020505
199607020506
199607020507
199607020508
199607020509
199607020510
199607020511
199607020512
199607020601
199607020602
199607020603
199607020606
199607020609
199607020610
199607020611
199607020612
199607020708
199607020709
199607020710
199607020711
199607020712
199607020801
199607020804
199607020807
199607020809
199607020810
199607020811
199607030103
199607030104
199607030105
199607030106
199607030107
199607030110
199607030111
199607030201
199607030206
199607030208
199607030302
199607030306
199607030308
199607030310
199607030311
199607030403
199607030404
199607030405
199607030409
199607030412
199607030502
199607030505
199607030506
199607030507
199607030509
199607030511
199607030512
199607030601
199607030602
199607030603
199607030607
199607030608
199607030611
199607030702
199607030703
199607030704
199607030705
199607030706
199607030707
199607030709
199607030710
199607030711
199607030802
199607030809
199607030810
199607030811
199607030812