199608010101
199608010102
199608010103
199608010106
199608010107
199608010109
199608010110
199608010111
199608010204
199608010207
199608010209
199608010210
199608010303
199608010307
199608010310
199608010311
199608010402
199608010403
199608010406
199608010508
199608010509
199608010510
199608010511
199608010512
199608010605
199608010609
199608010610
199608010706
199608010707
199608010709
199608010710
199608010711
199608010807
199608010809
199608010810
199608010811
199608010812
199608020104
199608020108
199608020109
199608020110
199608020201
199608020204
199608020207
199608020211
199608020306
199608020308
199608020311
199608020312
199608020402
199608020408
199608020409
199608020410
199608020411
199608020503
199608020504
199608020510
199608020511
199608020512
199608020606
199608020607
199608020610
199608020611
199608020703
199608020707
199608020708
199608020709
199608020710
199608020711
199608020801
199608020804
199608020806
199608020808
199608020809
199608020811
199608020812
199608030101
199608030104
199608030105
199608030106
199608030109
199608030110
199608030111
199608030201
199608030205
199608030206
199608030208
199608030209
199608030210
199608030211
199608030304
199608030308
199608030310
199608030311
199608030312
199608030401
199608030406
199608030407
199608030408
199608030409
199608030410
199608030411
199608030504
199608030505
199608030506
199608030507
199608030509
199608030511
199608030601
199608030606
199608030607
199608030608
199608030609
199608030612
199608030703
199608030706
199608030708
199608030709
199608030710
199608030711
199608030712
199608030801
199608030802
199608030803
199608030804
199608030806
199608030809
199608030811
199608030812
199608040102
199608040103
199608040108
199608040109
199608040110
199608040111
199608040112
199608040202
199608040203
199608040204
199608040207
199608040209
199608040210
199608040211
199608040302
199608040303
199608040304
199608040308
199608040309
199608040310
199608040311
199608040312
199608040402
199608040405
199608040408
199608040410
199608040411
199608040412
199608040503
199608040509
199608040510
199608040511
199608040603
199608040604
199608040608
199608040610
199608040702
199608040703
199608040704
199608040706
199608040707
199608040709
199608040711
199608040712
199608040801
199608040804
199608040809
199608040810
199608040811
199608040812
199608050102
199608050106
199608050108
199608050109
199608050110
199608050111
199608050201
199608050203
199608050205
199608050206
199608050208
199608050209
199608050210
199608050304
199608050305
199608050306
199608050310
199608050312
199608050401
199608050406
199608050408
199608050409
199608050410
199608050411
199608050509
199608050511
199608050601
199608050603
199608050605
199608050607
199608050608
199608050609
199608050611
199608050612
199608050703
199608050706
199608050707
199608050709
199608050710
199608050711
199608050807
199608050809
199608050811