199609010103
199609010104
199609010106
199609010110
199609010203
199609010206
199609010207
199609010208
199609010209
199609010210
199609010211
199609010212
199609010301
199609010308
199609010311
199609010401
199609010403
199609010404
199609010407
199609010408
199609010409
199609010411
199609010412
199609010504
199609010505
199609010509
199609010510
199609010511
199609010601
199609010606
199609010609
199609010611
199609010707
199609010708
199609010709
199609010711
199609010803
199609010804
199609010806
199609010807
199609010808
199609010809
199609010811
199609020104
199609020106
199609020109
199609020110
199609020111
199609020112
199609020201
199609020208
199609020209
199609020210
199609020304
199609020306
199609020307
199609020308
199609020310
199609020311
199609020312
199609020402
199609020406
199609020408
199609020410
199609020411
199609020412
199609020501
199609020508
199609020509
199609020510
199609020602
199609020603
199609020606
199609020607
199609020608
199609020609
199609020610
199609020702
199609020708
199609020710
199609020711
199609020804
199609020810
199609020812
199609030106
199609030109
199609030110
199609030112
199609030202
199609030205
199609030207
199609030209
199609030211
199609030212
199609030304
199609030309
199609030311
199609030401
199609030403
199609030404
199609030409
199609030411
199609030412
199609030502
199609030504
199609030508
199609030509
199609030511
199609030603
199609030608
199609030609
199609030612
199609030703
199609030704
199609030709
199609030711
199609030803
199609030804
199609030807
199609030810
199609040101
199609040102
199609040107
199609040108
199609040109
199609040110
199609040111
199609040112
199609040206
199609040207
199609040210
199609040211
199609040306
199609040307
199609040310
199609040311
199609040312
199609040403
199609040407
199609040408
199609040412
199609040503
199609040506
199609040507
199609040510
199609040511
199609040602
199609040603
199609040606
199609040607
199609040608
199609040611
199609040612
199609040704
199609040706
199609040710
199609040712
199609040801
199609040806
199609040807
199609050101
199609050102
199609050103
199609050104
199609050106
199609050111
199609050112
199609050202
199609050204
199609050205
199609050207
199609050208
199609050211
199609050212
199609050301
199609050303
199609050305
199609050307
199609050308
199609050404
199609050406
199609050409
199609050410
199609050411
199609050503
199609050507
199609050508
199609050509
199609050511
199609050512
199609050601
199609050603
199609050604
199609050606
199609050607
199609050608
199609050609
199609050610
199609050611
199609050702
199609050703
199609050704
199609050705
199609050706
199609050707
199609050708
199609050710
199609050711
199609050712
199609050803
199609050809
199609050811
199609050812