199610010103
199610010107
199610010110
199610010111
199610010112
199610010202
199610010203
199610010207
199610010211
199610010303
199610010304
199610010306
199610010307
199610010308
199610010309
199610010402
199610010409
199610010410
199610010411
199610010501
199610010506
199610010507
199610010511
199610010512
199610010602
199610010610
199610010611
199610010701
199610010705
199610010706
199610010708
199610010711
199610010802
199610010804
199610010807
199610010808
199610010810
199610010811
199610010812
199610020103
199610020104
199610020108
199610020109
199610020204
199610020205
199610020207
199610020208
199610020210
199610020211
199610020212
199610020302
199610020304
199610020305
199610020307
199610020308
199610020311
199610020404
199610020406
199610020410
199610020411
199610020506
199610020507
199610020509
199610020510
199610020512
199610020606
199610020607
199610020608
199610020610
199610020611
199610020612
199610020701
199610020704
199610020706
199610020708
199610020711
199610020807
199610020810
199610020811
199610020812
199610030102
199610030103
199610030104
199610030106
199610030109
199610030110
199610030111
199610030202
199610030204
199610030207
199610030208
199610030210
199610030211
199610030212
199610030303
199610030311
199610030312
199610030402
199610030403
199610030407
199610030410
199610030411
199610030501
199610030502
199610030504
199610030508
199610030511
199610030512
199610030611
199610030703
199610030704
199610030707
199610030710
199610030711
199610030712
199610030806
199610030807
199610030808
199610030810
199610030811