201109010101
201109010102
201109010103
201109010105
201109010106
201109010107
201109010108
201109010109
201109010110
201109010111
201109010112
201109010203
201109010204
201109010205
201109010206
201109010207
201109010208
201109010210
201109010211
201109010212
201109010301
201109010303
201109010304
201109010306
201109010307
201109010308
201109010309
201109010311
201109010312
201109010401
201109010405
201109010406
201109010408
201109010410
201109010411
201109010501
201109010503
201109010504
201109010505
201109010506
201109010507
201109010508
201109010509
201109010510
201109010511
201109010512
201109010701
201109010702
201109010703
201109010705
201109010706
201109010708
201109010709
201109010710
201109010711
201109010712
201109010801
201109010802
201109010803
201109010805
201109010806
201109010807
201109010808
201109010809
201109010810
201109010811
201109010812
201109020101
201109020103
201109020104
201109020105
201109020106
201109020107
201109020108
201109020109
201109020110
201109020111
201109020112
201109020201
201109020203
201109020204
201109020205
201109020206
201109020207
201109020208
201109020209
201109020210
201109020211
201109020212
201109020302
201109020303
201109020305
201109020306
201109020307
201109020309
201109020310
201109020311
201109020312
201109020401
201109020402
201109020404
201109020405
201109020407
201109020408
201109020409
201109020410
201109020411
201109020412
201109020505
201109020506
201109020507
201109020508
201109020509
201109020510
201109020511
201109020512
201109020601
201109020602
201109020603
201109020604
201109020606
201109020607
201109020608
201109020609
201109020610
201109020611
201109020612
201109020701
201109020702
201109020704
201109020705
201109020706
201109020707
201109020708
201109020709
201109020710
201109020711
201109020712
201109020801
201109020802
201109020803
201109020804
201109020805
201109020806
201109020807
201109020808
201109020809
201109020810
201109020811
201109030101
201109030105
201109030106
201109030107
201109030110
201109030111
201109030112
201109030201
201109030203
201109030204
201109030205
201109030206
201109030207
201109030208
201109030209
201109030210
201109030211
201109030212
201109030301
201109030302
201109030304
201109030305
201109030306
201109030307
201109030308
201109030309
201109030310
201109030311
201109030312
201109030401
201109030402
201109030403
201109030406
201109030407
201109030409
201109030410
201109030411
201109030412
201109040101
201109040103
201109040105
201109040106
201109040107
201109040108
201109040110
201109040111
201109040112
201109040201
201109040203
201109040205
201109040210
201109040211
201109040212
201109040301
201109040306
201109040307
201109040308
201109040310
201109040312
201109040401
201109040402
201109040404
201109040405
201109040406
201109040407
201109040408
201109040409
201109040410
201109040411
201109040412
201109050101
201109050102
201109050103
201109050105
201109050107
201109050108
201109050109
201109050110
201109050111
201109050112
201109050201
201109050202
201109050204
201109050205
201109050206
201109050208
201109050209
201109050210
201109050211
201109050212
201109050301
201109050302
201109050303
201109050305
201109050306
201109050307
201109050308
201109050310
201109050311
201109050312
201109050402
201109050403
201109050406
201109050407
201109050410
201109050411
201109050501
201109050502
201109050503
201109050505
201109050506
201109050507
201109050508
201109050509
201109050510
201109050511
201109050512
201109050601
201109050602
201109050603
201109050604
201109050605
201109050606
201109050607
201109050609
201109050610
201109050611
201109050612
201109050701
201109050702
201109050703
201109050704
201109050705
201109050706
201109050707
201109050708
201109050709
201109050710
201109050711
201109050801
201109050802
201109050803
201109050804
201109050805
201109050806
201109050807
201109050808
201109050810
201109050811
201109050812
201109060101
201109060102
201109060103
201109060104
201109060105
201109060106
201109060108
201109060109
201109060110
201109060111
201109060112
201109060201
201109060204
201109060205
201109060208
201109060209
201109060210
201109060211
201109060212
201109060302
201109060303
201109060304
201109060305
201109060306
201109060307
201109060309
201109060310
201109060311
201109060312
201109060401
201109060402
201109060403
201109060405
201109060407
201109060408
201109060409
201109060410
201109060411
201109060412
201109060502
201109060503
201109060505
201109060506
201109060507
201109060508
201109060509
201109060510
201109060511
201109060512
201109060601
201109060605
201109060607
201109060608
201109060609
201109060610
201109060611
201109060612
201109060701
201109060702
201109060703
201109060705
201109060707
201109060709
201109060710
201109060711
201109060712
201109060802
201109060803
201109060806
201109060807
201109060808
201109060809
201109060810
201109060811
201109060812