201130042905
201130042906
201130042907
201130042911
201130042912
201130050307
201130050308
201130050310
201130050405
201130050408
201130050409
201130050410
201130050504
201130050505
201130050506
201130050508
201130050510
201130051102
201130051105
201130051106
201130051107
201130051108
201130051111
201130051205
201130051209
201130051210
201130051211
201130051804
201130051805
201130051806
201130051809
201130051811
201130051907
201130051911
201130051912
201130052501
201130052504
201130052506
201130052508
201130052510
201130052511
201130052512
201130052601
201130052604
201130052608
201130052611
201130052612
201130060105
201130060106
201130060108
201130060110
201130060111
201130060112
201130060201
201130060208
201130060210
201130060211
201130060704
201130060706
201130060707
201130060708
201130060710
201130060711
201130060712
201130060808
201130060809
201130060811
201130061502
201130061503
201130061508
201130061510
201130061512
201130061605
201130061607
201130061610
201130061611
201130062102
201130062104
201130062108
201130062109
201130062205
201130062211
201130062304
201130062309
201130062310
201130062311
201130062904
201130062907
201130062909
201130062910
201130062911
201130063008
201130063009
201130063010
201130063011
201130070503
201130070506
201130070508
201130070509
201130070511
201130070605
201130070607
201130070611
201130070612
201130070701
201130070704
201130070706
201130070708
201130070711
201130071305
201130071306
201130071309
201130071310
201130071311
201130071402
201130071408
201130071409
201130071410
201130071907
201130071909
201130071910
201130071911
201130072003
201130072007
201130072011
201130072012
201130072111
201130072602
201130072604
201130072607
201130072609
201130072610
201130072611
201130072703
201130072704
201130072706
201130072707
201130072710
201130072802
201130072808
201130072810
201130072811
201130080204
201130080208
201130080209
201130080306
201130080310
201130080311
201130080402
201130080407
201130080410
201130080411
201130080906
201130080909
201130080911
201130081003
201130081005
201130081007
201130081009
201130081103
201130081104
201130081106
201130081109
201130081110
201130081111
201130081112
201130081607
201130081608
201130081611
201130081612
201130081703
201130081708
201130081709
201130081710
201130081806
201130081808
201130081809
201130081810
201130081811
201130081812
201130082305
201130082307
201130082312
201130082401
201130082408
201130082410
201130082411
201130082412
201130082504
201130082505
201130082506
201130082508
201130082510
201130082512
201130083001
201130083008
201130083010
201130083011
201130083012
201130083105
201130083107
201130083110
201130083111
201130090112
201130090604
201130090606
201130090607
201130090610
201130090611
201130090612
201130090701
201130090704
201130090707
201130090709
201130090801
201130090805
201130090806
201130090808
201130090812
201130091302
201130091307
201130091309
201130091310
201130091404
201130091410
201130091509
201130091511
201130092004
201130092007
201130092008
201130092009
201130092011
201130092012
201130092102
201130092103
201130092106
201130092107
201130092206
201130092209
201130092210
201130092211
201130092212
201130092702
201130092707
201130092708
201130092710
201130092805
201130092807
201130092809
201130092810
201130092811
201130092904
201130092910
201130100406
201130100408
201130100409
201130100410
201130100411
201130100412
201130100501
201130100502
201130100503
201130100506
201130100507
201130100511
201130100604
201130100606
201130100610
201130100612
201130101104
201130101109
201130101111
201130101112
201130101206
201130101210
201130101211
201130101212
201130101306
201130101307
201130101309
201130101310
201130101311
201130101803
201130101807
201130101808
201130101810
201130101811
201130101901
201130101902
201130101909
201130101911
201130102001
201130102003
201130102009
201130102010
201130102011
201130102502
201130102506
201130102507
201130102509
201130102511
201130102602
201130102607
201130102609
201130102610
201130102611
201130102707
201130102711
201130110104
201130110108
201130110109
201130110110
201130110111
201130110112
201130110203
201130110204
201130110205
201130110211
201130110212
201130110301
201130110302
201130110303
201130110308
201130110310
201130110312
201130110805
201130110808
201130110811
201130110908
201130110910
201130110911
201130110912
201130111005
201130111008
201130111009
201130111010
201130111011
201130111503
201130111509
201130111510
201130111511
201130111512
201130111603
201130111604
201130111605
201130111607
201130111608
201130111610
201130111611
201130111612
201130111703
201130111706
201130111709
201130111710
201130111711
201130111712