201135051401
201135051405
201135051406
201135051506
201135051510
201135051605
201135051609
201135052105
201135052109
201135052203
201135052305
201135052306
201135052309
201135052805
201135052807
201135052810
201135052811
201135053002
201135053007
201135053008
201135060407
201135060409
201135060410
201135060510
201135060602
201135060603
201135060607
201135061107
201135061201
201135061302
201135061304
201135061309
201135061311
201135061808
201135061809
201135061810
201135061902
201135061905
201135061909
201135062004
201135062006
201135062507
201135062605
201135062704
201135062706
201135070210
201135070301
201135070304
201135070309
201135070311
201135070407
201135071002
201135071003
201135071011
201135071101
201135071103
201135071109
201135071110
201135071601
201135071609
201135071610
201135071702
201135071802
201135071803
201135071806
201135071810
201135071811
201135072309
201135072311
201135072501
201135072502
201135072508
201135072510
201135073010
201135073105
201135073107
201135080105
201135080107
201135080110
201135080610
201135080702
201135080705
201135080711
201135080805
201135081404
201135081502
201135081506
201135081510
201135081605
201135081607
201135081609
201135081610
201135082110
201135082202
201135082206
201135082207
201135082208
201135082209
201135082210
201135082802
201135082809
201135082904
201135082908
201135082910
201135082911
201135090307
201135090406
201135090410
201135090411
201135090503
201135090504
201135091105
201135091107
201135091110
201135091111
201135091204
201135091206
201135091210
201135091804
201135091806
201135091808
201135091810
201135092508
201135092607
201135100110
201135100203
201135100204
201135100206
201135100208
201135100211
201135100309
201135100909
201135100910
201135100911
201135101007
201135101008
201135101010
201135101011
201135101501
201135101504
201135101510
201135101610
201135101702
201135101705
201135102210
201135102309
201135102310
201135102408
201135102904
201135102910
201135103010
201135103101
201135103106
201135103109
201135103110
201135103111
201135110505
201135110602
201135110607
201135110708
201135110709
201135110710
201135111210
201135111211
201135111303
201135111310
201135111311
201135111408
201135111901
201135111903
201135111908
201135112010
201135112107
201135112603
201135112609
201135112610
201135112611
201135112802
201135112810
201135112811
201135120307
201135120411
201135120502
201135120508