201142011105
201142011110
201142011208
201142011209
201142011309
201142011311
201142011406
201142011407
201142011409
201142020706
201142020710
201142020711
201142020801
201142020807
201142020808
201142020811
201142020906
201142020907
201142020908
201142020910
201142020911
201142021006
201142021011
201142021106
201142021107
201142021108
201142021109
201142021112
201142042503
201142042510
201142042604
201142042607
201142042608
201142042610
201142042611
201142042701
201142042703
201142042709
201142042710
201142042711
201142042808
201142042809
201142042906
201142042907
201142042908
201142042909
201142042910
201142042911
201142053002
201142053003
201142053008
201142053009
201142053011
201142053105
201142053109
201142060102
201142060104
201142060105
201142060106
201142060108
201142060110
201142060111
201142060202
201142060205
201142060209
201142060211
201142060308
201142060309
201142060310
201142071810
201142071811
201142071812
201142071906
201142080510
201142080511
201142080806
201142080809
201142080810
201142080908
201142080909
201142080910
201142081002
201142081007
201142081010
201142090706
201142090708
201142090809
201142090811
201142090812
201142090905
201142090910
201142090911
201142101704
201142101705
201142101706
201142101710
201142101804
201142101805
201142101809
201142101810
201142101903
201142101905
201142101909
201142101910
201142101911
201142102002
201142102004
201142102007
201142102010
201142102011
201142102106
201142102109
201142102110
201142102111
201142112101
201142112107
201142112109
201142112110
201142112111
201142112208
201142112210
201142112308
201142112310
201142112403
201142112405
201142112406
201142112407
201142112409
201142112410
201142112507
201142112509
201142112511
201142121907
201142121909
201142121910
201142121911
201142122009
201142122103
201142122106
201142122110
201142122201
201142122202
201142122206
201142122210
201142122309
201142122311