201143011705
201143011708
201143011709
201143011711
201143011809
201143011810
201143011811
201143011902
201143011904
201143011905
201143011906
201143011908
201143012003
201143012008
201143012009
201143012010
201143012011
201143012101
201143012104
201143012105
201143012106
201143012108
201143012109
201143022104
201143022110
201143022111
201143022203
201143022205
201143022206
201143022210
201143022302
201143022306
201143022310
201143022311
201143022403
201143022404
201143022405
201143022409
201143022410
201143022411
201143022501
201143022506
201143022507
201143022508
201143022511
201143050204
201143050205
201143050209
201143050210
201143050211
201143050306
201143050307
201143050308
201143050309
201143050312
201143050402
201143050405
201143050408
201143050503
201143050506
201143050507
201143050508
201143050509
201143050510
201143050511
201143050601
201143050603
201143050604
201143050606
201143050607
201143050608
201143050609
201143062004
201143062006
201143062010
201143062011
201143062104
201143062107
201143062110
201143062202
201143062205
201143062206
201143062207
201143062208
201143062209
201143062210
201143062211
201143062307
201143062405
201143062406
201143062407
201143062408
201143062409
201143062411
201143072006
201143072009
201143072011
201143072012
201143072101
201143072102
201143072104
201143072110
201143072111
201143072112
201143072207
201143072208
201143072209
201143072210
201143072212
201143082202
201143082206
201143082207
201143082209
201143082211
201143082301
201143082307
201143082308
201143082311
201143082401
201143082403
201143082407
201143082410
201143082412
201143092002
201143092008
201143092009
201143092011
201143092105
201143092108
201143092110
201143092111
201143092202
201143092210
201143092211
201143092309
201143092310
201143092311
201143092312
201143102406
201143102407
201143102408
201143102409
201143102410
201143102506
201143102507
201143102508
201143102509
201143102510
201143102604
201143102609
201143102610
201143102705
201143102709
201143102802
201143102804
201143102809
201143102810
201143111401
201143111405
201143111408
201143111409
201143111410
201143111411
201143111505
201143111507
201143111508
201143111510
201143111604
201143111605
201143111606
201143111607
201143111608
201143111609
201143111611
201143111701
201143111710
201143111711
201143111801
201143111803
201143111810
201143120505
201143120510
201143120511
201143120604
201143120605
201143120606
201143120608
201143120609
201143120610
201143120704
201143120705
201143120707
201143120708
201143120709
201143120710
201143120805
201143120810
201143120901
201143120902
201143120906
201143120909
201143120910