201145010103
201145010107
201145010202
201145010206
201145010208
201145010211
201145010212
201145010302
201145010305
201145010306
201145010308
201145010309
201145010310
201145010311
201145010406
201145010407
201145010409
201145010410
201145010412
201145010608
201145010610
201145010611
201145010703
201145010704
201145010705
201145010707
201145010710
201145010711
201145012403
201145012407
201145012409
201145012411
201145012506
201145012507
201145012509
201145012511
201145012602
201145012603
201145012606
201145012608
201145012609
201145012610
201145012611
201145012612
201145012702
201145012705
201145012708
201145012712
201145012803
201145012804
201145012806
201145012808
201145012809
201145012811
201145022803
201145022805
201145022806
201145030104
201145030105
201145030106
201145030107
201145030109
201145030110
201145030111
201145030205
201145030206
201145030208
201145030209
201145030210
201145030303
201145030304
201145030305
201145030307
201145030308
201145030310
201145030311
201145030402
201145030406
201145030409
201145030411
201145041206
201145041209
201145041301
201145041302
201145041303
201145041304
201145041305
201145041306
201145041307
201145041405
201145041503
201145041504
201145041505
201145041506
201145041507
201145041508
201145041509
201145051603
201145051605
201145051606
201145051608
201145051609
201145051612
201145051708
201145051710
201145051711
201145051712
201145051805
201145051811
201145051812
201145051906
201145051909
201145051910
201145051911
201145051912
201145052003
201145052004
201145052006
201145052008
201145052009
201145052011
201145061307
201145061308
201145061309
201145061310
201145061405
201145061406
201145061408
201145061409
201145061410
201145061507
201145061510
201145061605
201145061610
201145061611
201145061704
201145061706
201145061707
201145061709
201145061710
201145061711
201145070406
201145070407
201145070408
201145070411
201145070507
201145070606
201145070609
201145070610
201145070611
201145070705
201145070708
201145070710
201145070711
201145070805
201145070806
201145070808
201145070810
201145070811
201145072506
201145072510
201145072511
201145072606
201145072611
201145072701
201145072710
201145072711
201145072804
201145072806
201145072807
201145072808
201145072810
201145072811
201145072907
201145081705
201145081708
201145081709
201145081710
201145081711
201145081807
201145081808
201145081810
201145081902
201145081904
201145081909
201145081910
201145082007
201145082008
201145083103
201145083104
201145083107
201145083108
201145083110
201145090107
201145090109
201145090110
201145090205
201145090206
201145090207
201145090210
201145090502
201145090503
201145090504
201145090505
201145090508
201145090509
201145090602
201145090604
201145090609
201145090610
201145100306
201145100307
201145100308
201145100311
201145100403
201145100404
201145100406
201145100408
201145100409
201145100506
201145100507
201145100511
201145100602
201145100603
201145100604
201145100605
201145100606
201145100608
201145100611
201145100704
201145100708
201145100710
201145110704
201145110707
201145110708
201145110710
201145110804
201145110808
201145110809
201145110810
201145110903
201145110905
201145110906
201145110907
201145110910
201145111004
201145111006
201145111007
201145111009
201145111010
201145111103
201145111105
201145111106
201145111107
201145111110
201145111111
201145121201
201145121205
201145121207
201145121208
201145121305
201145121306
201145121308
201145121405
201145121407
201145121408
201145121411
201145121504
201145121506
201145121507
201145121509
201145121510
201145121511
201145121605
201145121607
201145121609
201145121611