201146010202
201146010206
201146010207
201146010306
201146010309
201146010406
201146040309
201146040506
201146040509
201146041201
201146041202
201146041203
201146041205
201146041705
201146041708
201146041911
201146042601
201146042602
201146042603
201146042606
201146050405
201146050804
201146050807
201146051004
201146052211
201146052403
201146052404
201146052405
201146052901
201146060508
201146060704
201146060708
201146061204
201146061209
201146061401
201146062105
201146062108
201146062110
201146070306
201146070504
201146070505
201146071202
201146071209
201146071704
201146071708
201146071907
201146071910
201146072602
201146072609
201146073101
201146073109
201146073112
201146080203
201146080205
201146080211
201146080903
201146081401
201146081410
201146081602
201146081608
201146082304
201146082310
201146083001
201146083002
201146083010
201146091104
201146091302
201146091303
201146091304
201146091310
201146091808
201146091810
201146092002
201146092004
201146092701
201146092706
201146092708
201146092710
201146092711
201146100206
201146100207
201146100211
201146100410
201146100906
201146101102
201146101103
201146101110
201146101603
201146101606
201146101610
201146101803
201146101806
201146101808
201146101810
201146101811
201146102401
201146102403
201146102506
201146102512
201146102605
201146102606
201146102608
201146102612
201146110103
201146110104
201146110105
201146110111
201146110803
201146110804
201146110806
201146111303
201146111308
201146111309
201146111311
201146111505
201146111507
201146112001
201146112003
201146112202
201146112206
201146112210
201146112905
201146112911
201146120403
201146120404
201146120608
201146120609
201146120610
201146121105
201146121108
201146121309
201146121804
201146121809
201146122009
201146122010
201146122501
201146122508
201146122511
201146122601
201146122608
201146122611
201146122708
201146122807
201146122810