201154010802
201154010804
201154012201
201154012301
201154020502
201154021203
201154022001
201154022608
201154030605
201154031406
201154031410
201154031901
201154032603
201154040204
201154040903
201154041610
201154042204
201154042302
201154043010
201154050108
201154050811
201154050901
201154050903
201154051309
201154052007
201154052008
201154052010
201154052710
201154060403
201154060406
201154060501
201154061808
201154061810
201154061907
201154070108
201154070207
201154071510
201154071602
201154073010
201154080109
201154080610
201154080707
201154082208
201154082607
201154082710
201154090408
201154090908
201154091010
201154091710
201154092410
201154092411
201154101410
201154102307
201154102310
201154102902
201154110502
201154110508
201154111310
201154111810
201154111811
201154111909
201154112601
201154120210
201154120211
201154120310
201154120902
201154120911
201154121005
201154121702
201154121705
201154121810
201154122406
201154122410
201154123108