201155010503
201155010909
201155012307
201155021110
201155022710
201155030511
201155031903
201155031912
201155032012
201155041011
201155041711
201155041802
201155041811
201155042311
201155050310
201155050406
201155051407
201155051410
201155051511
201155052111
201155052809
201155052910
201155060511
201155061108
201155061803
201155062609
201155070910
201155071003
201155071009
201155071710
201155072304
201155072406
201155072408
201155072410
201155073011
201155081402
201155081511
201155081604
201155081611
201155082801
201155082809
201155091011
201155091105
201155091709
201155091806
201155091809
201155092403
201155092410
201155100102
201155100109
201155100110
201155100203
201155100810
201155100901
201155100905
201155100910
201155101510
201155101602
201155101604
201155101611
201155102208
201155102211
201155102308
201155102901
201155102903
201155103002
201155110505
201155110509
201155110608
201155111208
201155111310
201155111904
201155111910
201155112002
201155112005
201155112009
201155112609
201155112710
201155120507
201155120509
201155121003
201155121007
201155121102
201155121103
201155121105
201155121709
201155121803