201007010102
201007010104
201007010105
201007010107
201007010108
201007010109
201007010110
201007010111
201007010112
201007010201
201007010202
201007010203
201007010204
201007010205
201007010206
201007010208
201007010209
201007010210
201007010211
201007010212
201007010301
201007010303
201007010304
201007010305
201007010306
201007010307
201007010308
201007010309
201007010311
201007010312
201007010401
201007010403
201007010404
201007010405
201007010407
201007010408
201007010409
201007010410
201007010411
201007010412
201007010501
201007010502
201007010503
201007010505
201007010506
201007010507
201007010509
201007010510
201007010511
201007010512
201007010602
201007010603
201007010604
201007010605
201007010606
201007010607
201007010609
201007010610
201007010611
201007010612
201007010701
201007010702
201007010703
201007010704
201007010705
201007010706
201007010708
201007010710
201007010711
201007010712
201007010801
201007010803
201007010804
201007010805
201007010806
201007010807
201007010809
201007010810
201007010811
201007010812
201007020101
201007020102
201007020103
201007020104
201007020105
201007020106
201007020107
201007020108
201007020110
201007020111
201007020112
201007020201
201007020202
201007020203
201007020204
201007020205
201007020207
201007020208
201007020209
201007020210
201007020301
201007020302
201007020303
201007020304
201007020306
201007020308
201007020310
201007020311
201007020312
201007020402
201007020403
201007020406
201007020407
201007020408
201007020409
201007020410
201007020411
201007020412
201007020501
201007020502
201007020504
201007020505
201007020506
201007020509
201007020510
201007020511
201007020512
201007020603
201007020605
201007020607
201007020608
201007020610
201007020611
201007020612
201007020701
201007020702
201007020704
201007020706
201007020707
201007020708
201007020710
201007020711
201007020712
201007020801
201007020803
201007020804
201007020805
201007020806
201007020807
201007020809
201007020810
201007020811
201007020812