201042010612
201042010707
201042010711
201042010712
201042010806
201042020902
201042020907
201042020910
201042020911
201042021006
201042021008
201042021011
201042021105
201042021106
201042021110
201042021112
201042021205
201042021211
201042032204
201042032207
201042032208
201042032211
201042032212
201042032308
201042032402
201042032405
201042032408
201042032410
201042032411
201042032412
201042032506
201042032508
201042032509
201042032604
201042032609
201042042601
201042042602
201042042606
201042042607
201042042610
201042042611
201042042708
201042042709
201042042802
201042042805
201042042808
201042042908
201042042911
201042043008
201042043010
201042052402
201042052403
201042052407
201042052408
201042052410
201042052505
201042052507
201042052510
201042052607
201042052611
201042052705
201042052711
201042052803
201042052808
201042062105
201042062207
201042062210
201042062311
201042062410
201042062511
201042071903
201042072001
201042080207
201042080210
201042080211
201042080302
201042080308
201042080310
201042080311
201042080502
201042101105
201042101107
201042101108
201042101111
201042101205
201042101206
201042101211
201042101307
201042101311
201042101408
201042101505
201042101506
201042101507
201042101511
201042112211
201042112305
201042112306
201042112308
201042112310
201042112311
201042112404
201042112407
201042112409
201042112410
201042112411
201042112502
201042112503
201042112508
201042112509
201042112510
201042112603
201042112607
201042112609
201042122005
201042122104
201042122108
201042122109
201042122110
201042122111
201042122202
201042122209
201042122210
201042122309
201042122310