201047010101
201047010606
201047010607
201047010610
201047010705
201047010709
201047010710
201047010802
201047010803
201047010807
201047010810
201047011005
201047011708
201047011709
201047011808
201047011810
201047011901
201047011906
201047012002
201047012004
201047012010
201047012108
201047012110
201047012201
201047012205
201047020708
201047020709
201047020802
201047020808
201047020809
201047020901
201047021004
201047021005
201047021101
201047021104
201047021105
201047021203
201047021209
201047021210
201047022107
201047022109
201047022204
201047022209
201047022210
201047022301
201047022303
201047022308
201047022309
201047022403
201047022405
201047022408
201047022510
201047022602
201047030702
201047030710
201047030804
201047030807
201047030808
201047030809
201047030908
201047031102
201047031103
201047031110
201047031206
201047031207
201047040104
201047040110
201047040203
201047040208
201047040707
201047040708
201047040804
201047040903
201047040910
201047042604
201047042608
201047042706
201047042707
201047042710
201047042808
201047042809
201047042906
201047042908
201047042909
201047043002
201047043011
201047051010
201047051202
201047051204
201047051206
201047051208
201047051303
201047051304
201047051401
201047051409
201047051412
201047052409
201047052602
201047052606
201047052608
201047052610
201047052702
201047052706
201047052811
201047060708
201047060906
201047060907
201047060910
201047061003
201047061011
201047061110
201047062404
201047062408
201047070605
201047070606
201047070608
201047070702
201047070908
201047071902
201047071906
201047071907
201047072109
201047072210
201047072306
201047072309
201047072310
201047080503
201047080507
201047080606
201047081604
201047081605
201047081607
201047081608
201047081803
201047081906
201047081909
201047090601
201047090606
201047090607
201047090609
201047090708
201047090801
201047090807
201047090808
201047090809
201047090909
201047091008
201047092104
201047092109
201047092203
201047092205
201047092307
201047092310
201047101102
201047101103
201047101104
201047101109
201047101204
201047101210
201047101310
201047101410
201047101501
201047101504
201047101507
201047102506
201047102507
201047102509
201047102510
201047102511
201047102703
201047102710
201047102803
201047102804
201047102809
201047102810
201047102912
201047110803
201047110805
201047110808
201047110809
201047110903
201047110907
201047111008
201047111110
201047111203
201047111207
201047111208
201047112205
201047112207
201047112210
201047112304
201047112403
201047112406
201047112504
201047112509
201047112510
201047112605
201047112608
201047112609
201047121305
201047121308
201047121309
201047121401
201047121406
201047121408
201047121509
201047121602
201047121604
201047121702
201047121709
201047122808
201047122904
201047122906
201047123003
201047123007
201047123104
201047123109