201056010111
201056011211
201056011905
201056011909
201056011911
201056020204
201056020208
201056020903
201056021605
201056021612
201056030303
201056030308
201056030904
201056031706
201056032708
201056040307
201056040310
201056041608
201056042901
201056050208
201056050802
201056050906
201056052110
201056052702
201056060408
201056060409
201056061801
201056061808
201056070906
201056071608
201056072304
201056072308
201056072903
201056072907
201056081203
201056081209
201056082609
201056090210
201056090402
201056090504
201056091708
201056092309
201056092408
201056100809
201056100810
201056101402
201056101404
201056101510
201056102201
201056102209
201056102210
201056102905
201056102909
201056102910
201056110303
201056111208
201056111907
201056111908
201056111910
201056112407
201056112411
201056120304
201056121008
201056121010
201056121607
201056121708
201056122310
201056123008
201056123009
201056123106